1	4	6.666291	-13.416735	8.268184	7.081268	5.780230	1.441233	0.747245	10.324964	2.116476	3.219942	-6.903498	7.935592	6.666291	-9.046170	8.268184	7.081268	-0.527803	7.786092	1.264234	-2.906288	8.267823	7.053099	-0.597909	7.811374
5	4	0.349317	11.371516	1.242672	1.890691	-1.441083	8.650811	0.349318	6.124979	3.471805	1.890691	4.895630	2.726805	4.942637	-9.669328	7.621553	6.855731	7.955385	2.133834	4.942598	-4.510591	7.603613	6.855731	1.626057	8.650497
122	4	1.215510	9.858030	1.039577	1.408050	-1.015968	6.771476	7.023532	-12.854480	7.550068	6.706666	8.514406	0.288560	2.210790	3.504992	1.055923	1.408206	6.485189	0.294936	1.224980	9.248589	1.039577	1.408050	3.517521	4.196424
335	4	0.040644	8.568690	1.069370	2.184728	-3.863785	5.425702	5.569282	-8.730535	6.536394	6.924801	1.440088	5.425148	5.569282	-13.841589	6.536394	6.924801	7.193913	-0.694770	0.040735	3.327074	1.242408	2.185664	5.251272	-0.661967
342	4	7.091702	-8.605341	8.815057	6.346628	1.584147	6.011856	1.714658	4.798001	2.620786	1.007870	5.252432	1.566110	7.091703	-8.605405	8.815057	6.346628	6.933971	1.566083	1.712292	4.805692	2.620786	1.007870	-0.133731	6.428003
573	4	6.741937	-5.106910	5.795664	4.884585	8.076494	3.490132	1.933220	9.948805	-0.821928	-0.315907	-0.803303	8.494522	1.933220	6.853339	-0.821928	0.345284	5.345982	3.492267	6.741935	-1.915789	5.794537	4.739413	1.928384	8.298753
601	4	2.770502	9.869421	-2.792318	1.533729	0.400396	5.243373	6.622978	-11.800841	2.685398	6.857937	7.535444	-1.080241	2.773760	3.495640	-2.792318	1.534882	5.824932	-0.873313	6.622978	-5.385055	2.685398	6.857937	2.312999	5.201530
647	4	0.625506	9.376538	1.001612	1.578767	-4.478476	9.378803	6.383307	-7.485026	7.445217	7.384773	6.659501	2.896447	6.337802	-0.300288	1.072745	7.382406	1.125444	9.240214	6.383296	-2.711401	7.341931	7.384772	1.127944	9.239527
754	4	3.161983	10.272806	-1.069063	0.929039	-0.293147	6.845518	7.184196	-7.585634	5.438980	7.470052	-0.029044	6.845509	7.184197	-12.870940	5.438984	7.470052	5.538663	0.520366	3.162091	5.051587	-1.069063	0.929111	5.275225	0.522499
809	4	0.285248	9.554202	4.559545	0.097316	3.798066	1.607585	0.285248	10.684605	4.559545	0.097316	-2.115351	7.331011	6.547411	-11.945235	5.953332	6.674267	6.791416	1.588323	6.547411	-7.603893	5.953332	6.674267	0.930902	7.294811
913	4	5.510704	-7.228965	7.576796	5.067544	-0.798650	7.642295	-0.039966	9.612046	1.263441	-1.023746	-5.779150	8.572096	5.510704	-8.337686	7.576796	5.067544	5.825852	2.542097	-0.039966	7.106233	1.263442	-1.023579	0.938619	3.177923
1004	4	7.104725	-14.201508	3.274207	6.606255	6.292851	-0.106851	0.750317	7.676346	-3.188348	0.832751	-1.563307	5.723861	7.104725	-10.875209	3.274207	6.606255	-0.202148	5.723078	0.750427	4.316146	-3.180344	0.835718	4.917322	1.505041
1071	4	2.996897	-11.083658	5.874484	7.026563	6.612412	0.572775	2.996266	-7.930729	5.874484	7.023427	2.244590	6.389497	2.764456	6.217233	0.632427	2.046710	1.032950	6.561344	2.786122	3.470226	0.632443	4.176987	5.413250	0.669022
1287	4	1.007979	11.566215	1.752719	0.877301	-4.685914	7.326476	7.410952	-14.422387	7.454981	6.689867	6.739366	0.895864	7.408306	-8.123798	7.427438	6.689867	1.350520	7.325873	7.264326	-2.275774	6.384214	6.689532	1.350114	7.325874
1289	4	2.591841	5.484384	-0.246500	5.376533	5.858078	0.728069	5.106634	-4.691191	5.797214	5.804415	6.694336	0.727106	2.490083	7.304772	-0.246599	5.376533	0.680889	5.829247	4.922161	-2.400386	5.797212	5.804388	1.546136	5.809083
1390	4	8.583538	-13.943881	8.465979	5.241111	6.286033	0.814964	8.583538	-11.753346	8.465979	5.241111	-0.078230	6.640206	2.663480	8.028095	3.475419	-0.195736	-1.754424	6.640206	2.663480	6.680909	3.507594	-0.195736	4.628556	1.922522
1415	4	4.987249	-9.861468	6.766371	6.482155	7.304907	0.264783	-0.639530	10.533637	2.281617	0.551285	-0.261035	6.646881	-0.639503	6.785784	2.288364	0.551285	5.764968	1.089198	4.987249	-4.322159	6.765088	6.482155	1.282040	6.634507
1481	4	6.770734	-10.199329	6.031362	2.090457	8.047103	-0.674680	3.027029	4.808846	2.437941	-1.845779	6.325451	-0.674295	3.025911	11.002380	2.412553	-3.356598	1.106011	5.261214	6.770733	-4.124913	6.031355	2.030055	2.862043	5.094027
1685	4	0.903295	11.148908	-1.115726	2.049430	-0.592089	6.247334	7.224631	-10.084292	5.225075	7.834282	6.516185	0.839235	7.224422	-5.857769	5.225075	7.834175	1.757842	6.197293	0.948172	6.148979	-1.103174	2.049446	4.249713	3.538473
1842	4	6.923737	-7.811468	6.075060	6.747797	7.176605	4.588374	3.211909	9.502500	1.685818	0.955405	-3.102224	8.069353	3.211909	8.521483	1.685818	0.960469	2.949544	4.609834	6.923735	-4.105782	6.075060	6.747392	1.128627	7.682570
1845	4	1.372383	12.415281	3.620872	-2.323680	-1.906664	5.318704	1.372383	10.696659	3.620872	-2.323680	4.617296	0.101067	7.134629	-7.065301	9.257578	4.114172	8.568267	0.098269	7.134625	-3.186194	9.257578	4.114169	1.627742	5.217980
1960	4	1.474442	8.839748	2.288432	0.749492	4.668753	3.191690	1.474442	10.660295	2.288432	0.749492	0.013705	6.961258	5.217143	-9.503179	6.914743	4.903764	6.997739	1.063701	5.217143	-6.470593	6.914743	4.903764	2.385336	6.920597
1994	4	-0.689998	6.547437	2.359423	-0.930503	5.405087	3.178072	-0.689998	8.438688	2.359423	-0.930503	1.044769	7.621662	5.642324	-5.203648	6.614605	5.071970	7.899345	1.857794	5.640460	-3.178951	3.272612	5.065338	7.899288	1.857800
2034	4	0.928242	9.136412	-0.630510	1.102219	-5.215411	8.058132	5.952652	-1.432987	3.539630	6.779673	1.041493	8.053804	5.997647	-5.759228	3.928951	6.780628	1.041529	8.053804	5.997761	-10.627710	3.928954	6.780628	6.322666	2.740316
2130	4	6.036282	-9.819280	6.772449	8.190155	6.032710	4.317599	1.644264	3.461936	0.238820	6.132937	0.362280	7.068392	6.036016	-5.294889	6.772449	8.179389	2.810978	6.788964	0.439613	10.142533	0.194339	2.771658	-1.276579	7.078297
2304	4	-2.439559	9.445340	0.692482	2.583453	4.367271	1.343325	3.046044	-6.912940	5.709226	7.538568	7.526695	1.170315	-2.439560	9.550427	0.692482	2.583438	-2.055231	6.887669	3.046044	-6.796988	5.709183	7.538554	1.156043	6.309502
2306	4	1.410855	-9.189931	7.790436	8.942507	7.200667	-0.402849	0.214552	1.278353	6.779683	2.844608	1.610181	6.163015	0.270388	1.227239	6.804819	2.844675	5.903020	-0.397382	-4.897163	8.369821	2.319103	2.844265	-2.918296	6.163634
2401	4	6.354273	-14.507821	3.762314	6.953036	8.715875	3.002503	1.627159	9.382798	-2.584861	0.375043	-0.953328	9.497911	6.354273	-8.249417	3.762314	6.953035	2.442953	9.490410	1.628976	4.203120	-2.584573	0.375043	5.319620	3.150084
2545	4	5.526044	-7.189908	6.581539	6.137323	6.374578	0.583579	-0.529429	8.300844	1.015664	0.479130	4.821757	0.621936	-0.529429	10.023274	0.661736	0.479100	-0.818345	7.028956	5.526044	-4.794903	6.562173	6.137318	0.739719	7.025718
2900	4	3.736323	9.109275	2.934511	1.534119	-4.152119	6.865524	7.267895	-1.708119	8.463450	7.170408	1.534210	6.526441	7.267950	-12.083867	8.463573	7.325190	6.315129	3.898802	7.267950	-8.078628	8.463573	7.323335	1.555491	6.521884
2999	4	7.442292	-12.693846	7.345177	8.556696	7.869669	1.149497	1.178087	9.023648	1.020762	1.940745	-1.406890	6.348994	7.442281	-8.626510	7.345177	8.556695	1.433669	5.770386	1.200059	6.000548	1.020774	2.183795	5.016373	1.206287
3046	4	1.455052	10.543412	-0.168734	-1.630390	-1.349034	7.741458	7.110357	-7.826909	6.448051	4.970439	5.845658	2.729387	1.455054	9.685238	-0.167290	-1.630390	2.681008	2.732311	7.108117	-1.703042	6.434712	4.970394	-0.885669	7.669678
3154	4	5.630994	-8.568160	6.688829	6.275403	8.710689	0.794993	3.408050	9.642284	2.334730	2.597687	-3.474543	6.827944	3.408700	3.311332	4.835585	2.619878	4.937058	1.368788	5.630994	-8.554601	6.688819	6.275403	3.118370	6.523073
3198	4	8.782875	-9.201303	6.437625	6.158207	7.121833	2.161042	4.240539	6.561786	3.755220	0.174172	5.990515	2.161044	8.782875	-5.760019	6.437625	6.158203	0.935928	7.676455	4.240536	10.002873	3.755220	0.173922	-0.197256	7.711222
3258	4	0.561868	12.058371	1.202993	3.940361	0.062454	7.862323	7.056093	-7.072565	6.627958	6.817660	0.266761	7.862323	7.062720	-12.254679	6.627984	6.817660	5.339001	5.024451	1.386209	7.422704	1.209057	3.940361	5.119282	5.050771
3286	4	2.590178	8.425723	-0.183939	0.752821	-1.144514	8.517471	2.796283	7.107644	-0.183935	0.753353	4.160128	2.542552	6.194767	-12.591392	5.479248	6.438944	6.672432	2.170926	6.194324	-9.659020	5.479248	6.438944	1.373025	8.356284
3321	4	1.440305	7.200228	1.435887	1.475702	-0.883373	3.171916	7.741576	-12.894566	6.786606	6.320663	2.262736	3.091458	7.741578	-16.938545	6.789152	6.320663	8.601927	-2.991725	1.503369	2.279109	2.053182	2.091670	5.516248	-2.969694
3376	4	7.129315	-13.880755	8.211939	7.175908	7.097106	0.002615	2.003532	7.871230	2.096645	0.663925	4.275850	0.292546	2.003532	10.436928	2.096645	0.663847	-1.547639	5.870085	7.129315	-12.427097	8.211939	7.175908	1.274851	5.784202
3406	4	8.751417	-13.266044	8.161688	6.777110	7.527351	0.687766	8.705371	-2.226913	8.161676	0.726693	1.973807	6.404134	2.156238	7.345327	2.175466	0.709400	-3.650994	6.412021	8.751404	-8.128866	8.161688	6.777100	2.055020	6.402150
3419	4	8.495092	-7.285290	5.273709	7.183408	7.574471	1.403332	3.428310	11.054700	-1.026481	1.431034	-0.892499	7.462992	3.432267	7.131294	-0.099972	1.437095	4.537486	2.212555	8.461605	-2.314202	5.124190	7.147471	2.144001	7.432685
3572	4	3.114892	11.333488	3.053098	-2.171050	-3.686878	6.874693	7.353916	-5.136686	7.951236	3.233508	5.217824	1.608920	3.142845	-0.019012	7.859417	0.388446	5.216629	1.609353	6.023708	-1.523958	7.950720	1.516162	2.295570	6.845886
3721	4	3.398730	9.257132	2.063348	2.502877	-0.590328	6.443299	8.793346	-14.187308	7.056905	6.551121	7.059743	1.681009	8.793346	-8.506777	7.056905	6.551121	1.179766	6.442686	3.398732	4.845137	2.063394	2.505347	5.290239	1.735157
3723	4	0.956147	11.130835	0.386786	2.916410	0.808709	6.331885	6.745758	-8.535535	6.901704	8.623572	1.401292	6.331683	6.745763	-13.729553	6.901704	8.623572	5.461377	1.845771	0.973804	6.568525	0.386786	2.918784	4.867364	1.939034
3876	4	7.504576	-14.886939	7.013676	6.343688	8.258856	2.017238	0.969909	3.191342	1.621849	4.436321	-0.270730	7.145620	0.930608	9.131227	1.618304	0.729306	-3.087699	7.146318	7.504576	-9.964096	7.013676	6.343249	2.291436	7.009146
4074	4	3.323606	-15.680451	6.896271	7.148509	7.579569	1.224344	-1.987309	3.502204	2.630245	0.698867	5.685491	1.226601	-2.062619	9.674786	2.626797	0.698551	-2.367122	6.729124	3.323606	-9.184788	6.896271	7.148509	1.517240	6.392842
4247	4	7.873892	-10.924335	8.307255	6.219242	7.557810	4.816259	3.323997	3.169915	4.809061	1.274250	4.898570	4.851496	2.783937	9.143053	4.809061	1.035085	-2.645950	9.345978	7.873881	-8.366488	8.307254	6.219242	2.664349	8.897855
4326	4	7.430295	-14.086041	7.840356	7.097906	7.109073	4.025386	1.075812	7.068021	5.009171	3.270249	-3.563228	8.658368	7.430295	-8.080109	7.840356	7.097893	0.681944	8.645797	1.078000	0.994538	6.975547	3.270273	6.610079	4.025390
4432	4	5.979655	-3.828935	5.954074	5.736605	1.760375	8.521849	0.026603	9.437282	0.012962	-0.463684	-0.826845	8.536251	0.026603	7.666198	0.012962	-0.447653	5.021209	3.892028	5.980598	-7.126277	5.954080	5.737608	7.615189	3.887750
4485	4	6.316393	-11.225740	6.879301	5.856412	7.020613	1.003933	0.370472	3.580785	1.027744	-0.246865	5.252883	1.006275	6.316390	-5.930988	6.879301	5.856412	2.112815	5.766092	0.276138	8.500313	0.995279	-0.257853	0.340370	5.814507
4510	4	6.533244	-7.440806	6.930319	7.273465	7.404284	2.315748	0.606969	11.299551	1.585663	0.842883	-3.394835	8.488191	0.606969	10.897618	1.585669	0.842883	2.606147	3.069792	6.533243	-6.121624	6.930071	7.273465	1.398792	6.354236
4760	4	1.009357	10.397475	0.093471	-1.470824	2.119589	7.135558	7.544862	-9.736430	5.045310	4.516085	9.280681	2.559650	1.170272	3.613703	0.101079	-1.469232	7.228237	2.561249	6.645753	1.657449	1.199853	0.717053	7.241994	2.561189
5052	4	3.944243	-0.669577	6.010471	6.117452	1.419657	4.512721	-0.048780	7.143195	1.651664	3.468276	-4.975676	4.586122	4.342427	-8.820981	6.250930	6.336552	7.449813	-1.677086	4.247643	-2.890707	6.196431	6.286469	1.589570	4.482736
5171	4	3.458971	-12.029744	7.992990	7.018889	5.858190	-3.811970	-2.913450	8.150495	1.573083	0.646558	3.226488	-1.348680	-2.913450	9.900392	1.564250	0.642252	-3.152796	2.812952	3.458971	-6.787252	7.992972	7.018853	-0.521160	2.812884
5372	4	5.820982	5.499979	0.796881	0.178164	-4.086350	8.057221	6.990274	-9.339610	5.362067	5.648284	3.353727	2.767660	5.850845	1.596313	3.518108	1.533410	-1.864721	8.054914	6.990272	-6.653451	5.351181	5.553670	0.887016	7.481434
5477	4	2.562707	9.599832	0.201046	4.372367	3.484455	4.058031	2.562706	10.378852	0.201044	4.372186	-0.319709	6.333891	6.852172	-11.440542	6.466438	8.563418	5.363247	1.707872	6.852172	-8.207225	6.466438	8.563415	1.561918	6.331665
5500	4	2.691822	-1.737143	6.764990	8.066950	-1.878562	7.497302	2.691329	8.349499	1.783856	3.401629	-6.027144	7.497362	8.553456	-7.434391	6.990076	8.067150	-1.875109	7.497301	8.553468	-9.999290	6.994075	8.067150	4.031329	4.409048
5890	4	6.480397	-12.391711	7.721291	3.654568	7.537916	2.488933	1.970990	8.656482	1.584319	-1.368161	-2.848646	7.169360	1.971772	2.098409	1.679893	1.015891	4.745611	3.617320	6.480397	-12.269772	7.721291	3.654568	1.822777	7.161099
5901	4	-1.425029	10.084923	2.015196	-0.667688	0.570550	6.226716	3.807188	-1.826624	8.207623	5.084113	0.801047	6.226410	4.315681	-7.439933	8.210575	5.091260	6.205086	0.454979	-1.400346	4.559549	2.015208	-0.642029	5.860866	0.536482
5922	4	1.838320	9.485859	4.061098	-0.172190	-0.220620	6.905135	1.838320	6.406793	4.061104	-0.171666	4.840489	1.545515	6.343998	-9.507663	9.438214	5.966114	5.216808	1.195078	2.055197	-2.480761	9.319943	5.963563	0.155051	6.905134
5960	4	2.982413	7.582483	1.269345	1.373891	-7.429074	8.266772	8.973152	-7.693384	7.591877	5.467509	-1.313766	8.266468	8.846795	-1.758240	7.591444	5.467290	-1.356357	8.266494	8.973188	-11.809885	7.591877	5.467509	5.204546	2.307455
6087	4	5.941026	-10.443747	6.468871	6.610959	6.656391	1.018048	1.586102	11.519260	0.211055	3.782040	2.501956	2.510852	1.586085	12.204793	0.209935	3.782040	-3.371072	5.698240	5.940649	-4.375793	5.806194	6.610959	1.029650	5.596200
6117	4	0.849753	8.217439	3.713329	3.047288	-5.571234	7.695384	7.057275	-3.070966	3.729548	7.551236	6.259649	3.269125	7.059431	-8.974677	6.500897	7.551236	6.283376	3.260451	7.059425	-5.870157	6.495257	7.551236	0.773533	7.692871
6215	4	5.883353	-7.068871	6.515243	2.962955	7.355457	0.599011	-0.683866	4.393295	0.871812	-0.829615	5.475599	0.599069	-0.683992	9.713390	0.859519	-3.449631	-1.495900	6.780961	5.883353	-6.895277	6.515243	2.961988	1.120734	6.214628
6257	4	4.909743	-1.183017	6.343266	6.240076	0.563939	3.953163	5.510844	-6.622474	6.347966	6.251896	5.871009	-1.527862	0.432400	9.611267	1.895640	0.449452	2.743831	-1.123004	0.426551	9.797824	1.895640	0.449452	-2.605090	3.975139
6439	4	4.022433	-4.729849	7.642606	6.667690	2.615994	6.731804	-1.029319	7.615403	4.155480	2.802407	-1.560741	7.393830	4.036853	-7.161076	7.655445	6.694418	6.589834	4.333301	3.442781	0.656223	7.128199	5.767104	-1.004467	7.370424
6453	4	4.952516	-7.799231	7.173039	6.521121	0.422011	5.123663	1.273334	9.260755	2.532115	1.380544	-2.639917	5.203915	1.273334	8.337299	2.674322	1.380576	3.609246	-0.251339	4.952516	-12.741478	7.175064	6.521121	6.670786	-0.268272
6540	4	6.941507	-9.869959	6.993885	3.579998	6.890197	-0.122214	5.721157	7.282142	1.158630	-2.349492	-1.276870	6.322594	5.785727	1.918358	1.161820	-2.114123	5.998756	-0.074060	6.941473	-4.536971	6.993279	3.579998	0.988045	6.322495
6561	4	5.979962	-11.652038	4.977833	6.847682	5.378063	1.390908	1.348199	10.016992	-1.167552	0.407591	0.043151	5.624794	1.392660	4.857411	-1.134917	0.417994	3.969435	2.259577	5.979399	-5.558160	4.975513	6.847682	1.442775	5.620447
6614	4	-0.663370	10.304476	2.508144	1.871447	-1.942386	7.607548	-0.663357	8.754202	2.508169	1.874479	3.539096	4.149422	5.673165	-1.524707	2.985615	7.157170	5.103346	3.987915	5.679748	-7.517810	2.990965	7.171778	5.103727	3.987903
6707	4	7.410678	-10.589497	7.870587	5.477605	1.873396	6.813577	1.076478	4.868081	1.873639	-0.986904	4.522918	4.458285	7.410678	-15.189907	7.870587	5.477605	7.189344	2.681030	0.794433	9.260155	1.873639	-1.074045	-0.820832	7.026334
6835	4	3.722698	10.746615	1.827538	0.312911	-4.879187	7.957146	6.270186	-7.818706	7.911098	5.929150	5.301174	1.401442	6.269338	-2.411599	7.910550	1.133133	5.290811	1.401443	6.270177	-4.623842	7.911092	5.920363	0.305834	7.953355
6901	4	3.475977	6.196451	0.609336	5.063129	4.003952	1.456174	9.575328	-4.669459	6.538870	6.337965	-0.588739	7.496906	3.475975	8.600655	0.609293	5.063129	-1.299235	7.496938	9.575328	-8.132915	6.538870	6.337965	4.728106	0.939343
6918	4	8.369429	-7.637522	5.800951	6.308243	1.983385	5.763345	3.424318	4.794244	2.102750	2.828285	-4.653407	5.764171	8.369429	-11.887792	5.800951	6.319918	7.288413	-0.803466	8.197496	0.352725	5.711213	4.799074	-4.641199	5.764171
7087	4	2.749256	9.145124	1.090092	1.772052	-3.831732	5.739330	2.749283	6.182480	2.550705	1.889007	2.679385	0.836857	6.249463	-7.452902	6.897775	4.170996	7.224636	0.341655	2.820188	0.471264	6.321010	3.513187	6.386550	0.341876
7144	4	1.333089	9.823315	1.757751	1.709511	-0.995551	7.009700	6.718761	-9.870587	6.744974	5.653576	5.082539	3.621281	6.718761	-6.884096	6.744934	5.649790	1.993201	6.979697	6.715869	-1.111805	6.629331	3.037089	-0.995073	7.009700
7151	4	1.324191	3.565654	1.042227	-0.624785	5.286440	1.358933	7.214105	-8.578956	6.088033	5.891634	7.729052	0.202082	1.324156	10.061404	0.197109	-0.630238	-2.143655	6.666164	7.214078	-2.572376	6.087740	5.891634	2.185199	6.647899
7182	4	8.265969	-10.977045	7.125641	7.707505	6.608577	1.568843	4.408766	7.784090	4.340998	1.386848	-3.065389	8.036078	8.265969	-8.243360	7.125641	7.707505	2.003886	8.034775	4.473287	-1.436729	7.119516	7.707492	2.001847	8.034786
7394	4	-0.542378	9.487923	3.741606	4.186875	-6.524721	8.184252	5.665760	-8.261910	7.515661	7.719987	-1.365095	8.179600	5.666493	-12.161528	7.515661	7.719987	5.000828	2.223393	2.031021	-0.914329	7.514290	7.716507	-1.366151	8.179614
7542	4	6.288195	-6.325299	6.976905	2.828554	5.955196	2.600877	6.286518	-0.647812	6.974677	2.827989	0.046698	7.842784	0.167690	9.120711	0.656953	-3.677394	-0.990701	7.875347	0.169808	3.558326	1.174861	-3.669145	4.924643	3.635869
7609	4	0.729525	4.615359	0.338000	-2.453344	5.336517	2.630474	6.692568	-8.491626	5.181745	2.564633	6.329465	1.469815	6.692568	-4.211859	5.129714	2.564609	1.170212	6.619011	0.729382	7.765457	0.332981	-2.481231	0.065198	6.689611
7625	4	1.789386	10.053198	-0.312341	0.751501	-1.725260	6.891359	1.830549	6.565440	-0.312341	0.751501	3.262139	4.094502	7.364811	-7.848204	5.568960	7.037745	3.519220	4.078925	7.363240	-3.659902	5.568942	7.037744	-1.471747	6.885203
7640	4	4.499397	3.525077	3.367886	-0.407633	-7.139917	4.229845	7.721498	-6.987663	5.559648	5.873207	-0.593761	4.229706	7.730340	-12.508046	5.559648	5.873207	5.299946	0.179648	1.415771	9.018107	3.367871	-0.482879	-7.168354	4.229845
7776	4	-0.406413	4.935244	1.053699	0.965805	5.387267	0.481147	6.117462	-9.571930	6.964598	5.787951	6.665108	0.479463	-0.406415	11.006456	1.053455	0.965798	0.540851	7.107052	6.105710	-3.208040	6.942823	5.464466	1.837673	7.061789
7814	4	2.002620	-4.138526	7.400050	3.803078	6.010643	1.020830	-4.425716	4.869534	1.217606	-1.892865	1.830121	6.437560	-4.425716	4.508402	1.217679	-1.892659	5.504398	1.513758	2.002612	-3.602675	7.400049	3.803078	2.321058	6.360307
7928	4	5.443172	-10.891882	8.154667	6.507669	4.171177	3.550518	5.443172	-5.392483	8.152764	6.507256	-1.669405	7.082389	-1.164529	8.345676	3.820888	-0.076005	-7.224329	7.087647	5.443143	-1.003889	7.511065	0.036814	-2.003189	7.084335
7943	4	2.508130	7.100078	-1.041920	0.069669	-3.181392	6.222327	5.250961	-12.293304	4.533330	6.579579	5.166736	0.772185	5.250960	-9.306465	4.531673	6.579578	-0.451174	6.222325	3.262007	1.996819	2.466593	4.240854	-3.174845	6.222327
8097	4	7.338537	-9.996073	7.122743	7.786025	0.248766	7.282147	7.338537	-10.278387	7.122890	7.786025	5.922672	0.973174	3.009436	8.596788	1.560822	1.364133	-1.465319	7.284003	3.009438	5.967114	2.571070	1.364180	4.206982	1.972464
8200	4	2.062028	5.309589	2.486113	5.550506	4.985055	2.722312	2.062027	8.476438	2.276391	5.550504	-0.404564	6.624177	7.271282	-6.575022	5.322712	9.422979	0.808609	6.623043	7.271282	-11.565213	5.335899	9.422979	6.196972	2.495036
8209	4	7.256333	-14.662787	4.647651	6.554604	8.067107	2.541456	1.811873	9.074582	-1.097843	0.834917	-0.813209	7.055686	7.256333	-8.976674	4.647651	6.554298	1.904251	7.022434	1.851092	3.592696	-1.088303	0.844202	5.363575	2.549453
8297	4	0.853127	9.363703	0.625436	-3.010537	0.050066	6.727315	6.950420	-7.454292	5.369615	3.102546	6.388752	1.414699	2.333056	6.067877	0.625436	-3.010535	5.156244	1.616790	6.914716	-4.121384	5.369614	3.102546	1.321380	6.727272
8334	4	4.546577	-3.236695	5.697479	8.107277	-0.233020	5.152831	1.040128	-0.305837	5.603293	7.889166	5.933686	2.778570	4.586005	-6.440788	5.697480	8.111366	5.999011	2.727547	-1.767945	6.023271	2.547189	2.319274	-6.669696	5.244250
8502	4	7.521958	-8.368847	5.088246	7.069925	6.833367	1.295612	4.262481	11.355450	-0.191407	1.165035	-1.294177	7.796853	4.262894	4.918879	-0.185856	1.165287	4.495022	1.632701	7.521958	-4.317037	5.050957	7.069925	1.044829	7.793754
8504	4	6.248095	-10.203452	8.381837	8.112175	7.301416	2.095206	1.765888	6.930434	1.959351	3.019099	6.289439	2.095744	6.248095	-8.061659	8.381837	8.110324	1.542737	7.080270	1.765888	9.065030	1.959351	2.115054	0.528995	7.088045
8999	4	2.649025	4.852841	3.934475	-0.203066	-2.169428	7.798981	5.826936	-16.055506	7.971728	5.812312	9.082326	2.514692	5.826333	-9.526538	7.971728	5.812312	2.838516	6.455939	0.055701	9.231072	3.930314	-0.332606	-2.203879	7.800709
9098	4	4.107248	-5.777047	6.936104	5.231784	8.717119	2.168996	4.107248	-5.729800	6.936098	5.230297	2.697469	8.238508	0.264805	5.004732	1.184330	0.209907	5.628013	2.928848	0.264804	9.825889	0.724731	-0.941082	-0.421315	8.579286
9156	4	1.883641	9.563394	0.532696	0.266750	-3.540401	7.239197	8.467117	-10.213430	6.021437	6.673103	6.000341	2.094014	8.454379	-2.960332	2.532186	6.479585	0.853677	7.228915	8.466788	-4.721244	5.979061	6.614116	0.853677	7.228915
9170	4	5.793929	-10.334277	5.231934	4.994448	3.654304	3.104735	0.452525	3.990337	2.994087	2.679953	-5.236286	7.411972	0.166293	8.790422	0.892740	0.662114	-6.038712	7.412350	5.793929	-9.964476	5.231843	4.994348	-1.821004	7.349919
9261	4	6.561567	-10.658905	8.186174	6.053971	9.451695	4.922963	1.000613	6.703786	3.863446	-0.437706	-2.542602	9.376199	4.543274	2.035999	3.863491	-0.437673	0.020459	9.186036	1.447598	4.616591	3.863446	-0.437706	3.310942	4.944902
9264	4	5.037267	-1.282764	8.247614	8.062734	-0.877255	6.416798	-1.173940	10.165390	1.632551	4.014225	-6.844667	6.416798	5.331372	-7.748149	8.247977	8.342518	-0.516815	6.416797	5.331372	-11.473391	8.247977	8.345825	4.549303	0.220598
9665	4	9.598573	-9.605158	3.790796	6.720208	6.411127	2.391345	4.936859	5.386465	0.476317	0.837213	4.811975	3.211760	4.936859	6.909871	0.471734	0.837099	0.465081	6.777574	9.598573	-7.744461	3.790759	6.709708	2.128076	6.758018
9729	4	2.038040	7.779983	1.088596	0.915922	2.361059	0.260499	2.038041	5.539034	1.089387	0.915923	3.025626	-0.899835	7.111664	-14.443695	7.170751	7.083519	6.932726	-1.118383	2.038040	10.684892	1.088595	0.915922	-0.135213	4.928011
9790	4	1.521234	9.293714	1.959869	4.098551	-2.199420	9.763095	7.577746	-1.147201	6.758871	5.926777	2.888288	8.539815	7.583449	-11.308475	6.759444	5.966577	5.606237	4.776328	7.583449	-5.861138	6.759444	5.966575	3.102522	8.286011
9838	4	2.906490	9.170553	4.299225	2.988367	3.954336	3.095435	2.906490	11.240899	4.299133	2.911581	-1.626205	5.359585	7.867248	-14.543436	7.230912	7.087370	7.357463	-1.064164	7.867248	-8.499567	7.230910	7.085844	1.800486	5.345014
9933	4	0.363738	2.546023	1.895940	3.279995	-4.329099	7.330290	0.327116	8.799174	0.878456	0.449531	-4.403169	7.330290	6.469389	-17.040451	5.718526	5.364957	5.821842	0.935961	6.469389	-11.971842	5.718526	5.364957	-0.503330	7.330270
