28	5	7.128615	2.416468	4.730014	-0.784103	6.213207	8.449195	7.128615	2.416468	-1.800600	7.583247	-3.790293	4.606146	7.583247	-3.790293	-1.907556
49	5	-2.115307	4.046096	5.968412	0.450471	0.122214	-0.745887	0.450471	0.122214	5.865564	6.689365	-5.752430	-3.502360	-2.115307	4.046096	-0.642905
59	5	0.797859	-0.832120	-0.217925	0.797859	-0.832120	6.313163	6.783674	-7.241941	-6.506286	-5.720673	5.704000	6.318497	-5.720674	5.704000	-0.212464
60	5	8.027482	-3.456401	-4.983985	-2.109905	6.927056	1.319782	1.960605	-0.421268	6.663179	1.960604	-0.421252	1.309069	-2.109904	6.927056	6.672906
129	5	-1.669791	1.644870	-0.658705	4.054351	-0.058289	-4.782801	-6.289331	4.025846	-0.658701	-1.669791	1.644870	5.112939	-6.289331	4.025846	5.112942
132	5	-6.608987	7.382733	1.072020	-6.608987	7.382733	7.133024	6.043634	-1.921676	-0.980649	-0.142613	1.340170	1.071824	6.043634	-1.921682	5.026847
167	5	-1.811568	4.556104	0.910121	7.105104	-4.606782	-2.926015	-1.811573	4.556104	6.350361	0.764386	-0.619643	0.852042	0.764391	-0.619643	6.292695
208	5	1.577061	1.370996	-0.208509	7.233560	-1.507499	-6.607712	-2.139741	7.591520	-0.208476	-2.139741	7.591520	6.043928	1.577061	1.371000	6.043894
324	5	-3.605682	6.557714	5.676681	2.966249	6.377552	-1.456065	5.211422	-1.868125	-2.685622	-3.605682	6.557714	-0.625223	2.966249	6.377552	4.844721
326	5	-2.454088	8.949640	6.517738	7.381710	-2.996602	4.936964	6.758051	3.070375	4.938296	6.758052	3.070375	-1.198345	7.381710	-2.996602	-1.199692
337	5	6.656437	-3.244531	-2.606629	-3.214117	7.439989	0.208538	0.035928	0.810694	0.208534	0.035928	0.810694	5.734192	-3.214117	7.439989	5.734195
365	5	-3.056554	6.023866	-1.384783	-3.056554	6.023866	4.129083	4.874561	-2.259386	-6.458389	-1.691224	-0.459322	4.129083	-1.691224	-0.459322	-1.384783
461	5	6.450705	-3.093867	-6.174191	1.320773	-3.049672	-0.677255	1.320772	-3.049676	4.948365	-4.113747	5.130967	4.948778	-4.113747	5.130967	-0.676851
484	5	0.195196	-1.314144	-0.756976	6.219132	-4.986528	-3.056927	0.195196	-1.314140	5.639222	-1.548263	4.812781	5.714463	-1.548263	4.812781	-0.680516
556	5	-1.686224	-1.573834	1.542542	3.280055	-6.838258	-1.858648	-2.770898	3.859395	6.547802	-1.686224	-1.573815	6.547767	-2.770898	3.859395	1.542577
594	5	0.910645	0.236288	0.751180	7.115816	-2.958219	-1.993166	-1.635938	6.251344	0.899194	0.910648	0.236287	6.107626	-1.635938	6.251344	6.243419
599	5	5.682535	-7.783566	-3.236753	-2.467245	4.380946	2.666944	-0.635476	-1.424358	2.666203	-2.467245	4.380946	6.767217	-0.635476	-1.424358	6.766726
610	5	-0.354966	1.396124	-0.829623	-0.354964	1.396121	5.426882	-3.354315	7.081048	5.426882	6.168355	-2.032492	-1.305285	-3.354315	7.081048	-0.829623
671	5	4.087234	3.374948	-4.877923	1.589052	7.529141	7.173613	-4.410083	7.701631	0.625451	1.589052	7.529141	0.541851	-4.410083	7.701631	7.256021
676	5	-3.464685	0.243291	1.314103	6.800713	-2.290346	-3.304331	-3.464685	0.243291	5.043159	-4.829328	5.645882	1.314215	-4.829328	5.645882	5.043251
711	5	-0.467324	1.029297	5.088624	5.753360	-5.079453	-4.398981	-5.553689	6.715534	1.608283	-0.467324	1.029297	1.607047	-5.553689	6.715534	5.090018
774	5	-7.128882	1.082800	0.407005	-7.131528	6.560227	0.407005	-7.131551	6.560227	5.019150	2.622855	-2.298926	0.403490	-7.128849	1.082800	5.019150
776	5	-6.431997	6.247627	0.965758	-1.331720	0.639684	0.957065	-1.331724	0.639684	6.285829	-6.431993	6.247627	6.292960	4.387285	-0.209606	-2.651912
787	5	0.300735	-0.667236	0.777075	6.729443	-3.632242	-5.173999	-5.001459	5.503842	7.294909	-5.001459	5.503842	0.787896	0.300735	-0.667236	7.284137
832	5	7.322884	-3.355966	-6.113603	2.921702	7.252435	-0.253076	-1.559318	7.356432	6.560360	-1.559309	7.356432	0.024605	2.921701	7.252435	6.283631
911	5	-4.551828	5.912329	0.872136	-0.535880	-0.520580	6.474225	5.907053	-7.107615	-1.860465	-0.535880	-0.520582	0.779441	-4.551828	5.912329	6.566674
928	5	-4.224561	6.479982	0.559823	2.034925	0.503268	-0.269163	7.060960	-2.455747	-3.236935	2.034924	0.503269	6.030384	-4.224561	6.479982	6.859899
965	5	0.771145	-0.042456	6.068564	7.193955	-3.577518	-3.451423	-5.121690	5.618464	6.069836	0.771145	-0.042456	0.501123	-5.121691	5.618464	0.502488
1032	5	-0.934870	0.743797	-2.293837	-5.550886	7.129421	-2.241757	5.688299	-3.941637	-4.448901	-0.934870	0.743797	4.127634	-5.550886	7.129421	4.190120
1087	5	5.054513	-3.263277	4.369051	-1.400897	2.347517	6.002040	-1.400898	2.347517	1.028912	-3.437325	7.122631	6.029412	5.054513	-3.263277	-0.794654
1107	5	6.760610	-2.647539	-2.024474	-2.466465	8.676786	0.748259	3.563336	7.030362	-0.137564	-2.466465	8.676786	7.119175	3.563336	7.030362	6.240221
1132	5	-7.271232	6.459815	1.064207	4.208384	-3.835800	-0.140623	-7.271232	6.459815	6.363186	-1.195190	0.601796	6.297758	-1.195190	0.601796	0.998602
1136	5	4.362624	5.257589	-0.870561	7.782732	-3.536873	-4.796506	4.362624	5.257589	4.716800	-1.138614	7.031994	6.962586	-1.138614	7.031994	1.355586
1144	5	7.305648	-1.790871	-5.246622	-2.782975	8.213264	6.432598	5.932155	3.883261	-4.650659	1.770562	-1.787610	5.959492	1.770562	-1.787601	0.588368
1147	5	-0.987869	-0.863099	1.476225	4.287717	-2.076626	-4.423991	-7.062138	5.450833	1.476377	-0.987887	-0.863099	4.725509	-7.062148	5.450833	4.725660
1177	5	1.309435	-0.088174	-1.224048	1.309436	-0.088174	4.376871	7.423206	-5.867795	-4.389968	-5.119112	5.799374	-1.184875	-5.119114	5.799374	4.409025
1190	5	7.757531	-2.065400	-7.469983	-4.528074	7.738591	-0.886326	1.701937	7.729712	-0.886533	1.701937	7.729712	4.370992	-4.528074	7.738591	4.371412
1206	5	-2.973411	6.362454	1.582683	0.064431	0.095745	6.740914	0.064431	0.095745	1.581727	6.060154	-4.869293	-4.331682	-2.973411	6.362454	6.741733
1218	5	-1.144030	-1.167896	1.089732	-6.916077	5.383734	6.442987	-6.915827	5.383734	1.137917	5.442910	-5.557618	-0.719175	-1.144020	-1.167896	6.403797
1269	5	-5.852722	5.775164	0.338177	-0.334444	1.135923	0.154000	-5.852722	5.775164	6.775318	-0.334444	1.135923	6.593574	5.923624	-2.805696	-3.012686
1314	5	-2.382829	0.138340	6.036641	-2.382838	0.138340	0.754024	6.784510	-2.232624	-3.274783	-5.061257	4.832899	0.758413	-5.061257	4.832899	6.039808
1362	5	1.324513	-1.385868	-1.214209	-4.020837	6.812966	3.687167	6.839185	-4.258612	3.467798	1.324513	-1.385868	3.687116	-4.020837	6.812966	-1.214127
1364	5	-6.650072	6.220119	1.518788	-6.650072	6.220119	6.077763	-1.401670	2.030029	1.478789	4.827086	0.070736	-0.022086	-1.401670	2.030029	6.037902
1381	5	6.705197	1.340201	-0.980759	6.705197	1.340201	5.069894	-4.250805	6.107848	7.889702	6.791004	-4.478362	5.001031	6.791004	-4.478362	-1.052290
1435	5	6.074408	-3.623621	-6.231090	-0.056179	-0.847464	-0.798874	-1.911800	4.474832	3.906386	-1.911800	4.474832	-0.775588	-0.056179	-0.847464	3.884054
1452	5	4.613696	-4.906124	-2.263969	1.651490	-1.322343	-0.280519	-3.865223	5.018962	5.929063	-3.865223	5.018962	-0.098091	1.651491	-1.322343	5.742278
1483	5	-0.955847	0.865520	-0.540222	5.673150	-3.918791	-3.841989	-0.955847	0.865521	4.258455	-2.457217	4.851685	-0.440905	-2.457217	4.851685	4.404016
1515	5	-3.466558	7.715487	6.576566	-0.092420	1.772698	2.412929	-3.466558	7.715487	2.412956	-0.092419	1.772696	6.576554	5.707754	-0.314412	-2.887792
1541	5	1.251225	-0.289608	5.907068	5.639324	-4.998426	-4.990289	1.251225	-0.289608	0.213189	-4.727182	6.976503	0.213266	-4.727182	6.976503	5.907140
1561	5	-6.594439	7.797098	0.591557	-6.594439	7.797098	6.765760	6.139922	0.345762	-5.880035	-0.002509	1.846194	-0.740666	-0.002509	1.846185	5.431093
1571	5	7.498318	3.197159	-4.753313	1.126187	7.851685	0.898670	-5.071679	7.853682	0.898945	-5.071679	7.853682	5.460760	1.126187	7.851685	5.460537
1582	5	1.163142	-5.008324	-1.329674	7.595299	-5.008910	-5.444134	-3.379101	6.660592	-1.326419	1.163142	-5.008324	4.661759	-3.379101	6.660592	4.667981
1597	5	-1.117735	1.211154	6.304239	-5.153331	7.387721	6.304243	5.487508	-3.665023	-5.538557	-1.117735	1.211154	0.037096	-5.153331	7.387721	0.037100
1632	5	4.353444	-0.503454	-4.261213	-8.061538	7.224015	5.803913	-1.776873	7.128004	-0.582653	-1.776873	7.128004	5.803913	-8.061538	7.224015	-0.582653
1652	5	-3.762082	7.358305	6.482753	8.731498	1.681361	0.720978	8.733866	-4.811958	0.720943	8.733866	-4.811958	-3.936392	8.731498	1.681361	-3.936375
1660	5	5.220920	-4.084296	-2.857236	-0.748412	-0.731839	7.087447	-0.748412	-0.731819	1.395369	-5.738065	5.172520	1.395371	-5.738065	5.172520	7.087447
1674	5	6.685893	-1.803681	-4.649708	0.539515	0.790093	1.161417	0.539520	0.790092	6.670685	-4.455456	5.902393	6.670694	-4.455456	5.902393	1.161428
1719	5	-6.717885	6.731367	-0.072694	-0.191572	0.087362	6.154081	5.415882	-4.565388	-2.902946	-0.191575	0.087362	-0.252721	-6.718148	6.731367	6.333423
1727	5	8.978411	-2.641578	-5.008275	-1.849870	6.981248	0.299102	8.883967	2.195744	-5.008275	-1.849870	6.981248	6.331419	3.438091	6.144471	-0.262993
1739	5	0.665545	-0.611300	0.344975	-3.395166	5.919790	0.350520	6.717874	-7.114241	-4.221979	0.665544	-0.611300	6.316781	-3.395166	5.919790	6.322364
1756	5	-1.034807	-0.266393	-3.047152	-5.538527	6.145175	-3.046861	-5.538527	6.145175	3.422351	5.385857	-5.964710	-9.293489	-1.034807	-0.266392	3.422058
1757	5	-0.024046	1.042444	5.163481	-4.729601	6.687573	-0.521520	-0.024046	1.042444	-0.522399	5.669253	-5.573448	-5.948162	-4.729601	6.687573	5.164360
1763	5	-4.950999	6.227630	-0.345947	-0.397553	0.394327	6.107106	-0.397553	0.394327	-0.400114	6.183460	-3.668711	-2.455253	6.183460	-3.668730	4.001397
1793	5	-2.415069	6.527170	0.641244	6.222381	-3.288096	-2.284001	-2.415053	6.527170	6.692671	3.528885	6.065340	5.611810	3.528885	6.065340	-0.453255
1809	5	5.178573	-5.397646	-2.232569	0.320999	-0.977700	-0.110976	0.321000	-0.977715	5.524982	-3.497417	5.293744	5.709750	-3.497418	5.293744	0.074102
1839	5	-6.617500	7.131375	-2.796639	-1.871939	0.607400	3.107991	-1.871939	0.607398	-2.796648	-6.617500	7.131375	3.108000	4.557142	-1.206601	-5.118832
1907	5	6.744252	-6.316224	-3.161609	0.646395	-1.144064	0.237562	0.646395	-1.144064	6.469409	-2.469977	4.813532	0.469447	-2.469977	4.813532	6.700160
1922	5	7.111339	-3.578353	-6.776514	-2.335408	6.199616	-0.993988	-2.335408	6.199616	5.387763	0.775844	1.651628	-1.096278	0.775846	1.651628	5.285539
1927	5	0.552977	-0.524116	0.363770	7.091823	-4.372836	-3.849459	-5.873541	6.185921	6.027221	0.552978	-0.524116	5.542934	-5.873539	6.185921	0.848055
1983	5	-3.780461	8.083627	5.349736	8.539961	2.271088	-5.706751	2.443986	8.039353	-0.402822	-3.780461	8.083627	-0.396319	2.443986	8.039354	5.343047
2005	5	6.570357	-5.464304	-3.860231	-4.533566	5.974151	6.501883	0.933269	0.060249	0.059781	-4.533566	5.974151	0.123976	0.933270	0.060249	6.446002
2118	5	7.508125	-2.369859	4.475361	7.508125	-2.369859	-1.021777	-2.057043	6.250848	2.473139	-2.057043	6.250848	8.052511	0.988240	-2.271005	2.242985
2164	5	-5.616959	6.288128	1.234359	5.906642	-5.695600	-1.703595	-5.617003	6.288128	6.831936	-0.039713	-0.016527	6.831933	-0.039706	-0.016527	1.234357
2190	5	7.694387	-3.500747	5.745592	0.420011	5.473284	9.326985	7.620877	1.791701	1.467678	7.620877	1.791701	5.745592	7.694387	-3.500747	1.467677
2246	5	7.795190	-5.553842	-3.024694	1.604046	-5.506553	0.212666	-2.388488	6.190040	0.430898	-2.388505	6.190040	5.802781	1.604047	-5.506554	5.579563
2262	5	-2.763340	0.685517	0.909258	5.080742	-3.428687	-3.994473	-6.107276	7.115674	6.426327	-2.763358	0.685518	6.425020	-6.107533	7.115674	0.910913
2269	5	7.109560	-2.625248	-7.866594	0.991648	5.830070	-1.294287	-4.493865	6.047855	-1.293651	-4.493867	6.047855	4.870283	0.991648	5.830070	4.869319
2270	5	-5.135745	5.862596	6.090306	6.634736	-3.039468	-5.748272	0.302527	-0.942512	6.090303	0.302527	-0.942512	-0.032057	-5.135737	5.862596	-0.032056
2275	5	0.630337	-1.224063	1.814839	6.619723	-4.249550	-4.305442	-4.561180	5.550840	1.824795	0.630337	-1.224063	6.963062	-4.561179	5.550840	6.972529
2279	5	-4.113201	5.871941	-2.123182	-0.691232	-0.492628	-2.123668	-0.691232	-0.492628	3.805399	5.302280	-2.651177	-7.315344	-4.113201	5.871941	3.805859
2292	5	1.282521	-0.623072	-0.870127	-5.163224	5.414225	-0.867511	7.019912	-6.333354	-6.544371	-5.163224	5.414225	4.897092	1.282521	-0.623072	4.894403
2294	5	-0.476779	0.157046	0.145031	-0.476779	0.157044	5.481932	-3.184196	5.566159	0.145029	-3.184196	5.566159	5.481933	4.004911	-2.283400	-0.699173
2384	5	-0.228616	7.875044	1.248289	-0.228616	7.875044	6.668764	3.183931	-0.181510	6.466782	3.183931	-0.181511	1.044331	-6.084334	7.881471	1.248306
2524	5	6.284139	-3.349630	-2.160545	-1.809537	5.793346	0.653691	-1.809537	5.793346	5.611050	0.186672	0.269775	5.611049	0.186672	0.269774	0.653690
2551	5	-4.281135	6.342353	5.360975	-0.179482	0.173581	-1.009024	-4.281135	6.342353	-0.599182	4.371543	-1.909999	-3.488027	-0.179481	0.173581	5.000732
2574	5	-3.481214	6.748595	-0.055851	7.730794	-2.612751	-6.513628	2.789177	6.256504	-0.059682	-3.481214	6.748595	5.891166	2.789177	6.256504	5.887300
2629	5	-0.394618	-1.025835	-0.383137	-0.394597	-1.025836	6.183006	6.181669	-7.441884	-5.912416	-5.986896	5.476131	-0.382968	-5.986896	5.476131	6.183175
2633	5	7.341737	-3.836946	-5.133897	-1.045452	5.164946	0.141168	0.830917	-1.682886	0.140833	0.678993	2.548048	0.140949	0.830917	-1.682867	4.432633
2688	5	-4.881871	5.379464	6.867139	-4.881871	5.379464	1.615879	-0.755542	-0.996682	1.456039	5.455470	-6.169218	-1.446275	-0.755542	-0.996682	6.730860
2694	5	-2.511528	8.524073	9.137309	5.686585	-1.798983	0.738125	2.919130	8.492870	5.989678	2.919130	8.492870	1.620218	5.686585	-1.798996	5.110201
2702	5	0.035731	-0.056564	-2.049894	5.695267	-5.664628	-7.657672	-5.483822	5.542547	-2.049864	0.035731	-0.056564	3.672116	-5.483821	5.542547	3.672150
2709	5	6.872159	-5.554401	5.533346	0.230497	-0.802364	6.723705	6.872159	-5.554401	0.149723	-2.082446	5.779103	6.724610	-2.082446	5.779103	1.370560
2713	5	1.312102	-2.233734	8.189636	1.312102	-2.233734	2.109933	6.957515	-6.171684	-3.982217	-4.296358	4.990779	8.195843	-4.296358	4.990779	2.118561
2727	5	2.620319	9.138292	-0.480319	-3.657986	9.155552	-0.178082	9.128354	-2.535343	-6.893949	-3.657986	9.155552	5.433164	2.620319	9.138292	5.162061
2757	5	-4.354375	6.405422	4.801565	-3.883463	0.712743	-0.956308	-3.883464	0.712743	4.801565	-4.354373	6.405422	-0.956308	2.000725	0.708201	-0.957056
2775	5	5.774506	-4.595173	-5.636246	-0.426396	-1.123566	-0.280726	-0.426396	-1.123556	5.524370	-3.543826	4.864071	-0.280722	-3.543826	4.864071	5.524374
2783	5	6.312643	-1.370054	5.734179	6.312643	-1.370054	0.283565	3.793776	6.082399	5.735210	3.793775	6.082399	0.284599	0.875729	6.934158	6.375721
2827	5	-3.705546	7.502379	5.922676	0.978880	1.063740	1.444663	0.978880	1.063740	5.922673	5.745845	-2.433443	0.120613	-3.705546	7.502379	1.444667
2836	5	0.766528	7.127123	6.505003	7.164773	-4.766305	5.369326	7.164773	-4.766305	-1.164601	0.766528	7.127123	-0.006800	-5.031929	7.133045	6.508041
2865	5	-0.619928	-4.895383	6.664586	-0.619931	-4.895317	0.739711	5.669800	-7.045278	3.880199	5.669800	-7.045278	-2.022323	-6.063524	5.812405	0.739710
2874	5	8.092151	-5.484749	-7.217912	3.386754	-0.075203	4.673512	2.943195	6.227471	-0.844619	3.386753	-0.075202	-1.504014	2.943195	6.227471	5.332936
2931	5	-5.229479	5.793040	1.238935	5.467713	-1.968381	-5.247348	-0.958324	1.311307	1.238742	-5.229479	5.793040	5.682374	-0.958324	1.311307	5.682179
2954	5	0.142462	0.461588	0.259024	-5.306147	5.675838	0.260913	-5.306147	5.675838	6.614947	6.462078	-1.622619	-6.002709	0.142462	0.461588	6.613278
2971	5	0.756598	0.056953	5.883428	0.756600	0.056952	0.592483	7.474597	-6.209585	-2.965875	-0.992417	4.954829	1.048285	-0.992419	4.954829	6.339167
2983	5	5.522056	-5.633628	-2.424538	-0.689270	0.809660	1.631045	-4.546369	5.724086	1.631045	-0.689270	0.809660	5.248830	-4.546369	5.724086	5.248830
3035	5	-7.125391	7.296746	-0.022024	-7.125391	7.296746	6.416900	-7.124473	1.198350	-0.022024	-7.124473	1.198350	6.416900	5.000847	-2.397006	-5.045436
3062	5	0.618730	-0.197710	-1.411059	6.881525	-6.037700	-7.614662	0.618730	-0.197710	5.010186	-4.483236	6.220416	-1.410885	-4.483235	6.220416	5.010366
3090	5	-6.519993	8.107853	0.510050	-0.233152	1.777520	0.502694	5.576189	-4.472126	-2.802300	-6.520041	8.107853	3.892326	-0.233152	1.777520	3.884750
3132	5	1.438544	-2.647376	5.614883	1.438544	-2.647376	0.609734	-4.380807	6.708812	5.615751	6.090456	-5.354647	-2.938013	-4.380807	6.708812	0.611753
3164	5	-1.415794	1.731448	1.399849	-7.706957	7.336776	1.399849	-1.415794	1.731448	6.658301	5.184584	-0.793125	-3.073901	-7.706957	7.336776	6.658301
3171	5	7.844958	-3.318486	-1.761787	3.118375	6.198605	-0.217165	3.118374	6.198605	5.742399	-3.425786	6.243101	0.057857	-3.425794	6.243101	6.028419
3215	5	-3.121515	5.850297	6.970093	0.533851	-0.182940	6.969897	6.301328	-2.435778	-0.209063	5.645315	3.548103	-0.183408	6.301328	-2.435782	4.371612
3230	5	-1.047725	0.884289	3.631657	-1.047730	0.884289	-0.827770	-3.620194	5.528264	-0.827770	5.444673	-5.049594	-7.083376	-3.620217	5.528264	3.631657
3246	5	7.582767	-5.216427	-5.757115	-2.951299	6.901920	0.218036	1.579271	6.882852	-0.111685	-2.951266	6.901920	4.157382	1.579271	6.882852	3.990443
3284	5	5.335560	-2.827784	-2.795984	-5.217169	6.159422	1.433846	0.224352	0.826246	1.396596	-5.217169	6.159422	5.978376	0.224352	0.826246	5.943009
3292	5	-6.051784	6.895271	-1.047924	4.100158	0.716485	-3.275527	-1.929592	1.783085	4.328245	-1.929592	1.783085	-1.047911	-6.051784	6.895271	4.328245
3398	5	-3.493087	5.902435	0.179538	1.253134	-0.277854	4.815541	5.203954	-2.288935	-6.175875	-3.493087	5.902435	4.816406	1.253134	-0.277854	0.178702
3445	5	-6.088793	6.836753	5.340689	-6.088793	6.836753	-0.388013	5.527007	-5.521601	2.731612	-1.094327	0.755695	-0.489830	5.527007	-5.521602	-2.944677
3449	5	-5.572325	6.724380	9.019440	5.659417	2.772177	5.497754	5.659417	2.772177	0.950203	5.672960	-0.946893	5.488054	5.672960	-0.946893	0.940209
3477	5	6.747334	-4.444755	-7.744864	-1.375493	3.696525	-1.249940	0.334291	0.105780	-1.249951	0.334293	0.105780	5.379198	-1.375486	3.696525	5.379213
3555	5	-0.311340	0.057328	0.299742	5.772184	-6.079199	-2.379107	-5.446338	6.469630	0.437805	-5.446338	6.469630	5.916661	-0.311347	0.057334	5.779104
3607	5	4.482571	4.140024	-2.391447	4.482571	4.140024	3.794939	5.460180	-2.515246	-4.535122	-0.696614	5.948227	0.896341	-0.696614	5.948227	7.043160
3688	5	-2.195601	4.629861	0.653900	-0.673196	0.003604	0.653650	5.931149	-6.794911	-5.028985	-2.195605	4.629861	6.600516	-0.673196	0.003604	6.600267
3699	5	-6.765939	6.163676	-0.034696	-0.118216	0.330261	-0.035078	5.228531	-2.786883	-6.462699	-6.766108	6.163676	5.749560	-0.118216	0.330261	5.749176
3721	5	-0.507180	-0.778379	7.146915	-4.536492	5.859452	7.325165	-0.507180	-0.778376	1.532285	6.078066	-6.103793	-3.646034	-4.536492	5.859452	1.718509
3781	5	1.147416	1.431972	4.029951	7.404738	-4.068519	3.449534	1.147417	1.431971	-2.582688	7.404738	-4.068519	-3.166611	-1.038953	6.479350	5.939273
3841	5	7.240784	-4.732428	-4.843780	1.513575	0.706243	1.735837	-3.180264	6.506122	6.998508	1.513574	0.706243	6.996855	-3.180249	6.506122	1.737694
3874	5	4.758217	5.704748	-1.743978	7.946934	-0.832132	3.516365	1.739040	-0.390606	5.534228	-2.059804	6.146035	6.343515	7.946934	-0.832132	-1.869436
3900	5	-5.368043	7.225485	-0.279627	3.847183	-2.210261	-2.908543	0.039396	0.616925	-0.757549	-5.368044	7.225485	5.600526	0.039398	0.616924	5.131445
3918	5	-2.463629	6.425480	1.929124	7.846496	-6.781008	-4.616813	-2.463637	6.425480	6.707836	1.144040	-0.135890	1.879992	1.144042	-0.135890	6.669506
3923	5	-3.808173	6.598133	6.441318	6.355517	-4.026674	-5.313215	0.162513	6.307483	-0.070497	0.162513	6.307483	6.441284	-3.808173	6.598132	-0.070463
3932	5	-1.962010	7.741600	6.283986	-1.962010	7.741600	0.459009	3.547734	7.008802	-0.344610	8.529119	0.865548	-3.531150	3.547734	7.008802	5.484461
3939	5	6.093861	-2.830930	-4.179259	0.077525	-0.517936	-0.323531	-5.377613	6.207028	-0.202063	0.077525	-0.517937	6.161961	-5.377613	6.207028	6.282726
3995	5	-4.900764	4.873253	0.499145	-0.158405	-1.351324	0.498753	6.270196	-7.350920	-5.643675	-0.158403	-1.351324	5.575751	-4.900795	4.873253	5.576149
4025	5	5.948671	-2.962736	-2.445704	-0.284201	-0.113556	5.836087	-6.342059	4.673507	0.760744	-0.284201	-0.113556	0.597513	-6.342059	4.673507	5.999262
4046	5	-4.187649	6.309827	5.873144	1.604720	-0.257809	-0.504139	1.604722	-0.257809	5.601121	7.772394	-5.689107	-3.779315	-4.187563	6.309827	-0.241591
4069	5	2.158709	7.381388	0.481075	2.158709	7.381388	5.338482	-0.857675	8.028884	6.707409	7.256453	-1.308028	-0.529409	7.256453	-1.308028	4.367262
4077	5	6.691892	-5.494080	-4.062754	-3.898579	5.282653	-1.020142	0.202704	-1.291226	-1.149577	0.202703	-1.291226	3.532258	-3.898580	5.282653	3.650013
4086	5	-3.141016	1.853033	0.444282	7.338386	-2.619545	-2.910028	-3.141016	1.853033	5.835258	-3.479223	7.730516	0.444282	-3.479223	7.730516	5.835258
4093	5	6.654655	-4.603542	-5.866014	0.157341	0.617397	-1.544561	-4.655714	6.158907	-0.634769	-4.655714	6.158907	5.632961	0.157340	0.617397	4.711627
4105	5	-5.714054	6.820623	9.118964	5.305372	1.052706	4.307643	5.305372	1.052706	-0.986758	5.305381	-5.545121	4.307592	5.305381	-5.545121	-0.986783
4107	5	1.327531	5.990710	-1.199274	7.598846	-1.214967	-2.510095	-4.664506	6.302175	-1.187913	-4.664506	6.302175	4.685931	1.327530	5.990711	4.673436
4144	5	-0.083614	0.554824	3.102208	-0.083614	0.554824	-2.844542	6.394150	-4.992967	-5.233313	-1.145248	3.422930	3.106459	-1.145252	3.422931	-2.840157
4184	5	8.473113	-2.150941	-3.682114	3.147441	6.927349	4.493583	7.178891	3.446592	-3.412993	3.147441	6.927349	-1.225779	-3.007940	7.699688	6.521123
4199	5	9.262669	-2.085208	-5.905733	3.411191	5.946190	-1.030452	-2.483294	6.016383	5.501965	-2.483293	6.016383	-0.595589	3.411192	5.946189	5.067398
4229	5	1.867370	-0.902327	-0.014863	1.867371	-0.902327	5.612730	8.010591	-6.049099	-4.952179	-4.541107	4.599631	0.016858	-4.541107	4.599631	5.633972
4303	5	0.427009	8.447192	1.252254	0.427009	8.447192	5.112428	6.203016	0.330139	-2.052512	-4.657637	8.447198	1.559650	-4.657637	8.447198	5.398606
4395	5	0.218651	-1.356825	0.114078	6.416685	-4.469649	-5.662289	0.218652	-1.356825	5.043234	-5.274679	5.415409	5.326570	-5.274681	5.415409	0.371426
4396	5	-0.509689	-0.153684	-1.473357	5.680296	-5.438202	-5.006559	-5.106893	6.663513	-1.468025	-0.509689	-0.153684	4.696464	-5.106893	6.663513	4.701905
4439	5	-0.594420	0.705522	5.455743	-0.594420	0.705522	-0.496087	-5.783660	6.761503	0.074987	6.524976	-2.468782	-4.785752	-5.783660	6.761503	5.660752
4529	5	-7.693979	5.570878	1.011074	-1.257347	-0.839351	0.968289	-1.257350	-0.839350	7.196929	-7.694161	5.570878	7.232440	5.319162	-5.813050	-0.758371
4551	5	6.549394	-2.871477	-2.829034	0.501791	1.146091	2.135662	-3.187543	6.794938	5.182866	0.501790	1.146092	5.106033	-3.187543	6.794938	2.217400
4581	5	-3.297701	6.551787	0.452389	-3.297704	6.551787	6.614221	5.062792	-3.321697	4.847105	5.062792	-3.321696	-1.181031	4.761018	2.801171	-0.988008
4613	5	6.189005	-1.640703	-4.061533	-0.106807	0.856260	2.062334	-5.712051	6.082600	6.920438	-5.712051	6.082600	2.062361	-0.106807	0.856260	6.920417
4642	5	6.967399	-7.243437	-7.335667	-0.904316	4.315814	5.034509	0.410265	-1.332206	5.033652	0.410265	-1.332206	-0.919989	-0.904316	4.315814	-0.919146
4659	5	-2.495661	5.031969	-0.497397	2.505994	-2.568037	-0.546089	6.404660	-2.979342	-6.442802	-2.495662	5.031969	5.393817	2.505994	-2.568037	5.340529
4716	5	6.447589	-2.865754	-1.089096	-0.157430	-1.283088	6.526140	-0.157430	-1.283093	1.257432	-4.534220	4.823125	1.334580	-4.534220	4.823125	6.603210
4735	5	1.800147	0.493536	-0.471390	5.937666	-2.276852	-2.814632	-1.648691	5.900386	-0.027951	-1.648691	5.900386	6.381796	1.800147	0.493544	5.938305
4818	5	7.660209	-4.573124	-3.509880	1.958023	-3.223294	-0.329072	-1.844526	6.438244	-0.031682	-1.844526	6.438244	6.248161	1.958022	-3.223292	5.973718
4862	5	1.088476	-0.672966	5.714257	1.088476	-0.672966	-0.312643	6.788801	-4.535318	-6.621001	-1.858106	5.047261	5.714398	-1.858077	5.047261	-0.312509
4887	5	-0.029391	-0.191096	-0.226574	-1.536782	4.783330	-0.225048	6.040533	-2.238629	-4.033099	-0.029390	-0.191100	5.745650	-1.536782	4.783330	5.747198
4944	5	-0.675518	0.058261	0.664383	-7.213786	6.155045	0.664590	4.874160	0.020278	-3.425253	-0.675518	0.058261	6.903214	-7.213786	6.155045	6.903421
4984	5	-2.382702	1.607739	0.627411	5.568726	-1.428945	-2.117908	-2.382708	1.607740	6.662166	-4.972378	5.009077	6.692520	-4.972378	5.009077	0.657886
5057	5	1.625075	-4.875217	4.085211	1.624909	1.732333	4.085355	1.625075	-4.875217	-2.218909	6.948268	-7.076542	3.141208	1.624909	1.732333	-2.218766
5119	5	0.368652	7.774694	0.728111	0.368652	7.774694	6.989332	6.861435	-1.228602	-4.601289	-5.706303	7.775201	0.728112	-5.706303	7.775201	6.989332
5228	5	-0.869635	-0.837854	-0.787189	-6.947061	5.681295	-0.787188	5.470856	-2.519732	-5.681455	-0.869637	-0.837855	5.527731	-6.946854	5.681295	5.527732
5232	5	7.461335	-6.442806	-3.277230	1.398713	-1.811391	6.361032	0.348136	3.846348	1.902657	0.348135	3.846348	6.464319	1.398712	-1.811391	1.779274
5313	5	0.148407	1.520323	-0.831259	-6.700607	7.790618	-0.831240	6.199026	-4.514896	-6.516830	0.148407	1.520323	4.866243	-6.700607	7.790618	4.866262
5324	5	7.935845	-7.379615	-6.439375	1.408242	-1.520388	0.061797	-5.209874	4.781005	0.064816	1.408242	-1.520421	6.331256	-5.209874	4.781005	6.332564
5340	5	-0.986447	-0.505908	0.517864	-3.731857	4.906837	0.517881	-0.986442	-0.505908	6.284411	-3.731893	4.906837	6.284427	5.588678	-4.004820	-4.063266
5382	5	0.483244	0.035912	0.457989	0.483244	0.035912	5.129186	6.625111	-2.875528	-6.017100	-5.340410	5.940476	0.458562	-5.340411	5.940476	5.129775
5428	5	8.119736	-3.044197	-4.956922	2.533801	5.687809	0.339651	-3.987155	7.640459	7.264500	-3.987155	7.640459	1.761996	2.533801	5.687809	5.998471
5443	5	6.685977	1.392026	-2.858898	-3.632919	6.783297	6.960919	6.685977	1.392034	3.056255	6.685998	-3.288968	-2.858914	6.685998	-3.289044	3.056211
5537	5	1.935756	8.741061	1.779458	7.979951	-0.628161	-1.009854	1.935756	8.741061	6.425625	-0.395544	8.777847	2.095189	-0.395654	8.777847	6.708382
5561	5	0.031850	-1.186463	-1.508078	6.342423	-5.438596	-6.310727	-3.899789	5.034639	-1.508037	-3.899806	5.034639	5.098112	0.031850	-1.186463	5.098060
5575	5	-1.116138	0.570036	7.518361	-7.475695	6.454627	7.518361	-7.475695	6.454627	1.346065	-1.116138	0.570036	1.346065	5.203403	-3.024959	-4.329077
5652	5	0.025416	-1.671110	1.708319	-1.518272	4.281281	1.708341	-1.518272	4.281281	7.190986	0.025416	-1.671110	7.190966	6.416452	-7.667670	-4.511097
5678	5	-7.490832	6.705220	-1.436982	-1.250423	0.305026	-1.490420	-1.250423	0.305026	4.702195	4.431064	-5.488563	-2.975998	-7.490832	6.705220	4.771426
5683	5	-3.309705	8.094275	6.278694	6.712083	-0.760975	-4.215373	2.260225	7.579547	6.272155	2.260225	7.579547	0.202567	-3.309705	8.094275	0.209181
5711	5	7.842421	-6.093216	-3.430151	-3.891945	6.286532	-1.311454	1.980830	-1.123916	-1.395655	1.980831	-1.123918	5.086948	-3.891945	6.286532	5.195207
5741	5	6.091447	3.834998	-1.746301	-2.351047	6.069345	7.247792	6.980169	-2.690075	-2.424875	6.091447	3.834998	4.857947	6.980169	-2.690075	4.175912
5774	5	-3.420518	5.777378	1.165826	1.573313	-3.957211	5.563424	-3.420527	5.777378	7.348164	5.870762	-6.817942	-3.350814	1.573314	-3.957265	-0.614207
5791	5	3.982709	4.699313	-2.140844	6.178709	-1.132469	-4.759449	-4.441252	5.952671	-0.643551	-4.441252	5.952671	5.635850	3.982709	4.699313	4.112733
5885	5	8.804953	-1.905925	2.975360	2.870737	8.917368	5.351373	6.093806	4.253983	-3.621324	8.804953	-1.905904	-3.621326	6.093806	4.253983	2.975370
5887	5	6.808789	-3.703849	-3.060374	-3.265578	6.389023	1.867559	2.590386	6.333914	5.842761	-3.265578	6.389023	6.634796	2.590386	6.333914	0.994142
5941	5	6.795261	-1.183673	4.805449	6.795261	-1.183673	-0.480417	2.857311	5.836796	5.000712	-2.088636	6.391515	7.830426	2.857311	5.836796	-0.270567
5942	5	-4.369015	6.712294	8.412898	8.501428	2.299435	0.214181	8.529946	-1.949250	0.214102	8.529946	-1.949253	4.436470	8.501428	2.299435	4.436757
5955	5	9.812400	-4.829107	2.277339	-2.123271	1.533756	8.366213	3.608114	0.671462	2.290190	9.812400	-4.829107	-2.444577	3.508223	6.597586	2.295438
5956	5	0.119766	-0.257641	6.006772	6.059199	-4.097236	-5.959486	0.119766	-0.257631	-0.052371	-5.383213	6.679059	-0.052369	-5.383213	6.679059	6.006773
5970	5	-2.929190	6.744772	0.070227	0.918219	0.522164	-0.945375	6.868168	-5.242426	-6.182001	-2.929190	6.744772	6.700382	0.918222	0.522160	5.684889
5986	5	5.267681	-3.378767	-3.765170	-4.572509	5.274885	-0.397904	-4.572569	5.274885	4.727387	-0.676764	0.391989	-0.404660	-0.676763	0.391991	4.718479
5993	5	0.679749	-1.982457	-1.604576	6.140072	-6.125098	-5.809415	0.679749	-1.982457	4.778683	-3.314407	4.438710	-1.587397	-3.314407	4.438710	4.795778
6034	5	7.713990	-6.254311	-3.098882	-3.513229	6.611980	6.417526	2.750938	6.489921	1.905618	-3.513229	6.611980	2.175184	2.750938	6.489922	6.207998
6053	5	-1.965110	1.793745	2.590375	-4.408152	7.951045	6.012869	5.069860	-0.132802	-2.446083	-4.408152	7.951045	2.590376	-1.965110	1.793745	6.012869
6068	5	6.617702	-6.976070	-5.537239	0.459660	-1.958190	0.781712	0.459660	-1.958190	5.409440	-4.462278	4.583291	0.783379	-4.462278	4.583291	5.411127
6127	5	6.942227	2.243350	-2.409342	6.947929	-1.381451	4.061851	6.947929	-1.381451	-2.413869	6.942227	2.243350	4.066457	-3.786722	5.825158	7.205267
6175	5	-2.969948	6.528422	0.283135	6.660494	-4.842246	-5.069408	1.780330	0.423670	0.079426	-2.969948	6.528422	5.382508	1.780335	0.423670	5.115021
6242	5	-3.298389	6.534309	0.107381	2.373396	-0.079966	6.103874	2.373398	-0.079968	-0.090458	7.278807	-3.587655	-4.305824	-3.298389	6.534309	6.301678
6314	5	1.371456	0.723157	0.858298	-2.765255	7.198582	6.663004	6.088362	-5.489152	-1.157736	1.371461	0.723157	6.479288	-2.765255	7.198582	1.042256
6318	5	-0.380772	0.102046	0.986696	-6.161214	6.682569	6.525967	-6.161214	6.682569	0.990133	-0.380772	0.102046	6.523884	4.630564	-5.124894	-5.430642
6492	5	0.603821	0.496173	0.289344	-2.694451	5.839447	0.289473	5.468644	-2.464951	-5.860280	-2.694451	5.839447	6.433918	0.603820	0.496172	6.433789
6511	5	-2.121960	5.801002	-0.516334	-0.258016	0.190100	-0.516510	6.233684	-3.392199	-6.025730	-2.121960	5.801002	5.489416	-0.258015	0.190096	5.489237
6519	5	0.684755	0.852135	0.972585	7.342762	-5.782014	-2.763476	0.684755	0.852135	5.233865	-5.733641	5.757735	0.972857	-5.733641	5.757735	5.234127
6538	5	6.014481	2.416633	4.119546	6.102344	-4.165798	4.095157	-1.857344	3.727473	8.520166	6.102344	-4.165798	-0.504566	6.014481	2.416633	-0.481605
6550	5	3.447296	-4.815763	3.797822	0.769455	-0.620239	-1.898714	3.447295	-4.815763	-2.208548	0.769455	-0.620239	4.136146	-2.639152	6.130742	4.137539
6585	5	-2.089993	0.267637	0.694547	-2.089991	0.267637	6.381786	-7.061325	6.203867	0.714938	-7.061325	6.203867	6.399796	3.178910	-1.831808	0.094598
6587	5	5.660246	-3.597220	-5.710041	-2.660337	5.326892	0.005653	-2.660337	5.326892	5.381684	-2.395722	1.269035	0.005653	-2.395722	1.269035	5.381684
6594	5	6.605424	-6.235484	-2.654984	-4.269539	6.251168	-1.331513	-0.968406	0.050918	-1.569933	-0.968409	0.050918	4.496024	-4.269539	6.251168	4.860022
6597	5	-0.198917	-0.618909	-2.241194	-3.308148	5.662540	1.303198	-3.308148	5.662540	7.441179	-0.198917	-0.618909	3.781560	5.476512	-2.991858	-2.913979
6608	5	-0.612308	2.329392	0.239930	-6.644830	7.500653	0.240189	5.267348	-1.490878	-3.883845	-6.644830	7.500653	6.664353	-0.612308	2.329392	6.664126
6620	5	-4.207493	4.915852	2.137891	-4.207493	4.915852	6.306891	0.564971	0.726201	2.137055	0.564971	0.726201	6.306068	4.785488	-3.625572	0.100871
6653	5	-3.856689	4.724793	1.228424	0.679319	0.814455	1.218938	0.679319	0.814455	5.475992	6.568207	-4.312985	-2.443020	-3.856689	4.724793	5.485131
6661	5	5.652948	-4.616429	-3.299888	-2.191584	6.089570	0.009435	0.424769	0.868916	-0.306378	-2.191584	6.089570	5.518748	0.424768	0.868919	5.202870
6686	5	0.186355	0.705895	5.034989	5.313577	-1.323201	-4.710140	0.186354	0.705894	-0.966788	-6.430542	6.188474	-0.966784	-6.430542	6.188474	5.034994
6803	5	7.742880	0.836752	2.013217	7.742880	0.836752	-1.584398	-2.574847	6.147024	3.653988	7.742946	-4.835481	2.013217	7.742946	-4.835481	-1.584398
6861	5	-2.528334	7.431665	6.189056	6.176462	-5.060991	-5.519473	-2.528314	7.431665	0.479211	-2.345729	0.928685	6.189056	-2.345728	0.928685	0.479211
6955	5	2.581597	6.060400	6.777109	8.282538	-6.101407	-2.745495	2.581598	6.060400	1.352754	-3.024289	6.207087	2.084935	-3.024257	6.207087	7.178150
6994	5	-5.579980	5.404707	7.208945	5.826972	-4.438177	-3.121150	-0.229718	-0.902160	1.133718	-5.579980	5.404707	1.133730	-0.229718	-0.902160	7.208932
7019	5	-6.722389	5.954414	0.885534	-4.142167	-0.053643	0.885534	-6.722389	5.954414	7.122593	2.129576	-0.054254	0.851923	2.129575	-0.054249	7.089700
7058	5	5.962017	-3.789910	-3.932391	2.508750	7.820329	6.386060	2.508750	7.820329	0.439540	-3.971709	7.824569	1.229245	-3.971709	7.824569	7.009399
7080	5	-1.526731	1.772337	5.975945	-1.526731	1.772337	0.027059	5.025796	-4.834757	-6.601406	-3.551654	8.215737	0.027059	-3.551654	8.215737	5.975945
7089	5	5.123504	6.835377	6.397975	-0.886671	8.288121	8.198079	5.123504	6.835377	1.715841	6.870320	-0.766200	0.418281	6.870320	-0.766200	5.086032
7092	5	2.241030	3.892290	1.607257	2.901635	-2.690322	7.757408	-3.672057	-2.661710	1.608064	2.901635	-2.690322	1.595653	-3.672057	-2.661710	7.764457
7166	5	-1.135287	1.393652	0.492941	-7.396971	6.468157	0.494395	-7.396971	6.468157	6.386670	-1.135287	1.393652	6.385216	4.557981	-1.223729	-5.868263
7222	5	5.537009	-2.454334	-3.034032	-6.084504	5.705155	0.261881	0.334080	5.705148	6.559475	0.334080	5.705148	0.261880	-6.084504	5.705155	6.559476
7229	5	-0.113340	-2.282892	4.812092	6.383853	-6.359340	-4.197310	-0.113340	-2.282770	-1.441321	-2.274759	4.102723	4.905255	-2.274759	4.102723	-1.357616
7243	5	-8.475299	6.940709	4.968910	-2.437470	1.656535	0.038492	-8.475299	6.940709	0.090053	-2.437470	1.656535	4.917036	4.015607	-4.435009	-1.934562
7283	5	-2.719882	7.976284	8.358998	6.857148	-3.290953	5.925337	6.493100	3.104640	6.107054	6.493100	3.104640	-0.400982	6.857148	-3.290954	-0.588519
7299	5	0.236924	-2.260566	0.586101	0.079611	3.422769	0.586101	0.079611	3.422769	5.938350	6.628916	-6.882730	-5.838166	0.236924	-2.260566	5.938349
7360	5	-0.376793	-2.335742	5.267688	-0.376793	-2.335742	0.040503	-6.367002	6.122695	0.133431	5.522326	-5.423672	-1.987728	-6.367002	6.122695	5.362102
7370	5	7.196172	-1.186085	-4.489641	2.572227	4.698518	0.387762	2.572227	4.698517	6.739134	-1.404014	8.077336	0.889784	-1.404014	8.077336	7.230322
7413	5	5.262824	-2.689709	-2.472745	-5.644212	6.106990	6.817576	0.762332	-0.319035	6.769752	0.762327	-0.319035	0.545290	-5.644052	6.106990	0.593833
7429	5	-4.748282	6.114910	0.108641	5.970024	-1.582976	-6.162707	0.302740	0.152268	5.448406	-4.748283	6.114910	5.448408	0.302741	0.152268	0.108640
7436	5	0.891079	0.238956	7.081951	6.506896	-2.030728	-2.795475	-1.560264	6.863285	0.920708	4.252001	5.877814	-0.465412	0.891086	0.238955	0.896679
7438	5	-1.278180	1.343648	6.247184	-1.278180	1.343648	-0.388181	-3.506630	6.348184	6.248468	-3.506618	6.348184	-0.386881	4.545225	-1.798749	-2.311551
7453	5	-0.000220	0.123415	1.973733	-0.000221	0.123416	5.709862	-3.013551	6.859736	2.040188	5.891908	-2.255615	-3.756903	-3.013551	6.859736	5.775818
7465	5	-1.169085	1.986618	0.937403	-6.230152	6.248852	0.992421	5.450618	-1.279781	5.014941	-1.169085	1.986618	7.262883	5.450618	-1.279781	-1.210264
7510	5	6.964365	-3.466863	-5.934357	-2.447196	0.124548	0.396108	-2.447197	0.124548	6.140498	-2.566153	5.863048	0.396108	-2.566153	5.863048	6.140498
7533	5	6.553538	2.528110	5.252410	6.553539	2.528110	-1.031038	6.725680	-1.515124	-1.032363	-4.943130	7.100519	0.257173	-4.943130	7.100519	6.542286
7600	5	6.491464	-3.582245	0.957657	-5.756628	7.914798	5.906300	5.845359	2.554997	-3.938995	6.491464	-3.582245	-4.324216	5.845359	2.554997	1.419278
7646	5	4.696576	-5.065136	-5.813779	-1.320427	-3.332938	6.659047	-1.320427	-3.332932	0.319292	-1.953962	2.021757	0.323660	-1.953962	2.021757	6.662524
7714	5	6.733752	1.372718	-1.408471	6.733818	-4.659484	-1.408495	0.381874	7.491171	1.156783	6.733752	1.372718	3.454638	0.381874	7.491171	6.082708
7836	5	6.210025	-4.130133	-5.553238	-0.245549	-0.038813	-0.926446	-5.905797	6.218395	5.494881	-5.905797	6.218395	-0.926445	-0.245549	-0.038813	5.494880
7852	5	-1.377020	-0.183924	-2.504714	4.285134	-3.611040	-5.808563	-1.377020	-0.183934	4.010882	-4.765473	4.617709	-2.504577	-4.765473	4.617709	4.011019
7882	5	6.843254	-4.761697	-5.515283	0.188042	0.468847	0.307425	0.188042	0.468848	6.015681	-1.982673	5.924059	6.015684	-1.982673	5.924059	0.307428
7929	5	-1.841630	1.270333	-0.225531	-5.446968	7.439451	-0.225444	-5.446968	7.439451	5.906672	-1.841630	1.270330	5.906585	4.104549	-2.203756	-6.210606
7964	5	1.114964	-1.937169	6.527047	1.114964	-1.937191	0.063318	-4.414858	4.582733	0.063340	5.450228	-6.826883	-1.772399	5.450228	-6.826946	4.531411
8000	5	-3.078413	1.773373	6.681632	6.801200	-4.704620	-3.170749	-3.078353	1.773373	0.108830	-5.860453	6.015666	0.108830	-5.860455	6.015666	6.681632
8059	5	-5.823331	6.533141	6.758224	-5.823331	6.533141	0.211421	-0.249167	2.134858	6.757916	6.676477	-3.160762	-6.067921	-0.249164	2.134858	0.211100
8071	5	-3.616785	7.788859	0.500809	4.407169	3.220894	-2.970919	-3.616785	7.788859	6.178414	2.894791	5.853036	0.222432	2.894791	5.853036	5.899361
8074	5	0.608010	-0.997052	1.179993	6.835137	-6.655390	-2.769818	-1.554931	5.030392	6.330151	0.608006	-0.997052	6.004122	-1.554920	5.030392	1.506987
8184	5	-0.099874	0.639681	5.434364	8.073333	-5.610795	-4.442265	-0.099858	0.639681	-0.822798	-2.019992	6.157512	-0.771654	-2.020056	6.157512	5.487036
8219	5	0.151316	0.260407	-0.396656	0.151316	0.260411	6.044895	6.039506	-1.766363	-5.486493	-3.773098	6.211703	-0.396521	-3.773098	6.211703	6.045020
8220	5	7.385065	-4.951390	-6.047693	1.091488	0.310412	0.344596	1.091488	0.310417	6.515170	-3.021809	6.115625	0.349988	-3.021809	6.115625	6.520284
8246	5	-1.415623	1.107923	8.382767	-1.415623	1.107923	1.928460	-7.671581	7.333859	8.382795	3.276099	0.466191	-1.016819	-7.671581	7.333859	1.928493
8250	5	-0.144025	0.451663	5.709669	6.497885	-5.286920	-6.639620	-0.144029	0.451663	-0.911482	-3.048182	6.653605	-0.890324	-3.048183	6.653605	5.730719
8278	5	-0.544020	-0.238061	1.007192	5.712098	-4.889215	-3.779466	-6.269302	6.011922	1.022748	-0.544016	-0.238061	6.378178	-6.269239	6.011922	6.388103
8302	5	1.754780	-1.298767	6.174741	6.169631	-5.108241	-4.629460	-3.750626	4.700111	0.452457	1.754781	-1.298767	0.434342	-3.750620	4.700111	6.192880
8318	5	7.200433	-0.694701	-6.544025	-3.156512	5.959708	6.124663	-3.156511	5.959708	-0.320248	3.384812	5.456547	5.861881	3.384812	5.456547	-0.582962
8382	5	-1.312328	4.003181	4.491800	6.404880	-5.400570	-7.937044	-0.155284	-0.955933	-1.817628	-0.155284	-0.955933	4.491303	-1.312329	4.003182	-1.817236
8442	5	0.042111	0.972402	-0.280292	6.331839	-5.483364	-5.744563	0.042111	0.972402	5.078121	-1.666057	5.369909	-0.280083	-1.666057	5.369909	5.078443
8443	5	7.044205	-3.002770	-9.507213	1.343098	7.735748	2.328703	1.343098	7.735748	-3.204231	-5.007987	7.736138	-3.204043	-5.007987	7.736138	2.329056
8491	5	0.671384	0.790870	-0.749956	-2.938171	6.137002	0.043257	6.960907	-1.421939	-5.147448	-2.938171	6.137002	5.199634	0.671384	0.790870	4.333145
8506	5	3.248358	6.075951	0.577702	-3.305276	6.790023	0.603852	9.169429	0.774894	-5.843359	-3.305276	6.790023	6.764176	3.248358	6.075951	6.738076
8539	5	7.118751	-2.153783	-4.848933	1.890591	0.934484	7.511479	1.890590	0.934485	1.461787	-1.218930	6.339793	1.542390	-1.218930	6.339793	7.566557
8594	5	7.755522	-5.986272	-3.807981	-3.768849	6.502415	6.321529	-3.768799	6.502415	-0.304059	-3.748349	0.491614	6.321424	-3.748300	0.491614	-0.304165
8600	5	-4.009995	7.374507	0.656030	2.362142	-1.631435	0.608840	6.695454	-5.004506	-3.999833	2.362142	-1.631435	5.670425	-4.009995	7.374507	5.718899
8602	5	8.756362	-4.072651	-5.308241	-3.774374	6.425757	-0.245705	0.800106	1.096563	-1.076244	0.800114	1.096563	5.404284	-3.774468	6.425757	6.235308
8611	5	6.954878	-2.725530	1.871793	-2.599783	7.653936	6.890568	5.535422	4.843914	1.871793	6.954878	-2.725529	-4.334001	5.535422	4.843914	-4.334001
8651	5	6.793664	-4.717072	-3.503965	0.558462	0.039045	-0.483543	0.558459	0.039046	6.143863	-2.127430	5.994889	6.277238	-2.127430	5.994889	-0.349950
8661	5	6.000471	-4.872294	-1.809021	0.735938	0.730873	6.755859	0.735938	0.730873	0.350230	-5.755189	6.844648	0.350248	-5.755194	6.844648	6.755877
8664	5	0.533173	-3.389901	-2.172467	6.082227	-6.378952	-8.242140	-2.607197	5.097110	-2.171456	0.533173	-3.389947	3.344772	-2.607197	5.097110	3.347660
8715	5	8.927978	0.889248	-3.029098	1.649807	7.115417	8.338167	8.928229	-4.556866	-3.029098	8.927978	0.889248	3.344089	8.928229	-4.556866	3.344090
8730	5	6.961018	-3.641461	-4.011052	-3.859464	7.860440	1.033406	-3.859464	7.860440	5.536155	2.486734	7.829665	1.020400	2.486734	7.829665	5.523190
8733	5	-0.561336	0.728653	2.584417	-3.898468	6.120892	2.584425	-3.898468	6.120892	4.287907	6.072605	-3.435527	1.797294	-0.561335	0.728653	4.287904
8736	5	-0.916807	-1.282784	-1.579244	-4.778223	4.404099	-1.479489	-0.916804	-1.282783	4.286387	5.468707	-3.378209	-4.248215	-4.778227	4.404100	4.396248
8751	5	5.170210	-5.555987	4.492553	5.170210	-5.555986	-0.987076	2.585704	5.378123	-0.452673	-3.703186	5.383189	6.916785	2.585703	5.378123	5.025870
8782	5	5.179282	-3.684013	-4.156339	-7.101634	7.067929	1.157375	-2.392298	1.606177	5.826295	-7.102160	7.067929	5.826295	-2.392298	1.606177	1.157375
8862	5	6.161750	-5.508634	-6.600339	1.082005	-0.521977	-0.458903	1.082005	-0.521975	6.155116	-3.986116	5.409047	-0.426989	-3.986116	5.409047	6.186806
8893	5	-0.662944	6.687896	8.862183	6.864529	-2.913240	3.943911	5.053204	3.095049	0.408451	6.864529	-2.913240	-2.131936	5.053204	3.095049	6.508031
8908	5	1.777588	7.853539	-0.156512	-4.498093	7.872591	5.858701	7.307321	-2.883905	-3.547598	1.777588	7.853539	5.490590	-4.498093	7.872591	0.479198
8941	5	-7.398100	6.299788	0.746675	-7.398100	6.299788	5.637723	-1.067402	-0.177842	0.556458	4.033182	-5.176372	-1.578214	-1.067402	-0.177842	5.477964
9006	5	6.572873	-3.405360	-5.869989	-4.797372	7.011944	-0.472724	1.461781	7.010864	-0.745348	-1.737191	2.690253	-0.476248	-4.797372	7.011944	5.506097
9015	5	-5.912555	6.142540	5.463263	-5.912551	6.142540	-0.974004	5.077341	-2.643917	-6.412360	-1.469103	1.503611	-0.974004	-1.469077	1.503611	5.463263
9024	5	0.107499	7.900296	0.851791	6.802200	-2.043221	-2.806418	-5.201887	7.914888	1.057712	0.107499	7.900296	6.730737	-5.201887	7.914888	6.936581
9050	5	-3.426876	7.357617	-0.274336	0.930887	-2.199784	-0.311151	-3.426876	7.357617	6.335173	6.128786	-5.014791	-5.012094	0.930887	-2.199784	6.298338
9056	5	-4.597507	5.995062	-0.569505	0.935944	0.267757	-0.570072	0.935944	0.267758	5.863730	6.483495	-5.964486	-4.639694	-4.597529	5.995062	5.864298
9087	5	-2.400585	4.428339	0.919923	1.302026	-1.607556	0.884285	6.681102	-7.618349	-5.738276	-2.400585	4.428339	6.922255	1.302023	-1.607556	6.888324
9098	5	6.374287	-1.973762	-7.237137	0.590069	-0.350731	-2.516308	-5.410867	5.849129	-2.480551	-5.410979	5.849129	2.309748	0.590070	-0.350731	2.259651
9107	5	6.805375	-1.542500	-3.977945	-6.057472	8.811040	-0.136738	0.437738	-0.943627	-0.464966	0.437738	-0.943639	3.056706	-6.057472	8.811040	3.498994
9138	5	7.837267	-0.093535	-10.814130	1.537325	1.880833	-4.304841	7.714581	1.878872	-10.814111	1.678098	-0.092876	-4.304862	-2.015200	7.016270	-4.304814
9207	5	-5.763927	6.847253	1.500834	0.500526	0.111252	1.490301	5.869256	-3.853646	-2.061984	0.500527	0.111251	6.676983	-5.763926	6.847253	6.687492
9209	5	0.175599	-0.218178	0.272886	6.977026	-3.179473	-3.498361	0.175598	-0.218175	6.451746	-2.286731	5.153248	0.337682	-2.286731	5.153248	6.512803
9247	5	8.618561	-5.421695	-6.190653	-4.133530	6.797669	-1.542705	2.116699	6.780938	-1.997146	2.116701	6.780938	4.334590	-4.133626	6.797669	4.744895
9255	5	6.593464	-5.700215	-3.543339	0.273429	0.948697	-0.306839	0.273428	0.948698	5.636150	-3.017418	7.044773	0.505150	-3.017418	7.044773	6.449312
9282	5	-5.399130	6.878528	-0.100734	-1.798112	2.100889	-0.101066	7.079459	-3.977848	-4.438147	-5.399138	6.878528	6.211136	-1.798112	2.100889	6.210803
9349	5	6.089339	-6.722596	-2.568115	0.571500	-0.897274	6.184207	0.571500	-0.897274	1.597445	-2.109207	4.936454	6.184208	-2.109207	4.936454	1.597447
9359	5	1.385621	7.011241	0.457772	7.398461	-5.116967	-4.374682	-4.682704	7.011954	0.487412	-4.682704	7.011954	6.569625	1.385621	7.011241	6.539981
9400	5	-0.215311	0.829536	-0.443149	-6.579056	6.545055	-0.443079	6.381671	-5.426102	-2.980260	-6.579359	6.545055	5.511304	-0.215321	0.829536	5.511231
9405	5	1.394111	0.018153	0.780370	-3.610092	6.326649	1.820724	-3.610092	6.326649	6.376138	6.120998	-6.091498	-3.249260	1.394111	0.018171	5.414569
9418	5	-1.923976	0.921370	7.715546	-1.923976	0.921370	2.226543	-4.075030	5.994233	2.226545	-4.075030	5.994233	7.715547	2.273489	0.728542	1.185167
9430	5	-4.034436	6.614519	-0.689653	1.975709	6.388812	-0.690844	3.218248	-1.869565	-0.774445	-4.034436	6.614519	5.169869	3.218248	-1.869565	5.082043
9432	5	-2.784764	5.840523	-0.831290	-2.784764	5.840523	5.193126	0.404564	1.043116	-0.831290	0.404564	1.043112	5.193125	5.973280	-0.533503	-5.655891
9469	5	6.991039	-5.193182	-4.565444	-0.005485	0.819122	-0.803615	-0.005486	0.819122	5.691198	-3.998600	6.824552	-0.691071	-3.998651	6.824552	5.805843
9501	5	-2.175907	5.913107	-0.248345	6.385979	-6.829101	-6.146284	-2.175908	5.913107	4.767353	1.575620	0.119987	-0.248892	1.575615	0.119988	4.766803
9519	5	5.979431	-4.004349	-5.959400	-4.154141	7.319569	6.736021	-4.154141	7.319569	0.266284	-4.055134	1.499876	0.266292	0.245565	1.499836	0.261565
9536	5	6.290274	4.273510	6.056036	8.155893	-1.879208	5.470966	-0.771326	6.289113	9.370344	8.155893	-1.879208	0.309208	6.290274	4.273510	0.893743
9537	5	0.717703	-0.377538	2.164805	6.334683	-4.702864	-0.343502	-2.020999	4.821520	2.166436	-2.020999	4.821520	5.901544	0.717703	-0.377538	5.900584
9606	5	-3.758553	7.292391	-0.313666	-3.758556	7.292391	6.243131	6.889258	-3.124427	-5.851257	1.817312	1.211491	-0.314532	1.817312	1.211491	6.242245
9628	5	-2.238093	7.879730	6.554778	0.118946	2.196726	6.337750	6.807955	-2.470950	-3.995341	0.118960	2.196721	-0.073459	-2.238092	7.879730	0.155330
9632	5	1.156793	2.561647	-1.775800	-3.931911	5.767526	-1.775702	1.172571	-2.286523	-1.775806	7.062167	-4.734082	-7.950438	1.172568	-2.286512	4.479306
9647	5	6.800951	2.688733	3.182719	-3.404250	7.469876	9.546435	6.834679	-2.149223	3.182609	6.800951	2.688733	-1.455341	6.834679	-2.149223	-1.455446
9678	5	-6.673647	6.272860	-0.698084	5.724069	1.229695	3.218333	-6.673644	6.272860	5.443169	5.727238	-5.202894	3.215965	5.727238	-5.202894	-3.088009
9697	5	7.917397	0.122625	-2.340364	1.772911	8.361984	7.176250	1.772911	8.361984	1.053296	-4.409498	8.461375	7.424678	-4.409498	8.461375	1.327569
9721	5	-0.379392	0.323572	-0.204490	-0.379396	0.323572	5.648673	-6.982917	5.528834	5.878329	-6.982557	5.528834	0.025105	4.762119	-5.425895	-2.629241
9748	5	0.822067	0.010222	0.266052	7.398742	-6.517919	-2.837274	0.822067	0.010222	6.508023	-4.615579	5.021129	0.404052	-4.615579	5.021129	6.646028
9753	5	-6.599142	7.393991	6.232398	-6.599142	7.393991	0.238567	-2.782468	1.215451	0.238566	-2.782489	1.215454	6.232397	6.142335	-4.051783	-4.372741
9866	5	-2.816591	6.846652	6.666397	8.083775	-5.650537	-4.323273	-0.043890	0.835020	0.163165	-0.043885	0.835020	6.523167	-2.816570	6.846652	0.328722
9893	5	-0.246247	-2.441188	0.121939	5.150491	-7.178683	-3.400905	-1.135839	4.088246	5.400711	-0.246247	-2.441188	5.390023	-1.135839	4.088246	0.131641
9925	5	2.190910	0.606105	-1.496330	2.190910	0.606105	4.548453	6.290935	-1.631714	-5.172729	-4.142250	6.971721	-1.397661	-4.142249	6.971721	4.648341
9955	5	8.443197	-5.957013	-5.956985	2.934896	6.815548	0.471373	-2.392856	6.830753	0.522528	-2.392856	6.830753	6.771305	2.934896	6.815548	6.724339
