1	3	6.082910	-0.297552	5.807773	7.008489	0.267736	6.155511	-5.664255	5.808777	6.645927	6.366102	-0.649722	7.089363	-0.461512	9.336871	-3.055529
2	3	-3.544159	6.964473	-0.851662	8.014533	-1.175703	-2.924997	2.026084	-0.851391	7.867065	8.259450	6.339191	-4.784556	5.007593	6.436260	8.701205
6	3	-4.048807	8.321091	-0.143076	5.260340	1.686540	7.371406	0.433292	5.924363	2.521842	6.611931	-4.048811	8.577349	-0.143076	5.266802	-2.141136
11	3	-6.787676	6.202362	3.529641	6.526665	-4.714174	-4.840638	2.715512	5.938177	5.913343	-4.709050	-1.229214	-2.677865	6.884484	2.756488	6.708118
14	3	0.633892	10.250635	-0.001451	2.519568	0.999295	6.853674	-3.725622	5.968504	-3.948010	8.194937	-5.096784	10.398092	-0.019424	2.519568	0.999259
20	3	-4.627806	3.158910	5.395348	6.338559	0.871502	-4.841013	6.249410	1.099906	7.011186	-0.965870	-4.523404	3.032788	5.514136	6.241025	6.685303
23	3	-6.203431	5.262075	2.481895	6.235681	-2.078137	-0.460619	-1.218074	8.483123	0.318809	6.936825	5.128944	-7.258406	8.483132	0.316901	6.936859
32	3	-7.325808	10.316389	0.019646	4.437748	-4.863326	-0.994595	-0.442277	6.193631	-1.793722	3.691770	5.514484	-2.359363	6.193639	-1.892738	5.586967
33	3	-5.234909	3.692525	0.638282	6.244656	-4.456155	4.099091	2.409259	0.664630	4.442791	4.507991	3.462621	2.652792	0.649494	4.937549	-0.866882
35	3	-0.199889	-1.925491	8.167987	-0.480317	6.015448	-5.106599	9.974632	2.009491	5.525978	-6.089631	6.345485	-5.080328	8.170022	-0.480338	6.015456
38	3	7.559957	-2.749876	7.476291	3.408009	0.630899	-0.811476	3.682345	0.993286	5.461093	-3.245273	7.559971	-8.981740	7.517487	3.408006	5.701318
44	3	0.465547	-2.398992	7.139743	2.232304	6.392490	7.099414	-8.132133	7.140442	2.230384	6.392490	-1.486473	3.161390	2.825040	7.569733	-0.330524
48	3	-1.283187	8.054634	-1.240719	7.255914	-1.519175	6.056832	-0.269397	4.878503	4.269603	1.486622	6.542749	-4.722244	4.878808	1.682809	7.298866
49	3	-3.924068	6.525035	-2.172390	6.441671	-5.627921	-2.214863	1.600501	4.380342	4.509186	5.700248	7.000808	-1.252738	4.391543	1.489975	6.308323
50	3	-3.776701	4.901589	-0.223061	8.225023	-3.404976	5.427141	-6.141540	5.809088	3.434004	6.121040	-0.500824	0.132179	5.809045	3.952075	5.585028
54	3	-0.361264	0.073933	5.499628	3.466803	-3.538178	-2.777457	4.288581	-0.741206	5.360075	-8.016108	5.417361	-3.195286	5.500007	2.311795	-3.531250
56	3	-2.081652	7.270397	2.071536	5.449578	-5.399550	4.832074	-0.975526	8.082401	-0.724687	6.732394	-1.275899	1.882631	8.044577	4.502246	6.487556
60	3	-0.821878	4.999155	4.431055	4.928615	0.912134	6.336106	-3.058501	6.715546	-0.980081	5.803904	-1.671032	9.102344	1.709031	4.933711	0.912134
86	3	-9.399368	7.082925	1.911439	7.687254	-5.663903	-3.698391	2.112333	6.733111	7.687254	-3.326965	-3.066897	-2.153408	7.285994	5.912599	6.920538
87	3	6.810964	-3.858492	6.845724	-0.051001	7.452058	6.530365	1.422566	6.843013	6.131995	2.273880	-5.234943	8.964060	0.985693	6.422279	-2.289459
89	3	-4.889347	5.401004	1.358667	3.085747	8.144995	6.895268	-5.648055	5.315288	-3.317815	9.119373	0.693698	0.711325	5.303451	-2.727922	9.077543
94	3	1.215663	-0.918238	5.441168	-1.465285	6.725317	-2.645943	10.745233	-0.941083	4.726349	-4.374028	6.756074	-6.847728	5.441168	-1.466445	6.785082
98	3	7.016358	-1.868310	7.465904	4.992568	-0.502546	7.047817	-6.799445	7.466457	-0.281833	6.019033	-4.564192	8.489929	1.232981	5.162664	-6.179635
101	3	8.150166	-5.058733	6.469998	1.458608	6.758657	-0.671374	6.573129	1.017085	7.734159	0.729215	-0.671925	6.573885	1.017085	7.734159	-3.357664
102	3	-3.650904	8.124008	1.937092	4.060708	-3.956447	6.986518	2.970831	6.911080	3.760431	-1.219589	8.004994	-1.499301	7.526575	-1.087137	4.998408
105	3	-2.714579	4.750662	1.935776	5.991938	-2.231178	7.953142	-6.569974	7.545894	-0.095641	7.502178	-1.808464	-0.083653	7.534231	3.341818	7.499970
106	3	-5.181767	5.056577	-2.434565	5.624043	-7.464790	7.328208	0.495948	2.344594	4.911593	-1.578327	7.329337	-0.506191	2.514366	2.363956	4.996106
107	3	-4.096996	8.809387	1.998757	5.631354	-4.514164	7.918258	-4.884247	7.364871	1.025321	6.518870	0.455296	3.566052	5.741818	5.630901	-1.750114
111	3	-5.686690	2.336066	6.478264	5.112572	-0.103796	-1.097473	-2.280795	6.853092	0.907432	5.873373	6.391511	-7.038934	6.853092	0.907426	5.873373
113	3	4.917886	5.129005	-4.028486	5.147340	-4.697715	6.318044	2.660653	-0.902967	4.490597	5.033630	-1.358696	8.581726	-4.042184	5.335815	-4.812312
114	3	-4.087420	4.885038	-1.609740	7.645977	-2.008545	6.299604	2.388019	3.160973	6.532741	-1.993241	6.569140	-0.317635	4.848703	3.219736	6.853749
121	3	-2.871717	5.143716	3.556355	8.015559	-3.035432	7.373374	-5.468596	7.564072	5.649910	7.965346	-2.638580	2.805169	3.556483	6.987935	5.072687
128	3	6.044540	3.504859	0.560672	1.080426	-1.887730	-1.587812	8.911607	0.234572	1.080583	-1.895297	7.806892	-2.771387	6.146851	-1.098204	6.758662
133	3	-1.634264	5.769134	1.701223	7.371616	-5.340390	7.560612	-1.031593	6.317786	2.079303	6.856040	6.040836	2.593188	2.287815	5.201415	-5.220825
145	3	-4.717266	9.158914	-1.820959	4.980024	1.413650	5.939046	-2.648891	4.696919	-0.071463	5.531431	-4.717266	10.280378	-1.820959	4.980024	-3.036901
147	3	-5.831215	3.916715	3.592517	6.497130	-1.225386	6.138818	-8.654172	8.212309	2.195767	7.040873	6.131103	-3.232555	8.211437	2.718904	1.736461
150	3	-4.876454	4.115853	3.107213	7.255154	-9.610373	-2.109112	2.786432	6.171648	6.659778	-9.598890	5.528034	2.496596	6.727986	5.999659	-9.572303
151	3	-2.421840	2.615169	0.323025	8.973457	-4.721265	-2.308931	-1.358125	6.833095	2.773485	0.056324	-2.308931	-2.435203	6.833806	2.761411	5.906527
155	3	6.491951	-3.305526	6.457825	-1.257182	5.744094	4.402753	5.328661	0.931101	3.312314	-6.134420	-1.577357	8.270529	0.865120	3.332591	-6.600163
162	3	-5.874952	8.625131	1.768167	4.328462	-3.553879	-1.164241	-1.930809	5.915810	1.971608	8.174416	5.882718	-7.370159	5.915811	0.726996	8.174458
164	3	-5.818528	4.816171	2.801164	6.689314	-5.316646	4.699855	-0.684897	6.048598	3.240374	-0.787682	4.703515	-7.533126	6.547460	3.240042	5.118557
174	3	6.151222	-5.277411	4.144129	1.724849	6.631465	0.215764	1.975232	1.196340	5.601591	-4.343909	0.376369	-0.673278	4.122482	3.932080	6.469678
179	3	-1.926554	7.911773	2.656224	4.022247	-5.316275	6.973482	-7.597017	5.705511	-0.951253	6.590777	0.727797	-0.983703	5.705481	-0.572121	6.589237
180	3	-6.818585	9.221508	0.821593	6.592478	2.423615	4.740493	-3.607044	6.983960	1.434434	7.991763	-1.352889	-0.645289	6.982811	3.652393	6.028740
186	3	-7.675805	8.373155	0.698084	6.588399	-4.390432	-1.148159	0.822261	5.580207	4.256393	6.663803	5.421904	-3.739089	6.406470	1.707291	6.762060
187	3	-4.608589	5.466812	2.250262	6.537901	-4.593264	-2.413452	0.929498	7.753351	6.294479	4.688676	3.643111	0.564907	7.762963	6.155760	4.900532
189	3	7.647242	-7.165553	9.246357	-0.298193	6.756855	7.634975	-3.653698	9.246357	-0.292703	0.925037	0.120710	3.705944	5.483768	4.307252	-2.957375
196	3	-0.918239	-0.041373	4.869837	5.865530	7.132821	-7.059984	6.053974	-1.368163	5.925914	-3.276386	5.380215	-1.747771	4.873576	4.676389	7.133064
199	3	-3.985636	9.697950	3.485277	5.624190	-5.437323	7.156192	-3.162914	7.134958	0.546473	6.066148	5.236111	3.938949	4.029379	5.387920	-4.659727
203	3	-3.247791	4.710250	-0.579589	6.907280	-4.906797	1.619829	1.742147	0.584602	4.228221	6.083105	4.559055	1.343187	1.018395	3.052394	6.157039
205	3	-6.158871	8.222451	3.508969	9.327030	-3.452844	3.539547	1.474416	6.548988	7.179030	5.663175	-4.527234	3.651731	5.411762	9.326411	4.569662
210	3	-3.693862	3.865384	4.113463	7.631268	2.650864	5.254799	-2.774781	6.781395	2.494772	6.630556	-3.830532	3.972799	4.030632	7.647807	-2.934403
211	3	-2.808784	5.214915	0.576549	5.950868	1.063238	7.744494	-2.785818	6.171625	1.925487	5.084595	0.840720	-0.097270	6.167784	4.407606	4.808075
215	3	7.451230	2.193105	0.259822	6.305590	2.716018	7.533855	-2.493579	4.306449	2.261009	7.483057	0.902919	5.175761	-1.841504	6.905050	-2.932238
222	3	-4.042871	6.558385	4.314570	6.164773	2.880486	6.596704	-0.085182	5.342088	-0.329601	8.534601	-4.042878	6.758229	4.314430	6.164774	-3.220317
223	3	4.535896	3.161358	2.168055	7.410592	-6.342736	-3.641676	8.099276	0.295201	7.813903	-6.442364	5.549808	-3.718795	6.873832	1.474517	5.064674
229	3	6.948351	-6.757619	5.014158	2.404698	6.060942	0.398611	-1.690943	5.014108	2.405065	6.060941	-1.246739	5.047137	0.883950	5.027302	-6.840312
234	3	-5.997083	5.963990	1.482471	8.388053	-6.764435	-4.225030	2.705740	6.803635	8.356818	-2.462080	5.944592	-0.617876	7.029323	4.779796	-2.033411
236	3	6.379818	-5.267470	9.314020	-2.433209	7.441293	1.088043	-2.201180	9.286982	-2.420268	7.415837	-4.862972	3.773265	4.094186	4.096667	6.487882
238	3	-4.937637	5.302668	0.807827	4.884223	-2.442540	-4.922407	5.152132	0.807838	4.854377	3.449797	7.182382	-4.550346	7.161156	-0.792113	6.071274
250	3	8.376756	-5.359692	4.437926	0.748811	7.084338	-1.921629	7.688403	-2.023585	6.721419	0.404923	-1.921629	7.691103	-2.023587	6.721419	-5.330914
253	3	5.808315	-6.486829	7.810544	-0.015321	6.490064	1.002053	5.243386	1.200033	6.590116	-3.774438	-4.829398	5.244316	1.199931	6.590116	-3.774438
259	3	-4.407652	9.088932	0.079671	6.698353	-1.924764	1.561938	9.088869	0.079671	6.698352	-1.924764	6.641478	-3.776884	6.524139	1.780291	8.107756
265	3	-6.353788	4.929708	0.947158	8.652053	-2.648579	5.718355	-1.610983	6.566633	6.202109	5.999608	-0.091288	-0.669198	6.494762	8.521573	5.984779
266	3	-3.122502	6.775646	-3.681960	7.357128	-1.903711	2.735407	1.172505	2.902085	6.654216	-0.434627	7.249007	1.077778	2.905900	6.539416	-0.381443
280	3	2.729001	8.208873	1.804974	6.591868	-5.069877	6.450687	-5.157346	6.809582	1.789233	7.071882	-2.830710	8.579694	1.804328	6.600556	-5.069881
284	3	-4.529435	4.712429	4.022452	7.723511	-6.017395	7.423839	-2.346424	7.996397	1.123176	5.573882	-1.377396	1.774153	6.233350	5.768766	5.518498
287	3	-4.778411	9.225626	-1.005890	2.191068	-5.361606	0.388468	-2.276086	5.593923	-4.385199	7.653919	4.970095	-4.320731	5.593966	-4.433782	7.653920
290	3	6.592124	-1.143519	6.155443	1.941168	5.712187	-0.720415	3.137268	4.470615	7.097288	-4.920127	6.528560	2.197077	5.069857	6.026777	-1.285008
294	3	-3.575724	3.614390	0.631428	6.950435	-6.250937	5.634992	-0.431113	4.664242	4.194092	5.270524	-0.174305	0.443235	4.441302	5.449172	5.270069
297	3	-2.750574	8.140230	4.016127	5.091914	-2.520655	7.622652	1.741770	4.250352	4.936998	1.193018	7.645926	-2.457158	4.276618	-0.733851	6.101498
301	3	6.055534	-2.292182	5.186660	-0.745301	-3.093199	-6.069025	10.553826	-0.893907	5.081944	-9.329297	4.402180	3.930892	-0.694440	5.081851	-7.331184
302	3	1.273099	-0.244246	8.612940	2.767091	5.908530	7.437789	-5.763284	8.658479	2.387645	6.836717	-4.917508	9.200579	3.174385	6.430070	-4.215477
305	3	-6.611149	6.780852	4.013475	5.892033	-4.969824	6.257617	1.141739	5.118096	2.338524	-1.346101	-0.264521	0.320420	5.206760	1.271280	4.230034
310	3	-3.972446	8.909765	2.559640	5.574748	2.761162	5.741098	-3.143847	8.243278	1.473109	7.876086	0.860248	0.838481	8.203279	4.403074	7.671610
325	3	7.981903	-0.595790	7.307318	5.748838	-0.374188	7.981906	-2.066691	7.307320	3.274839	3.794865	-2.325828	4.969225	0.915525	6.872732	-7.138193
332	3	4.323483	2.246517	7.464813	3.599333	0.546882	8.777986	-4.398794	7.989556	-2.302244	7.532009	-0.126164	6.985527	5.518991	3.726185	-2.388775
335	3	-4.474391	9.160140	2.060353	9.068019	-1.825717	4.862849	1.841003	7.342843	7.093273	0.852993	5.358937	-1.013119	7.564529	3.939813	6.734763
336	3	-7.192197	8.401189	2.801885	5.989656	-6.521592	-1.406654	-0.538559	9.257536	-0.449781	4.979105	4.856110	-2.492634	9.266637	-0.450202	4.979911
339	3	5.506814	-1.351749	6.438598	5.052432	6.813395	-6.392366	5.927974	0.341399	7.273333	-6.301001	5.506378	0.336231	6.438574	6.168571	0.310781
345	3	-0.310292	7.515247	0.451221	6.253403	2.401493	-0.310012	3.195651	3.015450	5.863056	6.700337	8.826861	-1.730911	5.015996	2.062381	7.668759
350	3	-1.980465	6.231878	0.028839	6.835061	-6.153706	7.964792	2.135546	2.551018	5.750236	-5.188060	8.306035	-3.351717	4.579732	0.793969	5.348422
353	3	6.877073	-1.593903	4.988766	1.300670	7.105341	-1.761089	9.978024	-1.216891	2.729806	-4.938234	4.852480	6.164933	-1.216852	2.719184	-4.934481
359	3	1.391649	7.771210	0.569886	2.750156	-0.511367	6.710193	-7.539357	6.391363	-3.110309	8.379499	-3.122248	7.949761	0.555835	2.750156	-0.511367
370	3	-4.483897	4.127278	-0.337118	5.530797	-5.029196	5.882252	-0.386977	6.045986	2.952095	4.911374	0.272055	-0.179054	6.045978	3.421200	4.910942
378	3	-3.058436	2.514846	3.551655	4.320503	-0.281341	4.718842	-3.901552	4.388738	1.772008	-0.100761	4.719009	-6.807389	4.400744	1.771994	5.810179
385	3	-4.168437	7.321716	0.511069	4.428887	-5.319578	6.841271	-3.080333	6.563349	-1.467570	6.661333	6.835829	1.233454	4.029497	-0.821342	6.638879
387	3	-0.252187	-1.169209	7.914504	1.519642	7.307695	6.177946	-6.969919	7.914543	1.517508	7.308442	-2.019109	3.937388	3.645474	7.215885	-0.905503
391	3	-5.745071	5.392389	-0.101608	4.411832	-1.466171	-1.203538	2.087551	0.553844	2.784868	7.832110	4.418927	1.901249	0.778604	2.264242	7.900416
392	3	-0.516259	5.798574	2.563819	6.757609	-4.633102	6.035644	-0.147624	8.409462	1.517289	0.220622	6.041020	-2.141493	8.410979	0.170410	5.518092
393	3	-2.462237	8.007762	2.244795	7.264849	-3.843672	2.544491	-0.599527	7.784393	2.107911	8.158334	6.520226	-6.477391	7.784464	2.097827	8.158334
396	3	6.041242	1.657003	5.605105	5.040472	-1.543608	-2.688144	4.047802	1.514755	8.843861	-3.386837	6.846142	-3.655093	5.897234	3.562655	5.300083
401	3	5.266054	-0.900811	7.817812	3.497554	-2.313551	0.990075	2.184383	7.180731	7.722782	-6.097570	5.266056	-0.949828	7.821440	3.447394	3.095434
402	3	3.671192	-0.269192	6.431880	2.491646	4.186811	2.457714	2.841303	4.182909	3.943268	-3.013276	2.466882	2.827024	4.236706	3.898735	3.065388
406	3	-0.604628	3.988103	2.243014	7.233047	-3.627963	6.868962	-3.634870	6.710174	2.130018	5.601252	6.383782	1.795765	5.410274	5.422962	-2.779182
410	3	-8.517177	7.500006	2.323623	6.904158	-2.506150	-2.596319	-3.996969	6.485918	4.067428	6.765570	-8.170270	2.483915	5.440635	5.264383	-1.938181
412	3	6.204839	3.646041	0.674720	6.574157	-4.151400	6.457212	1.557822	0.675213	3.623938	3.532308	0.615452	8.326582	0.674720	6.613366	-7.963151
414	3	-9.116171	8.725834	1.057606	7.683470	-7.060179	-4.451844	3.024708	5.159795	7.683468	-2.915589	-3.338782	1.729303	5.660728	7.683339	4.959542
416	3	-3.175182	10.350606	1.949991	2.612355	-2.178836	7.921414	-6.793107	7.876758	-3.061514	5.044539	7.921390	-1.626059	7.876557	-0.117999	0.994531
417	3	6.742803	-7.643147	8.132254	0.256562	6.773050	1.237661	-2.051292	8.132254	0.256564	6.772020	-4.844467	6.534329	1.854857	5.212676	-4.178999
424	3	-2.519800	8.178948	0.248226	6.587769	2.525365	6.130201	4.463819	0.779607	6.548386	2.663576	8.837845	-1.073285	6.057803	5.386656	7.993367
433	3	-3.151849	4.241650	1.398737	6.959042	-7.184160	7.596345	0.757722	6.034076	3.451727	-1.373442	7.619734	0.426698	6.281239	2.775790	4.656496
442	3	-6.156007	6.410266	2.342075	8.012652	-3.568039	6.014872	1.207117	5.611890	7.981432	0.158215	6.154658	0.971089	5.672539	7.953194	6.040648
443	3	-6.658842	7.448072	1.027010	7.206064	-1.946799	-5.337303	2.490261	1.148809	6.003261	6.838568	6.174374	-4.749235	7.007601	1.197939	6.996607
446	3	-1.061767	-2.247041	7.040643	6.403739	6.735944	5.099440	-5.666282	7.040643	2.422764	6.735944	-3.245988	4.321085	0.457511	7.794449	-3.416291
447	3	0.021482	1.822874	5.941209	4.321592	4.923877	-3.511014	7.564514	-0.209355	6.855760	-3.378054	5.967322	-2.996602	6.005297	1.348463	5.386639
452	3	-3.393775	8.273240	-1.987100	6.035531	-3.474792	-2.604030	2.844497	0.420850	5.120508	5.974296	5.952554	0.781683	4.249920	2.234528	6.696255
453	3	5.875193	1.945498	-2.027747	6.050036	-1.324955	8.273556	-0.148389	-1.949889	5.944445	4.636982	0.147112	5.548491	-2.027989	6.050368	-5.123308
457	3	-0.074815	-1.004197	6.916379	0.566371	7.157183	-5.408896	5.207279	0.822022	5.923243	-2.684251	6.027628	-6.909364	6.916379	-0.103240	7.267617
463	3	-1.352596	7.927070	1.317548	5.899313	-3.332799	6.546787	-1.676262	6.669616	1.959590	6.119366	4.686391	5.352677	1.371893	5.899308	0.082265
465	3	-6.192396	3.986270	1.423902	5.911189	-2.727941	-1.153894	-0.301222	5.946019	4.316633	6.417080	3.558204	-2.533051	5.957402	4.276296	6.564051
472	3	-1.910629	11.881492	-0.028367	5.395501	-1.805818	8.061806	-1.860869	6.430577	3.618122	6.866028	6.898926	1.366817	6.402861	3.681845	1.975347
474	3	5.478477	-8.983642	8.042100	4.587641	6.186661	0.883052	-3.230040	8.042062	4.668094	6.186661	-2.403535	5.487036	1.555769	6.388048	-6.020132
484	3	-3.207139	11.325324	-0.300430	5.263390	-4.433723	8.625312	-5.018394	6.010687	-0.037149	7.289165	8.191254	0.768032	0.186454	-0.026661	7.287843
496	3	-1.020684	-2.441783	8.771473	3.370080	6.849852	-5.432501	2.184592	8.120277	4.893098	-0.815581	5.057857	-3.132131	8.784825	3.370080	6.914950
498	3	2.094601	8.082506	-0.554018	3.362510	-2.279163	7.624129	-8.273391	5.247732	-3.258664	7.654876	-3.574787	8.293180	-0.554037	3.362510	-2.279164
500	3	8.420157	0.127323	6.063364	2.626463	-2.479732	-2.919631	6.550183	0.409281	6.037022	-4.807043	8.444511	-4.327140	6.091248	2.625344	5.864721
505	3	-2.538169	5.638509	0.819865	6.566547	-5.502915	6.706002	0.387756	5.293448	3.565939	-0.417482	6.843673	-3.226175	5.322414	0.734112	4.460364
524	3	-4.936855	8.294021	1.239617	6.289314	-7.023140	5.551577	0.568934	6.205957	5.730272	-0.948354	5.583247	-3.833875	6.222866	3.159809	5.886244
530	3	-0.256595	10.061700	1.143168	2.700421	-4.961353	6.772525	-3.893772	7.036023	-3.033606	6.908090	6.772193	0.040254	7.033844	-1.913116	0.958362
534	3	6.131375	-5.792124	6.647939	-0.149724	5.498446	0.806855	8.089438	2.814854	5.974679	-5.358185	6.131372	-3.173716	6.647939	-0.041438	0.801574
536	3	8.583074	-1.091733	4.865276	2.875504	8.180199	-4.387051	6.526860	-0.562976	6.200613	-2.208823	-2.707125	3.097164	1.714267	5.389060	7.063880
538	3	6.725944	1.288484	5.214585	6.025825	0.122353	6.733478	-6.426306	6.105201	4.849779	6.724295	6.733478	-2.791633	6.105198	4.850216	0.782031
543	3	7.516133	0.742735	4.350158	0.932542	8.352881	-4.129762	8.392927	-0.133130	5.641191	-2.295095	2.028410	7.921700	-0.044083	5.641143	-2.295092
551	3	-6.386681	5.850420	-1.060343	8.374683	-5.927388	-0.995496	-3.297504	5.521620	4.738468	5.732676	5.595527	-5.904734	5.521623	4.728989	5.732678
552	3	5.453547	-8.035394	7.783251	0.527171	6.591809	-5.521079	6.912444	3.124331	6.800964	-0.097182	0.039511	2.127363	7.764789	4.591813	-0.011568
555	3	-2.054054	3.595484	1.742109	5.092346	-1.892441	5.511010	1.385333	3.117820	1.619163	6.032281	-0.093197	2.305719	2.616445	3.615303	5.665457
562	3	-5.260946	9.500819	2.555613	5.318900	1.615303	3.418539	4.546703	2.567528	5.286495	1.933566	5.370405	-3.620602	8.802059	0.878541	7.308002
564	3	-5.535174	5.166242	-0.886397	5.924604	3.021321	-5.542127	6.336253	-2.366576	5.924714	-2.641415	5.558305	-0.597134	3.242819	3.790680	9.132411
566	3	-6.188395	8.107800	2.376634	4.709718	-0.995031	-0.471983	-1.530291	8.475902	1.271587	6.049274	5.859488	-7.720905	8.475902	-0.105697	6.116711
567	3	6.819223	-3.744271	6.482167	1.747981	6.825406	-4.001405	6.976567	3.366772	6.600560	-2.727780	-0.859430	2.781035	5.554789	6.003882	-2.681578
573	3	-3.572116	6.665946	4.046600	6.496462	-2.925144	0.622793	0.215495	6.562495	0.687995	8.574775	6.683419	-2.223488	6.566116	0.679224	8.743489
575	3	-5.041594	5.763354	-1.890472	6.860361	-5.501608	7.452342	1.176271	-1.890468	4.971371	-1.361389	7.495505	1.012729	-1.890463	4.376834	4.171041
577	3	2.281204	4.126743	2.283408	6.870559	-3.577605	-4.408359	5.763207	0.656912	6.870722	-3.776424	8.704981	-0.908620	6.834483	0.632415	5.503866
579	3	0.545526	1.643802	1.413784	6.475068	6.043721	-5.585320	6.196478	0.876410	8.110407	-4.269699	4.872435	-3.364850	7.384545	2.828891	6.209314
580	3	-4.577419	0.854464	3.981825	6.548455	7.424798	-4.623449	6.170762	0.730620	6.635313	-2.146762	5.833602	-6.196621	6.708027	2.052093	7.436895
583	3	-3.195727	5.780929	2.341351	5.318198	-3.720727	6.192555	-0.626139	7.642150	-0.083361	-1.856018	6.401191	-5.027070	7.642150	-0.448754	5.444087
584	3	7.329063	-3.618873	8.803379	-0.727265	6.239846	3.735468	10.998768	2.323560	5.373553	-6.280432	-1.178368	11.522014	2.323560	5.373553	-6.343477
598	3	9.088012	0.331167	3.670226	3.864925	5.961855	-2.627689	6.246478	-2.882888	4.566220	3.606587	-2.628268	6.954407	-2.908295	4.566220	-1.530248
599	3	4.414883	-2.601991	7.980234	1.559740	8.988188	-5.126318	4.220807	4.728583	7.374681	-1.501280	0.831781	1.745632	7.446501	2.615437	7.407880
600	3	5.525503	-2.025019	5.609119	1.554976	6.173432	-5.513133	7.985831	0.002759	5.523123	-5.392072	-0.252379	-1.656872	5.609119	1.564550	6.173417
603	3	-6.365660	5.357470	2.114993	5.340784	-3.566039	6.254637	-1.337068	7.998821	3.055324	-0.877404	-0.032609	0.731722	7.908178	4.387390	-1.117423
612	3	-0.031757	8.497754	0.914433	6.287952	-0.711225	0.034595	0.293155	7.453073	4.316886	7.035989	6.259081	-5.362140	7.457320	0.769061	7.036379
615	3	-4.381144	7.478525	-0.601460	7.620842	-4.629435	6.422979	-0.720490	5.820501	5.975070	5.646626	6.421250	-0.662963	5.820486	6.145032	-0.112391
616	3	5.781881	1.968347	6.953507	5.581145	-3.750096	6.551306	-1.379310	7.455060	3.018434	6.635609	-1.791993	6.414570	2.154655	7.078954	-3.781923
618	3	-6.170375	7.096339	2.333024	6.576900	-4.139812	-0.828980	2.056681	5.788626	4.838937	5.363677	5.722644	-0.385081	7.255797	0.320511	7.132124
621	3	-3.186765	8.529261	1.737922	4.102967	-1.237385	7.684261	-6.186723	6.297540	-0.996985	6.575556	-3.170520	3.912872	1.742503	4.015231	4.568555
622	3	7.797432	-0.933983	6.683850	3.225326	0.068784	7.797434	-6.418190	6.684493	2.360615	5.181902	-1.754172	6.839141	0.400352	4.548615	-5.232069
623	3	4.487275	-6.153920	5.547783	0.650831	6.552886	-6.663297	6.600146	1.738632	6.008077	-3.616287	-1.838923	-1.565663	5.547771	0.739628	6.550705
632	3	-6.070774	6.468449	3.806350	7.091610	-3.440470	-0.417598	-1.028526	7.065396	2.835863	7.967173	5.723309	-5.459108	7.161474	2.419653	7.968058
634	3	6.588439	-5.539879	7.316072	-0.545349	-0.950234	0.573710	3.003666	2.987523	5.837857	-1.457284	6.588439	-9.429495	7.316072	-0.554953	5.133683
636	3	0.960307	1.376734	1.863912	5.876857	5.934217	8.008927	-4.416380	1.914583	4.030860	8.572823	-1.698363	6.205129	-3.637763	8.412421	-0.089712
641	3	7.294840	1.901318	6.503944	3.523454	0.009238	7.460963	-4.729919	6.985166	3.436640	7.435375	7.014881	2.440852	5.560155	4.080412	-0.915833
642	3	-2.972977	6.963110	2.005647	6.762352	-5.976004	6.078810	-0.368458	6.912220	1.653236	0.620186	6.078847	-1.661750	6.912241	1.652920	6.433862
647	3	-3.748453	10.856185	-1.612444	5.073593	-6.324187	8.290887	0.763792	3.711358	-0.625799	-1.538614	8.292297	-2.004389	3.745924	-0.720297	5.215868
652	3	-6.632677	8.585110	3.607748	5.005486	-5.338032	4.606328	-2.979677	6.839201	-0.609260	5.198615	-2.016012	-1.801652	6.839114	-0.515285	5.172450
660	3	-6.155158	9.728050	3.880719	6.198070	2.260652	-6.155187	10.143033	3.880719	6.198070	-2.343831	4.661005	-3.663238	6.126792	0.633949	9.247497
668	3	7.260180	-0.919947	9.318469	-1.218265	0.867367	7.429473	-5.256518	9.318470	-3.240880	6.614164	2.800678	9.755286	2.903850	3.396301	-3.448669
669	3	0.760923	0.897481	6.658164	2.448234	-0.301825	-5.681403	5.273202	0.110897	7.194668	-4.473120	6.508969	-3.781587	6.659250	2.202557	0.194377
685	3	0.533803	5.711079	-2.093704	5.610090	-7.171728	7.048088	-3.166755	3.831681	-0.607507	-1.856428	-5.954713	5.736851	-2.093705	5.610178	-7.171762
686	3	-0.374727	0.564226	6.420398	0.270830	7.487581	6.133348	-4.256702	6.660595	0.200998	7.575740	-1.871122	2.744019	5.542701	5.714215	0.591215
687	3	-5.330141	4.541229	1.957292	8.712859	-6.296892	6.748972	-0.051852	5.283962	5.545796	5.931142	0.172341	1.268570	5.265301	8.561581	5.905991
704	3	7.257102	-3.832251	7.029749	2.125654	-0.742609	7.257102	-4.426457	7.030847	2.125633	3.653820	0.068816	3.066510	2.946131	6.644013	-1.640294
709	3	-0.494978	9.313692	1.950832	5.201527	-3.088583	-0.483646	8.976269	1.950834	5.201420	2.390596	7.174373	-7.565713	7.860643	-0.201975	5.897077
710	3	-1.709899	2.351787	5.032260	5.518210	4.365338	-1.718075	4.448690	2.352565	6.767014	-2.558779	7.089310	-4.223059	7.225691	3.587563	6.094623
711	3	-6.236525	5.212323	-2.761010	7.246381	-6.355998	6.116593	1.182152	2.892070	4.991037	-3.445090	6.116839	-3.852671	2.893674	4.341918	6.668416
712	3	1.675909	5.629054	2.488541	5.673912	-6.470569	7.181156	0.195093	6.117666	5.020851	-0.469202	7.181484	-4.166805	6.119174	2.389692	5.817941
715	3	-5.705786	2.048339	4.358486	5.032923	6.872707	-5.706284	3.878253	-0.419523	7.494321	-1.785888	5.658599	-2.523939	5.047885	1.703497	7.058507
717	3	6.981343	1.282764	6.113955	4.794119	0.588739	8.302929	-2.549128	6.220864	2.535093	7.291981	-0.989896	7.186669	0.016469	4.826366	-5.542413
721	3	-9.092587	7.968037	-0.062082	2.369822	-5.264756	-4.859962	-0.639481	6.313417	0.150058	6.072477	2.827905	-4.201611	6.320961	-3.657436	6.388233
724	3	-6.754283	6.498159	1.586840	6.555332	-4.926812	-6.750240	2.871321	1.617034	5.033045	6.011098	4.627364	-5.247286	7.222763	1.197924	7.401841
728	3	5.776829	-10.500512	6.729593	4.910162	8.385585	-4.383408	2.872319	5.757304	5.620046	0.161302	2.051652	-3.965764	6.729593	4.910162	7.662377
733	3	-4.568060	6.185299	-0.677648	5.562379	-2.838593	-1.742997	2.529906	1.429930	5.140345	5.705478	5.964806	-4.129123	4.401835	0.454445	6.662610
734	3	7.590726	-4.083760	4.104914	0.030178	6.808835	0.819204	0.657949	4.098957	2.980814	6.245680	-0.115320	7.760835	-2.325796	6.175138	-3.081499
735	3	-1.317019	2.979489	-0.844747	5.643435	6.621814	4.387723	2.819796	-0.718532	5.012017	6.724732	-3.542477	6.288591	-0.992554	7.193633	-0.097032
738	3	6.871296	-8.021578	6.407516	0.385343	8.318791	-0.466097	6.354169	1.161764	6.711203	-3.737353	6.761930	2.020894	1.192559	5.631088	1.820202
744	3	-0.037663	1.378716	6.314846	4.068308	6.864232	-3.413559	6.081183	2.257597	6.816514	-1.528170	5.106910	0.923786	6.333133	3.332800	6.968622
750	3	-3.453325	7.364585	3.360761	6.739761	3.343080	5.841459	-5.554879	7.643025	0.099590	6.139231	1.893517	-1.971210	7.642970	0.099598	6.139088
753	3	-2.418694	7.891114	1.977715	7.343298	-6.769812	4.127488	6.589253	2.754769	7.343297	-6.769673	7.527283	-3.509174	6.978239	3.032079	5.013452
755	3	1.405065	-1.968470	8.375045	-2.180042	4.435547	-4.300547	6.512191	2.752323	4.305235	-7.121700	6.676928	-8.238272	8.382506	-2.180085	4.435547
757	3	-5.700472	7.741956	2.099261	5.961900	-1.506705	7.005721	-0.209139	4.079721	0.625155	5.545923	7.006050	-4.319518	7.477996	0.620911	5.719256
760	3	2.387886	8.423406	4.485431	7.597011	-2.295280	-3.434456	8.565198	4.485417	7.599205	-2.295344	6.761955	-2.583796	7.334010	3.085160	7.395635
762	3	-7.371610	4.778209	1.573421	7.546731	-5.075493	-2.929829	1.591091	5.443912	4.629569	6.569759	3.552022	1.442667	5.496424	4.000961	6.571779
766	3	-3.933920	4.236549	3.164316	6.185195	5.749066	6.898776	-4.238087	6.809234	0.377910	8.048434	-3.933920	10.365347	2.752293	6.185408	-2.660302
771	3	6.614733	1.719654	5.027032	5.536465	-3.323094	1.806445	4.601314	1.250256	6.910450	-6.116145	6.621721	1.496757	5.047310	5.253366	3.448198
773	3	6.838477	-5.421302	7.511680	1.620443	4.866920	0.542993	1.391450	6.701765	5.123618	-0.932565	6.769410	0.362718	7.058790	3.110201	-0.928224
786	3	6.339057	2.351820	2.714835	5.496897	-0.860638	-3.583420	4.549738	-1.590998	6.665971	-2.631366	6.437974	2.075609	2.908610	4.997285	3.849160
788	3	-3.993294	5.400750	1.540126	6.995476	-1.395950	7.079280	-3.536246	7.308951	4.635554	7.612155	-2.565412	1.830630	4.422170	5.576034	6.874872
793	3	-5.631380	6.431023	3.027789	8.950455	-1.549515	-4.815221	1.593281	6.465907	7.498059	6.620780	6.525750	-0.925881	7.229594	4.068895	7.197867
795	3	-4.431856	5.619785	-0.436308	6.629640	-4.054264	-4.427075	2.276337	3.171647	6.405343	4.440000	6.359586	-1.876159	3.538830	1.764971	5.444230
796	3	-2.307458	2.336202	6.229836	6.638442	-2.919899	-2.205778	2.175789	6.378934	6.329422	3.455627	-4.752057	4.052647	2.837085	7.959656	-3.843702
803	3	-4.515019	7.796233	0.430658	4.567261	-5.313186	6.002691	-5.929911	6.465804	-0.489403	6.494994	6.002508	-0.099001	6.462509	2.062961	1.053727
808	3	-3.544764	8.424175	-1.426119	4.287560	-2.615272	7.252771	-1.782447	4.309779	-1.771519	8.782221	6.723394	2.598533	3.699891	1.780168	-2.614537
814	3	-0.967373	9.415276	-0.385806	7.028210	4.270837	-0.967458	11.030154	-0.385806	7.028408	-1.209680	8.025581	-1.541964	5.846711	6.540315	7.140672
816	3	0.605017	-0.201180	7.886890	4.637419	6.947479	-2.454573	5.333848	3.529081	8.495752	-4.940603	5.413965	-6.324344	7.887418	4.636188	6.947495
819	3	-3.482569	7.628776	0.054132	6.518790	1.727950	-3.482569	7.634333	0.054132	6.518790	-3.377300	7.202910	-0.514980	6.270790	1.075527	5.682707
821	3	2.755036	4.111450	1.895820	5.690956	5.177876	-3.587787	4.119943	1.895813	5.692258	5.171693	4.381505	-1.690334	6.106232	-0.756492	7.113028
835	3	6.440955	4.203691	3.274839	7.874761	-5.040737	7.753840	1.327492	8.353480	4.169918	-1.672993	8.160856	-4.383666	8.356942	3.735569	6.615272
840	3	-2.206356	0.627566	6.646856	5.835619	5.038872	4.048793	0.533408	6.647137	5.551175	5.053920	-5.151321	4.783584	0.359841	9.440535	-0.233275
841	3	7.211146	-5.466147	5.171374	2.281182	7.805867	-1.936971	7.165702	3.011546	7.745849	-2.195632	1.529534	1.998563	5.157773	6.299992	-1.778219
843	3	5.403620	3.834257	1.855859	3.487349	-2.223020	-2.831282	5.048965	1.855810	3.487662	-2.227764	7.503830	-2.295777	7.990367	0.551146	7.392685
844	3	-8.226113	6.752764	2.322857	6.051518	-0.917514	-5.135966	1.107553	8.052701	4.183254	6.583591	-5.349631	1.981034	7.364244	5.695566	1.557462
853	3	-3.706111	9.754250	0.429957	5.649527	-1.203855	8.208026	-4.502311	6.433126	0.548202	4.993716	1.807583	9.667703	0.429957	5.649279	-1.203855
854	3	8.922875	-6.585330	6.268750	-0.546875	5.765850	8.922769	-0.327685	6.268748	-0.542521	-0.687926	-1.926596	8.174931	0.895748	5.195346	-6.273179
856	3	-3.701980	5.713953	-0.870678	4.809827	-5.341832	5.968550	-5.048131	5.442469	-1.140762	6.566668	-0.648002	-3.284550	5.411918	-0.382616	6.566668
860	3	-4.304177	7.972559	-0.050883	6.183584	2.761596	6.539376	-7.049308	6.075041	0.212924	7.274057	5.090134	3.480388	0.753556	6.171734	3.011390
866	3	-6.845637	4.015073	4.927053	9.445416	-3.285527	5.981061	-8.491616	6.446993	3.844945	7.215441	5.945517	-2.108846	6.446993	3.847529	0.669169
868	3	6.245352	0.616155	2.732198	2.396704	6.820240	-5.061713	7.604687	-1.897107	6.175589	2.660215	-5.090630	8.024282	-1.897400	6.175589	-3.089908
871	3	-2.172095	5.131172	0.608123	7.022946	-1.019772	7.677662	-6.741987	6.453271	0.763329	5.220400	1.850453	5.122964	0.608123	7.022569	-1.019769
872	3	-2.122052	3.740691	0.050986	7.494263	-3.236160	-2.113871	-1.551693	4.818370	6.492523	6.930938	4.178462	-2.836313	4.878280	3.750537	6.930939
875	3	-5.406174	8.181411	-0.303914	7.133222	-4.355428	6.661115	1.529108	4.205829	7.133009	1.488532	6.753702	-1.199666	5.054363	3.784856	6.717796
877	3	-4.695975	3.770650	3.417897	7.974955	2.159340	1.269865	-1.192274	5.735071	7.072958	6.683128	5.785369	-1.739093	5.735076	5.835915	6.683166
880	3	3.473277	7.512999	2.599906	2.117778	-3.883681	7.912144	-1.853071	8.985413	-4.399908	0.502758	7.946374	-3.562421	8.985414	-4.399909	7.187896
882	3	6.778518	-5.703386	8.187986	-0.607704	5.569282	6.299473	1.717568	2.493316	2.669435	-1.638981	2.873000	3.296159	1.865563	5.511021	-3.685790
883	3	7.191488	-6.528357	6.485255	-1.189925	7.674026	-5.216480	8.551898	0.910797	4.929250	1.082909	1.088970	-2.457255	6.485226	-1.187444	7.674019
893	3	-0.729343	7.247814	-1.863781	6.227989	1.176173	7.482291	-3.527680	4.721456	-0.124475	7.590059	-0.729344	7.247819	-1.863782	6.227989	-3.644715
894	3	-6.131245	5.656786	3.307746	7.632301	2.658141	-6.222230	6.323774	3.140521	7.635137	-0.441414	4.983829	-2.053194	7.890767	2.564590	6.040577
895	3	1.758898	6.335353	3.305630	9.165957	-3.710468	5.450137	0.934728	8.438976	5.863820	2.386531	5.734121	-2.730544	8.443817	3.950088	5.999622
896	3	6.526601	-6.041899	6.890442	-0.806643	6.754825	-4.454548	7.205513	5.631624	5.651922	-6.512820	6.524470	0.158338	6.890106	-0.642462	-5.649537
906	3	-1.275636	3.905638	2.274287	6.460722	-3.784821	8.700795	-3.463133	7.052153	0.412166	7.926927	8.236414	1.123250	6.072878	5.409720	0.174576
913	3	-0.115086	7.303728	-0.216748	7.315789	-2.689902	7.554064	2.816779	5.086656	6.010872	3.506330	7.487436	2.892877	5.012306	6.261114	1.771027
914	3	5.659090	0.406949	8.255551	5.128046	-1.643764	5.713379	0.283521	8.269666	4.568882	4.786674	-3.045893	6.767001	5.042554	7.968728	-7.400626
926	3	7.705460	0.111505	7.320848	0.467071	-2.203908	-0.695230	5.286000	6.302594	6.263813	-4.412042	7.755850	-0.334295	7.393237	0.388635	3.642522
930	3	-4.370962	6.032945	0.336471	6.594618	-4.225078	7.162609	-3.588711	6.948338	5.154263	6.845722	7.160647	-0.292240	6.947753	5.273899	2.023016
931	3	4.116161	7.903583	-0.123591	6.411072	3.297132	-0.679459	9.640767	-0.123606	6.411072	3.296897	8.904733	-0.152223	5.268545	5.142403	6.425634
933	3	-2.594434	8.494557	1.341689	4.187943	0.906131	6.610051	-3.103305	6.182240	-0.012975	7.115347	-2.579029	4.543729	2.277726	3.940886	4.123343
943	3	-1.131060	2.868163	1.449195	7.952782	8.256830	5.908317	-3.503578	7.177530	2.861870	8.816989	-0.479661	0.557514	6.880861	4.338421	8.816924
948	3	5.228650	-1.145650	5.925482	2.013375	7.125599	-1.753420	1.923706	5.354822	4.721971	7.116277	-3.899126	5.593077	3.036115	8.019192	-0.301963
950	3	-4.639790	2.219135	5.438894	3.931795	8.776105	-4.764693	8.703568	-0.543038	5.687088	-1.187719	5.818996	-0.885172	6.013162	-0.565125	8.928535
957	3	1.754583	5.896505	0.837706	7.399145	-4.384502	7.791866	-4.880039	6.803148	1.293166	5.258410	-4.442545	5.921014	0.832242	7.399254	-4.385726
960	3	-3.869182	7.792807	2.714143	4.894102	-6.186963	7.349288	-6.730032	7.420305	0.099766	5.867958	-1.675744	-0.501294	7.408091	1.810729	5.867953
961	3	-1.455223	3.640887	4.557994	7.290635	-6.752174	5.325489	0.806585	6.404480	1.928988	-1.240386	6.130136	-3.546606	6.529552	1.794626	5.536770
964	3	0.657907	6.555461	2.819493	4.241159	4.287641	1.958903	-2.318526	7.677786	-1.418716	7.548541	0.539544	7.810810	2.819467	4.241240	-2.188155
967	3	6.923230	-8.351547	5.324953	0.573530	5.575525	-4.054941	10.170581	-0.432626	3.309450	-3.841854	6.917350	-1.507930	5.116899	0.584970	-0.919269
972	3	-5.591581	6.393238	2.620954	4.895773	-6.778354	-1.323830	0.500581	7.241959	0.050955	5.681678	6.249604	-6.090017	7.813932	-0.002683	5.991300
974	3	-7.162434	5.295321	2.782458	7.603414	-3.398113	-0.729677	0.103406	5.624568	3.754042	5.249761	4.141649	-2.393337	5.868991	1.378346	5.272424
976	3	-4.172153	5.899307	0.001126	6.993848	-4.859634	0.655593	-0.054505	6.455192	3.697482	7.461569	6.037605	-3.700663	6.455343	3.651014	7.466406
979	3	8.224738	-4.921638	6.516396	1.678217	7.302075	-0.933341	9.292998	2.803153	6.109591	-3.078109	4.881800	3.397489	4.315760	5.782076	-2.272793
985	3	7.072973	-3.262505	6.639686	-0.102171	7.376187	-4.749536	8.566379	1.120308	4.487548	-4.526260	6.997744	1.802973	6.565817	3.893218	0.398702
986	3	-0.907712	9.105709	1.290061	6.074493	-0.281402	-0.907457	5.556129	1.293211	6.074261	5.730382	7.443450	0.737231	6.871718	5.900080	8.352959
996	3	1.157782	0.140454	6.443905	1.958166	7.270104	5.552275	-0.748259	6.444624	1.549960	7.270196	-1.943346	4.624371	1.340136	4.387587	-2.978654
1000	3	0.013945	9.316815	0.022149	7.994767	-5.244592	6.612584	-0.119902	5.474722	4.543762	5.921801	6.550053	1.617299	5.466588	7.977342	0.734037
