23	5	1.963591	-6.011043	7.483803	0.737563	2.896589	7.070402	-12.446855	7.484098	0.837661	0.217842	1.963591	-8.929335	7.484098	6.827761	2.896589	7.070402	-15.324927	7.484098	6.841503	0.217842	-4.681961	4.224217	1.230777	-2.372348	3.527621
39	5	-3.691299	4.169368	2.181007	-3.745140	6.777236	-0.654110	-8.939729	6.692456	6.295656	6.777236	4.101593	-7.584964	6.692368	-0.257119	1.836371	-0.654186	-3.472276	6.280297	-1.027081	6.777236	4.101593	-13.006676	6.692462	6.295656	1.836371
44	5	1.590692	-10.106632	5.993355	5.755808	6.612865	1.590681	-3.996713	5.987817	-0.173065	6.612865	-5.001887	4.923360	1.485562	-5.628259	6.613233	5.481349	-10.147991	5.993355	-0.171957	1.609622	5.481349	-14.680510	5.993356	5.755808	1.609622
58	5	6.071656	-12.388406	9.099659	7.426758	4.162372	6.071653	-9.149898	9.099659	2.161859	4.162375	0.650111	-9.807445	9.099659	7.426758	8.487571	-2.985337	4.868241	3.530457	-4.336840	8.511046	0.650006	-6.568717	9.099659	2.161859	8.487574
72	5	-0.035992	-5.764445	7.334942	0.284949	6.847092	-0.035992	-9.343724	7.334942	5.820831	6.847092	-6.202357	7.417796	1.027333	-5.246306	6.847155	5.461390	-12.811838	7.334942	5.820831	1.852387	5.461390	-9.250968	7.334942	0.284951	1.852387
117	5	8.557796	-8.299548	6.840768	-0.459026	0.904252	2.130010	-3.436435	6.840762	-1.591212	7.204789	8.567856	-12.285609	6.840768	4.738711	0.904252	-2.074125	3.944490	2.453136	-5.817160	7.210440	2.402356	-7.610428	6.840768	4.738711	7.195964
134	5	0.326589	-4.297340	7.562884	-0.363001	3.882405	-5.957992	4.082385	2.994503	-6.853169	4.004104	6.733533	-8.763315	7.563345	-0.363000	-2.580763	0.341475	-10.745816	7.563345	6.109491	3.876245	6.733564	-15.211244	7.563345	6.109491	-2.580763
210	5	4.092759	-7.987471	6.827260	5.970579	4.752875	0.106559	5.642121	1.503710	0.714766	7.244011	0.635632	-6.772020	6.827259	5.970579	7.243091	0.582720	-1.136535	6.768455	5.942681	7.243295	3.512053	4.964704	1.506786	0.714871	4.796292
214	5	7.738576	-10.710742	6.677505	6.517930	-2.030202	1.247788	-4.410727	6.677505	2.321356	4.482351	-2.700110	4.862019	1.258363	-3.601316	4.482403	5.976337	1.642822	1.305275	-3.518671	-2.020015	7.736347	-8.645446	6.677505	2.326405	-2.030202
299	5	7.729239	-10.797566	7.307071	1.512096	-0.168811	1.759296	-4.969542	7.273231	1.512019	5.251557	7.729239	-16.109915	7.307670	6.384513	-0.168811	1.759358	-10.281950	7.306808	6.384513	5.251550	-1.814475	1.092196	5.943221	-2.069049	5.292227
333	5	-5.723787	5.462766	-0.396126	-6.248455	5.912571	0.850135	-4.644631	6.157509	-0.831856	5.909464	7.212015	-9.719519	6.157574	0.220278	-0.066072	0.851850	-9.492344	6.157574	4.854528	5.909449	7.212015	-14.564421	6.157574	4.854579	-0.066072
369	5	5.747947	-12.245148	7.302425	6.932075	0.317742	0.735507	4.113338	3.905167	-3.987310	1.189507	0.735507	3.165152	3.906521	1.619424	1.189507	-2.105668	3.165356	3.906520	1.619421	6.639002	-2.105668	4.113527	3.905167	-3.987311	6.639002
400	5	-0.750908	8.376036	-1.144153	-7.640276	7.174712	3.918591	4.912934	-1.144153	-7.640276	1.507623	4.382224	-10.691533	3.824582	4.981867	1.085448	4.381406	-5.042262	3.822549	-1.371325	1.085964	-0.288075	-6.460505	3.824542	4.981867	7.157859
412	5	0.406301	-7.703723	6.205080	-0.698829	7.471077	-0.438548	3.874251	1.673458	-4.712233	7.471080	0.406310	-13.923451	6.205080	5.338797	7.471077	5.240276	-13.815916	6.205080	-0.688846	1.284074	5.240276	-20.035643	6.205080	5.338911	1.284074
422	5	-3.935196	6.620701	0.952326	-5.649261	6.386992	8.055632	-7.940568	7.211629	1.178906	1.337076	2.699819	-6.503040	7.211512	7.382854	5.105686	8.056034	-9.877940	7.211646	7.382854	1.336869	2.656482	-4.548259	7.209616	1.178906	5.130773
447	5	1.939470	-8.298957	6.494794	6.836172	8.750644	-4.587655	7.006372	0.673072	-5.153838	8.867095	1.939470	-4.379643	6.456298	0.590500	8.750644	7.064215	-7.656107	6.494794	0.590562	4.961837	7.064215	-11.535083	6.494794	6.836172	4.961837
497	5	-6.496007	8.083011	0.803692	-5.370939	7.382330	0.030354	-4.883945	7.225550	0.321655	7.382190	5.274759	-12.951689	7.225557	6.365591	2.046166	0.030356	-11.457174	7.225557	6.365579	7.382190	5.274759	-6.379230	7.225557	0.427716	2.046166
537	5	2.931416	-11.307395	9.305358	-1.266404	7.677905	-3.661988	6.351393	4.840429	-7.903858	8.032458	2.931416	-13.760931	9.305358	5.306412	7.677905	7.251269	-13.969002	9.305358	5.306412	2.203301	7.251269	-11.515466	9.305358	-1.266404	2.203301
571	5	0.769075	-4.845437	8.423291	-2.609191	7.517966	-0.312556	6.710356	2.733856	-3.621067	7.521111	6.550697	-10.790097	8.546194	3.614979	2.259324	6.546295	-6.568850	8.509263	-2.608465	2.260512	0.809376	-9.072910	8.541352	3.614976	7.517659
573	5	0.381046	-6.179316	6.355151	-0.265596	6.749038	-1.342033	5.360634	2.012186	-6.669406	6.750403	0.386057	-12.529552	6.376798	5.584934	6.749023	5.295441	-7.801057	6.369908	-0.265596	2.425149	5.295982	-14.108045	6.376979	5.584934	2.424050
627	5	-0.963420	3.384001	4.345069	-8.174907	5.316443	4.460430	-8.102503	7.611105	-2.582679	2.240828	6.705661	-10.242771	7.615201	-2.566090	-1.137189	6.705661	-11.924465	7.616030	3.934339	-1.137189	4.460430	-9.785179	7.614752	3.933833	2.240828
661	5	-3.674364	6.750214	0.877287	-1.165470	7.915059	7.992263	-15.398626	7.306368	5.835849	3.591018	7.992263	-9.546077	7.306368	1.288640	3.591018	2.463584	-11.942267	7.306368	5.835849	7.827458	2.463465	-6.089621	7.306368	1.288640	7.827486
703	5	-0.568102	-13.250769	5.916510	5.508453	7.053438	-0.575484	-8.115863	5.916394	-0.882485	7.053634	-4.951892	4.934456	-0.269884	-5.429958	7.061207	5.295394	-9.947800	5.916501	-0.877887	1.069131	5.297472	-15.081819	5.916510	5.508584	1.069131
715	5	2.048351	-10.889735	6.786250	5.556307	9.017740	2.047109	-4.560045	6.786248	-1.015614	9.017755	-1.598539	5.733653	0.413687	-6.918747	9.020816	5.884871	-5.738561	6.786250	-1.014098	3.203371	5.884978	-12.057177	6.786250	5.556307	3.203369
727	5	-6.082332	1.538536	6.768851	3.460265	5.249407	5.450443	-13.312336	8.814656	7.277424	-0.748795	-0.252753	-7.412985	8.814656	7.277333	5.248949	-6.182701	2.214060	6.706005	-3.676489	5.249407	-0.296238	-0.897369	8.494149	6.664693	5.249001
781	5	-5.197779	6.874185	0.395552	-2.010244	7.916931	5.160947	-9.303728	6.898070	1.484623	2.211908	0.613726	-11.465930	6.898071	6.583792	7.914053	5.160947	-14.701642	6.898071	6.583792	2.211908	0.613726	-6.066861	6.897276	1.477047	7.914053
787	5	0.489646	-3.133466	9.380665	-0.492961	6.388160	0.650833	-9.194321	9.389155	5.649520	6.382211	5.884049	-11.448323	9.389155	5.649520	2.064070	-2.775539	3.544539	7.976618	-5.291295	6.403204	5.851733	-5.381920	9.389151	-0.492960	2.066415
806	5	6.670024	-4.013010	4.838905	0.850071	1.456776	0.127733	-8.431279	4.987103	6.658115	6.536096	0.127655	-2.827395	4.663175	0.824528	6.536097	6.670025	-9.450259	4.991001	6.658115	1.456776	-5.661456	1.756110	2.350661	-5.215820	6.551703
850	5	-3.866837	6.496715	-2.271849	-4.566172	7.299359	6.591012	-8.947123	4.088896	1.413254	1.044632	1.917290	-4.743258	4.088896	5.982354	7.298060	6.591012	-10.842052	4.088896	5.982355	1.044632	5.957108	-0.187226	0.786557	-1.323049	1.050208
876	5	-0.940593	-4.981744	4.612409	0.776716	8.098416	5.285480	-10.796419	4.612448	0.776716	3.718901	-5.766700	5.858800	1.167975	-5.306893	8.102635	-0.903699	-9.041824	4.612448	6.503158	8.098080	5.286147	-14.857779	4.612448	6.503158	3.718870
946	5	-5.338546	6.335755	0.831199	-5.856441	8.278972	7.297039	-8.946109	5.026488	6.563713	3.115973	0.681103	-8.719573	5.026488	6.563713	8.277229	0.676679	-2.902173	4.997921	0.179180	8.277245	7.295257	-3.230659	5.011981	0.179215	3.116132
970	5	8.459595	-10.365000	7.843327	0.470380	1.142481	2.295258	-7.758785	7.843321	6.601807	7.194875	2.294619	-5.169127	7.842028	0.467944	7.194954	-3.312803	6.813646	1.717509	-4.047646	7.255803	8.459595	-12.952060	7.843327	6.601874	1.142481
1131	5	2.789818	-9.756156	8.603642	6.637741	6.128204	-3.392058	6.514890	2.411429	-5.089833	6.426409	2.744130	-3.714094	8.603246	0.164274	6.144790	6.778671	-9.893740	8.603642	6.637898	1.336090	6.742720	-3.887475	8.603366	0.176302	1.376244
1143	5	-3.096021	6.263252	0.391440	-6.308601	8.235280	2.510932	5.595265	0.445512	-6.308601	4.257943	6.496337	-10.635390	6.921958	6.290508	1.855767	6.454720	-5.857787	6.921696	0.246642	1.857316	0.961241	-7.683151	6.921937	6.290508	6.635175
1161	5	3.335536	-3.419674	6.139135	-0.603478	6.001518	8.405330	-9.729872	6.273826	-0.596598	1.135822	-0.198741	4.559906	-0.070467	-6.861548	7.024563	8.405330	-16.067266	6.273826	5.966646	1.135822	3.338865	-12.861052	6.273826	5.966646	5.993190
1218	5	7.106089	-7.643440	6.569307	-1.773325	1.634277	-0.529577	6.390601	0.446343	-6.584207	5.827179	1.386458	-3.856694	6.568490	-1.777393	5.812457	7.106089	-11.952103	6.569307	3.665209	1.634277	5.197798	3.565135	0.446344	-6.200701	1.691549
1246	5	1.658460	-7.089972	9.322966	1.680113	7.571891	6.143265	-7.144839	9.322966	1.680113	2.196638	-4.087117	5.002723	3.601087	-3.972768	7.665353	6.143265	-11.683497	9.322966	6.171168	2.196638	1.658460	-11.645786	9.322966	6.171168	7.571891
1274	5	1.054800	-12.248463	6.845432	7.116874	8.548526	1.054800	-7.318944	6.845432	0.846677	8.548526	7.193005	-15.992042	6.845432	7.116874	1.930112	-2.806846	5.639880	0.455866	-5.059328	8.553642	7.193005	-11.062524	6.845432	0.846677	1.930112
1310	5	-2.551796	7.068940	0.830190	-5.548000	8.562821	1.766908	-11.182560	6.989765	7.189063	8.382427	5.246358	-13.525035	6.991044	7.189063	6.029282	1.766908	-6.945103	6.961598	0.912690	8.382427	5.246358	-9.318991	6.985568	0.912690	6.029282
1314	5	-3.181295	-8.929472	6.730897	-1.106996	5.447151	-7.445305	1.085043	5.035555	-4.337885	5.447168	2.220863	-11.539367	6.730898	-1.107000	0.757673	-3.181295	-15.492470	6.730898	5.247853	5.447151	2.220863	-18.101663	6.730898	5.247853	0.757673
1347	5	-4.852481	6.148182	4.536038	-3.069786	6.463705	-0.848385	-8.527484	8.647339	6.115296	6.463703	-0.848397	-5.123091	8.647339	-0.292066	6.463703	4.025952	-7.754210	8.647339	-0.292066	0.509519	4.025952	-11.158473	8.647339	6.115296	0.509519
1470	5	0.016292	-6.164895	6.242347	1.979637	6.433752	-2.789220	6.740247	1.045611	-8.832542	6.476722	6.461099	-8.354725	6.242347	-3.161676	0.820524	3.678171	4.783293	1.045617	-7.906496	0.827618	6.461159	-13.234575	6.242347	2.005213	0.820524
1496	5	1.934999	-11.848317	5.595859	5.012658	6.035206	1.934999	-7.721277	5.595857	-0.037312	6.035206	-4.483814	4.432698	3.810289	-2.484393	6.181539	6.632520	-11.415770	5.595859	-0.037312	0.462661	6.632520	-15.540635	5.595859	5.012658	0.462661
1708	5	0.180007	-7.377608	6.150337	6.390532	8.082874	6.699097	-13.694668	6.150337	6.390532	2.047291	-0.241998	-3.264973	6.150216	1.378398	8.102441	-5.895772	6.178993	0.302691	0.918471	8.127434	6.699097	-9.585078	6.150337	1.378795	2.047291
1817	5	-5.450127	5.502333	5.508937	-5.337226	5.225980	0.692837	-4.811182	8.747197	0.413323	5.225567	0.692902	-6.726773	8.765115	4.907502	5.225566	4.363233	-10.572278	8.765121	0.413323	2.263366	4.363233	-12.481889	8.765121	4.907502	2.263366
1819	5	-4.606814	6.382003	2.323566	-3.942426	6.134871	4.795806	-9.231337	7.898192	1.045518	4.031121	0.404192	-3.035283	7.894918	1.044804	6.122097	4.797436	-11.964559	7.898192	4.352178	4.029018	0.526858	-5.907102	7.898192	4.352178	6.119740
1833	5	-5.786665	5.289919	1.878268	-4.629515	8.394782	0.641664	-7.623536	6.589977	6.048433	8.392735	6.629937	-11.291185	6.589979	-0.308662	2.873012	6.629937	-13.817249	6.589979	6.057801	2.873012	6.353901	-0.952694	2.160725	-1.045441	3.002119
1908	5	0.436691	-5.619269	7.907547	-0.429603	9.326053	0.436695	-9.241117	7.907547	5.501855	9.326053	6.172728	-11.762791	7.907547	5.501855	2.975177	-4.286698	7.397305	1.793755	-4.583742	9.326161	6.172728	-8.140983	7.907547	-0.429563	2.975177
1992	5	3.434087	-4.599667	5.871126	-0.472182	4.652985	7.872329	-12.809706	5.871134	5.200293	-0.502309	7.872329	-8.017997	5.871134	-0.472036	-0.502309	-2.695988	4.125646	-0.050510	-5.750629	5.844827	3.434125	-9.400863	5.871134	5.200293	4.652942
1998	5	-2.679081	6.301830	0.782634	-1.834769	7.543044	7.161887	-6.741064	5.086682	0.683397	1.665508	7.161887	-10.572302	5.204275	6.382888	1.665508	2.213128	-4.547574	4.713620	0.656543	7.539306	2.213276	-8.620267	5.177870	6.382794	7.539304
2012	5	-5.493631	6.709328	0.693125	-6.912776	7.802546	6.097492	-10.190847	6.468391	-0.328390	1.737968	-0.209673	-6.017331	6.468391	5.007194	7.802545	-0.395306	-4.614272	6.468391	-0.328427	7.802545	6.102045	-11.595813	6.468391	5.007195	1.737608
2122	5	-5.822105	6.789996	1.258864	-4.995689	7.087655	0.676662	-10.887467	6.305297	5.846453	7.080656	6.483579	-15.816156	6.305919	5.846453	0.489442	0.676640	-5.397565	6.277324	0.016783	7.080657	6.483579	-10.326801	6.304992	0.016783	0.489442
2126	5	1.495918	5.318250	-1.464965	3.548820	2.273458	1.495918	6.620209	-1.480573	-2.276357	2.273459	-4.585993	6.624981	-1.480593	-2.276357	8.444424	6.281187	-4.936023	4.402853	5.894745	2.256355	-4.585992	5.323028	-1.465088	3.548820	8.444424
2131	5	-1.048484	5.690391	1.706527	-8.118861	4.445527	3.453066	-5.258129	7.541208	-1.787752	3.738254	7.724652	-7.171252	7.549381	-1.787752	-1.750796	3.453067	-9.245423	7.549968	4.410721	3.738252	7.724652	-11.146095	7.550000	4.410721	-1.750796
2181	5	-2.266746	4.840798	0.585547	-6.428793	8.307000	2.012609	-10.095320	7.013029	6.579215	8.231811	2.011069	-7.479775	7.013029	0.112810	8.232123	6.775689	-15.829169	7.013029	6.579215	2.678756	6.775688	-13.213631	7.013029	0.112810	2.678756
2249	5	5.958932	-12.854040	8.081364	-0.363815	0.770441	1.514323	-7.790376	8.078239	-0.372068	5.470504	5.958932	-15.923254	8.081367	4.687701	0.770441	-1.724781	2.748627	1.623446	-3.395841	6.749957	1.514349	-10.857802	8.081322	4.686627	5.470474
2270	5	4.280040	-10.292373	9.511045	-0.043176	3.389267	4.280041	-15.641477	9.535336	6.220654	3.389267	-1.938736	-7.530508	9.375124	-0.043213	8.788696	-1.938695	-12.880278	9.531779	6.220654	8.788696	-4.559437	1.569646	4.480510	-2.860878	8.788725
2321	5	6.575735	-12.566833	6.349991	9.931388	-1.247843	-3.406355	3.115564	1.271813	4.677804	5.209682	1.831704	6.974822	1.246169	-1.434999	-0.374123	1.831705	2.636986	1.314470	5.122029	-0.374125	-3.406355	7.415614	1.246164	-1.437089	5.209682
2324	5	7.116773	-9.968895	7.872188	-1.078166	-0.597937	0.573039	-2.867918	7.670400	-1.231748	5.448590	-2.330151	6.053236	1.445585	-6.191114	5.448787	7.117958	-11.244390	7.872188	5.243472	-0.597937	6.213478	-0.531175	1.493278	-1.726370	-0.597894
2396	5	1.202121	6.560799	0.398731	-5.937952	6.603312	6.597984	-12.108624	5.160641	5.735911	0.372364	2.499197	-6.734772	5.160613	5.735911	6.532448	6.588353	-6.290652	5.160570	-0.170633	0.373003	6.011160	0.461421	0.887769	-2.719125	0.465803
2471	5	4.989363	-18.181108	5.970599	6.702911	0.276219	4.989363	-12.311183	5.970599	0.238421	0.276219	-0.587379	-11.549972	5.970599	6.702911	6.696954	-0.587379	-5.680041	5.970599	0.237213	6.696954	-5.097368	5.227224	-0.403430	-6.112195	6.696981
2522	5	-0.000821	9.137769	0.156544	-5.519750	6.849871	8.753098	-5.809245	5.159212	0.658124	3.841861	6.129860	3.998954	0.182388	-5.519749	3.842137	8.753098	-11.666425	5.162198	7.291280	3.841861	2.625990	-6.973064	5.161603	7.291280	6.828298
2564	5	8.812730	-7.704991	7.331213	-0.181662	0.241336	6.353913	2.574889	1.651012	-5.638760	0.244389	-0.207009	8.847453	1.635943	-5.643171	6.244359	2.266133	-7.332919	7.331213	-0.181662	6.214908	2.266707	-13.568381	7.331213	6.347282	6.214851
2590	5	-2.716267	5.672004	5.050047	-5.431126	8.579841	5.441539	0.000936	5.805772	-1.881851	2.318354	6.252932	-7.154082	6.244235	-0.686251	2.306850	6.252983	-9.201136	6.244268	5.492310	2.306850	6.231152	-2.825181	6.230380	5.227554	2.306908
2622	5	0.959777	-3.977421	6.136683	-0.177560	7.952741	-4.408470	6.482513	0.118599	-6.161863	7.952853	0.960179	-10.217753	6.136806	6.806200	7.952741	6.216478	-15.424382	6.136806	6.806344	2.827812	6.216478	-9.718865	6.136806	0.470984	2.827812
2628	5	6.401776	-1.956344	6.822522	2.091766	0.664713	-3.431888	4.401755	2.519655	-3.956005	6.707821	6.402376	-8.324915	6.859508	6.385220	0.664713	6.402376	-8.008483	6.859508	2.101230	0.664713	6.402178	-2.275903	6.844132	6.381573	0.664713
2665	5	-4.287004	7.503876	0.926888	-1.468147	3.939936	1.842406	-8.964305	7.029461	8.070739	3.787707	-1.389108	1.317576	2.620025	5.158317	3.939743	7.391380	-14.550893	7.029461	8.070739	-2.274402	7.391380	-9.168293	7.029461	1.494129	-2.274402
2693	5	-6.251770	5.235673	0.633678	-3.734893	8.000367	5.635474	-10.567498	6.755598	-1.027162	1.483925	-0.106785	-9.495747	6.755598	5.233970	7.994051	5.635474	-14.385253	6.755598	5.233970	1.483925	-0.106785	-5.637025	6.755598	-1.027163	7.994051
2737	5	2.164622	5.507777	1.443609	-0.341929	2.555467	7.106487	-12.126301	5.284300	6.830683	2.496761	2.164793	0.507492	1.512205	5.537070	2.555432	-3.204225	0.509495	1.511651	5.535139	8.443567	-3.204395	5.509567	1.443609	-0.341942	8.443567
2933	5	-0.387728	-12.328867	8.717432	7.094197	6.970951	4.612011	-17.895916	8.717432	7.094197	1.798816	-6.710186	4.966775	5.041997	-3.180158	6.982812	-6.709830	4.769056	5.050029	2.488678	6.982812	-2.445818	-0.225808	8.189956	-3.179077	6.982803
2973	5	-3.405068	7.666540	0.679965	-4.214436	7.810320	2.016860	-7.027514	6.973988	1.213702	7.780861	5.492196	-10.314178	6.973988	1.213702	2.176971	5.492196	-11.739920	6.973988	5.001453	2.176971	2.016860	-8.453664	6.973988	5.001453	7.780861
2996	5	-3.021834	5.725347	2.157898	-6.224783	5.162689	5.628189	-8.968851	8.646045	-0.594077	-1.059436	5.628190	-12.499716	8.646049	5.842339	-1.059436	0.727669	-8.142756	8.646037	5.832757	5.058022	0.722232	-4.561486	8.644339	-0.704475	5.059157
3027	5	3.667395	-13.252903	7.036709	-1.400571	0.255282	3.667395	-15.239493	7.036821	4.484007	0.255282	-3.085669	1.187662	5.401307	-3.312252	6.616800	-0.493288	-9.424515	7.034739	4.481403	6.558984	-0.569847	-2.263638	6.763467	4.147322	6.569868
3037	5	-3.469713	-1.583395	7.076972	0.821185	5.845115	2.294513	-13.551939	7.087046	7.624290	5.659505	2.294513	-9.419625	7.087046	1.067412	5.659505	-4.154825	4.665675	1.627762	-5.216962	5.845156	8.610690	-9.447318	7.087046	1.067412	0.142357
3060	5	1.341037	0.645586	3.809892	7.102459	0.488366	5.994498	-14.238637	6.422270	8.776460	0.465142	-4.702390	1.948647	1.898947	5.089102	6.802016	-4.702412	6.384118	0.437196	2.274384	6.802016	1.338982	4.868144	0.476655	2.411064	0.488564
3074	5	6.848990	-10.838462	6.524640	6.351767	1.318765	6.848990	-8.832398	6.524640	0.072064	1.318765	2.482480	6.775125	-0.068538	-1.234787	1.319608	-1.714107	4.269607	-0.068531	5.132054	7.078940	2.482484	3.973815	-0.068514	5.134078	1.319608
3129	5	8.412672	-12.288521	6.224150	7.473330	0.564776	3.225733	-7.262332	6.224150	0.979411	5.765254	-2.587654	5.370495	-0.021909	-3.865424	5.970549	8.412672	-11.641663	6.224150	0.992956	0.564776	0.695506	0.056807	3.090228	6.144410	5.970350
3237	5	0.094149	-9.157895	6.873664	6.826678	7.930473	0.093857	-3.090788	6.873663	1.271678	7.930473	-4.594374	5.967243	0.815722	-4.036733	7.930933	6.329577	-9.038996	6.873664	1.420688	3.757141	6.329577	-14.987903	6.873664	6.826705	3.757141
3249	5	1.383154	-7.831726	8.218705	1.319094	6.720674	1.383154	-13.100750	8.218705	6.424048	6.720674	7.787927	-19.189344	8.218705	6.424326	0.603386	7.787927	-13.920375	8.218705	1.332646	0.603386	-4.697865	4.353519	1.666051	-3.301338	6.780946
3259	5	-0.590625	-5.290423	7.342906	4.548062	4.875771	-6.848696	5.554279	4.942003	-7.271764	4.889740	-0.590625	-4.202596	7.342662	-1.203568	4.875771	5.373145	-9.864285	7.342918	-1.202863	0.473998	5.373145	-10.926638	7.342918	4.548069	0.473997
3301	5	0.577518	-0.955968	8.175818	-2.279802	5.857736	6.938831	-11.114987	8.186465	0.244037	-0.477437	-3.292659	4.702230	3.045954	-5.895159	5.858908	1.490273	-10.412223	8.186465	6.189399	5.831449	6.939937	-16.552793	8.186465	6.189399	-0.477437
3351	5	-3.116588	4.642850	-0.907247	-6.768205	6.798131	2.332562	-10.989748	4.758805	4.501995	6.784932	8.629648	-11.720368	4.758805	4.501995	2.446299	8.629648	-8.545555	4.758805	-1.323573	2.446299	2.332563	-7.814937	4.758805	-1.323573	6.784932
3362	5	8.082493	-7.818407	6.293793	-1.570017	3.602435	-3.718645	6.896186	-0.064709	-8.114108	8.964356	2.892400	-5.110306	6.292758	-1.570017	8.701187	2.920498	-10.922742	6.293817	5.035577	8.686860	8.083158	-13.605505	6.293818	5.035577	3.602428
3414	5	-1.288944	1.280189	5.810162	-7.470228	6.146989	6.404962	-9.287997	8.908482	-1.023910	1.329944	0.900900	-4.521610	8.908482	-1.023920	6.146875	0.969778	-6.203689	8.908482	4.902315	6.146837	6.407598	-10.955786	8.908482	4.902315	1.329943
3424	5	6.102776	-8.174161	4.368766	1.703454	2.404710	-3.142240	6.927351	-1.343536	-4.229681	8.096819	6.102776	-11.892967	4.368815	7.338848	2.404710	0.967981	-5.182875	4.365710	1.703416	8.096294	0.967981	-8.904192	4.368797	7.338848	8.096294
3455	5	7.931879	-14.666463	8.259140	5.113135	2.882962	2.822971	-9.278635	8.259140	2.935390	9.136395	7.931879	-13.588392	8.259140	2.935390	2.882962	-3.343114	2.773622	2.413274	-3.294270	9.333851	2.822971	-10.356755	8.259140	5.113135	9.136395
3506	5	8.532796	-15.897404	7.234288	7.479201	2.098840	2.978942	4.490281	1.275407	3.257057	2.259617	2.978459	4.716469	1.275407	-2.816605	2.259871	-1.337484	5.460063	1.275407	3.256200	7.281344	-1.337536	5.684355	1.275407	-2.816870	7.281344
3536	5	-0.189725	7.082121	4.643167	-3.011827	6.590587	1.306424	-11.453785	7.151237	5.876637	5.705442	3.089825	-5.278447	7.096801	-0.392182	3.421573	3.089826	-11.787326	7.151399	5.876637	3.421573	1.306424	-4.917511	7.081641	-0.395903	5.705443
3583	5	-6.797757	4.725762	5.952750	-6.867777	7.182644	-0.122370	-3.812401	7.500330	-0.596960	7.169208	5.516245	-8.898290	7.591428	-0.590787	4.103261	5.516245	-10.659306	7.591505	4.843266	4.103261	-0.121263	-5.721868	7.584662	4.842789	7.169187
3608	5	2.397308	-5.394080	6.991645	-0.467587	6.395970	8.131005	-12.581156	6.992998	6.095034	0.639492	-3.836354	3.064468	2.182805	-5.137696	6.535141	2.403758	-8.594465	6.992982	6.095034	6.392979	8.131003	-9.385719	6.992992	-0.467586	0.639492
3617	5	7.552853	-12.274372	4.323571	-2.849621	4.526848	1.097526	-7.599841	4.126212	-2.862829	7.991218	7.552853	-12.928645	4.326726	3.441212	4.526848	1.097526	-8.317744	4.203378	3.438385	7.991218	-5.026310	2.353768	-1.052542	-5.755396	8.192317
3642	5	3.786232	-14.187343	7.893002	5.291237	3.984399	3.786232	-10.706649	7.893001	-1.313656	3.984399	-0.446361	-7.600788	7.892955	-1.313656	7.191841	-4.149490	3.001527	4.122595	-5.878931	7.194995	-0.446361	-11.499378	7.893002	5.291237	7.191841
3737	5	7.931480	-6.088750	6.969727	-1.483578	1.569286	2.204405	3.510984	2.974545	-7.093225	7.085452	2.438450	-9.426982	6.969727	4.915395	7.062985	7.940928	-10.489892	6.969727	4.915397	1.569274	2.419496	-5.018375	6.969727	-1.484355	7.065377
3757	5	-5.991905	7.866470	2.615765	-4.978835	7.430703	4.499919	-14.965837	8.588753	1.131560	1.076739	4.499919	-16.444664	8.588753	7.116051	1.076739	-1.534108	-8.752648	8.588748	1.131560	7.430252	-1.534108	-10.219638	8.588753	7.116051	7.430252
3808	5	1.560687	-8.405791	7.724758	5.378360	1.301413	-8.405412	6.734159	1.112281	-3.580358	5.796181	-7.791918	3.218422	1.112281	2.751865	5.796181	1.530457	-3.211927	2.963170	5.199226	1.311371	-1.946948	-3.133306	2.748121	5.189716	5.773968
3829	5	0.748019	-3.345004	6.146238	1.442958	4.861879	0.748027	-9.340772	6.146242	6.537564	4.861878	-5.611743	6.764689	-0.395864	-2.871723	4.904876	7.329619	-8.457696	6.146242	1.445909	-0.270533	7.329619	-14.453437	6.146242	6.537564	-0.270533
3884	5	4.164863	4.290549	4.112388	-4.751323	1.752758	1.562682	-10.928934	6.710955	4.218231	5.753361	7.936354	-15.693142	6.710955	4.219483	1.752124	7.936354	-9.661413	6.710955	-0.715736	1.752124	-2.212758	6.637533	4.112388	-5.615010	7.341882
3967	5	7.198471	-14.236177	6.889792	7.154360	2.875736	-3.454391	5.482340	2.073877	-5.447816	8.417803	7.196478	-9.577592	6.889792	0.788470	2.875748	6.159815	-0.017411	2.081078	0.119105	2.910427	0.974770	-8.897602	6.889792	7.154356	8.416379
4006	5	0.370373	-5.650588	8.207404	0.296224	7.126066	6.797367	-17.069074	8.207453	5.986892	4.203025	-1.562072	6.347239	2.596372	-4.785722	7.128429	0.572496	-12.047439	8.207453	5.986892	7.124811	4.800251	1.439547	2.602118	-3.514493	4.604418
4012	5	5.754639	-9.857961	5.704146	7.026913	0.589951	1.330080	5.958532	-0.305793	1.460289	0.590477	1.330082	5.972033	-0.305793	-4.241224	0.590477	-2.927319	5.960240	-0.305793	1.460289	6.533920	-2.927319	5.973742	-0.305793	-4.241224	6.533921
4016	5	-3.444958	6.111738	-0.029667	-5.767111	4.849095	1.025400	-7.184521	6.218747	-0.114759	4.847803	1.025440	-9.816396	6.218747	6.515698	4.847803	6.185705	-11.228965	6.218747	-0.114759	-1.624612	6.185705	-13.858110	6.218747	6.515698	-1.624612
4051	5	-5.762738	5.833473	1.829184	-6.062466	6.003737	6.348532	-6.357539	6.627753	0.043584	1.429300	6.348532	-11.910941	6.643164	5.237324	1.429300	-0.080528	-6.285530	6.626952	5.237324	6.003736	-0.082296	-1.835891	6.320347	5.237145	6.003736
4067	5	7.096505	-6.808721	6.259411	2.506041	1.806050	7.096505	-11.985568	6.259412	7.754428	1.806050	-4.698896	2.568241	0.320729	-2.202161	6.502239	1.633598	-8.798790	6.259412	7.754423	5.446168	1.633597	-3.616918	6.258810	2.485292	5.446168
4181	5	2.156721	-2.837137	6.741531	-1.029859	8.624788	-1.699811	6.583363	0.912110	-6.671988	9.160043	6.481767	-8.541415	6.741545	5.629714	2.981465	6.474964	-7.171350	6.741545	-0.477679	2.981492	2.281852	-4.241185	6.741545	5.364323	8.451770
4218	5	6.133189	-8.127528	9.572339	1.026006	2.342692	0.557306	-11.958593	9.572358	7.032374	6.294288	6.133201	-14.669243	9.572358	7.032992	2.342691	-4.559411	4.870170	3.352496	-3.043248	6.294746	0.556792	-5.416797	9.571542	0.970002	6.294289
4220	5	0.377069	-6.069242	5.413553	1.580522	6.093452	5.292571	-12.046861	5.414245	1.580522	-0.105212	0.377467	-12.319659	5.414245	5.706445	6.093446	5.292571	-18.297208	5.414245	5.706445	-0.105212	-4.300225	2.442892	-0.083216	-2.605794	6.097971
4235	5	-5.783937	3.938801	0.653303	-3.080156	6.433251	0.496880	-2.522714	6.698114	6.843714	6.433040	4.510485	-10.173420	6.711712	6.855333	1.279474	0.497153	-6.709081	6.711712	6.855333	6.433040	4.509773	-2.246438	6.669252	0.528172	1.280218
4240	5	6.236721	-9.358874	6.601557	-0.995533	2.298359	0.570969	-4.037459	6.594589	-1.076528	7.350506	6.236721	-12.646823	6.601562	4.921832	2.298359	0.571183	-7.323878	6.601488	4.912934	7.350505	-2.968947	1.459181	3.288479	-2.844936	7.351892
4324	5	6.377499	-15.228900	7.992970	6.462206	2.325026	0.696756	-9.476210	7.992970	6.462206	6.995189	-5.293380	5.819815	1.368819	-1.206853	6.995293	6.377499	-11.539650	7.992970	1.181235	2.325026	0.566112	-5.713622	7.992970	1.181233	6.995233
4335	5	5.903778	-5.772648	6.795613	0.186416	2.485631	-0.036413	-3.471670	6.795587	0.181969	7.199793	5.903778	-7.206669	6.795613	6.062128	2.485631	-0.036412	-4.906837	6.795613	6.062063	7.199793	-6.447579	6.441369	0.289283	-5.878389	7.199861
4344	5	0.036428	-5.161791	4.890564	5.817296	6.604170	6.630446	-10.385632	4.890574	5.817993	1.167245	-5.601829	5.616441	-0.458558	-5.276322	6.606714	6.630446	-10.385463	4.890574	1.191612	1.167245	0.036420	-5.161622	4.890564	1.190782	6.604170
4404	5	8.785934	-10.216069	7.563364	7.738531	0.768996	2.887017	2.849807	5.899385	-4.740496	5.857385	4.171034	2.073090	5.899891	-4.717299	3.688209	4.172282	1.777858	5.901162	1.430392	3.683821	2.888923	2.574785	5.899429	1.335604	5.856943
4433	5	0.945409	-4.268869	6.794166	-1.372806	6.112831	-4.319868	6.363186	0.980278	-3.785185	6.115899	6.430958	-13.361856	6.814521	6.174934	0.469676	0.945730	-8.608790	6.814518	6.165863	6.112828	6.430958	-9.025027	6.814519	0.315040	0.469676
4450	5	-7.163700	4.797459	0.093917	-6.351579	7.647707	5.294359	-6.512975	5.785000	0.226382	1.597537	-1.118189	-3.187665	5.784984	0.211682	7.647688	5.294359	-10.331448	5.785000	6.692326	1.597537	-1.117761	-7.063656	5.785000	6.692321	7.647688
4627	5	1.645129	-5.250636	6.091619	2.265180	8.101435	6.973222	-11.422444	6.092178	2.265359	1.898514	6.973705	-16.271773	6.092178	5.214402	1.898514	-1.902375	3.732217	2.121789	-4.171029	8.179035	1.679563	-10.150303	6.092177	5.214402	8.089860
4665	5	2.509172	-7.579687	8.929038	0.991872	6.661944	-2.497534	2.683945	7.690980	-3.917414	7.110980	2.509172	-9.379859	8.929039	6.708573	6.661944	6.009044	-8.212371	8.929039	1.135399	0.814871	6.009044	-10.002135	8.929039	6.748192	0.814871
4667	5	-4.336321	6.171532	1.486054	-4.534232	6.382335	7.936378	-15.015262	7.360345	6.160276	0.787877	7.936378	-10.505983	7.360343	0.207079	0.787877	2.052602	-10.294723	7.360342	6.160276	6.381358	2.052598	-3.364543	7.304432	0.201410	6.381358
4699	5	6.327328	-6.214987	7.814091	2.147606	-0.662447	-6.171893	8.117549	2.129368	-2.575552	3.343182	6.327350	-12.813613	7.814096	6.670116	-0.662463	0.099952	-12.459811	7.814096	6.670116	3.016514	0.099895	-5.861156	7.814085	2.147606	3.016525
4720	5	0.587018	-7.902048	6.605812	1.007221	7.526200	0.603516	-13.664276	6.605838	6.863284	7.526175	-3.497427	4.558801	0.271161	-4.528726	7.526751	5.292679	-20.124244	6.605838	6.863284	2.071284	5.292415	-14.361967	6.605838	1.007221	2.071535
4733	5	1.399556	-6.412437	7.514110	0.732378	8.678877	6.877283	-9.551364	7.514111	0.732378	3.072967	-3.487995	5.763262	1.013861	-5.511313	8.683902	6.877283	-13.831828	7.514111	5.312452	3.072966	1.399557	-10.693180	7.514111	5.312452	8.678877
4796	5	1.176707	-12.005530	9.354735	7.186369	6.340631	-1.389054	-1.581693	9.250528	0.724616	6.340784	6.395084	-12.761267	9.354735	0.845717	2.019788	6.395084	-18.459077	9.354735	7.186369	2.019788	-2.209003	5.366003	3.551618	-5.028956	6.340784
4818	5	7.216683	-13.459168	8.232587	5.956659	0.310412	7.216683	-10.859746	8.232587	1.770504	0.310412	-3.682874	6.841393	2.161550	-1.172094	6.862852	1.172423	-7.278853	8.232587	5.936440	6.861058	1.172423	-4.634367	8.232586	1.639127	6.861058
4832	5	0.647625	1.391295	6.621395	-2.070444	9.185745	5.738568	-11.605635	8.862104	0.433222	2.764668	2.587293	-5.360107	8.859377	0.432538	9.094541	2.619399	-6.836371	8.862058	5.585204	9.084172	5.738893	-13.074324	8.862104	5.585300	2.764630
4858	5	0.096171	-4.019563	6.302921	0.037906	6.253085	5.766709	-9.292072	6.302971	0.037931	-0.102794	-3.737620	5.202690	0.468962	-6.253256	6.253397	5.766709	-14.322008	6.302971	6.355726	-0.102794	0.096567	-9.058381	6.302971	6.355726	6.253084
4885	5	-6.224592	7.173823	2.210850	-6.049343	7.671253	5.122882	-7.076443	6.820812	0.431578	1.811474	5.122883	-11.349298	6.831197	7.000012	1.811474	0.167593	-8.246590	6.826887	6.999991	7.659067	0.165564	-3.804313	6.729498	0.230247	7.659118
4887	5	0.390085	-4.889486	7.251895	0.545159	7.201372	6.508438	-15.376541	7.251895	6.808953	0.592775	0.390290	-9.069415	7.251895	6.806784	7.201372	-4.736867	6.916874	1.614371	-4.307238	7.201420	6.508438	-11.196924	7.251895	0.584558	0.592775
4915	5	5.602949	-7.718666	6.015125	-0.970577	2.654844	-3.373478	4.194988	-0.031321	-6.899783	7.120270	-0.200113	-3.989908	6.015121	-0.972648	7.056824	-0.199575	-9.415328	6.015125	4.170087	7.056731	5.602949	-13.128484	6.015125	4.170087	2.654844
4921	5	6.939181	-11.487735	6.618228	-0.837564	0.752352	1.340367	-6.887599	6.618228	5.764296	6.882545	1.277476	-4.914784	6.618226	-0.837716	6.890838	-1.842234	3.658273	1.952515	-6.564845	6.925414	6.939842	-13.451026	6.618228	5.764296	0.752352
4942	5	1.736001	-4.763712	7.335416	-0.474039	7.278771	-2.446832	5.743609	1.616470	-6.968326	7.285077	6.567189	-9.555872	7.335427	-0.473922	0.929767	1.736002	-9.202881	7.335427	5.785244	7.278771	6.567189	-13.995035	7.335427	5.785244	0.929767
5006	5	-4.458328	3.505484	1.226258	-5.974817	6.200513	7.620403	-12.471472	7.126000	-0.505551	0.217153	2.184294	-5.862643	7.115869	-0.505556	6.027915	2.184296	-8.285971	7.125988	5.370891	6.027915	7.620403	-14.893985	7.126000	5.370891	0.217153
5021	5	-3.049642	5.877637	2.990232	-5.093403	6.055859	4.817837	-7.250421	5.196342	0.871537	4.115512	2.635291	-6.582006	5.196237	0.871537	6.019490	4.817838	-13.335038	5.196410	5.878849	4.115512	2.635295	-12.715150	5.196410	5.878849	6.019489
5035	5	3.342067	-10.413438	2.911636	7.387958	8.957708	7.011495	-3.504317	2.903838	0.963715	3.847868	-2.025565	5.255999	-3.055964	-5.138642	9.338447	3.336833	-3.502467	2.903818	0.963640	8.962505	7.016716	-10.414106	2.911636	7.387958	3.847756
5050	5	-7.431449	4.616815	1.489671	-4.658615	5.290688	-1.341394	-13.797789	7.728066	6.838718	4.552440	-1.341507	-7.271352	7.728066	0.325856	4.552663	4.467119	-13.439677	7.728066	0.390737	-0.284899	4.467119	-19.965603	7.728066	6.838718	-0.284899
5130	5	-2.907418	3.559215	3.309312	-3.520550	4.090818	0.881625	-8.066803	8.039058	1.381926	3.962016	7.311951	-19.333504	8.039152	6.803449	-2.094361	7.311778	-13.401147	8.039152	1.381926	-2.094361	0.888598	-14.000328	8.039152	6.803449	3.959008
5167	5	6.342226	-8.829925	6.225668	1.870447	0.233140	0.032992	-7.657250	6.189884	7.618625	5.690595	-5.440843	7.591087	-0.281712	-2.662412	5.690596	6.365584	-12.146568	6.251903	7.618626	0.233045	-0.410117	-4.303911	5.700262	1.864858	5.690596
5168	5	1.534500	-5.876275	8.682746	0.270958	6.550938	-5.048338	6.334751	4.531038	-3.031831	6.710064	1.534817	-9.065898	8.741884	6.205397	6.550872	7.958977	-13.572845	8.749024	6.207501	0.343786	7.958976	-10.428997	8.746444	0.290018	0.343786
5170	5	6.239824	-13.096807	7.338599	7.030026	3.755394	-0.409921	7.040904	0.911254	-4.296382	9.726647	5.823764	1.506052	0.959781	-4.101364	3.755394	0.007305	-7.294793	7.320905	7.030026	9.706023	5.823931	1.439293	0.964401	2.071788	3.755394
5200	5	5.934123	-9.362892	5.948808	-0.177463	1.552314	-2.758406	5.672372	0.725035	-3.705812	7.337643	5.934123	-14.414650	5.948823	6.443018	1.552314	2.602847	-10.281951	5.948819	6.443018	7.298843	2.602847	-5.230174	5.944174	-0.177463	7.298843
5232	5	-0.910116	-6.403130	7.733295	0.494751	6.702304	4.725079	-10.319417	7.733360	0.494751	4.347861	-6.530230	6.073039	2.061811	-3.573175	6.836888	4.725079	-13.279792	7.733360	5.947408	4.347861	-0.910116	-9.363506	7.733360	5.947408	6.702304
5251	5	5.427376	-9.267693	8.297265	-1.456148	2.046459	0.128228	-10.938531	8.297265	4.765604	7.487758	0.118650	-7.751661	8.297265	-1.456148	7.487783	5.430732	-12.455067	8.297265	4.765604	2.046458	-2.948892	2.601351	3.858367	-7.838097	7.488386
5286	5	1.160267	-3.944747	6.792268	0.816090	7.328953	6.267387	-10.063626	6.792327	0.822455	4.303836	-2.094733	7.684793	0.595859	-5.677280	7.328995	6.267387	-12.851511	6.792327	6.921543	4.303836	1.160344	-6.735205	6.792327	6.921542	7.328953
5320	5	-0.730543	7.867761	1.099482	-4.990802	6.403572	6.252082	-6.470947	7.538954	0.860896	1.053537	4.867141	4.110228	1.411749	-4.990537	2.097311	0.654434	-7.685661	7.539128	5.322457	6.403156	6.252088	-11.439847	7.539168	5.322457	1.053536
5336	5	-4.184275	4.873382	-0.657859	-3.170702	8.200095	-4.181543	-1.781105	5.751315	-1.089828	8.200095	0.623446	-8.195221	5.763476	5.029054	8.200063	6.586651	-14.566721	5.763476	5.029054	3.592308	6.586365	-8.292726	5.763476	-0.799470	3.592308
5420	5	-3.879808	5.544513	2.909366	-7.312723	7.243797	1.526732	-4.161130	6.661316	-1.102519	7.233009	1.526747	-10.537621	6.725082	5.510975	7.233009	6.372139	-10.341666	6.724966	-1.102414	1.986881	6.372140	-16.591342	6.725866	5.510975	1.986881
5497	5	8.387952	-10.239479	7.550314	-0.223783	2.154451	2.264320	-10.932837	7.550885	6.227395	8.172113	-4.429088	5.051136	3.434750	-6.578989	8.618215	2.261951	-4.303725	5.920577	-0.223783	8.173366	8.387952	-16.695795	7.551239	6.227395	2.154451
5507	5	1.155481	-8.159754	5.226392	1.348150	8.175361	1.155502	-13.858316	5.226392	6.602470	8.175353	6.383351	-13.999661	5.226392	6.602470	4.675937	-4.421165	6.378376	-0.827180	-4.695248	8.288788	6.383334	-8.301105	5.226392	1.348156	4.675937
5536	5	1.643063	-6.719088	6.552362	0.818278	7.303693	6.147561	-11.730292	6.552367	0.818280	3.088678	-4.508163	4.818268	0.385456	-5.105063	7.304008	6.147561	-17.675908	6.552367	7.171847	3.088678	1.643219	-13.230148	6.552367	7.171847	7.303693
5579	5	6.524528	-8.213960	4.289502	-0.027566	2.306568	0.110138	-0.610639	4.145906	-4.177858	8.086243	-3.831062	5.216076	-1.779773	-5.016636	8.088292	0.147380	-7.228646	4.289502	-0.027567	8.086021	0.147380	-11.651652	4.289502	5.773710	8.086021
5618	5	7.098061	-16.709293	7.056228	8.289419	0.570064	2.712404	4.817344	2.635504	-4.424087	2.470683	2.717778	4.424230	2.677282	1.438364	2.463032	-2.528087	6.068314	2.586354	-4.424087	7.104929	-2.527112	5.678330	2.594030	1.438364	7.104886
5620	5	-3.575566	3.928528	-4.146994	-7.133937	7.819985	8.794555	-7.649337	2.386698	4.125771	4.296604	6.920472	0.494172	0.707090	-4.757052	4.316030	8.793239	-5.256206	2.386697	-0.241645	4.296605	2.615482	-4.332611	2.386693	4.125680	7.697217
5677	5	-1.969092	-5.298129	6.839345	-0.048569	6.396385	-8.494328	5.869638	0.991255	-6.036960	6.396510	-1.969092	-11.386194	6.841311	6.382292	6.396385	4.578922	-9.619860	6.841311	-0.048569	0.880426	-4.918910	-0.199852	0.991291	5.912532	6.396510
5683	5	2.106638	-6.182698	3.929312	0.101455	7.608881	7.747165	-6.221369	3.929335	0.102132	1.154972	7.621523	-0.668649	3.278136	-0.672774	1.154972	-1.823242	6.102205	0.913324	-2.904898	7.630153	7.747165	-8.459193	3.929723	5.465654	1.154973
5793	5	-0.385899	1.295406	2.862304	5.425926	6.790187	6.668687	-12.862546	8.061916	7.640705	1.249113	6.654370	-6.852125	8.027149	1.845804	1.249134	4.275130	5.121627	2.836634	-3.131110	1.344688	-1.405808	7.051659	2.836513	-3.902515	6.841750
5815	5	8.724155	-15.907050	8.208612	6.199325	2.594550	2.281180	4.035837	3.234625	2.542677	3.117080	-2.613487	5.440014	3.234625	-4.667613	7.760324	2.281180	4.995495	3.234625	-4.448002	3.117079	-2.613496	4.657044	3.234625	2.148218	7.760324
5899	5	-5.036653	6.353102	-0.297911	-3.798401	6.205262	0.207483	-3.920619	6.226722	0.925727	6.199685	4.694857	-12.955546	6.275602	6.981629	1.678107	0.207738	-8.593419	6.275599	6.981629	6.199681	4.694857	-8.333621	6.275597	0.926019	1.678107
5917	5	3.456674	-7.602075	6.581030	0.100455	6.105957	8.994193	-7.903113	6.582737	0.101520	2.705432	-2.991137	4.814264	2.093176	-3.933296	6.929880	8.994193	-9.756077	6.588070	5.502008	2.705432	3.456674	-9.455835	6.587597	5.501704	6.105957
5931	5	1.764365	-9.180672	6.415920	1.219092	5.936298	-2.687655	4.880796	2.240464	-4.575910	5.936586	1.769041	-15.800389	6.415930	7.020197	5.936292	6.838640	-9.232907	6.415921	1.219093	0.470363	6.843142	-15.851651	6.415930	7.020197	0.470359
5934	5	6.147870	-10.168167	6.291596	6.645010	-1.569513	4.706975	2.382327	-0.149840	1.098428	-1.506994	4.706974	2.402698	-0.160032	-3.698979	-1.506994	-0.102665	5.675827	-0.348029	0.729900	4.295542	-0.102665	5.683188	-0.348029	-3.919482	4.295542
5935	5	0.962805	-7.377559	7.213821	1.793308	7.319766	6.091886	-16.265076	7.213821	6.155215	3.296053	6.091886	-11.521084	7.213821	1.793305	3.296053	-5.162963	4.185080	3.380769	-3.235562	7.319802	0.962805	-12.121549	7.213821	6.155215	7.319766
6007	5	5.961466	-13.525014	9.222715	8.687967	1.878830	-4.289460	5.735957	3.310794	4.567616	5.974209	2.316718	-2.024079	9.222630	8.357590	5.969302	-4.291351	7.667908	3.310794	-2.190796	5.974209	2.327452	-8.673366	9.222715	8.684360	5.969078
6083	5	-4.534417	7.053871	-1.133711	-3.562561	6.468707	0.803138	-5.859604	4.873338	2.292967	6.468318	6.492757	-9.612171	5.102578	2.293903	0.246527	0.809738	-8.099678	5.102086	4.216898	6.468311	6.492794	-11.827551	5.102586	4.216946	0.246521
6130	5	9.274778	-4.153577	6.601755	0.860217	1.679212	-2.120887	5.872074	0.302577	-1.475917	6.813560	5.271866	1.411545	0.692174	5.097635	1.683493	4.001634	4.512270	0.303246	-1.475917	1.990663	9.274786	-9.239815	6.605111	7.434662	1.679212
6144	5	1.446744	6.012907	1.214163	4.158940	-0.088059	1.446740	7.001576	1.214163	-2.214103	-0.088056	5.504363	-8.743769	5.816225	8.575777	-0.348031	-1.786939	6.018696	1.214163	4.158940	5.616205	-1.786943	7.007365	1.214163	-2.214103	5.616205
6158	5	3.111253	-9.659888	6.945568	2.601027	6.597475	3.137266	-14.533831	6.945568	6.906219	6.584166	7.499562	-12.916356	6.945568	2.601027	1.361628	-2.583727	3.890941	1.113796	-2.751466	7.019291	7.501522	-17.774943	6.945568	6.906219	1.360359
6174	5	-6.951843	7.828335	2.134454	-4.766209	7.023458	-1.344450	-3.774145	7.162292	0.643889	7.012908	5.106491	-11.685880	7.162296	5.154885	2.227914	-1.257225	-5.672482	7.162296	5.153809	7.011557	5.106491	-9.789569	7.162296	0.659331	2.227914
6183	5	-5.394474	2.983605	0.155404	-3.552976	7.576001	5.075122	-9.725643	6.512705	0.549770	3.418839	5.075123	-12.183941	6.512706	6.372834	3.418838	-0.620667	-8.436158	6.512701	0.542017	6.976845	-0.620655	-10.895883	6.512706	6.371491	6.976841
6233	5	4.279002	-12.654050	6.350996	6.347103	1.155765	-1.651234	-1.446461	6.350155	-0.185283	6.949734	-6.595202	4.588566	0.145701	-5.862216	6.949735	4.278205	-7.001304	6.350996	0.309902	1.157326	-0.513449	-11.418526	6.350996	6.347102	6.949723
6250	5	1.105982	-5.194888	8.360042	6.279702	5.626271	2.906847	5.631856	2.407254	-4.994527	0.899963	7.087808	-8.360733	8.360042	0.360756	-0.012537	7.087808	-11.026627	8.360042	6.279702	-0.012537	-3.122662	6.194272	2.407254	-4.994527	5.784881
6276	5	0.826275	-9.388507	8.728597	7.508510	6.187935	-4.748292	5.938832	2.591833	-3.694635	6.190830	6.722722	-9.021852	8.728597	2.343058	-0.228528	0.747894	-4.929864	8.728568	2.339333	6.188500	6.727425	-13.335130	8.728597	7.508510	-0.228589
6285	5	-4.546318	4.030304	-0.505734	-4.074457	8.788070	1.968036	-2.111632	3.711931	-0.314063	8.787466	1.971904	-9.611126	4.895300	6.259824	8.787456	7.445164	-8.829869	4.887870	0.285670	3.396194	7.445164	-14.510962	4.905354	6.263633	3.396194
6327	5	-1.242295	6.581918	0.869516	-6.735860	8.419640	8.066510	-9.547178	6.804629	-2.220817	2.614299	2.161389	-7.348858	6.804629	3.905879	8.373936	2.161381	-3.530415	6.804628	-2.225808	8.373937	8.066510	-13.350148	6.804629	3.905879	2.614299
6378	5	1.297403	-4.907371	6.033354	1.695532	6.956446	6.151095	-9.683430	6.033356	1.696597	2.487725	1.297653	-10.367538	6.033356	6.379014	6.956435	6.151095	-15.098003	6.033356	6.379014	2.487725	-4.986324	4.673057	0.153585	-2.854119	6.966744
6433	5	-4.121238	5.881675	0.951216	-4.142409	5.980909	7.458395	-8.081400	2.867095	-0.022730	1.471597	7.458437	-10.897021	2.867096	6.257695	1.471597	2.476840	-4.969609	2.866180	-0.022731	5.953593	2.508581	-7.840933	2.867094	6.257695	5.950453
6444	5	-2.192158	8.731254	3.452335	-8.557148	7.182288	2.334715	-4.877068	7.112706	-2.745798	7.171828	7.878990	-5.285772	7.158763	-2.745735	1.566928	7.879022	-6.365656	7.236659	3.473993	1.566928	2.334792	-5.965763	7.213819	3.473992	7.171825
6573	5	-1.514567	0.703950	1.451925	-3.122406	6.718763	6.191845	-19.618824	7.850129	5.374347	0.806054	6.191845	-14.367378	7.850129	-0.401744	0.806054	1.159927	-13.288508	7.850129	5.374347	6.473502	1.154553	-4.712853	7.727291	-0.401754	6.475215
6622	5	2.048741	3.161256	0.171870	3.445154	0.310304	1.898233	3.804946	0.160111	-2.947964	0.391474	4.154609	-6.692614	5.782637	7.290174	0.210769	-2.331195	3.173358	0.171475	3.445143	6.096728	-2.479946	3.812139	0.160048	-2.947965	6.096734
6646	5	-6.093937	7.739365	0.178743	-4.301748	6.124709	4.816717	-2.096737	6.635744	0.797489	-0.257466	5.289696	-8.536885	6.651626	0.816493	-0.278528	5.289696	-11.424090	6.651626	6.997215	-0.278528	0.340838	-6.747336	6.651626	6.997214	6.123513
6653	5	0.474379	-7.386475	6.093516	5.606003	6.354352	-4.876148	6.525520	3.390971	-1.122776	6.354604	-4.710322	1.434673	3.534959	5.141981	6.354604	6.174348	-11.214941	6.093822	5.606182	-0.129850	6.174348	-6.413609	6.092641	-0.594835	-0.129850
6708	5	-2.414757	5.835927	4.471631	-5.876799	8.888185	5.179019	-7.265250	5.994543	6.175037	2.441671	5.178547	-6.372930	5.973521	0.657668	2.441704	2.223175	-7.264562	5.994531	6.175037	8.607536	2.222042	-6.372180	5.973497	0.657668	8.608533
6753	5	6.470425	-5.212445	6.432034	0.336839	1.222860	1.048080	-8.453925	6.432035	6.383299	6.163735	-4.087584	6.155206	1.210033	-5.941893	6.199066	1.023220	-1.861466	6.347390	-2.172241	6.164918	6.470449	-11.762971	6.432035	6.383299	1.222830
6759	5	-7.074481	2.512176	3.621926	-6.231417	7.032743	-1.717664	-6.241778	6.595930	-0.680777	6.764657	3.061933	-7.828371	6.596127	-0.081601	2.227133	-1.717664	-8.112755	6.596131	5.498581	6.764657	3.061933	-9.671712	6.596135	5.499657	2.227133
6786	5	-0.325338	-6.559906	5.048647	-1.714259	6.667980	5.251722	-10.059637	5.048649	-1.703094	2.082196	-0.303437	-11.367432	5.048649	4.857698	6.667718	-3.508567	2.713953	2.333413	-7.504043	6.672181	5.253677	-14.832636	5.048649	4.857713	2.082185
6814	5	-4.265214	6.622571	-3.335939	-6.017337	7.885660	6.726225	-5.136837	1.478367	0.374132	3.868663	1.454923	-5.118340	1.477949	0.374095	7.875315	6.728266	-11.708676	1.510795	6.322816	3.868453	1.457024	-11.690770	1.510791	6.322816	7.875270
6842	5	0.537010	-7.477441	6.397293	6.451647	6.599266	-6.103579	7.455188	1.541044	-3.662240	6.600965	6.736027	-5.738857	6.397293	1.218150	1.291377	0.536595	-2.128206	6.396891	-0.536276	6.599267	6.736027	-11.050662	6.397293	6.451647	1.291377
6900	5	7.914958	-10.967297	8.954952	-0.275824	3.068246	7.914958	-13.044016	8.954952	6.243198	3.068246	1.622423	-9.390386	8.954952	6.243198	9.151756	1.622423	-7.044171	8.954952	-0.275824	9.151756	-4.029797	2.337190	2.453832	-3.580266	9.510322
6901	5	-5.008191	6.237959	4.109423	-5.804089	6.627821	5.513294	-9.079222	9.309521	0.351564	4.418289	0.926734	-1.358647	9.306300	0.278575	6.627016	0.932202	-5.333641	9.309521	6.242151	6.627004	5.513294	-11.451826	9.309521	6.242152	4.418289
6954	5	2.518948	-8.209627	7.407027	5.643149	5.857533	8.560598	-10.590256	7.407027	1.311693	1.923748	-2.933776	6.456026	2.244212	-4.192862	6.161026	2.518638	-6.318825	7.407027	1.311693	5.857649	8.560599	-12.480887	7.407027	5.643149	1.923748
6966	5	-3.472479	1.609981	4.209816	-4.557291	6.785743	5.158375	-8.736793	6.594174	-0.587059	1.242014	5.158396	-11.337058	6.598421	4.787658	1.242014	0.719543	-7.330571	6.585819	4.786489	6.770689	0.713006	-4.714216	6.518803	-0.621607	6.771024
6983	5	5.893505	-5.479397	6.449718	-0.116221	0.771943	-6.189380	8.218481	-0.064485	-5.890984	6.430787	-0.057981	-3.817530	6.449708	-0.116226	6.430589	-0.050022	-8.794064	6.449718	6.173330	6.430584	5.893584	-10.457259	6.449718	6.173330	0.771942
6992	5	-0.128104	-7.082158	6.901220	0.525693	6.539797	6.345609	-12.351786	6.901220	0.534010	0.451115	-6.578288	6.311889	1.068458	-4.566125	6.540100	-0.126842	-7.087693	6.901220	5.525824	6.539796	6.345609	-12.357120	6.901220	5.534355	0.451115
7029	5	-2.210184	6.078449	0.106973	-3.168014	6.315026	7.707384	-14.431963	6.378850	9.235572	0.162402	2.489079	5.906248	0.106973	-3.168014	0.845518	2.494770	-0.149029	0.129392	8.274696	0.832842	-2.206688	0.026987	0.117799	7.789850	6.315026
7091	5	2.216318	-6.798213	8.236500	1.543291	6.390773	2.216436	-11.995000	8.246168	6.703615	6.390724	7.657308	-10.360639	8.245595	1.543291	1.768770	7.657309	-15.541208	8.246416	6.703615	1.768770	-3.650353	4.521071	4.378296	-1.912241	6.730148
7115	5	-9.014379	5.217706	-0.569702	-3.876456	6.825951	-3.220967	-5.938548	5.807518	0.717078	6.825950	1.635896	-6.536270	5.807719	0.717099	3.078973	-3.220967	-11.955840	5.807875	6.979298	6.825950	1.635896	-12.553320	5.807875	6.979298	3.078972
7128	5	1.080965	-10.471383	6.517554	0.987055	5.761753	5.566011	-12.330441	6.518380	0.987053	0.972944	-5.146424	7.055842	0.758086	-5.130564	5.761867	1.080965	-13.328468	6.518537	5.965495	5.761753	5.566011	-15.187518	6.518651	5.965496	0.972944
7203	5	-6.354702	7.746076	3.132190	-7.182250	7.903783	-0.280754	-9.143712	8.550601	5.595655	7.887477	-0.284054	-3.510279	8.550601	-1.021524	7.887587	5.590489	-8.203004	8.550601	-1.014705	3.636269	5.590489	-13.785330	8.550601	5.595658	3.636269
7237	5	-5.990306	4.383886	2.198405	-4.929602	7.360893	0.378237	-9.011348	3.947967	6.034671	7.360878	0.378237	-8.818989	3.947967	-0.476260	7.360878	6.462255	-9.769110	3.947967	-0.434225	4.357876	6.462255	-9.932753	3.947967	6.068999	4.357876
7266	5	-6.446598	6.347110	-0.900411	-5.387450	7.658195	-0.013746	-8.035974	5.540510	6.971435	7.602842	6.493020	-11.423969	5.540510	6.971448	1.916503	6.492975	-6.040389	5.540510	0.535503	1.916503	-0.084676	-2.477902	5.540453	0.504501	7.614719
7278	5	7.035687	-12.041932	4.788367	6.722884	1.021700	-3.276926	7.006981	-1.727804	-5.652545	7.134565	1.870828	-4.365206	4.788366	-3.989720	6.761203	1.870910	-10.892864	4.788367	6.722838	6.761166	7.035679	-5.515245	4.788367	-1.431757	1.021703
7286	5	5.206116	-13.603713	6.091541	1.923641	3.149376	-1.043450	-13.520899	6.091541	8.163135	6.965219	-1.043451	-6.611833	6.091541	1.923632	6.965219	-4.094297	5.295635	-0.377385	-4.588087	6.965219	5.206116	-19.613827	6.091541	8.163135	3.149376
7347	5	7.831823	-10.315672	6.939473	0.872824	3.118172	2.605308	-9.860575	6.939473	0.872824	8.391790	-0.136960	3.787216	4.170251	-5.297071	8.409134	2.605308	-13.669706	6.939473	6.995676	8.391790	7.831823	-14.124659	6.939473	6.995676	3.118172
7379	5	7.364034	-8.185787	5.945526	-0.805003	2.306360	-2.987469	5.411878	0.032064	-6.885424	7.322455	3.248867	-6.788504	5.945431	-0.805003	7.028320	7.364034	-14.413481	5.945542	4.831494	2.306360	3.248885	-13.016317	5.945542	4.831494	7.028303
7390	5	5.660810	-11.494018	5.106072	6.943267	0.623170	0.976253	-6.833157	5.106072	6.934939	6.046742	-0.568744	1.896123	1.586001	5.726898	6.068398	-0.770756	6.254060	1.579023	-1.523023	6.068712	5.660756	-7.131739	5.106072	0.317138	0.623196
7446	5	-3.934109	6.084736	2.153732	-4.120991	6.755331	1.673989	-9.059085	7.723212	6.921595	6.645797	6.286485	-9.115182	7.723212	6.921595	5.081456	1.673923	-4.097735	7.716632	1.407559	6.645806	6.286435	-4.154298	7.718009	1.411432	5.081459
7585	5	0.037248	-5.247006	4.976252	4.130304	7.918955	0.037131	-4.102012	4.976252	-2.520226	7.918961	-6.515940	3.956410	-1.384814	-6.401170	7.931467	4.344860	-6.549354	4.976252	4.216525	1.566864	4.344850	-5.308763	4.976252	-2.306047	1.566863
7629	5	6.139084	-11.709217	5.952389	0.012958	1.589569	-0.216305	-7.650254	5.952388	0.012955	4.977513	-4.415864	3.627588	-0.140316	-6.422546	5.083393	-0.216305	-12.781672	5.952389	5.452419	4.977513	6.139084	-16.840633	5.952389	5.452419	1.589569
7654	5	0.582665	-10.193055	8.956014	6.923436	5.520557	-1.742285	7.153338	2.751192	-1.255367	5.694751	5.899757	-16.788490	8.956014	6.923436	2.986693	0.582665	-4.976724	8.956004	1.825926	5.520557	5.899759	-11.574151	8.956014	1.825926	2.986692
7659	5	2.779984	6.833238	0.920508	-4.708979	2.258253	0.510239	-4.792644	7.103668	0.102851	6.758480	-3.477183	6.873057	0.920508	-4.708980	7.592802	6.716793	-11.115357	7.103670	0.103011	1.430104	6.716793	-13.815557	7.103670	4.902567	1.430104
7732	5	-5.468804	3.677582	2.694030	4.526371	7.326713	-5.468915	6.395295	2.694030	-1.052348	7.326713	6.343718	-7.126594	7.668749	7.299806	0.886644	0.544983	-3.974040	7.668708	7.292005	7.307113	0.543882	-2.332884	7.631480	7.225389	7.307173
7748	5	5.969896	-10.512484	7.515689	1.184287	1.201391	5.969898	-16.869837	7.515689	7.163505	1.201390	3.138509	-4.900144	7.515497	1.183762	7.105497	0.387672	5.055940	3.584637	0.134312	7.272779	3.148020	-11.286419	7.515689	7.163505	7.101287
7847	5	-5.816769	4.961268	0.211799	-4.121494	8.464224	0.807541	-9.319588	6.291934	0.450007	8.442204	0.807541	-15.054049	6.291934	6.609183	8.442204	6.931019	-11.942699	6.291934	0.450007	4.453958	6.931019	-17.676484	6.291934	6.609183	4.453958
7877	5	6.352496	-7.529498	8.076827	1.214554	1.105327	-0.050363	-10.057659	8.076827	7.167214	7.534787	6.352496	-13.083495	8.076827	7.167214	1.105327	4.238749	4.256525	1.694802	-5.054053	1.984545	-0.050365	-4.503342	8.076827	1.214460	7.534787
7920	5	1.917688	-6.459019	7.605768	6.810069	8.315898	-3.947111	2.860721	1.564373	5.871156	8.319116	5.638390	-5.795406	7.605766	0.960368	2.626842	5.638556	-9.069938	7.605769	6.810071	2.626837	-3.957858	5.963152	1.562798	-0.021258	8.319116
7973	5	-5.459914	7.172039	0.811687	-5.806638	6.852076	6.193782	-14.589639	5.089876	5.668811	1.295612	6.191842	-10.588682	5.089876	-0.414767	1.295959	0.554085	-4.526582	5.089869	-0.627951	6.843282	0.677511	-8.506526	5.089876	5.654179	6.840719
8043	5	2.757268	-10.864336	7.117289	6.161083	6.468816	-3.339884	7.547796	1.007060	-4.339623	7.015239	9.091867	-8.397506	7.117289	-0.122617	2.675107	2.757243	-5.834938	7.117285	-0.142166	6.468831	9.091867	-13.421734	7.117289	6.161688	2.675107
8059	5	-3.452679	6.319102	0.675975	-5.467545	6.412632	8.338928	-13.803398	6.916541	0.238623	0.297718	2.648896	-7.925306	6.916541	6.237688	6.286804	8.339428	-14.589512	6.916541	6.237688	0.297718	2.554229	-6.623080	6.916540	0.238623	6.320874
8082	5	-6.810038	6.539395	1.307018	-2.522832	5.726783	-0.655972	-0.317444	5.029160	6.184795	5.485934	5.390071	-11.571692	5.589102	6.691198	2.274168	5.390070	-5.184180	5.588277	0.136176	2.274170	-0.369707	-6.811834	5.589015	6.691198	5.437579
8121	5	1.402226	6.458949	2.983076	-7.250826	3.762502	7.231568	0.012595	3.004584	2.238324	0.200642	7.757246	-6.176444	6.690874	-1.451300	0.200641	7.757246	-9.130940	6.690875	4.679414	0.200641	7.210696	0.029504	3.003370	-3.921581	0.200643
8124	5	-4.000359	2.688620	-0.240719	0.193587	9.509016	2.130344	-5.763747	3.715333	1.309958	9.471970	6.491143	-11.529780	3.715334	1.309958	4.023820	2.130344	-7.248076	3.715334	5.119830	9.471970	6.491143	-13.013275	3.715334	5.119830	4.023820
8132	5	-3.899570	4.891492	3.264871	-3.510462	8.608807	1.997227	-6.993146	7.523311	-0.030237	8.552274	5.967991	-0.388790	4.014652	-0.811425	2.775248	6.124097	-10.596421	7.523349	-0.019834	2.624554	1.997227	-9.871474	7.523349	5.813973	8.552274
8170	5	-5.190300	4.578299	4.001935	-1.658297	6.629657	0.804491	-10.553238	7.461044	6.501412	6.583067	5.095306	-14.859815	7.461044	6.501459	3.446262	-0.110122	-0.392225	7.336001	-1.606757	6.616387	5.095306	-9.358139	7.461044	0.212875	3.446262
8186	5	8.206129	-14.771590	6.856744	6.910911	1.222621	8.206129	-12.410357	6.856744	1.394224	1.222621	2.354892	-12.397288	6.856744	1.394224	7.493019	-3.860880	6.104513	3.045920	-3.663587	7.566008	2.354892	-14.758521	6.856744	6.910911	7.493019
8189	5	7.461101	-9.195952	6.213005	-0.265530	1.137825	7.461101	-14.860506	6.213005	5.688749	1.137825	5.197859	0.189066	4.447315	-2.381321	1.140732	1.422241	0.206424	4.378951	-2.393824	5.936279	-2.285628	5.407391	1.194920	-5.501077	5.939086
8279	5	1.654273	-9.745987	6.888209	6.985479	9.574796	-0.819922	7.855271	1.503600	-4.742590	9.574949	7.751980	-16.096517	6.888209	6.985479	3.130846	7.751980	-10.206825	6.888209	0.976607	3.130846	5.307110	1.490952	2.341061	-4.610329	3.396347
8478	5	-5.370905	4.204622	3.871680	-6.535496	6.192273	0.893923	-5.342716	8.628189	-0.056272	6.181534	0.893945	-10.730740	8.628189	6.031824	6.181533	5.495635	-5.830149	8.628189	-0.050814	-0.248295	5.495644	-11.218141	8.628189	6.031824	-0.248295
8529	5	-2.180552	3.607444	1.967667	-6.016373	7.544899	1.670793	-9.094389	7.789725	6.084019	7.078388	3.240557	-7.514588	7.789725	0.437172	5.004690	1.635072	-6.823993	7.789725	0.437171	7.106062	3.287157	-9.837557	7.789725	6.084019	4.952452
8625	5	-6.013970	9.268087	0.588279	1.140237	6.474409	-6.013970	9.282490	0.588279	-4.964546	6.474409	0.241106	-2.139998	6.684099	7.266728	6.474387	6.004754	-10.525857	6.684355	7.631602	0.084762	0.282731	-8.243005	6.684355	7.626782	6.474382
8634	5	-0.367660	-3.542171	6.232238	2.219967	6.791073	-0.367183	-6.958330	6.234847	6.603591	6.791073	-4.778939	4.886141	0.176378	-1.122365	6.791197	4.349360	-10.301151	6.234849	2.220151	0.553160	4.349360	-13.336028	6.234849	6.603591	0.553160
8646	5	2.845767	-15.457004	6.177231	4.780322	5.242989	1.296454	0.505538	0.283931	-2.575017	5.751869	7.379675	-10.906637	6.177231	-1.299684	2.383213	2.844695	-10.906637	6.177231	-1.299684	5.243465	7.380793	-15.457004	6.177231	4.780322	2.382571
8713	5	-5.732294	5.549670	2.096417	-5.494025	5.803186	4.693847	-12.123339	6.473315	0.493023	2.771187	-0.422087	-9.214659	6.473304	6.729245	5.429478	4.693847	-14.687811	6.473316	6.729249	2.771187	-0.422089	-6.649483	6.472900	0.492878	5.429479
8773	5	1.483441	-4.842019	9.659247	0.732352	7.218271	7.030917	-8.729868	9.659248	0.732405	0.652470	7.030917	-14.721452	9.659248	5.841876	0.652470	-4.537909	5.285396	4.874079	-5.016981	7.218666	1.483444	-10.836499	9.659248	5.841876	7.218271
8819	5	6.804827	-11.601425	5.917917	0.199618	0.021968	6.804827	-12.332027	5.917917	4.679126	0.021968	-3.362219	9.250744	-0.669405	-6.174116	5.139963	3.244353	8.364598	-0.669405	-6.173376	0.056042	0.198557	-8.524723	5.917907	0.199607	5.089461
8865	5	6.873550	-8.603393	9.110786	-1.788210	1.904460	1.108059	-3.261065	9.002223	-1.798658	7.431702	-4.344810	6.679516	4.149389	-7.029775	7.431803	6.873625	-12.147167	9.113398	4.329910	1.904460	1.226655	-6.815079	9.103800	4.329822	7.431651
8870	5	-3.461641	6.934414	-0.703145	3.366707	8.501910	5.347330	-13.183189	4.766594	7.531897	2.089012	0.675794	-2.017344	4.766462	7.284400	8.440000	0.678083	-8.282448	4.766594	7.528476	8.439517	-3.461641	7.516198	-0.703145	-3.322985	8.501910
8917	5	7.780443	-8.760251	7.265182	6.467233	1.711353	-3.410584	8.124664	1.522772	-4.290067	6.267306	2.380118	-5.413381	7.117056	0.009617	6.257518	7.780443	-5.479991	7.124104	0.009617	1.711353	2.380118	-8.701511	7.264475	6.467233	6.257518
8958	5	-6.319859	5.729196	-1.613644	-1.291617	7.358053	-2.845639	-4.535903	2.026983	8.500053	7.358034	3.558793	-6.178660	2.192837	1.866481	1.649902	3.558793	-9.966500	2.198874	8.500053	1.649902	-6.319850	3.682192	-1.613639	5.337547	7.358053
8992	5	-2.357270	5.265364	2.320782	-5.736009	6.685008	5.207107	-11.362585	7.141896	-1.453240	3.341060	5.207108	-13.176123	7.141896	4.732838	3.341059	2.982529	-7.545555	7.141896	-1.453324	6.488910	2.982767	-9.359845	7.141896	4.732831	6.488820
9120	5	0.088777	-5.241129	4.469586	-2.465165	6.617775	5.662257	-10.653014	4.471673	-2.465044	1.974118	5.662257	-11.678694	4.471674	3.363062	1.974118	-4.679166	1.971342	0.475957	-6.036650	6.620798	0.088777	-6.270978	4.471173	3.363058	6.617775
9127	5	-4.000575	2.728681	4.607500	-5.593167	9.212906	0.607205	-3.415449	6.679720	-0.122482	9.212771	0.627174	-9.617172	6.679725	6.090422	9.212761	6.704465	-16.112282	6.679725	6.090427	2.753843	6.704462	-9.910604	6.679725	-0.093878	2.753843
9129	5	8.397577	-7.148225	6.677615	1.433293	-1.163801	8.417322	-13.029888	6.677615	6.451013	-1.163801	5.493942	1.853827	0.817533	-4.737073	-1.163801	2.666239	6.341063	0.814609	-4.857438	-1.135080	-2.869389	6.367802	0.814609	-4.857439	4.816963
9132	5	-3.920691	6.390433	0.472332	-9.282555	9.762863	2.635629	-2.577038	6.885360	-4.497889	9.285877	5.429972	-6.298156	6.911881	0.714917	5.172864	5.429971	-6.249273	6.911881	-4.329397	5.172864	2.637118	-2.619590	6.888967	0.550689	9.284226
9141	5	0.107300	6.842890	3.432602	-4.161043	7.824394	7.317520	-12.534988	6.201252	0.853091	1.481954	4.137473	-12.124969	6.201252	7.000541	5.642278	7.317520	-15.802400	6.201252	7.000541	1.481954	4.137473	-8.857347	6.201252	0.853091	5.642278
9154	5	0.550773	-10.721556	7.202155	6.623851	6.535274	7.180103	-16.453951	7.226203	6.623851	1.141809	0.530019	-6.239478	6.761316	0.987553	6.541528	7.180096	-11.971882	7.216312	0.987622	1.141809	-4.888103	5.026390	1.383574	-5.291797	6.691553
9175	5	8.750563	-13.107665	6.475610	6.840520	1.367711	-0.311533	9.203021	4.145088	2.938342	6.797521	3.363936	8.790447	4.145088	2.938388	2.890514	-0.311533	9.208876	4.145088	-3.524046	6.797521	3.363936	8.796302	4.145088	-3.524000	2.890514
9198	5	5.657572	-11.801577	5.881695	0.849158	0.448114	-0.334978	1.347963	4.282735	-2.695381	7.051267	2.517297	-8.091615	5.877721	0.817359	7.022343	5.658695	-17.879246	5.882020	6.186923	0.448047	2.533280	-14.232404	5.881964	6.186626	7.020377
9230	5	-4.503535	8.084340	-0.775654	-5.385463	7.332783	2.091117	8.023697	-0.775653	-5.385463	2.723719	7.396335	-9.994776	4.830252	0.906034	1.445679	7.398789	-15.018968	4.830252	6.182210	1.445679	0.780536	-8.480270	4.830252	6.182210	7.109186
9244	5	6.728253	-10.849081	7.569027	1.521808	1.269320	0.606293	-5.232240	7.569026	1.521737	7.246517	0.653276	-6.979633	7.569027	5.377943	7.244466	-1.271272	2.994111	2.893634	-4.888228	7.266253	6.729257	-12.590129	7.569027	5.377945	1.269281
9267	5	1.561397	-11.166047	7.585216	7.243812	7.169764	7.354965	-10.271322	7.585216	2.115423	3.975327	1.561396	-5.213096	7.585017	2.106144	7.169764	7.354965	-16.222214	7.585216	7.243812	3.975327	-3.277151	6.070204	3.822742	-4.509214	7.442843
9272	5	-1.346619	-11.838793	4.880758	6.791799	9.049608	-1.433666	-5.183483	4.880758	0.882991	9.049620	-5.199566	6.822597	0.402938	-5.686409	9.049678	5.287104	-17.663358	4.880758	6.791799	4.014607	5.285479	-11.051754	4.880758	0.883006	4.017748
9273	5	8.799124	-8.565591	5.526168	6.369845	0.306550	-0.799075	6.244119	0.328407	0.604780	6.425801	3.402765	4.735833	0.328407	-4.231326	1.844643	3.406793	4.409575	0.328407	1.131989	1.836949	-0.799144	6.476167	0.328407	-4.635466	6.425802
9377	5	8.111207	-7.932594	6.598962	0.599600	3.289468	-1.182469	5.528235	0.497773	-5.192292	8.356360	8.111207	-12.114453	6.598962	5.845134	3.289468	1.510243	-7.309043	6.598962	5.795077	8.288949	5.418459	1.572129	0.993012	-3.245028	3.308018
9449	5	-4.874118	6.480326	0.671221	-5.509815	9.568200	7.208255	0.003407	2.796557	-2.027216	3.513309	7.609195	-0.743702	3.961176	5.556040	3.464202	7.675512	-11.338789	6.962626	-0.245981	3.458284	7.675512	-12.104284	6.962629	5.814047	3.458284
9456	5	7.580772	-10.915435	7.050961	1.111592	1.351140	0.281371	6.259273	0.874955	-5.088203	5.724612	6.423040	0.844135	0.874956	-1.532388	2.196456	7.286882	-1.679049	0.877228	1.110285	1.553066	7.581220	-13.361718	7.050961	4.969046	1.350840
9506	5	-2.060048	7.612363	-0.516038	-4.399676	9.078202	2.544707	-10.471093	6.089631	7.920918	7.040461	6.583695	-15.210998	6.089631	7.920918	4.425680	2.544707	-5.675705	6.089631	1.785536	7.040461	6.583695	-10.415612	6.089631	1.785536	4.425680
9517	5	-0.768734	-3.706289	9.210051	0.686857	6.668396	-0.764535	-10.175679	9.269756	6.555815	6.668396	5.677748	-8.195033	9.269643	0.686860	0.401737	-6.305227	3.828269	4.237337	-5.287205	6.668396	5.677749	-14.638056	9.269764	6.555815	0.401737
9543	5	6.435743	-17.262244	6.909287	7.123443	0.334011	-1.566144	0.031168	5.135271	0.480270	4.919178	1.324609	-11.049100	6.907651	7.123443	4.918281	-1.632943	6.178475	1.024793	0.292095	4.919178	-1.566149	0.031183	5.135260	-5.223775	4.919178
9552	5	6.520371	-9.915455	7.470300	-1.490538	2.487785	2.111677	-7.415858	7.470092	-1.490545	8.264879	2.111677	-11.456442	7.470306	4.816814	8.264879	0.592616	2.943865	1.449978	-8.012855	8.267682	6.520371	-13.492783	7.470307	4.816814	2.487785
9567	5	3.886111	0.557918	3.934210	-1.089675	3.956530	-2.843785	6.316404	0.467658	-4.279284	6.856478	5.968082	-11.650939	6.399096	5.615593	0.869120	1.123582	-8.009490	6.382405	5.615593	6.856371	5.968081	-6.836313	6.359946	0.520568	0.869120
9632	5	-0.886848	6.369453	1.698847	-5.161941	6.582184	7.072977	-2.146809	6.600691	0.037982	1.750282	5.459704	3.045514	1.710429	-4.860968	1.758343	7.578904	-7.672034	6.706895	0.207792	1.750257	7.593627	-13.056991	6.706897	5.573102	1.750257
9643	5	3.335693	4.494365	-0.199875	1.878933	0.329447	3.444983	-11.343106	6.223508	8.187294	0.329263	-2.683028	-9.705740	6.223508	8.187294	6.840604	3.335512	4.964789	-0.199875	-1.585141	0.329447	-2.792702	6.020977	-0.199875	1.877972	6.840691
9645	5	0.606262	-13.091698	7.332443	7.004754	5.387929	6.218644	-15.455952	7.332443	7.004754	2.114006	-5.892186	5.935170	1.012890	-4.541426	5.465979	6.218640	-9.165212	7.332443	1.180548	2.114006	0.606094	-6.787474	7.332198	1.180546	5.387982
9649	5	5.272646	-15.465897	6.251828	7.862532	2.321036	5.272646	-9.002272	6.251824	1.383216	2.321036	-4.507701	4.699146	-0.054634	-4.842150	6.067612	1.062321	-6.766999	6.251733	1.381254	6.002831	1.062321	-13.230791	6.251828	7.862532	6.002831
9663	5	-6.961945	5.722597	4.317270	-4.430138	7.042078	-1.213746	-10.829584	9.011357	6.315853	7.035759	-1.253568	-3.825527	9.011311	1.943347	7.036098	5.107634	-14.797764	9.011357	6.315853	3.206867	5.107632	-11.018000	9.011357	1.944672	3.206869
9702	5	-5.335738	5.030320	2.773620	-7.586577	8.239488	6.177984	-10.606039	8.436657	-2.164288	1.988736	6.177995	-16.281929	8.436658	4.415130	1.988736	-0.062586	-5.161700	8.434234	-2.453285	8.238967	-0.042255	-11.280474	8.436658	4.410214	8.238937
9733	5	6.831823	-12.853354	7.737704	1.098183	3.675125	-4.190302	3.023120	1.619775	-5.165735	8.829977	2.459138	-7.446359	7.737704	1.096510	8.773792	2.459138	-12.797335	7.737704	6.293621	8.773792	6.831823	-17.760771	7.737704	6.293622	3.675125
9771	5	2.030559	-3.653159	7.842503	-2.446732	6.840752	7.680934	-10.243646	7.868999	3.724554	0.840715	-4.493490	7.481011	1.878875	-9.187351	6.887960	7.680926	-5.815763	7.867668	-2.440454	0.840715	2.031323	-8.081528	7.868944	3.724554	6.840679
9902	5	-1.986611	5.301010	0.458188	-5.650733	4.464878	3.497427	-7.826247	5.228105	6.963908	4.104963	3.221538	-3.304730	5.227381	0.811571	4.315429	3.241726	-3.420799	5.227536	6.963904	4.305192	3.496525	-7.737109	5.228105	0.811579	4.105955
9927	5	5.648307	2.340994	-0.081948	-3.107264	3.880545	8.024998	-9.187684	4.341911	6.422310	3.698733	0.147896	7.319793	-0.086839	-5.582781	6.798630	0.147896	7.319664	-0.086839	0.710398	6.798630	5.653739	2.136248	-0.076913	3.389769	3.878645
9944	5	6.048404	-13.421406	4.566431	5.107097	1.928712	2.097089	-3.331146	4.566406	0.116749	7.860799	-4.474272	6.823409	-2.019092	-3.926092	8.098751	2.097090	-7.579405	4.566431	5.107097	7.860799	6.048404	-9.173855	4.566431	0.116756	1.928712
