8	3	-1.343825	0.764359	5.929676	6.354168	7.068764	-1.343825	2.557112	5.929676	5.775273	1.992639	-1.343825	8.312705	5.929676	2.850847	1.992639
25	3	-0.636431	7.065497	5.724285	0.910190	1.822548	-0.636431	5.910259	5.724285	0.910570	6.986957	-0.636431	1.062192	5.724285	6.753715	6.986957
31	3	8.188202	4.712856	6.513344	0.912778	5.903083	8.188202	5.308762	6.513344	0.235611	0.346355	8.188202	2.202851	6.513344	5.978079	5.903083
46	3	1.109916	2.174486	6.955560	3.860792	6.173985	1.109916	5.463423	6.955560	2.938909	1.381189	1.109916	-1.849935	6.955560	7.624295	6.173985
63	3	1.161098	6.761807	5.880165	3.722024	5.165899	7.457321	3.093297	5.880165	3.745976	5.165899	7.457321	0.768776	5.880165	7.301748	5.165899
64	3	1.702064	1.704663	9.367649	7.548431	-2.326587	1.702064	5.818227	9.367649	2.437271	-2.326587	6.655279	-4.191814	9.367649	7.634519	-2.326587
73	3	4.476349	3.230376	6.797071	1.181433	7.108558	-1.374190	6.473999	6.797071	0.482935	7.108558	4.476349	-1.616091	6.797071	6.562927	7.108558
86	3	6.527566	3.845114	7.273406	0.657522	7.412401	6.527566	7.451109	7.273406	0.548222	1.931882	6.527566	-1.533745	7.273406	5.840864	7.412401
93	3	0.755510	9.043919	5.213633	2.982876	6.356490	7.153995	0.962146	5.213633	7.900880	6.356490	7.153995	6.556997	5.213633	2.982894	6.356490
95	3	7.238465	0.441157	5.144190	7.504881	2.250136	1.841420	9.281093	5.144190	4.234236	2.250136	7.238465	6.179227	5.144190	4.363923	2.250136
100	3	0.462029	6.603374	7.725372	-1.509009	-4.277034	6.889514	2.713124	7.725372	-1.163927	-4.277034	6.889514	-0.970044	7.725372	4.792780	-4.277034
104	3	1.494370	-7.136945	9.211857	6.857244	6.291853	1.494370	3.926379	9.211857	3.430730	1.690422	1.494370	-2.024431	9.211857	6.857173	1.690422
121	3	9.568339	-4.134166	5.448118	6.521955	7.842985	9.568339	6.735463	5.448118	1.392872	4.531189	9.568339	1.402009	5.448118	6.462500	4.531189
134	3	9.297106	5.629596	6.839731	3.538134	-0.620412	9.297106	-2.189713	6.839731	6.632722	5.575538	9.297106	-0.179533	6.839731	6.435617	-0.620412
144	3	0.336378	10.275930	6.239925	2.000705	-1.194470	6.441481	-0.190087	6.239925	7.468580	-1.194470	6.441481	5.634717	6.239925	2.000719	-1.194470
156	3	2.986719	11.157193	7.319269	1.623182	0.121322	7.787322	5.379088	7.319269	2.319895	0.121322	7.787322	-0.977649	7.319269	8.088364	0.121322
175	3	0.956730	0.921987	6.730755	6.498282	4.239564	6.537355	-2.945039	6.730755	6.526637	4.239564	0.956730	5.538929	6.730755	1.419655	4.239564
203	3	6.402122	-8.689819	4.453782	5.435142	8.226286	1.074769	2.502343	4.453782	0.581243	8.226286	1.074769	-3.955379	4.453782	5.435089	8.226286
238	3	0.537241	0.621411	5.816113	7.044122	1.114839	6.404353	-1.120683	5.816113	7.045891	1.114839	0.537241	3.407841	5.816113	1.881691	1.114839
260	3	9.481489	6.098534	6.286239	0.256608	0.881265	9.481489	2.715215	6.286239	0.369651	6.967039	9.481489	-1.839702	6.286239	6.739049	6.967039
288	3	2.341666	4.422167	3.712196	-0.027608	3.011836	2.341666	1.238665	3.712196	6.077676	8.593989	2.341666	3.405025	3.712196	2.331417	8.593989
291	3	0.058301	8.975436	6.561615	2.326728	-0.662027	6.629928	5.769513	6.561615	2.326782	-0.662027	6.629928	0.243685	6.561615	8.715539	-0.662027
303	3	9.409575	-3.038217	6.038348	7.372926	5.786421	9.409575	2.903753	6.038348	4.992192	0.330246	9.409575	-1.735417	6.038348	7.372012	0.330246
343	3	1.486123	9.689799	7.029442	-0.044101	-3.350221	7.586952	5.592642	7.029442	0.029984	-3.350221	7.586952	1.715299	7.029442	5.730308	-3.350221
345	3	-0.708010	-2.273606	6.933895	5.744193	8.272332	-0.708010	9.101808	6.933895	-0.235076	2.021868	-0.708010	4.089724	6.933895	2.332076	8.272332
347	3	0.386624	0.554295	6.175229	6.206845	-0.022770	6.793913	-1.922499	6.175229	6.239400	-0.022770	0.386624	4.844342	6.175229	0.380748	-0.022770
362	3	0.441932	5.726841	7.847514	4.508490	-0.779206	0.441932	1.305995	7.847514	5.995467	-0.779206	6.733289	-4.530396	7.847514	6.009625	-0.779206
370	3	7.630960	0.810664	5.941217	6.415874	4.132692	1.906309	2.879342	5.941217	4.754508	4.132692	1.906309	7.214393	5.941217	1.878476	4.132692
397	3	1.003112	-1.494896	6.849528	6.620777	1.014952	1.003112	4.502807	6.849528	0.705364	1.014952	1.003112	-6.265056	6.849528	6.620777	6.291151
398	3	7.113270	-4.852201	7.000849	8.771010	6.032260	0.479589	-0.381348	7.000849	8.747088	6.032260	0.479589	5.182245	7.000849	4.319204	6.032260
407	3	6.273165	4.350610	7.473441	0.187839	8.208506	-0.064386	6.248627	7.473441	-0.080441	8.208506	6.273165	1.757629	7.473441	5.597467	8.208506
448	3	0.497612	5.820692	6.923105	-1.358391	8.711748	6.875235	-6.225498	6.923105	5.119739	8.711748	0.497612	0.012702	6.923105	5.055369	8.711748
458	3	1.371107	8.447484	6.287159	2.757236	0.363515	7.571317	-0.995224	6.287159	7.897979	0.363515	7.571317	3.127848	6.287159	3.222064	0.363515
465	3	5.930163	-5.490575	5.642432	6.490817	7.120415	2.313836	4.216776	5.642432	0.611407	7.120415	2.313836	-1.421880	5.642432	6.404358	7.120415
474	3	6.973499	-3.008945	6.668339	6.251421	6.939014	6.973499	0.001662	6.668339	6.250067	1.750684	6.973499	2.753783	6.668339	2.806154	1.750684
491	3	7.673562	-3.168994	5.729877	6.248048	6.806522	7.673562	-0.054682	5.729877	6.122995	1.379903	7.673562	3.589580	5.729877	3.082060	1.379903
492	3	7.692763	-7.713498	9.070266	5.342445	5.902203	7.692763	-4.463153	9.070266	5.342372	0.175331	7.692763	-0.519906	9.070266	-0.678108	0.175331
495	3	1.670311	9.294789	6.625098	0.491871	-0.368041	7.888619	3.771555	6.625098	3.031895	-0.368041	7.888619	-1.858387	6.625098	7.010150	-0.368041
502	3	-0.385168	6.024501	8.355946	2.651783	0.683595	5.645365	5.258871	8.355946	2.930854	0.683595	5.645365	1.958436	8.355946	7.468356	0.683595
509	3	7.967529	6.866392	6.204307	1.251333	2.591135	7.967529	0.528369	6.204307	7.683077	2.591135	7.967529	-4.183005	6.204307	7.687947	7.425092
510	3	7.905407	5.460982	6.516329	3.197331	-1.993998	1.992070	11.670794	6.516329	3.196385	-1.993998	7.905407	-0.406533	6.516329	9.238255	-1.993998
512	3	-1.731160	6.939437	6.021097	0.760699	4.427699	4.370458	5.837918	6.021097	1.691006	4.427699	4.370458	1.471898	6.021097	6.687784	4.427699
519	3	-0.035632	5.596931	5.936118	3.217696	-2.608504	6.029971	-5.471641	5.936118	7.072627	-2.608504	-0.035632	-0.052990	5.936118	7.068742	-2.608504
527	3	8.041437	-4.376849	5.890034	7.150892	-2.971280	8.041437	1.458945	5.890034	2.282748	-2.971280	2.373063	5.041215	5.890034	2.279305	-2.971280
539	3	4.741576	0.371623	2.400364	6.397483	6.930893	4.741576	4.785590	2.400364	1.657898	6.930893	4.741576	7.515425	2.400364	1.505489	1.157872
562	3	-0.007892	-1.212700	7.523685	8.434803	-0.129125	-0.007892	-2.816798	7.523685	8.438431	6.466977	-0.007892	4.243904	7.523685	2.802961	-0.129125
564	3	0.106990	9.333777	4.973050	0.776188	1.224409	5.915697	8.439043	4.973050	0.793923	1.224409	5.915697	2.136086	4.973050	5.932434	1.224409
576	3	-3.411457	1.490122	6.848861	6.254060	5.593069	-3.411457	8.811082	6.848861	1.326513	-0.868372	-3.411457	7.061352	6.848861	1.330194	5.593069
587	3	2.193249	8.917513	7.061835	0.354937	1.841491	8.181405	4.723310	7.061835	0.570474	1.841491	8.181405	-0.392585	7.061835	6.596215	1.841491
592	3	-0.311996	8.781955	7.296342	2.512571	-0.272984	5.196267	-0.438882	7.296342	9.109755	-0.272984	5.196267	4.611847	7.296342	2.525024	-0.272984
598	3	7.609861	6.865153	5.199116	0.995572	0.601366	7.609861	1.523351	5.199116	5.955943	6.268467	7.609861	3.736715	5.199116	1.269258	6.268467
601	3	5.301505	-3.782245	6.396255	6.387626	1.755322	-0.247533	-1.002648	6.396255	6.387624	1.755322	-0.247533	4.582079	6.396255	0.870286	1.755322
605	3	-2.114189	-1.082764	6.295768	7.958059	0.613614	-2.114189	4.492206	6.295768	2.471808	0.613614	-2.114189	-5.641707	6.295768	7.980467	6.515786
606	3	0.234774	5.519364	7.081160	0.144791	-0.549577	6.164930	3.432752	7.081160	0.175909	-0.549577	6.164930	-0.351071	7.081160	5.566339	-0.549577
621	3	8.105984	-2.134751	0.748062	7.018606	6.492728	8.105984	1.087948	0.748062	6.939854	0.576657	8.105984	6.571919	0.748062	0.963811	0.576657
623	3	1.009446	4.044098	3.988482	-0.242319	8.254813	7.131639	0.618503	3.988482	-0.220772	8.254813	7.131639	-2.728776	3.988482	5.132804	8.254813
653	3	7.412637	7.388329	7.290342	3.733587	0.666787	7.412637	4.221821	7.290342	3.734077	6.815264	7.412637	0.327799	7.290342	6.283091	6.815264
660	3	1.174535	7.071498	5.067104	-3.871389	9.641366	7.683619	4.968293	5.067104	-2.040526	9.641366	7.683619	0.227054	5.067104	2.695031	9.641366
664	3	5.679797	9.066981	6.657409	-0.901926	2.654684	5.679797	2.982427	6.657409	2.655788	8.442046	5.679797	0.899568	6.657409	5.564717	8.442046
668	3	7.892267	-4.111629	6.266809	7.047495	0.936392	3.625286	6.577526	6.266809	0.998724	0.936392	3.625286	0.252042	6.266809	7.021255	0.936392
669	3	5.805679	5.432078	5.459176	-2.141909	6.078662	5.805679	8.933824	5.459176	-2.923348	-0.291854	5.805679	0.515708	5.459176	3.653802	6.078662
670	3	1.904487	-4.242291	9.376522	7.336608	-1.811486	6.794166	-7.484239	9.376522	7.336608	-1.811486	1.904487	2.043200	9.376522	4.021783	-1.811486
679	3	6.268174	-7.871019	5.760686	4.450649	9.584781	0.827122	4.068542	5.760686	-1.098174	9.584781	0.827122	-2.106095	5.760686	4.366486	9.584781
698	3	6.611219	7.249753	4.813587	2.462363	2.629349	2.205817	9.741151	4.813587	2.462363	2.629349	6.611219	0.967158	4.813587	7.163810	2.629349
704	3	6.697324	-5.571173	6.704686	6.808178	6.358713	1.512411	4.403115	6.704686	1.971752	6.358713	1.512411	-0.013842	6.704686	6.725596	6.358713
716	3	0.861360	2.302694	5.839096	9.059839	7.973425	0.861360	11.350342	5.839096	3.749699	2.130406	0.861360	5.552269	5.839096	3.754164	7.973425
730	3	7.455148	-1.929668	5.612265	7.112716	-0.117602	3.535941	9.243842	5.612265	1.176045	-0.117602	7.455148	3.573521	5.612265	1.415089	-0.117602
734	3	-3.983380	-1.932011	8.125446	4.934357	-0.546795	-3.983380	-2.737077	8.125446	4.934363	5.713710	-3.983380	3.708816	8.125446	1.357861	-0.546795
743	3	-1.733975	6.942177	7.293811	0.390536	2.375948	4.835269	-2.822740	7.293811	6.499733	2.375948	4.835269	3.561142	7.293811	0.396216	2.375948
766	3	0.183126	4.929497	5.928074	5.341046	7.083738	5.536177	4.163143	5.928074	5.375232	7.083738	5.536177	1.692503	5.928074	8.757957	7.083738
775	3	1.665131	8.929977	3.398059	1.639240	0.162439	7.002622	-0.972348	3.398059	7.566933	0.162439	7.002622	3.244138	3.398059	3.008323	0.162439
777	3	0.384439	0.481776	7.494442	5.561403	0.804283	0.384439	6.558617	7.494442	-0.069951	0.804283	6.543386	-5.450504	7.494442	5.561428	0.804283
783	3	7.256595	-3.927755	7.231146	6.855050	-2.033152	2.671965	-0.034633	7.231146	6.854157	-2.033152	2.671965	4.239221	7.231146	0.417146	-2.033152
787	3	7.250805	-4.931500	6.781504	6.444328	7.610786	7.250805	3.885950	6.781504	2.478043	2.800587	7.250805	-1.793280	6.781504	6.441507	2.800587
808	3	0.950395	5.949195	5.942272	0.494974	1.848535	0.950395	-2.373697	5.942272	6.861443	6.576976	0.950395	0.696512	5.942272	6.859868	1.848535
814	3	8.423890	5.139337	5.569769	2.336527	1.049561	1.882389	10.098238	5.569769	1.685979	1.049561	8.423890	-0.427469	5.569769	6.221841	1.049561
815	3	0.979280	7.229373	6.579866	1.287003	5.923643	7.367916	-2.771734	6.579866	7.704652	5.923643	0.979280	1.936415	6.579866	7.654126	5.923643
819	3	7.097485	-4.519042	6.102256	7.699618	7.728891	7.097485	5.680792	6.102256	2.202382	1.192423	7.097485	0.087618	6.102256	7.691437	1.192423
828	3	8.303831	-4.234901	7.232532	7.047260	2.118625	2.133057	1.686167	7.232532	6.510424	2.118625	2.133057	7.534376	7.232532	0.600618	2.118625
848	3	7.053710	-1.089635	6.477995	6.605546	6.883948	7.053710	5.633308	6.477995	1.117595	3.721675	7.053710	2.051457	6.477995	6.473745	3.721675
854	3	-1.759872	7.688161	6.759513	1.287126	6.638007	-1.759872	11.831538	6.759513	1.287125	0.105393	-1.759872	2.117425	6.759513	7.191885	6.638007
876	3	-0.115053	6.516006	7.558383	0.528798	-2.729788	6.495563	3.019096	7.558383	0.560036	-2.729788	6.495563	-1.265250	7.558383	7.081101	-2.729788
880	3	8.773024	-3.551965	6.657367	6.867198	6.488660	8.773024	-1.379247	6.657367	6.867198	0.305190	8.773024	3.134543	6.657367	4.429144	0.305190
889	3	3.111810	8.656576	6.471586	2.478884	1.488222	3.111810	6.678650	6.471586	2.481908	5.828034	3.111810	1.932460	6.471586	8.320227	5.828034
890	3	2.042317	2.478495	7.586480	3.087166	7.431121	2.042317	7.540763	7.586480	0.124580	1.649239	2.042317	0.773447	7.586480	6.068191	7.431121
906	3	1.563762	0.279469	7.209017	8.048399	-1.855627	7.819726	-5.933080	7.209017	8.048458	-1.855627	1.563762	6.437699	7.209017	2.044944	-1.855627
920	3	1.618293	2.757639	3.129361	5.934282	-0.478764	1.618293	9.089924	3.129361	1.117910	-0.478764	6.735003	-2.224529	3.129361	6.611207	-0.478764
942	3	-1.117530	8.948214	6.329312	-0.054445	1.475936	-1.117530	2.937206	6.329312	0.853556	6.513187	-1.117530	-1.127004	6.329312	5.653942	6.513187
945	3	-1.089094	3.988538	9.497829	1.163235	2.249458	-1.089094	-1.636765	9.497829	7.200414	2.249458	-1.089094	-7.541671	9.497829	7.200414	7.618901
950	3	4.008650	1.729143	6.011250	5.179603	5.137815	4.008650	8.719427	6.011250	-0.414347	-0.386483	4.008650	7.611235	6.011250	-0.414347	5.137815
960	3	1.471043	6.473517	6.838228	2.171891	6.016297	6.369731	-0.154228	6.838228	6.502885	6.016297	6.369731	5.272324	6.838228	2.173354	6.016297
972	3	-1.065944	0.365507	6.265499	7.054307	6.776777	-1.065944	7.637441	6.265499	4.888415	4.800632	-1.065944	5.841213	6.265499	4.915887	6.776777
977	3	0.027974	9.526145	5.895573	0.666935	2.470310	6.438084	4.467191	5.895573	0.669780	2.470310	6.438084	0.449701	5.895573	6.802933	2.470310
980	3	6.889807	4.939863	5.127528	2.454968	1.132450	6.889807	1.633816	5.127528	7.464400	1.132450	0.529849	10.731032	5.127528	2.308723	1.132450
982	3	-0.019755	-4.281858	6.824093	6.839491	7.037748	-0.019755	0.016573	6.824093	6.837216	0.715851	-0.019755	4.348127	6.824093	1.470313	0.715851
992	3	4.899749	0.087552	6.428845	6.491315	-0.458645	1.535693	6.684223	6.428845	-0.116665	-0.458645	4.899749	3.693276	6.428845	3.326644	-0.458645
