7	1	-3.769149	7.878283	-3.007576	-5.758877
34	1	-4.330681	8.777804	6.345728	-8.349490
41	1	5.937024	-7.181628	7.221357	-0.902849
55	1	-7.948918	9.503008	-2.570611	-7.086330
62	1	4.777660	-8.252752	7.822157	-1.407084
64	1	8.192847	-20.085201	5.418462	7.856449
69	1	7.981120	-15.784579	5.998762	8.656770
70	1	-4.966797	5.574017	-0.113881	-8.455274
76	1	7.000847	-19.230759	8.675857	8.091818
84	1	7.616443	-17.724968	6.181031	8.058099
108	1	5.836721	-17.995286	8.206151	5.756198
116	1	8.760658	-12.760147	1.773432	8.668532
119	1	8.124962	-14.812342	6.625479	8.905117
163	1	6.661698	-22.894001	7.702678	6.525066
182	1	-2.786895	7.898083	-0.062016	-9.411771
195	1	-4.674850	6.281932	2.119216	-2.365193
205	1	6.879362	-8.783077	0.551365	5.234445
212	1	-3.139742	9.499906	1.607626	-5.972632
215	1	8.611075	-15.175256	7.353536	7.181341
231	1	6.482296	-19.175774	7.301843	7.010964
242	1	8.056523	-15.870351	3.047682	6.640289
270	1	6.872305	-10.499293	3.359901	9.021000
272	1	6.864681	-13.054841	5.139721	9.404007
283	1	6.357683	-11.255167	8.323500	0.010365
285	1	6.081639	-17.223873	6.337816	9.610069
296	1	-6.849057	8.419822	2.451946	-8.771831
298	1	6.435771	-19.324058	5.355048	8.815783
302	1	7.589083	-6.690745	8.131653	5.711449
309	1	7.451658	-12.723472	7.605320	6.463588
314	1	-8.358558	6.538116	2.709681	2.333735
361	1	-5.123162	6.957468	-0.257333	-4.413035
369	1	-2.638784	7.243085	0.956176	-3.172738
374	1	7.160593	-12.671360	6.031931	9.243900
387	1	8.305549	-11.236324	6.120609	7.748628
389	1	-7.499271	6.498612	0.933580	-4.760297
391	1	-6.713879	5.408399	-2.859652	-2.194594
400	1	-7.266733	6.136008	-0.998546	-6.467286
413	1	5.830065	-15.641811	4.942721	4.968274
434	1	9.061919	-11.425876	4.358225	9.659115
435	1	-0.703070	8.978269	-0.933540	-5.190129
447	1	-7.502119	6.819252	-0.874019	-4.105818
477	1	0.139539	8.594540	2.356590	-1.495550
513	1	-3.157744	8.705275	1.391533	-3.902229
516	1	-10.278469	7.136363	0.420762	-6.658212
520	1	6.643902	-14.674477	8.872976	9.708348
523	1	-4.262386	7.901527	-3.659980	-8.217467
525	1	-8.190265	9.498176	0.273222	-7.996412
530	1	-3.112325	5.954794	4.279753	-3.040656
551	1	-5.607091	6.462230	0.272015	-5.242712
558	1	-4.773184	9.725999	-2.616195	-0.340848
560	1	-6.438387	7.828522	-0.635541	-1.957201
571	1	6.581504	-14.753816	6.731900	9.545544
575	1	-8.156122	6.734881	1.835847	-7.136116
578	1	-4.938658	5.216352	-1.984018	-5.709388
587	1	-10.879847	6.174914	1.626670	-6.145940
589	1	-5.476413	7.937902	4.108190	-4.301740
599	1	7.414283	-12.677714	7.446760	8.266110
602	1	-4.305252	8.063609	3.609021	-4.280255
614	1	-8.742288	6.113888	0.942843	-8.348000
618	1	-8.460057	8.151011	-0.363010	-10.126167
619	1	-8.333148	7.120991	0.497714	-9.950653
643	1	6.487780	-17.684927	8.279088	9.247020
660	1	5.315951	-18.239966	5.114060	6.278710
671	1	-11.013332	6.328936	0.633484	-7.743520
678	1	7.050057	-14.150051	9.627511	6.217202
698	1	-9.760928	6.672937	-0.210818	-7.450259
699	1	1.917534	8.114919	0.299219	-7.833851
709	1	-6.443101	6.987714	1.124309	-8.702325
710	1	7.760965	-7.414808	7.096827	5.557127
711	1	-3.527228	7.114861	0.391293	-6.153139
726	1	5.561626	-9.811090	6.668219	9.380938
728	1	6.364252	-13.241939	6.950729	6.711595
731	1	-8.916408	9.602252	1.791801	-6.456007
784	1	8.537709	-12.407823	3.715139	7.737051
790	1	-1.386454	6.363930	-1.336725	-5.012733
794	1	-5.733867	7.922833	2.023514	-4.002208
796	1	5.724593	-15.500694	7.622987	-3.021645
807	1	-7.464356	6.467329	-1.355234	-4.855485
817	1	-3.657350	6.172906	4.683873	-3.622210
861	1	6.348631	-10.945397	6.547720	8.143590
868	1	-0.900578	9.066193	0.886575	-3.679121
875	1	4.665917	-12.306773	6.570586	7.174714
883	1	7.071466	-15.676856	5.760109	6.440611
889	1	3.122900	4.909031	-2.605541	-11.140723
892	1	-4.626610	6.158535	-0.110649	-8.925466
901	1	-6.156314	6.582918	-2.455862	-2.622126
928	1	-6.137414	5.418087	-2.223587	-9.191293
941	1	7.272683	-13.781925	5.649374	9.124973
953	1	-5.596921	6.800762	2.408763	-4.537504
954	1	6.345399	-20.330663	6.557205	7.895353
965	1	4.947510	-17.672406	7.052164	7.107699
982	1	-4.586996	7.210627	0.306013	-6.714360
986	1	-7.579278	7.480386	3.375689	-5.347430
992	1	-5.688858	8.228329	-1.644788	-5.658897
994	1	7.470140	-15.210541	8.402931	7.689679
999	1	-2.309874	-5.799294	1.581453	7.215650
1019	1	-7.462685	8.048531	-0.249985	-3.864615
1030	1	-9.719418	6.530974	-1.972274	-5.949101
1031	1	0.712127	-8.175770	7.131265	8.764965
1040	1	7.249204	-15.759185	8.251576	7.338099
1055	1	-9.076861	7.285407	0.937091	-5.102043
1060	1	-7.422544	6.177126	-1.499885	-2.113592
1061	1	-4.278378	6.327359	0.168391	-8.300634
1064	1	7.473057	-17.423565	6.619273	7.410263
1065	1	-3.554764	4.695357	-3.760662	-4.378042
1090	1	8.433304	-16.796285	5.570313	8.193311
1092	1	-6.703548	9.623776	0.298570	-7.532754
1120	1	5.572823	-12.650010	9.520416	6.675910
1143	1	-4.682790	6.713466	-1.050766	-0.791890
1162	1	-7.166383	7.543590	-0.087490	1.487534
1165	1	7.252672	-12.990604	7.308831	6.941798
1194	1	6.768667	-14.125907	4.099256	6.176272
1203	1	-3.207390	4.714238	-2.907320	-1.650690
1214	1	-6.608354	7.632356	-2.794652	-3.294682
1216	1	-8.074027	7.574025	-1.670018	-7.774439
1218	1	-4.469412	7.637627	-1.303959	-5.915266
1225	1	5.283687	-18.123602	6.262719	7.825295
1241	1	-5.941646	7.897786	-1.626905	-5.520601
1243	1	-4.457549	5.032143	0.969103	-7.246720
1261	1	6.898734	-17.577787	6.467742	5.155406
1273	1	-5.226548	6.308926	-0.881986	-6.520061
1289	1	6.160014	-12.187557	8.578288	6.469147
1297	1	-3.693837	9.121901	-0.448644	-7.873287
1311	1	-4.941781	7.976957	1.788571	1.304969
1321	1	7.228323	-14.288218	8.026540	7.017248
1332	1	-3.830833	6.138125	-1.185240	-6.254443
1343	1	8.478285	-12.801405	8.858382	8.893827
1356	1	-6.483516	8.870835	2.236922	-4.426807
1362	1	-6.240079	8.071587	2.734412	-5.430122
1363	1	7.031279	-14.106839	2.303294	4.544048
1364	1	-3.950054	7.464666	-2.706740	-6.628088
1368	1	-4.570093	6.367977	2.392085	-3.681572
1401	1	4.974715	-11.792167	5.346075	9.030399
1408	1	6.163269	-19.010478	7.099016	8.213571
1409	1	-5.688552	7.040160	2.906485	-3.371849
1412	1	-5.051077	8.543412	0.441941	-5.348461
1424	1	4.906086	-10.509200	7.838029	3.773232
1425	1	8.936868	-18.751042	8.782570	8.840815
1448	1	-7.072991	5.617433	-2.188227	-3.736702
1470	1	8.112781	-13.116738	6.183531	7.324339
1471	1	-5.725811	7.236588	-3.719654	-6.182722
1475	1	-4.394970	8.238271	-2.936868	-9.643780
1483	1	8.804733	-15.105839	7.182317	5.916186
1484	1	3.653567	-8.561787	5.877176	7.235941
1502	1	-2.517512	7.205896	2.017567	-0.096295
1528	1	5.947740	-11.196050	2.705548	8.841567
1533	1	-2.154987	6.395706	1.187058	-2.474941
1540	1	-6.221597	8.434086	-2.760834	-2.973260
1555	1	6.429964	-15.266133	7.702491	7.582907
1569	1	7.604231	-14.767254	5.985498	9.157069
1585	1	-5.872107	-1.063343	6.564901	-4.875648
1591	1	-7.466558	8.249337	0.552244	-7.794744
1641	1	-3.212830	8.990345	1.526702	-4.025965
1648	1	-8.306216	7.434922	0.662021	-4.386402
1658	1	6.674810	-15.796528	7.571470	6.772671
1681	1	6.439333	-11.291865	7.698616	9.079953
1694	1	-7.058629	7.349589	1.001926	-6.311516
1699	1	7.617140	-14.764538	6.314250	6.479662
1700	1	-8.606327	8.512605	-1.429796	-5.657094
1701	1	7.569082	-12.264026	6.786713	6.847307
1716	1	9.516424	-9.688115	2.854658	8.607261
1734	1	6.877937	-16.878625	6.858214	6.172883
1752	1	-3.713682	7.890542	-0.802873	-9.103642
1755	1	-6.138094	6.494667	-0.478415	-8.743847
1765	1	-7.211255	4.492470	-2.272149	-5.018162
1781	1	-7.198846	2.800085	-0.907622	-3.481645
1783	1	-5.637630	7.249966	0.979928	-8.659737
1791	1	-4.849743	6.670260	-1.381865	-0.692170
1799	1	0.111506	-12.291126	7.122809	5.871037
1801	1	7.928417	-14.937863	5.860341	9.348746
1813	1	-7.887140	6.941878	1.196007	4.645801
1814	1	7.430215	-14.669024	6.778535	6.929286
1819	1	-4.352074	6.133202	2.000873	-7.931981
1823	1	-4.711945	6.515979	-0.130722	-7.422081
1849	1	6.751149	-10.607851	9.133394	7.610889
1850	1	-3.293765	7.783717	1.669149	-6.038771
1860	1	-9.893532	7.243495	-0.242627	-5.842852
1867	1	-3.061836	7.768830	-0.318231	-4.412560
1895	1	-5.105627	7.284578	2.590422	-6.148134
1900	1	6.059859	-16.081778	8.262446	7.048300
1910	1	-1.563567	7.347218	-0.042908	-3.703930
1917	1	-4.853369	8.689944	1.452832	-6.543391
1943	1	-9.179083	7.676157	3.486940	-6.316367
1966	1	-6.949036	7.457562	-2.302497	-5.491648
2013	1	6.455208	-20.856254	7.342454	6.796881
2054	1	6.956171	-13.806168	7.679599	4.118124
2073	1	-4.135560	6.890925	2.111718	-10.007740
2076	1	-7.908637	6.345720	4.569399	-4.681773
2077	1	-6.716048	3.504826	3.018884	-10.964227
2083	1	-8.620321	8.552474	1.295857	-3.770800
2084	1	-10.784338	7.497980	0.094905	-0.292810
2087	1	-6.822389	6.068337	0.284516	-3.213095
2094	1	-6.703597	7.833233	-0.110819	-3.131541
2105	1	-8.867199	7.504889	3.415011	-7.312586
2115	1	-5.681522	7.094630	-1.971795	-3.188248
2124	1	-7.994414	6.671968	-2.324499	-8.248851
2125	1	-7.209376	7.667789	-2.102620	-5.208184
2130	1	-8.643863	7.125509	-0.950925	-4.200277
2138	1	-7.570002	6.067039	-1.637602	-4.716218
2140	1	-3.822537	7.486146	-1.592720	-7.615152
2152	1	3.556548	-16.746509	8.870827	5.636121
2157	1	-2.567402	6.341385	-3.220231	-4.372814
2160	1	-4.325495	6.907905	-4.114789	-4.415507
2161	1	7.199252	-7.988776	4.637578	6.724746
2162	1	-3.755494	5.904574	0.195763	-6.284357
2170	1	-4.981617	7.977139	-0.444651	-0.757446
2177	1	-5.295557	7.412334	2.581213	-4.497000
2190	1	8.955949	-16.428725	6.353411	8.785838
2195	1	9.151044	-15.199819	8.601525	7.776454
2198	1	7.790145	-9.524900	6.910168	2.369545
2213	1	7.953051	-12.190256	5.320627	5.985408
2216	1	-6.605820	6.612351	0.486315	-9.887980
2219	1	9.461831	-6.483417	7.751892	-2.803127
2221	1	7.650576	-11.092961	6.379293	5.333307
2237	1	6.232108	-17.418504	6.921793	5.328592
2251	1	-4.647241	8.644144	2.722975	-2.682504
2253	1	-7.728372	6.492375	2.717115	-7.379125
2267	1	7.797996	-13.438607	5.373794	5.905998
2277	1	-0.562570	9.273181	-4.584904	-8.265613
2280	1	-7.756817	8.546139	-0.347159	-3.131137
2292	1	-2.171036	6.032409	-0.172494	-5.260707
2301	1	4.805464	-11.845888	8.568656	4.502902
2302	1	6.480703	-8.321414	6.372163	3.555801
2303	1	-3.152624	7.315469	1.257355	-2.392856
2309	1	-11.019528	7.470091	1.043923	-5.312310
2325	1	6.619290	-15.128047	5.728928	6.290404
2346	1	6.933804	-12.960924	8.667636	6.108699
2363	1	-6.205272	7.141526	3.504776	-5.961855
2372	1	6.241502	-12.471647	6.177581	9.835542
2374	1	6.978498	-11.962090	4.271186	5.463080
2378	1	7.272056	-12.952209	8.573411	6.015694
2386	1	-2.827058	6.841970	-1.259061	-2.772225
2406	1	7.157300	-10.027712	2.021030	5.823101
2412	1	-5.519085	4.569569	-1.483777	-9.009230
2415	1	-4.709608	8.084762	1.123210	-7.943450
2419	1	6.838413	-14.221211	5.979308	6.427249
2421	1	6.924592	-15.409812	8.548401	7.291946
2422	1	-7.195297	9.259040	0.402924	-9.972711
2441	1	9.327817	-13.710358	6.527052	6.746766
2445	1	-7.500903	6.356078	0.285198	-3.317137
2486	1	8.197460	-16.290414	6.473258	7.965555
2501	1	-5.317244	4.694231	-3.443013	-3.578873
2524	1	0.164623	7.256816	0.352500	-4.580415
2530	1	-6.043632	4.600847	2.765689	-8.489249
2539	1	6.947578	-12.470279	6.996218	7.628111
2546	1	-0.758748	5.736129	-0.380354	-2.226797
2554	1	-3.044310	4.158575	-3.299236	-5.802835
2561	1	3.358119	3.932143	3.590226	-7.335807
2565	1	-7.509063	7.100435	-1.976166	0.336678
2567	1	-6.443077	6.519618	1.055904	-5.960471
2582	1	-6.019208	6.608406	-0.192010	-2.325935
2584	1	-2.709982	7.373086	0.159637	-7.679299
2591	1	-2.526128	-18.714471	6.659985	4.728394
2608	1	-9.277263	7.202964	0.229386	-9.306432
2621	1	-7.565562	8.110850	0.744287	-4.091422
2627	1	4.694376	-12.499762	7.596755	5.216008
2630	1	7.318710	-11.304928	6.791174	8.322055
2640	1	-4.289678	5.774650	0.563961	-6.582762
2649	1	-3.531193	-10.719737	7.521714	6.370532
2650	1	-6.550216	7.779709	0.475269	-7.313875
2652	1	-2.361260	6.462213	-1.593528	-3.242137
2665	1	-2.335169	4.725519	-1.986654	-8.010370
2677	1	3.785439	-13.023457	8.646402	6.428680
2689	1	-7.463372	7.860598	-1.737528	-8.570378
2702	1	-7.040415	7.024034	-1.706182	-4.519107
2706	1	6.507391	-8.265453	6.256202	5.060356
2710	1	7.829498	-15.672087	5.609284	6.725711
2711	1	6.761268	-14.211622	7.964863	6.026181
2713	1	-5.914497	8.593906	-0.163870	-7.106909
2728	1	-1.943538	6.763620	-3.311273	-9.851630
2749	1	-7.009910	6.852268	0.982820	-6.442478
2755	1	-3.864046	7.864763	1.007471	-6.307672
2759	1	-8.759606	6.524767	0.098943	-8.348904
2771	1	-5.003138	6.464211	-4.968605	-3.872084
2777	1	-9.474255	6.864335	-2.245076	-1.772925
2782	1	-5.977248	7.853931	-0.409566	-5.400442
2783	1	6.491838	-14.895341	7.989933	7.012314
2790	1	5.917903	-13.903097	6.410627	8.374878
2794	1	3.383941	5.824031	-0.960484	-5.731075
2816	1	8.090851	-13.917549	2.153759	8.200325
2821	1	8.374724	-18.004850	6.849648	7.717799
2829	1	-6.582686	6.293736	-1.478675	-6.285254
2830	1	-4.961107	9.593829	1.181715	-7.882458
2836	1	6.210056	-17.164658	8.367153	7.699959
2838	1	4.349419	-9.110676	4.003709	9.243005
2848	1	-3.762297	8.079430	0.385703	-5.994979
2864	1	-3.690363	6.969315	0.174635	-8.903233
2887	1	-8.596555	6.270852	2.596002	-4.432735
2888	1	8.776708	-4.670887	5.473685	-1.856862
2893	1	-4.808113	7.261403	-1.751521	-2.692246
2895	1	8.940632	-17.339759	7.084114	7.355009
2903	1	-0.856911	7.136925	-2.795732	-8.227216
2907	1	-3.771690	7.436081	-2.207660	2.166112
2915	1	4.474660	-15.196336	8.137486	8.335813
2917	1	7.410567	-23.159724	8.514381	6.241226
2928	1	6.768439	-10.324525	6.916024	8.111511
2932	1	-6.136849	8.438942	-0.381776	-3.720333
2934	1	8.687390	-12.039759	5.406461	-1.219167
2935	1	8.798700	-9.243088	7.127323	7.744204
2938	1	9.530300	-13.376253	8.957443	8.095399
2965	1	7.430065	-16.383329	8.835249	7.718090
2969	1	-0.017797	4.037465	5.527619	-6.137435
2983	1	-6.180156	8.262049	0.975386	-8.533270
2984	1	-7.474178	6.187200	0.085230	3.462811
3011	1	-1.055123	7.083279	4.188745	-3.262092
3014	1	-4.856105	9.399514	-0.553791	-10.940718
3038	1	-5.191658	5.858983	-1.353391	-5.799931
3074	1	-3.842581	7.810427	-1.339474	-5.023628
3091	1	5.219216	-10.390618	4.634662	9.385084
3099	1	2.658191	7.635027	-1.956885	-7.051869
3100	1	0.111462	5.070002	-4.971294	5.865486
3101	1	-9.588254	6.049126	0.271629	3.667545
3110	1	-5.319129	7.820105	-0.610680	-8.830919
3121	1	-6.543263	9.027933	-1.649397	-2.337433
3123	1	-7.224779	5.278937	-0.964561	-4.740632
3124	1	6.059695	-15.033280	8.876050	-3.747733
3143	1	-3.123300	6.376854	-3.028573	-4.789187
3150	1	-1.276368	9.389993	-2.491045	-3.782920
3152	1	8.810611	-18.628684	6.779506	7.563727
3158	1	-8.182639	6.736978	1.975403	-6.411450
3160	1	-5.518590	6.792425	-0.624744	-5.165363
3175	1	-9.328204	7.669733	5.127426	-0.813034
3186	1	-0.972824	8.066241	-0.209727	-2.100956
3189	1	0.775412	4.612721	-0.807018	-7.893595
3193	1	-5.669746	5.450463	0.495330	-2.420403
3195	1	6.820564	-12.914372	7.071629	6.610738
3202	1	-2.165428	5.153755	-1.802740	-9.457487
3215	1	7.776210	-9.147151	7.235304	-2.850497
3221	1	-4.159914	8.749987	-2.150249	-4.421589
3240	1	7.481705	-11.802419	6.954491	8.706925
3242	1	-10.623182	3.724156	0.768044	8.629953
3246	1	-8.941434	5.168737	2.748836	-9.295793
3250	1	9.092302	-15.701373	7.295339	8.428637
3267	1	-6.349194	4.779112	3.800416	2.685279
3276	1	-7.312436	6.075227	-2.048954	-3.636518
3311	1	-2.671953	-10.983986	6.564817	8.077361
3347	1	-8.064172	5.435906	-0.837913	-2.251509
3371	1	5.732883	4.658984	0.880503	1.419942
3379	1	-4.664655	7.083576	4.507819	-8.694402
3397	1	7.750408	-10.888207	6.376349	6.513952
3400	1	-5.669498	6.762077	-0.666150	-3.702178
3419	1	-5.516229	6.479559	-3.930640	-7.056316
3432	1	-2.076625	7.955798	1.319031	-4.945937
3442	1	-3.104878	7.714052	-1.660004	-3.274579
3446	1	-3.043615	7.574718	0.855826	-5.013447
3449	1	6.886331	-20.428938	6.865040	6.151592
3454	1	6.172632	-9.518866	6.353235	7.433344
3455	1	9.310583	-16.976310	9.295077	6.933958
3456	1	6.590929	-16.054615	9.313352	6.553801
3483	1	-3.884351	6.468013	-0.367592	-2.683274
3499	1	-9.574405	8.475995	0.916005	-7.087727
3500	1	-6.061478	7.726122	-1.107755	-4.844160
3506	1	-4.347598	3.271958	-0.850292	-2.317098
3521	1	-4.929585	7.630962	2.174231	-8.917565
3531	1	-4.698045	7.946971	-1.343538	-4.076913
3535	1	8.099329	-16.497759	7.096089	6.996176
3545	1	-5.372117	6.015203	-1.995936	-2.418519
3546	1	-8.723224	6.509388	-1.200021	-2.744771
3561	1	-2.249444	6.148926	0.786406	-10.586515
3581	1	5.500980	-19.260824	6.049661	6.174428
3585	1	-10.490961	7.269611	0.913049	-8.201901
3587	1	-4.489433	7.336020	-2.061695	-6.450808
3589	1	-0.992566	7.541492	0.558300	-2.773854
3606	1	-3.755263	5.765156	2.297661	-6.743014
3616	1	4.689240	-13.317874	4.858894	8.216832
3665	1	-3.447460	8.094059	0.454272	-2.867392
3671	1	6.312224	-11.461113	5.530471	5.645934
3673	1	-2.631469	8.209115	0.453124	-5.576034
3682	1	7.547549	-17.141467	6.606969	5.971963
3685	1	-2.564767	6.124292	0.559123	-0.601470
3695	1	6.467874	-16.755637	7.425477	5.903606
3699	1	-4.499604	-8.487043	8.484774	8.433839
3700	1	6.945883	-17.071778	6.773130	7.250954
3705	1	9.215184	-14.666862	7.350193	8.444125
3706	1	7.760977	-16.688399	6.221981	7.761679
3717	1	-7.240407	8.056616	2.083949	-5.921795
3721	1	8.654516	-14.908862	7.803415	-0.775561
3727	1	-5.510373	6.620072	-4.438288	-5.596511
3736	1	-2.435650	-10.347787	6.212282	9.204753
3739	1	-3.401670	6.321822	-0.114025	-5.622635
3740	1	-8.186096	8.215818	3.536994	-6.030625
3769	1	-5.718196	6.664268	2.516910	-2.899201
3789	1	-9.931233	7.802773	2.616511	-6.562303
3795	1	-9.099861	6.111152	-1.859865	-5.201754
3821	1	-3.201392	8.122660	-3.204036	-6.494194
3823	1	-2.275591	5.740675	-0.763331	-2.982106
3826	1	-8.633184	6.678017	1.116157	-3.286742
3843	1	-10.061346	6.494839	-0.332561	-6.483740
3858	1	-5.823894	9.444495	2.057177	-5.359509
3865	1	-6.158456	8.010138	1.442996	-5.594349
3870	1	-8.088553	6.968940	1.914306	-9.527200
3873	1	-8.467087	7.713337	0.048611	-6.607395
3887	1	3.456366	-11.394876	6.602754	8.194768
3892	1	6.634003	-17.418156	9.133207	6.888315
3903	1	-3.490225	8.492007	-1.331302	-3.794835
3913	1	-6.394790	7.423837	0.823593	-10.372609
3918	1	-9.087755	9.190877	-1.279200	-6.474977
3924	1	6.680705	-18.006972	6.366888	6.336445
3931	1	-0.998051	6.957114	-1.806009	-2.362910
3939	1	3.672683	-12.838674	6.387413	8.897445
3991	1	6.725506	-16.560569	5.618893	6.844812
4018	1	9.344242	-11.742205	4.527484	7.910459
4027	1	6.168498	-17.484547	9.034261	7.116422
4029	1	8.899797	-16.549159	5.753079	8.629957
4048	1	-3.764490	7.885619	1.137443	-2.061752
4075	1	-8.365522	6.807522	-1.542638	-3.544901
4080	1	6.406447	-14.677419	9.377009	8.251074
4093	1	-7.744302	5.777298	0.053350	-2.791231
4113	1	-7.051625	7.227945	2.415422	-9.695756
4117	1	6.987334	-15.872676	6.275818	7.975656
4120	1	-6.104628	5.076450	1.419662	-10.362058
4144	1	-4.926231	8.860888	0.331966	-6.629072
4152	1	-7.093302	8.428125	-1.109887	-7.595282
4156	1	-7.966663	8.477206	-1.197945	-5.383566
4209	1	9.576556	-16.106481	4.847576	5.737396
4211	1	7.604063	-14.826615	5.699838	7.039941
4214	1	8.492880	-13.210707	7.581641	7.034495
4226	1	7.910548	-15.788456	6.856676	0.103612
4239	1	7.552959	-17.532721	6.542481	7.329612
4267	1	6.211742	-13.167975	7.961082	8.984860
4281	1	-6.196490	8.904977	1.269008	-6.899646
4285	1	8.960981	-14.995990	5.568685	7.015419
4329	1	9.295835	-12.610812	5.040420	8.350325
4340	1	-1.321936	8.402022	0.469405	-8.045440
4350	1	-4.873013	7.209789	1.842666	-6.803313
4351	1	7.251233	-14.136547	4.035707	7.778596
4357	1	8.552045	-13.247730	6.715302	8.710997
4364	1	6.242952	-14.750713	4.629925	6.248657
4366	1	7.524219	-17.180385	6.321082	8.248199
4406	1	-5.129233	7.609817	0.187721	-8.608496
4411	1	-3.335424	9.260307	-3.789099	-4.467638
4412	1	8.201703	-12.414512	4.641094	6.653148
4432	1	-1.404765	6.562723	0.780513	-5.804274
4441	1	6.823755	-15.703711	6.366075	5.206163
4446	1	-5.674455	8.814534	0.787854	-6.955298
4451	1	8.152548	-8.154307	2.869777	-4.430998
4459	1	-6.140673	6.221587	-1.742959	-5.253689
4462	1	5.922380	-12.846924	6.884409	-3.197681
4468	1	-1.643576	-15.219080	7.434381	6.167706
4484	1	-6.617599	6.850447	-1.277277	-4.613982
4486	1	-4.705840	8.612183	-0.973996	-8.468008
4487	1	6.249018	-13.540962	8.765672	6.519382
4489	1	-1.764138	7.226807	-0.203665	-3.898398
4493	1	8.166218	-10.186476	6.688661	5.740060
4497	1	8.024062	-10.193566	5.446618	5.527166
4520	1	-10.035132	6.869983	2.979603	-8.148647
4522	1	-10.992209	7.060019	3.448636	-4.393259
4538	1	-9.390303	8.394903	-2.215233	2.729132
4543	1	-6.929417	9.093873	1.371677	-6.642302
4551	1	8.238682	-15.391781	6.438876	-1.769163
4568	1	-2.389922	6.561089	-0.724192	-9.020670
4571	1	-4.560535	5.022925	-4.489231	-7.732715
4579	1	8.880035	-12.918014	5.555321	6.936039
4588	1	7.299078	-18.525194	7.732759	7.224078
4618	1	7.680077	-19.174944	6.747704	6.536493
4647	1	6.580263	-17.121326	8.917204	8.360658
4659	1	2.910987	-12.062195	6.371147	9.538133
4665	1	8.483232	-7.154094	3.990084	6.922886
4666	1	6.907578	-12.338590	8.671293	7.382216
4680	1	-6.920211	7.306861	-1.482372	-3.068785
4692	1	-8.972199	6.818010	2.957177	-3.703267
4752	1	6.935315	-14.298235	7.080390	-1.001948
4767	1	7.793671	-14.457527	6.016992	6.635176
4778	1	-5.852882	6.824265	-3.755365	-6.432509
4790	1	6.940233	-13.808573	7.420836	5.541375
4803	1	-4.229393	6.549382	1.045886	-7.399364
4809	1	9.823031	-14.464786	5.828472	7.494047
4812	1	-4.988023	6.611701	-2.323778	-10.233034
4819	1	-2.234626	-13.033821	8.116671	8.618683
4855	1	-4.772933	7.799728	1.995938	-4.484540
4859	1	1.618253	8.755521	-1.364590	-5.686033
4861	1	-8.308826	7.836012	-0.285196	-7.494085
4868	1	7.649028	-15.909534	8.640576	8.751749
4870	1	8.510610	-16.521272	7.605708	7.036275
4875	1	-3.300627	7.331187	-2.810082	-2.749289
4891	1	-10.308942	6.365168	-0.485718	-5.906359
4899	1	8.690251	-13.454154	7.139477	6.622370
4930	1	-4.733456	8.548641	-0.147800	-2.329437
4940	1	5.138636	-15.511442	7.440036	7.546458
4943	1	-4.322532	7.134650	-0.863785	-4.165634
4948	1	-9.074211	6.854318	-3.036787	-9.143129
4955	1	7.829397	-20.723582	5.814236	6.695944
4957	1	5.988172	-16.830023	7.755695	6.583097
4967	1	-7.468272	7.966940	-2.086254	-7.704040
4980	1	8.092772	-18.245201	6.628747	9.127085
4983	1	6.263937	-10.178267	3.706791	9.609016
4988	1	-5.300063	7.861514	-1.023560	-7.618893
4991	1	-3.601652	6.589980	-0.131438	5.556913
4994	1	-5.683695	6.599585	0.052052	-8.428751
5011	1	-3.863475	6.874631	2.830149	-5.194334
5017	1	-5.523307	0.475350	-3.017953	7.295564
5018	1	-2.774015	-13.213665	7.141614	8.134202
5026	1	-5.858703	6.420933	0.362010	-6.284527
5040	1	-5.271567	4.378240	1.137593	-7.297718
5043	1	-4.549698	7.945098	-0.043070	-4.321364
5047	1	7.393679	-17.765270	8.239266	6.662373
5051	1	8.021499	-13.705396	8.261100	6.905810
5072	1	7.879846	-12.918531	5.395533	6.059616
5078	1	-10.814261	7.382974	-2.972641	-2.937978
5084	1	-1.317589	-7.980351	5.876604	5.544174
5099	1	6.936592	-15.523533	7.371193	8.620440
5109	1	7.430181	-13.696336	6.177956	6.569413
5125	1	-0.154631	6.265928	-2.718459	-4.773693
5128	1	7.373386	-14.403157	6.297728	7.298235
5131	1	-1.866738	8.674591	-0.404519	0.536658
5140	1	6.816487	-13.757485	8.277881	8.294171
5141	1	7.978968	-16.842100	5.111129	7.114713
5143	1	6.340104	-15.167328	6.539497	8.479972
5146	1	7.315676	-6.427147	8.534273	-5.499788
5147	1	-0.852656	7.225388	1.004730	-4.260077
5159	1	8.595432	-15.401102	7.143947	5.680857
5160	1	-6.031532	7.353758	-0.797270	-6.587521
5162	1	-7.907553	5.678958	1.442702	-7.966493
5174	1	6.873172	-16.665341	5.613985	7.926738
5177	1	7.475343	-11.906415	6.527036	8.369987
5178	1	-3.057923	4.802852	5.697350	-0.576938
5197	1	-7.055622	7.022945	0.353346	-3.279805
5224	1	8.842485	-11.101736	6.983500	6.621220
5227	1	6.359310	-18.244952	8.975706	6.811444
5235	1	5.472655	-18.973486	5.722355	7.588592
5253	1	8.772488	-16.172202	6.437834	9.430806
5254	1	6.533548	-8.891040	4.628065	7.293429
5265	1	6.407442	-12.583438	7.199249	8.685995
5266	1	6.502707	-13.988395	6.761616	8.767614
5268	1	7.145506	-13.829139	7.191691	5.723698
5275	1	6.079754	-11.772574	8.201613	5.855382
5297	1	6.859284	-13.922899	6.044666	5.977634
5302	1	6.305728	-12.486421	6.803160	8.248155
5309	1	-7.247320	6.611036	0.386317	-5.239025
5319	1	7.526565	-20.054060	5.486807	7.584438
5325	1	-5.772344	8.792475	0.797347	-2.510551
5331	1	-1.463439	6.393400	-0.258401	-3.282320
5368	1	-4.396116	0.621356	5.539461	-4.070752
5371	1	8.698790	-16.936866	3.927092	6.295524
5379	1	-5.620798	5.948829	2.095485	-7.247510
5381	1	7.592569	-13.165525	4.633560	6.929058
5400	1	-7.799239	8.375599	-0.508115	-6.021828
5403	1	-6.904591	6.222825	1.067280	-5.539191
5413	1	3.361752	-9.734666	7.465311	6.075980
5414	1	-9.463824	6.894454	-0.512711	-7.501317
5418	1	-8.670078	9.159422	1.398050	-4.146940
5432	1	-7.838460	8.359126	3.748503	-2.524254
5438	1	-8.456112	7.400167	0.812624	-4.731706
5458	1	-2.729556	6.598774	0.747287	-5.860459
5475	1	9.428723	-15.748921	6.492912	6.563365
5499	1	7.894273	-19.826982	8.966189	6.907701
5515	1	-6.139527	8.862278	0.382625	-2.569832
5528	1	6.647034	-13.418498	5.114346	6.503594
5531	1	-4.502984	6.403820	-0.730336	-5.341037
5535	1	5.112331	-8.461940	7.804171	-0.230808
5542	1	7.279773	-11.118324	7.386487	2.213579
5556	1	6.394456	-16.901820	6.891646	7.823465
5559	1	-7.868936	5.083992	1.399848	-3.439557
5561	1	-9.927719	6.751613	0.620251	-4.847212
5565	1	-4.626162	5.948537	1.421513	-4.241662
5568	1	5.778563	-10.895305	3.361257	6.797386
5578	1	9.518796	-14.026767	5.588255	7.338407
5584	1	-7.027431	7.124489	-2.681678	-3.159592
5594	1	-7.230273	7.490420	1.352544	-2.928040
5619	1	-6.593610	6.628582	0.142815	-2.057709
5627	1	-6.515258	9.107262	-1.768155	-4.710183
5635	1	7.666640	-18.054535	6.184644	6.933432
5637	1	-2.565942	5.404377	-0.037181	-5.980109
5642	1	-3.092794	9.051841	0.874571	-7.991766
5643	1	-6.721269	6.741735	-1.294723	-6.119993
5656	1	8.317335	-9.865038	5.866062	1.466412
5662	1	6.443321	-10.443765	6.618613	2.894070
5666	1	-5.202373	8.324589	0.404086	-1.674237
5672	1	8.199429	-10.748272	5.784697	6.955860
5708	1	7.276842	-13.746311	5.774985	6.497996
5730	1	-6.484563	6.153813	-0.665847	-6.224472
5736	1	8.140104	-14.876831	6.356869	5.181193
5737	1	-3.755885	6.100211	5.053271	-5.395795
5775	1	7.066624	-13.349626	6.952453	5.553528
5787	1	0.913886	8.454057	1.221276	-1.516919
5790	1	6.841996	-11.728073	9.138113	8.456575
5806	1	5.369578	-13.930233	7.000519	6.626320
5807	1	6.683563	-10.548080	5.671640	9.515234
5828	1	-5.792822	7.055879	-1.984785	-4.737258
5847	1	-7.053581	7.238706	2.653925	1.258356
5880	1	-6.053012	7.121553	-0.294199	-7.831601
5885	1	-6.471883	6.282880	1.804031	-0.375650
5887	1	7.264642	-13.337261	6.086776	6.941989
5891	1	-5.081833	8.168444	-0.791963	-7.515512
5918	1	-0.421828	7.395804	2.549116	-4.545940
5937	1	-9.175223	5.574858	0.576942	-4.767047
5939	1	9.237582	-10.822951	7.465477	6.694337
5941	1	8.668557	-17.425387	5.719939	9.120981
5944	1	6.446681	-15.305176	7.353984	5.597231
5949	1	-3.499490	5.963711	5.014270	-7.755005
5952	1	1.160417	-9.961928	8.009613	9.116479
5958	1	-6.959127	7.805772	3.923488	-5.555901
5962	1	7.318588	-8.935578	7.407018	8.953487
5963	1	5.258455	-12.553246	8.120163	6.041761
5966	1	0.076265	8.420453	-2.510709	-8.659834
5972	1	-6.478912	7.018938	1.171082	-4.784930
5975	1	8.189974	-15.084513	5.267711	7.144354
5991	1	-6.020346	7.615662	1.169931	-6.193160
5992	1	-5.778141	7.656376	1.401781	-9.338824
5995	1	-5.149379	5.443779	-0.016225	-8.971019
5997	1	6.382528	-14.543470	4.671947	8.143913
6000	1	7.309677	-14.510138	8.611090	8.131718
6018	1	5.404378	-3.330909	5.144604	6.219419
6020	1	8.576471	-14.995163	7.771957	6.807590
6026	1	6.805487	-13.356274	6.970615	6.696654
6033	1	-6.345523	5.886861	-1.396840	-6.931581
6041	1	8.044074	-11.727287	5.205460	6.263703
6042	1	3.708685	6.008270	0.479560	-8.695885
6047	1	-4.219431	7.933572	-0.041735	-6.376715
6049	1	-4.667990	6.667917	2.182578	-9.296768
6051	1	-8.448333	8.664584	-0.116384	-1.889420
6053	1	6.448001	-16.920968	8.072813	7.797936
6056	1	-9.602318	8.548119	2.991016	-7.566635
6068	1	-5.928896	6.665567	-2.219802	-5.725190
6086	1	-11.044962	9.630058	2.914869	-4.247237
6098	1	-5.488246	7.543148	-0.959042	-7.128911
6103	1	-8.309170	7.489482	-0.010196	-8.592715
6109	1	-4.314089	8.652096	0.961034	-4.196720
6122	1	9.355338	-11.560069	6.271414	6.007260
6123	1	-5.727938	8.123665	0.964823	-5.984080
6128	1	7.354269	-20.566042	5.366644	9.251002
6142	1	-8.511270	8.660774	3.520719	-5.483871
6147	1	-7.048063	8.541809	3.398729	-5.739675
6157	1	-9.600469	8.305092	1.545490	-9.902256
6158	1	7.061996	-10.583595	6.420855	9.762410
6163	1	-2.259603	5.710381	2.143334	-7.423958
6174	1	-1.642784	8.636068	-1.146519	-4.990761
6180	1	6.796683	-15.716446	9.324050	7.366781
6194	1	7.853294	-23.169514	6.832786	8.794377
6199	1	-4.400328	7.000746	0.387494	-7.032792
6209	1	5.573382	3.128857	0.616929	-0.854423
6214	1	6.901395	-14.576960	8.046251	7.567410
6228	1	-5.068268	4.216646	1.185381	-6.939900
6232	1	-4.827250	7.002007	-0.724882	-4.939089
6234	1	8.396566	-14.504835	5.297735	6.981966
6244	1	-3.460178	6.986674	-0.136235	-4.399655
6258	1	-2.353498	9.699892	-2.029323	-7.784279
6262	1	-6.040169	8.781726	1.664365	-7.719613
6272	1	8.633090	-12.535226	7.440055	6.741901
6277	1	7.760958	-10.668023	2.277264	8.396738
6286	1	5.983323	-14.252595	5.827616	8.658739
6292	1	-7.540988	6.264549	-1.003818	0.128971
6317	1	7.714962	-16.360928	5.704508	9.081710
6348	1	6.774513	-14.453622	6.236513	8.633136
6351	1	-10.106121	6.885842	3.723229	-5.175976
6356	1	-6.065449	6.830026	-1.106938	-5.413395
6363	1	-9.381987	5.819706	-0.307792	-7.035011
6371	1	6.081726	-17.984394	8.253607	9.707914
6374	1	-6.941839	7.865477	2.034806	-3.865121
6378	1	6.480385	-16.848074	5.905564	7.121379
6386	1	6.622677	-9.787527	8.436642	-2.198628
6410	1	2.222168	4.801875	4.508171	0.062549
6422	1	-5.684439	6.987126	-0.231504	-3.648183
6431	1	2.707300	-12.618924	9.019354	8.351820
6435	1	4.539438	-12.181004	6.862752	8.075567
6452	1	-3.369170	4.847480	2.054323	-7.132440
6455	1	-5.210523	6.905177	-1.176401	-5.185586
6466	1	-1.683618	7.863869	-1.993806	-4.754906
6468	1	9.254791	-17.399150	9.038002	7.599806
6474	1	9.481937	-16.719949	6.671955	7.129002
6483	1	-6.658332	6.756099	1.514031	-9.156743
6499	1	-3.384129	7.673040	-1.773961	-6.393093
6512	1	-4.647892	7.651876	-1.086416	-7.401552
6517	1	6.683655	-20.575196	5.192313	7.797106
6524	1	-3.911859	8.541220	2.391108	-7.266573
6525	1	-3.551715	8.731834	-0.923556	-1.593684
6538	1	-0.086574	1.808807	-2.960092	-6.713657
6544	1	7.477644	-15.853890	4.829377	6.070608
6560	1	-5.419236	6.928712	0.106460	-8.124478
6594	1	9.429914	-13.273866	5.929407	6.049751
6610	1	-1.845749	7.616208	0.443220	-3.904246
6652	1	1.560322	6.670945	-2.402038	-3.967886
6654	1	7.483386	-19.351632	7.229806	6.571258
6667	1	-7.359839	5.691454	1.363879	-5.830634
6672	1	-5.398550	7.198991	-1.067074	-9.561933
6675	1	-2.204313	7.573172	2.919287	-6.750436
6676	1	8.818654	-7.120367	3.531052	3.218981
6680	1	6.923973	-10.715866	6.972428	9.181797
6684	1	8.434995	-13.580679	9.433381	-0.493577
6690	1	-1.143616	8.430943	-3.204485	3.304791
6697	1	5.618953	-15.244032	9.319306	6.894331
6703	1	-3.937150	7.112919	0.557618	-8.822386
6717	1	8.421603	-13.482705	5.089822	6.670084
6730	1	-6.729684	5.665705	-1.248808	-4.255007
6746	1	6.703183	-14.139837	4.466089	7.184288
6753	1	6.291719	-14.643358	5.731217	7.513792
6761	1	-5.237468	8.316701	-1.386253	-8.449764
6765	1	1.539287	8.774631	-1.645641	-5.094124
6791	1	2.044110	8.699717	0.342785	-8.141223
6808	1	-2.228895	7.729611	2.697981	-7.239259
6810	1	-1.628636	8.775957	1.420315	-5.081273
6820	1	8.052422	-13.214869	6.748496	7.011588
6823	1	8.574209	-13.127554	7.016205	7.231291
6824	1	7.416087	-16.591787	6.726794	6.617433
6832	1	-4.777249	5.610719	0.140856	-7.498852
6835	1	-8.652639	6.573483	-2.807780	-2.596294
6842	1	6.512407	-15.942305	8.207289	6.195692
6857	1	8.455172	-15.779812	6.476403	7.688673
6864	1	-4.444988	4.533196	-1.440541	-10.266623
6889	1	8.152908	-10.283352	6.892607	8.321789
6896	1	-5.812069	7.987450	1.173676	-6.170998
6917	1	0.014363	-9.343888	4.964080	7.084310
6933	1	7.113432	-16.569129	9.230783	8.927549
6936	1	-7.962925	6.892882	-0.859010	-4.363024
6944	1	-5.055981	8.731729	-0.426321	-5.192047
6954	1	9.057194	-11.769124	4.226187	6.120135
6956	1	-5.454254	5.913740	0.875393	-6.884766
6972	1	6.079080	-13.518160	8.125587	5.417851
6974	1	8.728326	-8.884287	6.455450	6.936516
6981	1	8.842572	-16.447034	3.315674	9.372022
6996	1	7.101228	-13.521233	4.921916	6.522249
6999	1	-8.644972	7.855151	3.187743	-8.784748
7005	1	1.416296	-10.421751	9.844870	7.490356
7039	1	-4.882527	6.361164	5.012169	-8.365057
7046	1	8.107667	-12.758507	5.962009	7.405945
7083	1	-7.511223	6.542987	0.150962	-5.978168
7110	1	-6.310563	7.024619	-1.350078	-5.087893
7112	1	8.322629	-11.488956	6.680936	7.151238
7120	1	-7.243717	7.327249	1.782250	-5.893772
7127	1	7.000029	-18.143259	7.372908	6.327121
7137	1	-4.035832	5.511390	-0.466357	-3.414587
7177	1	-5.724490	5.840808	-2.982768	-2.291899
7181	1	-0.913199	6.895988	0.395424	-6.604655
7204	1	-8.049109	8.290179	0.290866	-6.132160
7208	1	7.634171	-16.822140	7.002588	5.935211
7213	1	7.388445	-14.636231	6.826903	9.145949
7235	1	7.473950	-15.470405	7.122994	6.236004
7256	1	-8.528366	6.438159	-4.170987	-4.029525
7257	1	-7.398549	7.439862	2.032829	-4.350955
7259	1	-7.720798	6.617565	-4.596192	-0.589722
7261	1	7.998166	-10.905381	6.460826	-1.568616
7269	1	-5.352301	8.822664	-1.235887	-5.650064
7273	1	7.152172	-16.793259	7.224654	4.545179
7276	1	-7.633870	3.505010	6.574362	-10.108861
7290	1	1.357711	5.553849	-1.877088	-7.434144
7295	1	-7.870302	5.958879	-0.486838	-2.654562
7300	1	6.182868	2.050718	2.652983	-8.109539
7313	1	-4.144184	8.496922	3.685169	-6.249924
7322	1	-6.159833	8.763678	1.130242	-4.162600
7345	1	8.035758	-10.649006	6.368422	-0.805958
7347	1	-4.613096	7.653730	-0.371691	-3.717022
7355	1	6.244744	-13.775992	6.257239	6.476082
7372	1	-2.345340	-14.410419	8.411777	6.713163
7383	1	7.549748	-14.738378	7.535758	7.827501
7389	1	-9.649904	5.693424	-0.665920	-4.237539
7395	1	-1.379923	7.723414	-1.338594	-4.887774
7402	1	9.102515	-13.632802	5.976299	7.646679
7416	1	-5.067242	6.907648	-0.697263	-3.858689
7419	1	5.346540	-20.486767	9.161644	6.926885
7428	1	7.829977	-12.010070	3.878317	6.213071
7438	1	-5.411864	8.283841	-1.509905	-7.431174
7443	1	7.510351	-16.547383	7.970627	6.499884
7447	1	-1.991316	5.796883	0.793750	-4.281510
7455	1	-6.617945	7.002042	2.220453	-10.982455
7462	1	7.385416	-17.217332	9.016841	6.162706
7463	1	-7.436243	6.930300	-0.301871	-5.782707
7486	1	-8.235290	7.462140	-0.362196	-3.635319
7487	1	5.979188	-18.911230	6.813209	7.138329
7492	1	-5.526457	6.583913	-0.281582	-7.011466
7496	1	8.225483	-8.489091	8.462362	-1.629780
7499	1	-5.570068	5.371289	-0.156470	-4.806128
7537	1	-5.305803	6.871305	0.140136	-5.987913
7540	1	-5.589396	5.609983	-1.503277	-7.234514
7563	1	4.917890	-14.971946	4.562613	-1.077381
7565	1	-9.455082	8.897003	1.685863	-4.650288
7568	1	-2.429901	9.075776	-4.418030	-8.678269
7570	1	8.583541	-15.645523	6.175993	5.167625
7580	1	8.857803	-12.244065	6.901086	7.320731
7581	1	7.263553	-18.927423	6.183733	8.176536
7618	1	-5.206934	8.019460	3.655705	-3.955456
7627	1	6.335948	-12.537988	7.766679	7.972029
7655	1	-5.758794	6.879904	-5.216643	-7.324951
7672	1	6.382091	-14.452814	6.764047	8.567739
7675	1	-4.527615	6.869255	-0.635554	-3.358980
7683	1	-3.448239	6.163998	1.829933	-2.090607
7706	1	-5.322000	7.473992	-2.095985	-11.692352
7725	1	-4.170417	5.218875	-1.150625	-4.732235
7732	1	-4.387496	9.127088	-0.661477	-6.388857
7733	1	5.075533	-14.648343	6.976418	7.352369
7734	1	-8.980688	5.801028	-1.684033	-2.159341
7747	1	-9.165014	6.420279	1.090075	-1.787075
7750	1	-5.320476	7.833582	-2.194494	-4.836258
7758	1	-9.413248	7.508880	-0.739797	-1.575426
7763	1	-2.204746	6.144002	-4.310538	-7.684720
7767	1	-6.652497	6.173883	1.462363	-6.571781
7796	1	7.587794	-17.601212	8.826378	8.605005
7801	1	8.146548	-17.221439	8.658495	7.220372
7804	1	-4.011278	4.848599	0.519288	6.137998
7806	1	5.992622	-18.344606	7.843411	7.382015
7808	1	8.474635	-18.196250	6.335664	8.261501
7814	1	8.206099	-17.576674	7.104032	6.651215
7819	1	-4.328397	4.828875	1.401853	-6.451353
7826	1	6.166720	-10.803433	6.054681	6.839410
7831	1	7.226709	-14.227495	8.533997	6.540807
7853	1	-5.415556	9.568693	1.018259	-4.783194
7856	1	-5.089567	6.467808	1.669007	-4.446141
7858	1	-4.277755	6.388590	0.670791	-7.861435
7859	1	5.947345	-9.939320	8.482005	7.138148
7864	1	1.954337	-10.065480	8.285689	6.324447
7870	1	8.852016	-17.130569	5.495156	7.290365
7880	1	6.952983	-10.079985	7.716721	2.771847
7882	1	5.604392	-13.606592	6.723457	9.056324
7914	1	9.055789	-12.893449	5.836786	7.952895
7916	1	-6.660747	5.912175	0.660379	-2.621778
7921	1	6.583762	-15.109995	6.705899	7.152544
7929	1	-5.750636	8.144680	-2.415683	-6.211512
7943	1	8.898345	-7.138772	2.827855	7.075756
7944	1	3.746855	-11.011778	7.450165	8.919103
7948	1	-6.013088	6.893938	1.323856	-7.249452
7970	1	-5.982365	7.819634	-0.199775	-3.613774
7977	1	-7.558040	4.446670	2.215781	-7.264843
8010	1	9.104822	-14.814968	5.765091	6.688320
8011	1	-7.701716	8.638281	0.534814	-2.287928
8018	1	-10.231111	6.737474	1.270087	-4.350743
8021	1	6.533899	-12.006139	6.176005	5.919651
8024	1	7.663695	-9.916023	7.445386	7.345035
8026	1	-6.605889	6.726206	-0.984906	-6.548302
8039	1	7.232232	-19.712548	7.953172	7.152014
8042	1	5.942779	-17.054165	6.020197	8.531628
8046	1	6.727746	-16.202552	8.828862	8.087338
8048	1	-3.149249	6.908945	-0.124685	-9.565461
8051	1	6.644067	-8.536987	5.155714	2.030742
8076	1	-7.008638	7.117811	0.381069	-5.291743
8077	1	8.264210	-14.155555	8.968813	7.023132
8083	1	-4.056805	8.389605	6.455155	-4.298686
8084	1	-5.401905	8.723701	-1.225953	3.400846
8096	1	-5.168781	8.331196	-1.122793	-6.054965
8108	1	8.057217	-19.269299	7.279220	8.655915
8112	1	-3.670421	7.693121	-1.214357	-6.211393
8120	1	-7.810034	7.203324	-0.689444	-3.235467
8126	1	7.600026	-11.292247	6.103610	7.831318
8132	1	8.817726	-15.711369	7.727815	6.366314
8138	1	7.693069	-14.920426	3.847327	8.302334
8168	1	-6.621917	7.164100	-1.727127	-5.260587
8185	1	-0.447265	7.364354	0.750769	-8.406531
8186	1	-6.526655	6.742953	-0.921903	-3.087060
8196	1	-5.078372	6.982864	0.859360	-10.105004
8201	1	-7.987669	6.590522	0.812593	-6.569996
8205	1	-6.107306	8.221939	1.680685	-6.107452
8225	1	1.174075	6.464490	-2.650466	-10.017324
8226	1	-4.960946	6.425693	2.292388	-4.840947
8248	1	-8.500309	6.179653	4.834797	-0.520954
8250	1	5.883868	-12.697615	7.556515	7.536599
8269	1	-6.772912	6.523890	-4.557816	-6.840271
8272	1	-6.274769	6.943068	-1.924603	-8.505291
8273	1	7.930166	-11.654245	7.513550	-3.836871
8289	1	-9.395462	6.843275	0.430728	-7.471907
8291	1	8.356549	-9.908784	7.202414	0.804491
8299	1	6.532261	-17.233212	7.657847	7.030179
8312	1	-4.009750	4.625741	5.149173	-5.947259
8337	1	-11.327821	8.633267	0.342260	2.964566
8357	1	-6.334585	7.244868	-0.272453	-8.284051
8359	1	-4.145558	6.022155	0.201645	-2.414505
8360	1	0.585673	5.033234	-0.848517	-6.987535
8385	1	-7.279147	4.874867	1.259333	-9.325345
8402	1	-8.285665	5.738503	-0.458278	-8.878481
8411	1	-6.770631	7.403542	1.918771	-1.331587
8434	1	-9.449529	7.614575	1.355729	-8.647361
8450	1	6.717247	-15.335603	8.825608	5.759995
8451	1	-10.430323	7.809385	-0.532951	-4.731289
8452	1	-1.958158	7.103689	-0.446529	-8.307453
8464	1	8.103275	-15.746004	7.148182	6.361041
8465	1	7.915948	-19.305480	7.145565	6.747785
8484	1	8.255966	-16.250411	5.413276	8.738943
8491	1	-5.691683	8.751533	-1.265119	-4.072887
8495	1	-5.792836	9.425947	-3.038179	-4.553894
8500	1	-8.909992	6.568229	-0.629650	-7.843526
8508	1	4.074858	-15.344201	6.007810	8.557576
8509	1	-6.379742	7.096173	0.809950	-3.549991
8517	1	-7.378224	5.208815	4.800962	-7.071259
8522	1	8.084951	-12.357405	7.079221	6.254011
8538	1	8.207211	-15.762259	6.105344	7.052875
8541	1	-9.093324	3.388765	0.438433	-7.107963
8552	1	-0.857858	5.220432	-1.000486	-2.046447
8558	1	-8.852644	8.538337	0.863806	-1.951678
8560	1	1.584899	6.896528	-0.071824	-3.823433
8566	1	-3.609964	9.026648	-0.040088	-7.402199
8586	1	-6.109876	4.593525	0.763743	-3.604319
8596	1	-4.842653	9.115933	-2.004420	-4.462342
8609	1	7.019590	-13.023063	4.748021	7.773363
8612	1	-1.605034	6.961084	-0.890361	-8.340654
8623	1	-4.156034	4.617031	-1.067313	-6.241753
8640	1	-6.660955	5.524286	0.099016	-9.424004
8647	1	-3.983070	7.432181	-1.038933	-4.582643
8676	1	-4.203803	8.647902	0.026590	-7.263367
8677	1	-6.771099	8.500792	2.917835	-6.083226
8678	1	8.401322	-15.440167	7.665608	8.284328
8690	1	7.653321	-12.581981	5.870739	6.516117
8691	1	8.064226	-13.664397	4.690515	8.152483
8708	1	-5.642769	7.752420	-0.925694	-3.164951
8723	1	6.097535	-11.511205	6.315026	7.923497
8725	1	-6.237403	6.639334	-0.217885	-1.944740
8743	1	7.641918	-15.693201	6.543905	6.422695
8749	1	-6.290992	6.495493	0.991125	-8.354298
8751	1	-3.807037	7.473761	-1.428236	-4.285989
8755	1	7.485893	-21.833047	6.152226	8.582629
8760	1	-5.317420	5.107478	-2.257639	-6.913693
8766	1	7.184740	-20.179768	7.173329	8.158689
8773	1	-1.958656	9.101386	0.683804	-8.071014
8791	1	-7.763464	5.168081	2.406271	-4.071454
8801	1	-5.183234	6.004917	3.229598	-6.539424
8810	1	7.621345	-17.381887	7.943668	6.995766
8814	1	8.926989	-14.410326	6.275073	5.826996
8836	1	6.701845	-18.784590	7.683453	6.135460
8838	1	-4.470051	7.320773	1.113263	-2.474966
8843	1	6.338416	-7.510685	7.017882	7.551033
8867	1	-5.454045	7.928590	-1.731446	-4.427695
8890	1	-2.319626	7.907432	1.659513	-8.492048
8919	1	7.989468	-11.050330	6.048935	9.163649
8959	1	7.106611	-17.414703	8.353851	9.094873
8962	1	4.866534	-16.751330	6.430975	8.924599
8965	1	-9.308168	6.009191	-1.084020	-7.605270
8974	1	6.737977	-13.389922	6.001297	6.590457
8978	1	6.685143	-20.173735	6.999361	4.567395
8988	1	-3.618337	8.255619	-2.354516	-7.636998
9009	1	7.438363	-19.789919	7.029512	8.657627
9015	1	-1.631713	6.807612	-2.069583	-1.546962
9046	1	-8.925837	8.684653	0.316228	-4.360841
9047	1	-4.775363	7.393657	-2.989751	-8.600027
9057	1	-2.515236	6.678532	0.350303	-5.555283
9062	1	-2.965508	7.188122	-0.081720	-5.337964
9069	1	5.575090	-11.220534	9.215845	6.980834
9086	1	-4.305287	7.044388	0.902192	-5.320534
9098	1	9.375963	-7.493277	7.153651	5.435388
9103	1	7.964912	-10.894110	5.669542	6.529321
9105	1	6.555732	-13.322290	8.956535	7.694134
9107	1	1.391942	7.360875	-3.312372	-10.175083
9109	1	6.874184	-11.330798	5.918555	8.152355
9120	1	-8.554575	5.292255	-4.423473	-9.160695
9126	1	6.760664	-16.616583	7.572956	5.596032
9137	1	-7.520978	7.921614	3.568304	-2.641528
9147	1	-3.114695	6.586578	-0.275582	-5.410497
9148	1	7.948262	-19.055241	5.207151	7.425763
9156	1	-2.531871	6.410751	-2.907873	-7.380895
9175	1	7.796078	-14.573723	8.267997	7.419019
9177	1	1.800290	5.862706	3.875735	-4.957335
9182	1	6.686909	-16.073873	5.055196	-2.619296
9184	1	-5.426429	7.924130	-1.233150	0.307836
9195	1	-3.835574	5.158325	1.340639	-1.467356
9198	1	8.566867	-14.568385	7.686178	7.439678
9203	1	9.880223	-15.620405	7.078052	7.133227
9205	1	6.751888	-18.753150	8.939202	7.186897
9208	1	6.561375	-15.238644	6.482067	5.529900
9210	1	-5.620864	8.433287	-3.692046	-6.041657
9215	1	9.258521	-18.547138	7.785768	6.212985
9244	1	-7.350313	8.842791	0.770189	-4.691088
9245	1	-5.424833	6.796029	0.551884	-5.297017
9247	1	4.070986	-14.146144	8.333098	8.463775
9285	1	-5.532467	7.751310	0.259957	-5.260550
9300	1	5.885227	-13.205300	7.338181	9.300456
9335	1	-3.295845	7.047003	0.639207	-7.561009
9337	1	3.142369	-19.131554	6.650555	6.787225
9347	1	-3.896762	9.387413	0.252953	-7.978749
9364	1	5.805492	-11.832594	6.130599	-0.748809
9378	1	-3.710409	8.836097	-1.339973	-2.905076
9389	1	9.162063	-12.228941	5.800871	9.593123
9395	1	8.400938	-14.038203	6.651920	8.189011
9396	1	6.264690	-13.111608	5.344745	6.921142
9400	1	-9.276429	6.929356	-1.070200	-5.870426
9423	1	5.712978	-13.909739	8.450585	6.570457
9433	1	9.864419	-14.727702	4.643360	8.079843
9441	1	7.140906	-17.110249	7.968058	7.663956
9466	1	-7.739367	4.804641	-1.428900	-9.081216
9477	1	6.126650	-7.642487	6.574130	-3.030826
9481	1	-9.365629	5.470950	0.407741	-5.459903
9483	1	-3.483148	6.424136	-0.723498	-6.107049
9517	1	-4.991544	6.768717	2.893615	-2.770270
9528	1	8.403075	-5.671292	8.834758	-2.657638
9531	1	-7.334996	4.671627	0.843691	-2.429803
9539	1	7.611188	-18.419794	9.552677	8.974293
9547	1	-5.408598	7.598660	4.477116	-6.653365
9549	1	-3.943607	5.748239	-0.654633	3.179164
9563	1	-4.296964	4.717150	-1.808226	-6.388560
9585	1	-8.422647	6.131166	0.546763	-1.629670
9599	1	-7.803254	8.286712	-0.044193	-8.308782
9611	1	8.273726	-11.352858	7.912210	6.464858
9616	1	8.760929	-17.500434	9.008777	9.731112
9639	1	3.959449	-19.470186	6.970862	7.808352
9640	1	4.367695	-12.859141	6.033856	8.504883
9661	1	-5.763469	7.616536	-0.639078	-6.747981
9670	1	5.988604	-13.983522	7.888472	5.459636
9676	1	5.246623	-16.612484	7.618232	6.734131
9680	1	8.059211	-18.840245	7.087080	4.917769
9698	1	-6.000013	6.443760	-0.241846	-8.322616
9704	1	6.372493	-16.601104	9.350238	7.039142
9726	1	8.677717	-14.088372	6.279948	4.616163
9736	1	7.212045	-11.435842	5.356365	7.742688
9748	1	6.658055	-12.017224	6.194075	8.865995
9765	1	-7.465261	8.937037	0.892822	-8.044569
9781	1	-1.538912	6.340352	-2.076803	-5.646435
9783	1	5.578594	-10.333353	4.948899	7.580309
9790	1	6.289638	-7.671788	8.051467	-1.091402
9808	1	-5.762660	7.483696	-0.808015	-7.145792
9840	1	-6.425628	8.708807	-0.090471	-3.222816
9848	1	7.613807	-16.870223	6.894197	6.860986
9865	1	-3.938314	8.126448	0.288573	-6.814339
9929	1	4.732851	-8.662730	7.316609	6.809609
9930	1	-6.606874	6.761952	-3.824688	-8.238228
9938	1	9.143986	-10.860727	7.540250	6.995677
9947	1	-3.878215	6.558466	-0.579686	-1.982276
9948	1	-4.588447	6.116587	-0.638813	-3.778439
9956	1	8.045962	-15.487188	7.710957	8.194327
9959	1	6.628819	-17.743660	5.118302	8.666549
9971	1	7.218306	-17.643400	5.928255	6.902071
9997	1	-7.098893	6.772980	-3.863741	-4.363426
