35	4	0.891000	5.511186	1.003538	3.363176	-1.728041	1.139587	5.106833	-10.891208	6.062083	8.299432	8.749545	1.113043	0.504837	6.128016	1.003538	-0.477047	-1.728070	7.671806	2.974331	2.712620	1.004441	-0.028638	4.706683	7.628118
39	4	-0.630662	10.373530	0.673506	0.101221	-4.937406	7.267891	3.892191	-3.001422	6.352963	8.504402	0.284436	1.180242	3.893186	-5.117702	6.352964	8.504579	6.429163	1.180242	-0.630662	9.359753	0.673506	2.452540	-4.937401	1.601593
48	4	1.925990	-14.534850	7.391515	7.696887	7.885753	3.973723	1.925987	-8.963408	7.391515	2.782163	7.885753	7.350591	-2.069745	9.609160	1.714097	-2.543916	-3.882835	8.149225	-2.069735	9.517024	1.714097	-2.543867	1.584040	8.149225
57	4	6.785752	-9.827701	7.179347	6.674966	0.504665	0.420654	0.151289	-0.097371	1.094030	6.640130	-5.403899	0.426769	0.151209	8.383921	0.657173	-5.052170	-5.404676	6.670778	6.785752	-10.233923	7.179347	6.674966	5.210987	0.420654
80	4	8.214012	-14.785597	5.286471	6.675617	7.577193	-0.779776	2.249639	9.682544	-0.010248	-3.656889	3.609964	5.568489	2.249639	9.876402	-0.010248	-3.656889	-2.385600	5.568489	8.214012	-9.314840	5.286471	1.079576	7.577193	5.566744
95	4	7.652797	-8.955187	7.050471	6.658186	-1.082407	1.707804	2.710516	9.984150	0.935130	-1.227553	-1.919122	6.072839	3.420627	6.829696	1.201544	4.492319	-1.919122	1.900797	7.597666	-3.122056	6.682725	0.938277	-1.082426	6.072768
116	4	6.907503	-7.064201	7.984103	6.932026	7.156344	0.865067	6.907480	-4.274389	7.984103	0.807935	7.156344	6.242526	2.052796	9.113615	5.638414	-4.031397	-3.769465	6.243178	2.052796	3.157550	5.638682	-4.031301	2.470067	6.243178
123	4	7.576497	-9.062042	8.250539	7.119390	-1.170608	2.211795	3.624481	5.484637	2.463892	-0.831196	-6.070467	6.700670	7.574049	-7.301594	8.250539	3.292181	5.085130	6.091379	7.577472	-13.379811	8.250539	7.119390	5.085130	2.211795
144	4	-0.414551	11.784741	-0.126663	-3.769730	-5.382414	7.013579	5.711353	-4.398099	6.248920	8.091669	0.196141	1.596643	5.711353	-8.312773	6.254698	8.163344	6.207701	1.596634	5.711353	-4.373414	6.248405	1.932024	6.207701	6.947160
149	4	2.268164	11.329650	-0.136575	-1.176249	-1.744855	9.301645	7.352932	-9.912107	6.258353	1.878998	6.865863	8.762089	7.352932	-16.304224	6.258368	8.444936	6.865863	3.524787	2.268186	4.738412	-0.118868	5.327310	-1.744302	4.471136
154	4	0.686753	5.936545	1.541806	-4.891382	4.727398	8.525148	6.075163	-11.718857	7.786545	4.981683	7.543556	1.985566	6.075162	-7.512398	7.786545	-1.437173	7.543556	8.517150	0.686555	10.201228	1.541750	-4.891399	1.398122	8.525148
155	4	3.775797	8.494595	1.094286	-3.740296	-4.347460	6.184455	5.182873	-11.440897	6.770272	7.089024	6.679965	0.243277	5.182873	-9.787318	6.770272	1.167207	6.679965	6.172171	5.181840	-0.795584	6.769669	6.259266	2.292577	0.436935
156	4	3.512242	4.657134	5.532211	3.260702	-4.686495	0.840280	5.076991	-7.261402	7.525854	8.065951	1.174888	0.698241	5.076992	-10.030451	7.525854	8.091149	6.309839	0.698235	3.512213	9.609166	5.532104	-2.077365	-4.686654	6.440758
159	4	6.681306	-6.612308	4.684831	7.654762	1.563629	1.392816	6.686619	-11.396186	4.684831	7.654801	6.074853	1.392813	1.010517	8.218694	-1.559909	-3.199270	-5.106919	7.897325	6.517046	-1.582954	4.684049	3.165914	1.563626	7.522508
188	4	4.492674	8.282482	0.296753	-8.696420	-2.185710	8.976537	6.209684	-1.058119	0.639341	-2.204351	1.521008	8.975512	6.215027	-5.000689	5.973373	-2.191147	1.854074	8.975493	6.215027	-10.253460	5.973680	-2.191147	4.362824	8.975493
197	4	7.048656	-5.019514	6.576911	7.046067	-0.312746	0.748880	2.390935	12.023803	1.910754	-1.503690	-1.371717	6.483724	7.048656	-11.207173	6.576911	7.046153	6.140328	0.748880	2.390952	5.799498	1.910756	-1.503690	5.079649	6.483724
201	4	7.647828	-19.329112	7.689083	5.446927	8.349227	4.020877	1.267540	9.748487	2.813505	-3.539838	-4.512901	8.947228	7.647828	-14.071663	7.689083	-0.735222	8.349227	8.916178	1.288141	7.752188	2.813507	2.620024	-4.512901	4.182476
209	4	2.223331	10.501635	2.326818	-1.823777	-3.084712	8.625203	8.507022	-9.847729	5.710167	6.477708	5.958721	2.045597	8.480508	-3.540245	5.709054	6.476706	-0.150323	2.045628	8.507014	-6.450856	5.710147	0.992224	5.958720	8.620924
228	4	2.031217	6.096052	4.464434	-3.649490	-1.210711	8.337346	7.262828	-15.354632	7.035975	0.903052	8.181551	8.320007	7.262828	-20.297532	7.035975	6.431049	8.181551	1.883857	2.921655	3.562298	4.465265	-3.620716	3.960812	8.337346
229	4	0.309572	10.355225	0.210847	-3.335570	-8.933890	5.595915	5.678254	-9.192225	5.839758	7.462978	-2.580002	0.348309	0.309572	10.320259	0.210870	0.999620	-8.933183	1.802759	5.678254	-10.086306	5.839758	7.462978	3.958875	0.348309
269	4	8.346710	-6.390581	3.992188	9.567108	0.562846	1.144439	6.193581	4.813163	-1.729636	-0.139959	-5.971194	7.144353	6.499049	3.270353	-1.019538	4.430382	-5.934155	2.065209	8.346730	-9.895237	3.992188	9.567260	7.096120	1.144439
275	4	0.928658	5.970175	-0.546165	0.119700	2.146630	4.853244	0.970620	5.902367	-0.522802	0.164882	6.660293	4.853150	4.804344	-5.536582	3.890492	5.915845	6.747869	0.565917	4.803956	-5.483142	3.889406	5.915001	2.237513	0.566311
277	4	5.971809	-12.646843	6.873268	6.246197	5.014121	4.797799	-0.231616	7.748737	4.836586	-3.423863	-7.161482	8.646519	5.971809	-9.827857	6.873268	6.246197	-0.745314	4.797799	5.971809	-5.099961	6.873264	0.050014	5.013036	8.211657
299	4	4.728994	3.893964	0.119779	5.929485	-5.710192	2.256713	5.924496	-10.478157	6.650633	7.716939	-0.730210	2.186936	4.714587	9.792449	0.115721	0.889447	-5.711922	7.703660	5.924496	-13.483473	6.650633	7.716939	4.066932	2.186936
305	4	7.589521	-10.923493	6.926466	5.623198	7.588120	0.178829	1.021872	11.310103	1.179656	2.958096	-3.646878	4.550959	1.021850	11.929855	1.179656	-1.489233	-3.646878	6.675412	7.589517	-8.921694	6.926466	1.221507	7.588120	6.663210
328	4	6.906380	-13.654665	7.122964	7.007362	-0.756839	4.475858	1.252870	7.751531	4.086230	-4.858441	-4.542290	7.351883	6.906380	-7.984012	7.122964	1.487928	-0.756965	7.296342	6.906380	-13.140441	7.122964	1.487928	4.717574	7.296342
340	4	5.029596	-7.943522	5.896570	8.679958	0.644934	1.628072	0.518820	9.723883	0.416841	3.338839	-3.977910	1.628289	0.518820	10.060617	0.416841	-1.759015	-3.977910	7.327000	5.029601	-13.652173	5.896570	8.679958	6.545362	1.628072
376	4	3.137683	10.615328	0.118922	-4.335547	-1.920115	6.844548	9.591249	-5.198750	6.754872	2.027684	6.457342	4.260227	3.137683	7.511024	0.118923	-4.335547	4.314802	6.844548	9.561495	-1.597267	6.754848	2.027651	0.215381	4.260238
377	4	1.907311	-1.769653	5.060844	7.657615	1.184340	2.654942	-3.933458	11.866514	-0.885085	-0.539708	-5.329776	7.254936	-3.933458	7.043138	0.015983	3.822418	-5.318260	2.721300	1.909402	-7.841612	5.285047	7.657623	5.868644	2.654942
386	4	1.571704	11.307468	1.488259	-1.794119	-4.335584	6.367512	7.113728	-7.057692	7.898460	-0.033337	6.707214	6.365422	7.113728	-11.586908	7.898460	5.549180	6.707222	0.596672	1.571704	10.241900	1.488259	3.759861	-4.335105	4.111914
398	4	2.707596	-9.962839	6.905727	0.904825	5.951402	7.115348	-1.406099	7.451334	2.453681	-4.059533	-5.283681	7.142271	2.707596	-8.536656	6.904950	6.176594	-0.539031	3.478334	2.707596	-14.916569	6.906173	6.176596	5.956284	3.478332
438	4	0.266461	11.191969	0.898917	-0.581091	-5.968796	6.286196	0.266462	9.960112	0.898917	4.390398	-5.968794	2.205225	6.066225	-7.537653	6.989684	8.089271	4.809144	1.815945	6.066220	-5.622856	6.989684	3.136650	4.809143	5.859651
439	4	3.968711	9.855003	3.644969	-4.206562	-7.858116	4.866804	6.301113	-10.131276	6.315506	7.565111	-1.376321	1.432127	6.301113	-6.793158	6.311826	1.187965	-1.376334	4.854042	6.301113	-11.649743	6.315769	1.192709	4.961592	4.853917
451	4	0.291999	4.967701	1.489623	-7.768497	5.953536	8.028305	0.291979	10.836410	1.489451	-7.833869	0.720970	8.028305	6.650066	-5.836892	7.416882	4.620083	9.048778	4.000974	6.648472	-0.412007	7.197713	-1.599993	5.971686	8.026641
455	4	2.848207	6.938379	0.308625	-3.309357	-7.262757	7.562454	7.205151	-8.527876	5.926775	1.764836	5.518753	7.479153	7.205151	-8.903287	5.926775	6.892141	-0.966150	1.462499	7.205151	-14.000659	5.926775	6.892141	5.518754	1.462499
457	4	1.929083	9.767280	-0.239442	-5.710997	0.247735	7.677334	1.967399	4.219255	-0.226297	-3.156444	6.143165	7.677334	7.146894	-10.478284	6.190125	0.331866	8.910688	7.677249	7.146896	-15.516026	6.190143	5.645646	8.910688	1.060691
458	4	4.284257	-12.400147	5.500750	6.571941	7.534470	1.203290	-1.981816	3.415239	0.335809	6.407024	-2.061079	1.214578	4.284257	-12.043174	5.500750	2.126003	7.534470	6.914856	-1.981842	4.058334	0.335809	1.958312	-3.029524	6.923729
463	4	2.843941	10.096095	0.328767	-3.337399	-5.118253	5.659732	6.253601	-9.054030	6.734533	6.710111	6.591932	2.614789	6.240946	-5.114652	6.693013	6.709944	1.485502	2.614916	6.210596	-3.399803	6.596488	1.836018	5.465567	5.306790
485	4	6.178331	-9.015998	4.740627	7.800521	9.090943	0.102351	-0.377361	8.123595	1.794891	-0.697803	-2.458744	6.682774	1.312429	4.137198	1.798562	5.317392	-2.402546	1.657958	4.218604	2.260414	2.314621	6.552339	6.608497	0.292804
492	4	6.198410	-4.479770	8.707613	-0.579619	0.598307	6.178445	6.198410	-10.048553	8.707613	-0.579606	6.982094	6.178444	-0.344643	5.049025	3.606828	-4.017958	4.008226	6.248453	-0.348373	8.849651	3.606827	-4.021564	-2.257536	6.248472
501	4	7.704116	-7.869113	9.519369	7.846828	0.520842	-1.081330	7.706173	-11.031959	9.519369	7.846828	6.831477	-1.081330	2.357054	8.168182	3.961925	1.709479	-6.396304	5.257812	6.438032	1.940196	3.963267	6.176335	-2.064632	-1.078551
511	4	7.180921	-12.752638	6.475188	6.878538	8.700910	0.679539	7.179884	-8.778452	6.475188	2.141936	8.700910	6.785827	3.164149	9.988310	2.434988	-3.726639	2.263468	6.926147	3.154485	10.240593	2.434988	-3.726640	-4.231591	6.926147
517	4	6.206831	-10.488581	7.082375	1.573857	8.967723	9.254566	2.231206	8.068726	2.073304	-3.190024	-1.766893	9.257440	2.231891	0.883644	3.433362	0.901323	8.887186	9.257160	6.206831	-17.004558	7.082378	6.388402	8.967723	3.258990
519	4	5.864551	-8.573476	1.192444	5.424456	4.842249	1.857020	0.599749	10.156458	-5.397084	-2.991849	-6.712136	6.480283	5.819476	-3.570275	1.191380	5.385012	-0.545037	1.872364	5.780394	-3.263098	1.190815	1.708656	4.838917	6.468471
536	4	-1.367448	10.680508	1.305750	-1.124917	1.413817	6.849953	-1.367448	10.698972	1.305750	-1.124917	-5.062481	6.849953	5.271970	-15.212352	6.910875	5.376698	7.418302	1.183490	5.271970	-11.076942	6.910875	2.106989	7.418302	6.712131
542	4	2.414692	6.258943	-0.471766	-3.805473	0.681690	6.811403	6.972914	-11.683661	5.850306	2.778638	5.472187	6.579516	1.338152	10.171554	-0.471770	-3.806911	-3.711437	6.811403	6.973073	-13.459444	5.850306	5.613811	5.472187	1.637888
580	4	-0.561630	7.495545	-1.653046	-5.085474	4.815744	3.130859	-0.561630	9.978569	-1.653626	-5.086112	-1.071454	3.130859	5.824282	-11.829408	4.360709	5.919115	6.671150	-2.190682	5.824282	-6.615789	4.360709	5.919115	0.905263	-2.190682
593	4	7.157616	-13.002217	4.783664	-0.115861	7.450626	6.385469	1.585502	6.821589	-0.527963	-6.095016	-0.497683	6.387688	7.157616	-17.782953	4.783664	6.489417	7.450626	2.032424	1.689904	3.689536	-0.270594	-6.073389	5.563896	6.387688
600	4	5.082115	-1.307952	5.742540	0.679767	9.016101	7.349744	5.084647	-11.703993	5.742724	6.824808	9.019857	3.590651	5.084647	-5.157661	5.742724	1.041108	9.019855	7.205498	-1.019739	9.276840	-0.094284	-0.325142	1.640665	7.649473
603	4	0.720407	2.807947	0.186757	-5.482757	7.471750	7.454431	7.058639	-14.010015	4.757197	6.249189	9.201124	4.760027	7.058639	-8.328186	4.757197	0.845454	9.199602	7.255571	0.719567	8.845010	-1.846925	-5.482790	-0.012585	7.454431
606	4	6.107369	-13.181200	7.293874	5.827659	9.013601	3.376978	0.303611	6.124938	4.176342	-5.187656	4.009777	9.773773	1.268199	1.100357	5.146488	-2.328566	8.230273	9.772976	1.305051	1.081371	5.171043	2.770099	8.245718	3.381515
607	4	6.515457	-14.203080	8.195871	4.818870	6.238158	2.036846	2.371578	12.380071	1.803652	-4.680897	-2.518963	5.751741	6.515457	-7.997176	8.195871	1.070956	6.238157	5.751102	6.469617	-1.589040	8.168527	1.070885	-2.352761	5.751103
644	4	-1.986341	9.442371	2.185554	-4.507804	0.347530	5.970617	-1.986340	7.347215	2.199730	-4.494781	6.127192	5.970617	4.089539	-13.196650	8.353367	6.760430	8.943416	1.155884	4.089539	-7.719452	8.353359	1.683318	8.931448	5.969224
659	4	2.602971	-12.165576	7.603282	8.060846	5.927079	0.972987	2.602971	-7.210030	7.603281	8.051946	0.197290	0.972988	-0.825608	5.037322	1.095443	5.788455	-6.230958	1.030711	-0.825610	10.105148	1.094123	1.758096	-6.306532	7.549326
677	4	6.449913	-12.508535	4.901337	7.728692	7.861514	0.993604	6.446276	-8.501359	4.901337	2.804329	7.861504	4.942621	0.280261	6.563947	-1.358056	-3.066522	-3.992832	6.419788	0.489477	0.213530	4.836648	1.494116	6.728717	6.041169
697	4	8.023049	-10.300321	2.222870	1.744541	8.679324	6.727663	3.092176	8.592614	-4.225521	-4.127215	-3.533813	6.832801	8.023050	-12.905303	2.222870	6.288921	8.679324	1.938575	4.438294	1.998062	-3.310494	-1.750615	6.780658	6.831975
699	4	0.516367	8.833059	1.093544	-0.966013	-1.901327	5.835362	7.129431	-5.936038	4.368611	6.331764	0.943357	0.147253	7.129432	-9.603249	4.376495	6.331764	6.697311	0.147253	0.521859	6.042762	1.438837	-0.961627	3.730324	5.835362
706	4	0.444757	8.034395	3.494249	-4.187819	-6.314464	7.311147	6.245237	-11.281418	6.874199	6.029888	6.626650	2.603019	6.245237	-5.481036	6.871834	6.029888	0.333532	2.603019	6.245237	-6.296223	6.873764	0.681421	6.626650	7.267102
734	4	4.393840	-8.106926	5.413536	5.229340	1.503822	2.891632	4.394781	-9.099683	5.413538	5.230355	5.324028	2.891632	-1.242172	9.118449	-0.030367	-0.793824	-4.811940	8.544235	-1.046753	8.429456	-0.028200	3.075868	-4.811940	2.894677
823	4	6.137249	-7.595998	5.554391	3.088762	5.330503	-0.371711	0.307771	6.325240	-0.476801	-8.996155	1.917553	5.868291	6.137248	-7.015573	5.554384	-3.239189	5.329178	5.868291	0.307614	9.400470	-0.567852	-8.996155	-4.324166	5.868291
826	4	-0.246272	9.230421	2.159355	-4.511910	-4.913928	7.205305	6.281388	-6.589941	4.702316	7.871650	0.401775	0.955204	6.281388	-9.479477	4.702316	7.871650	6.875489	0.955204	-0.246272	9.149662	2.159355	1.237480	-4.913928	1.926742
888	4	0.569571	10.198644	-0.630728	0.167961	-6.200557	2.612136	0.569571	10.199805	-0.630728	-2.991944	-6.200661	6.559106	7.148608	-5.115687	3.898592	5.679898	-0.630911	1.045284	7.148608	-11.101179	3.898749	5.679898	5.979120	1.045284
889	4	-1.171708	12.542537	1.439439	-5.740450	-5.130242	6.482091	2.826141	-0.631403	6.371211	3.851068	-5.095476	0.317618	2.828310	-4.432949	6.769692	4.019375	0.039549	0.317587	2.828310	-10.254848	6.805260	4.019441	6.355023	0.317587
897	4	6.237456	-11.165240	5.055074	7.020318	4.923386	2.310352	0.096423	9.687242	-1.269030	-1.688672	-4.923893	6.813091	6.237375	-4.565672	5.054313	7.020318	0.092752	2.310353	6.237453	-6.224549	5.055050	0.729037	4.913892	6.386620
899	4	0.614762	9.243242	0.986394	-4.270554	1.506891	7.229615	6.347800	-10.018242	7.115938	0.077577	7.431694	7.229375	6.348785	-16.390043	7.115943	6.479336	7.431694	2.175817	0.614727	9.243534	0.986394	-4.270554	-3.494733	7.229615
926	4	1.835928	9.286598	-0.799687	1.591604	-4.901272	2.932732	7.984790	-6.807370	4.701960	7.031117	7.421228	0.869251	7.984790	-2.669349	4.701959	7.027262	1.070018	0.869251	1.835928	9.380767	-0.799687	0.343393	-4.901283	6.092245
971	4	0.084619	10.679712	-1.663371	-0.861372	-4.626423	6.155029	6.260628	-9.421062	4.967682	7.550311	6.977889	0.132992	0.699828	-0.673895	3.017606	7.149797	0.600416	0.133028	6.175734	-3.443696	4.967394	7.548849	0.802071	0.132992
976	4	6.227225	-5.226832	5.965400	7.554275	-1.093140	1.013438	2.859763	9.928314	3.941245	1.435500	-5.879016	1.652594	2.859763	9.929057	3.941245	-1.705097	-5.879016	6.403023	6.227453	-7.002941	5.965400	7.554275	4.072411	1.013438
