10	5	-5.641120	-1.022725	6.706050	3.913325	-0.069902	6.188936	-5.211821	6.706729	3.970639	-0.066680	-5.641120	-1.022725	6.706050	3.913325	6.145590	-6.779476	4.429435	0.880362	-0.812496	-5.827850	6.188936	-5.211821	6.706729	3.970639	6.148818
27	5	6.697190	-0.159097	4.825498	5.338302	5.198923	-4.728894	7.471925	2.173824	2.371488	-6.181386	6.697190	-0.159097	4.825498	5.338302	-1.355616	6.738297	-2.457290	4.826371	6.464837	-1.025962	6.738297	-2.457290	4.826371	6.464837	5.539445
51	5	-4.655110	6.756934	2.499173	3.515613	-5.815049	5.629220	-6.162846	6.194036	6.512898	-0.167767	0.090465	-3.790142	6.152244	6.510556	-0.167892	0.090465	-3.790142	6.152244	6.510556	4.736075	5.629220	-6.162846	6.194036	6.512898	4.736165
62	5	0.181432	0.576150	7.620829	5.636414	-1.802161	-2.768263	5.375626	3.927666	5.618398	-5.073580	8.797544	-7.151574	8.428864	7.426260	-0.949772	0.181432	0.576150	7.620829	5.636414	4.592113	8.797544	-7.151574	8.428864	7.426260	5.624464
71	5	-5.397098	8.332103	2.356682	1.032685	-5.609390	6.565347	-5.578822	8.110779	7.229915	-0.047229	6.565347	-5.578822	8.110779	7.229915	5.291485	0.133427	-3.099937	8.110779	7.229846	-0.047231	0.133427	-3.099937	8.110779	7.229846	5.291484
107	5	-0.126235	-3.102161	8.777209	6.191596	0.127379	5.414195	-5.647385	8.777222	6.191614	0.180932	-5.828102	7.176955	3.783508	1.468621	-5.113671	5.414195	-5.647385	8.777222	6.191614	6.550465	-0.126235	-3.102161	8.777209	6.191596	6.496883
118	5	6.472090	-7.128817	7.346839	8.659474	-1.049864	1.279145	-7.045716	7.346839	8.659474	-1.050053	-4.302390	5.672975	1.144592	4.040992	-4.381031	1.279145	-7.045716	7.346839	8.659474	4.237368	6.472090	-7.128817	7.346839	8.659474	4.238067
238	5	0.134092	-3.551539	4.818213	7.522479	-0.823871	-2.354537	4.563719	-1.147556	1.619351	-5.032417	5.156850	-8.705085	4.818214	7.524826	5.205652	0.134092	-3.551539	4.818213	7.522479	5.107742	5.156850	-8.705085	4.818214	7.524826	-0.659754
247	5	-3.987209	6.461724	1.382711	0.198167	-3.399757	1.257942	-0.875283	1.580818	6.426449	0.194930	7.357591	-4.850652	6.193320	6.426878	0.388291	1.257942	-0.875283	1.580818	6.426449	5.133839	7.357591	-4.850652	6.193320	6.426878	5.328264
314	5	-4.929868	6.580661	-0.084712	1.588760	-4.127861	0.118746	-1.082200	6.090506	7.128395	7.047181	0.118746	-1.082200	6.090506	7.128395	1.315053	6.525549	-6.583967	6.126848	7.128698	1.534532	6.525549	-6.583967	6.126848	7.128698	7.262045
440	5	7.095899	-3.945714	5.694429	5.741050	1.581181	-1.729102	7.350394	0.297074	-0.714531	-4.930571	7.095899	-3.945714	5.694429	5.741050	6.073704	2.173244	-0.251082	5.680623	5.725219	6.073509	2.173244	-0.251082	5.680623	5.725219	1.580983
470	5	-4.193385	6.860451	1.362836	1.930178	-5.232815	-4.191976	0.941574	1.919480	8.405786	4.689495	-4.191976	0.941574	1.919480	8.405786	-1.894988	6.733091	-5.682791	3.835654	8.476198	5.025322	6.733091	-5.682791	3.835654	8.476198	-1.539407
539	5	6.219050	-8.669642	6.723324	6.918082	6.586778	-0.140940	-4.504240	6.705429	6.918077	6.585388	-0.140940	-4.504240	6.705429	6.918077	0.258661	-3.561717	4.409592	0.274445	1.783948	-5.887245	6.219050	-8.669642	6.723324	6.918082	0.262986
561	5	0.073635	-3.954687	6.722710	6.697184	0.252701	0.073635	-3.954687	6.722710	6.697184	6.681540	-4.723920	6.346059	1.021835	4.174156	-4.550869	6.700829	-10.050479	6.722710	6.697184	0.252701	6.700829	-10.050479	6.722710	6.697184	6.681540
600	5	5.924470	-10.960207	7.798754	6.502648	1.102730	-5.849245	5.563825	1.282717	0.589969	-2.598498	0.410547	-5.877225	7.798754	6.502615	1.099616	5.924470	-10.960207	7.798754	6.502648	6.350370	0.410547	-5.877225	7.798754	6.502615	6.347264
621	5	7.316861	-8.212432	5.941625	6.667260	7.800755	-4.464355	7.229259	0.141205	0.942484	2.887033	-4.464355	7.229259	0.141205	0.942484	-3.202364	1.205979	1.413127	5.567211	1.815426	7.532828	1.545414	-2.629686	5.941619	6.666083	7.800755
724	5	0.617820	-5.014304	8.309404	7.444529	0.495170	-3.512505	6.691630	1.931765	2.027863	-3.763602	0.617820	-5.014304	8.309404	7.444529	6.041145	4.881793	-11.438973	8.309661	7.448740	0.495372	4.881793	-11.438973	8.309661	7.448740	6.041345
731	5	-0.374552	-4.779877	6.540181	8.195522	-0.550227	5.900267	-10.646810	6.540877	8.195522	-0.550227	-0.374552	-4.779877	6.540181	8.195522	5.282955	5.900267	-10.646810	6.540877	8.195522	5.282955	-3.887262	3.084618	2.150211	3.439694	-3.582652
747	5	-0.998742	-5.820296	8.917667	7.895150	0.383430	-4.527688	3.324683	2.291995	4.920727	-4.924424	5.364178	-12.428376	8.917667	7.895150	0.383430	-0.998742	-5.820296	8.917667	7.895150	5.912340	5.364178	-12.428376	8.917667	7.895150	5.912340
842	5	0.148866	-1.688106	4.577574	5.085588	-0.794823	5.197820	-3.448905	4.587515	5.085686	-0.794792	0.148866	-1.688106	4.577574	5.085588	5.477707	-4.658544	3.603293	1.111282	-0.740239	-2.941160	5.197820	-3.448905	4.587515	5.085686	5.477739
857	5	-5.216213	5.206416	2.529687	2.888148	-5.199798	-1.009832	0.700731	2.536800	7.970546	6.474871	5.656267	-1.560454	3.142547	8.078162	1.312211	-1.009832	0.700731	2.536800	7.970546	1.130271	-0.263920	-5.140024	6.802822	8.079188	1.312288
871	5	-2.835314	7.327267	0.780408	-0.678457	4.734948	8.263693	-6.368086	6.747531	5.304405	7.688383	-2.835314	7.327267	0.780408	-0.678457	-1.285154	4.249122	2.254319	0.780535	-0.665561	6.148853	4.249122	2.254319	0.780535	-0.665561	0.052988
941	5	4.447448	2.760287	3.489576	3.656790	-0.082002	-0.344363	6.392221	0.061968	3.655856	-1.342445	7.819758	-5.824232	5.980497	6.005794	1.950952	7.819758	-5.824232	5.980497	6.005794	6.558666	4.447448	2.760287	3.489576	3.656790	4.504838
946	5	6.148145	-8.941656	5.917922	9.521617	6.350535	6.118028	0.308902	0.792754	3.619028	6.323832	-0.122141	6.403585	0.782749	3.613623	1.951909	0.370357	-2.815948	5.902405	9.137912	6.350535	-0.122141	6.403585	0.782749	3.613623	-2.238608
977	5	6.767124	-10.150022	5.872421	6.657403	1.090600	-4.869891	4.942411	-0.642130	1.463156	-2.651795	6.767124	-10.150022	5.872421	6.657403	5.861563	1.769628	-4.363777	5.872421	6.657402	5.827165	1.769628	-4.363777	5.872421	6.657402	1.055922
