10	1	-4.440563	12.363238	-3.016783	2.613655	-12.245229	7.476515
21	1	8.386559	-10.215409	7.810537	7.280377	7.267023	-1.647253
27	1	-4.534560	9.615303	-7.361179	0.329578	-8.409958	6.637970
42	1	-6.338096	11.228652	-7.437653	0.720914	-8.715718	5.806995
44	1	3.012075	8.720663	-6.377679	-0.996598	-6.495627	6.200161
50	1	6.428449	-7.031719	7.173855	7.555746	4.628704	2.501778
80	1	9.760359	-11.907607	6.891025	9.155197	6.356355	3.018552
94	1	6.558802	-9.875083	8.515168	7.314343	5.965040	3.322537
98	1	6.685885	-5.348613	9.265132	5.245460	6.457666	1.996386
101	1	-1.821848	9.830511	-7.421561	-4.595375	-3.945627	6.471826
121	1	8.678831	-9.966949	6.908564	8.095728	9.189047	2.960959
126	1	6.240802	-11.214945	8.197380	6.699430	6.605769	-0.629574
129	1	7.608291	-7.680231	9.014687	5.673695	6.588989	-3.937163
140	1	-1.539761	12.238000	-3.640358	1.949081	-8.262764	6.675199
150	1	7.728517	-12.301813	6.336082	6.605263	6.086301	1.210811
167	1	-4.751694	9.977390	-4.556665	-1.420033	-10.860436	8.668073
170	1	6.822356	-14.554231	9.169545	7.113012	6.773243	0.463580
179	1	7.605393	-13.632511	7.491016	8.862925	8.608142	0.280122
198	1	-6.687147	12.013598	-2.520930	-0.640841	-9.704586	8.985026
203	1	5.690866	-15.874508	9.629590	7.363332	6.412543	3.130802
210	1	-6.971934	9.862099	-9.033437	-3.159621	-12.865224	7.379666
215	1	-7.692996	9.138933	-7.669843	1.696330	-3.242667	5.935325
221	1	5.092401	-11.006346	7.274277	5.841230	6.336194	-2.038472
244	1	7.066321	-7.594379	8.384890	0.789198	8.792754	-1.119014
261	1	7.931272	-10.491705	5.295877	8.252876	7.713295	-0.208743
285	1	-3.776347	9.931363	-3.611960	0.573517	-10.064795	2.431618
289	1	-1.951958	10.531653	-1.023500	-0.753173	-11.244205	6.452739
297	1	6.998854	-8.497181	7.790698	4.674037	7.138942	-0.076802
312	1	-5.544847	12.429698	-7.008789	-2.479915	-11.210200	4.765075
317	1	-6.657728	9.810363	-4.946020	0.731725	-10.656592	7.752046
329	1	-3.373790	11.215672	-7.804757	-1.014885	-6.809541	7.534581
332	1	-7.884269	11.056374	-5.156360	-0.256710	-2.584837	6.527961
336	1	-5.745255	11.954987	-1.003915	1.899558	-7.959993	7.732280
350	1	-7.186039	9.824149	-4.080047	-1.418569	-6.072018	5.799089
358	1	2.467374	9.754394	-8.171452	-0.071393	-6.917709	5.232424
408	1	-1.827941	10.613648	-2.117876	1.233074	-7.792091	8.129455
417	1	0.852280	1.006994	-1.870490	1.238369	6.713522	-0.413265
431	1	-5.901624	11.498221	-8.550259	0.572707	-4.673458	6.275745
450	1	-0.298388	-6.799596	4.900461	6.093033	8.506548	0.167939
460	1	-5.905933	7.723469	-5.401989	1.392858	4.684892	2.770446
478	1	8.713826	-5.710467	5.969859	5.903526	8.644279	0.586461
493	1	-6.346030	11.390490	-2.966927	2.925066	-14.182239	7.668220
495	1	5.252373	-9.507523	7.181009	8.630433	6.225556	-1.203622
509	1	7.165799	-11.934967	7.542923	7.462264	6.168120	4.925932
525	1	-0.104060	-8.591981	7.561494	6.812331	7.883939	2.634521
529	1	8.676819	-5.406907	7.648173	7.694163	-2.730493	6.566025
547	1	7.960163	-6.982418	6.620383	7.340355	-5.114457	8.106493
595	1	1.919530	10.298354	-5.499296	0.708940	-4.652951	6.231960
629	1	-8.225890	9.449546	-5.501677	-0.117551	-15.402480	8.373226
637	1	-7.247154	9.848940	-4.808992	0.547548	-8.751303	8.600647
640	1	-7.186796	10.304202	-1.661929	0.021984	-8.244790	6.328824
644	1	7.075709	10.350230	-4.498787	-0.911972	-6.584576	6.540662
659	1	-5.969012	11.765163	-6.225108	1.416031	-14.770766	8.631308
663	1	-7.139125	10.269818	2.172558	-1.261764	-9.039877	5.873874
678	1	-6.875805	10.190961	-4.797669	-1.004068	-5.514908	6.678001
684	1	-0.618569	11.923984	-5.776415	3.081131	-8.440858	6.723783
695	1	-6.004625	9.592828	-5.326943	-1.438383	-9.937703	5.867517
699	1	-7.358348	9.071235	-7.407533	2.514562	-12.531231	6.781247
700	1	-3.102297	8.763356	-10.619249	1.692642	-8.933562	5.233173
721	1	8.017532	-8.511844	5.719702	6.531963	6.382906	-0.535159
778	1	9.237482	-13.168093	7.399026	5.023874	6.583302	-0.592948
780	1	-6.182735	10.648777	-3.864966	-0.024313	-8.351085	6.800776
786	1	-1.294519	12.245992	-9.029943	-0.135361	-4.776076	6.237182
804	1	7.610930	-12.823516	6.642698	5.827942	8.611824	0.458342
808	1	6.997311	-7.500279	7.243103	6.692918	-4.443236	6.105165
850	1	1.442780	8.788000	-2.677111	-1.969940	-5.996311	2.678209
869	1	9.024396	-5.108048	6.683115	4.677571	6.179606	1.525798
885	1	-5.889463	5.857214	-8.041756	1.240424	2.904860	-0.064826
888	1	-1.960948	-2.041511	4.771602	8.315991	6.535503	1.249554
895	1	7.113292	-6.473711	9.428301	2.445865	7.253700	1.309773
909	1	-0.099339	10.039680	-6.733683	-0.438962	-12.701495	7.468602
912	1	-6.093194	10.770801	-5.078419	-0.632978	-12.997707	7.703815
917	1	7.505255	-16.588493	6.211352	8.982854	7.415858	-3.134276
922	1	-4.271274	10.738698	-4.497369	0.483745	-8.684809	6.747018
959	1	-6.841318	10.443638	-5.093945	-1.067128	-13.235794	7.783135
964	1	-3.145267	10.069007	-3.110708	1.616713	-4.399001	6.264602
972	1	8.169199	-18.717317	5.587644	6.460856	7.508678	1.775659
