2	2	7.582251	-5.730679	6.358576	2.675366	5.761980	1.516982	6.864909	-0.129899	8.587174	-1.856630
6	2	4.092215	6.276986	0.178525	5.010228	-5.552472	6.528144	-4.315852	5.571922	-0.887687	6.408647
9	2	0.352684	5.174948	3.241898	6.597004	-0.433537	6.884420	-8.755122	6.681458	3.968443	8.689298
10	2	0.520616	8.125627	2.243231	6.871642	-6.161907	2.547289	-6.861347	6.408574	0.698401	6.625281
12	2	0.640393	4.079684	-1.878598	6.480135	4.851395	6.223229	-6.358510	4.191018	1.232358	9.641281
14	2	4.239229	-3.251079	6.359694	4.373430	7.886518	2.462962	4.850125	0.556774	6.335976	-3.897566
18	2	4.867672	-4.305230	9.054687	0.591650	8.131999	0.381021	6.790767	4.864084	6.539357	-2.996109
19	2	6.936707	-4.001817	3.927096	0.085764	-4.220202	1.514367	3.417541	-0.634881	4.500697	-7.703171
21	2	-0.379452	8.866376	1.897482	6.279792	-1.513041	4.967671	-7.198713	7.172184	0.981818	8.456994
22	2	8.333501	-6.743126	4.321887	-2.319445	4.207886	2.505952	9.480687	1.234083	1.667628	-7.923619
23	2	8.050229	-5.703704	7.205743	0.388748	7.583103	3.102772	9.238677	4.000076	6.139385	-3.990558
24	2	6.711201	-15.984491	7.135068	2.604571	7.427658	1.972501	5.225832	2.438981	7.484581	2.181522
27	2	-0.059227	4.824051	0.578008	8.270606	-4.219993	6.534084	-9.584693	4.914215	7.072109	6.934433
28	2	3.997661	6.840373	2.588458	5.599414	-1.948961	5.339575	-5.495851	7.353768	-0.521113	7.181876
29	2	7.923175	-7.175091	6.133789	2.256131	0.237291	7.925932	-12.403274	6.133789	2.256085	6.357510
30	2	8.066772	-7.650864	6.166500	2.435021	6.422356	4.580264	2.538815	1.170217	7.095402	-1.576979
32	2	7.145102	0.226998	2.709281	5.323001	5.811856	2.238088	4.393005	-2.344568	8.060436	-4.481633
36	2	5.576465	-3.536321	6.718141	5.392226	6.082581	1.295105	6.739186	2.031031	6.932066	-6.012005
37	2	0.523537	3.180453	2.686957	6.994703	-6.957097	6.224229	-6.410477	6.473886	3.376692	5.954512
38	2	6.165219	-9.573778	6.252564	-0.957486	6.916286	0.536652	7.151673	0.704701	5.283578	-4.594140
42	2	2.605028	-2.828817	6.398448	3.459958	6.459723	-2.301718	7.856333	0.652906	5.526642	-2.615036
45	2	7.351137	-8.419901	7.454213	-2.331727	6.900487	1.124745	8.449258	2.266761	3.451351	-4.125471
47	2	6.618379	-10.094366	6.246630	1.196734	5.737247	1.666710	6.443901	0.246652	7.674662	-2.610627
48	2	5.761107	-7.895071	7.336687	3.939481	9.671993	4.844546	6.941750	2.740091	5.600296	-0.431908
50	2	1.808709	6.039368	3.768330	7.673278	-4.525435	8.290426	-9.005118	6.169323	1.621150	7.573438
54	2	6.327349	-8.946928	3.968833	-0.500154	6.841936	1.073848	5.076067	-1.039880	5.532827	-4.619560
55	2	-0.186595	5.733998	0.330563	6.105972	-6.343530	6.376544	-6.908177	6.498255	0.343191	5.132846
57	2	5.941913	-9.155345	8.155095	-0.382739	5.542517	2.045213	5.995244	1.620698	5.761200	-5.093990
59	2	4.641652	-7.739920	2.409243	5.795523	8.337236	-1.320578	4.304550	0.173444	6.718102	-1.914359
62	2	8.446798	-13.232055	5.968366	0.640134	6.798809	2.169623	3.162387	0.019893	6.834709	-1.420085
63	2	6.146334	-5.235280	8.929501	4.369252	6.787504	1.088601	10.394971	4.434551	5.524502	-4.128673
65	2	1.651155	8.469706	2.338310	6.990045	0.223288	1.659486	2.502315	4.968736	6.732697	5.437976
66	2	2.159638	9.174624	4.003023	2.063706	-3.223534	8.315925	-11.494695	8.678637	-1.284704	6.711011
67	2	2.025474	-2.959207	8.707757	3.384917	6.689441	-3.984178	8.629784	2.322429	6.834443	-5.442930
68	2	-0.835060	7.932346	1.756116	5.845520	-6.156149	2.982531	-2.503480	7.488633	2.520627	4.745459
69	2	7.040259	-7.031486	7.420518	-0.217610	7.200787	3.787299	4.293075	1.127663	5.471751	-0.557527
73	2	7.863191	-4.552054	7.201766	-0.976967	6.693783	7.624901	2.663683	1.455992	4.673657	-3.630748
76	2	2.451914	7.390276	-0.409263	6.724576	-6.128171	7.734750	-7.680274	5.682962	0.091045	6.517426
77	2	-1.522993	4.644469	2.675781	6.738967	-4.132051	0.961841	0.371370	6.734113	5.602039	-3.048579
79	2	1.084325	6.111813	0.788844	6.646157	-5.109256	7.343899	-7.253791	4.397961	0.790268	6.281329
81	2	4.336100	-11.678029	5.787655	-0.004016	6.648619	1.057963	5.548216	-0.618232	6.419449	-3.940070
82	2	6.706869	-5.036968	7.480826	1.644523	-0.216078	6.706869	-9.048091	7.480826	1.644523	6.217508
83	2	0.561671	9.542478	-1.338016	4.050273	-4.162972	6.815062	-12.001626	4.883732	-2.031192	5.567582
84	2	0.048438	5.941384	2.780199	5.354204	-2.119528	6.546632	-3.029138	5.166780	0.495108	6.117642
85	2	0.803926	4.424502	-0.177926	7.593405	-5.712672	5.833165	-2.069836	2.930614	1.145574	4.680989
86	2	7.647591	-7.316134	7.348924	-0.132964	4.576176	3.284108	5.913202	2.245549	5.307000	-7.552594
87	2	-2.135282	8.604768	1.903161	5.860419	-4.552339	3.861271	-6.391901	4.160914	-0.499983	7.110370
89	2	1.902567	11.374163	-0.146504	6.877008	-4.671570	7.844499	-6.302803	6.076805	2.718196	6.668904
90	2	7.006226	-6.388689	8.341639	-2.604949	-3.020495	7.006226	-6.912878	8.343207	-2.604979	1.887908
94	2	4.297685	-5.764346	7.126413	0.685715	8.758832	0.029370	6.513623	1.904128	7.037293	-3.142821
95	2	5.444668	0.178145	7.476655	4.610059	-1.446488	5.448439	-5.247439	8.191468	0.427642	-1.438351
96	2	0.838947	8.920734	0.786647	2.692739	-0.087010	6.828145	-9.674841	6.910686	-2.603529	7.296581
99	2	8.134097	-5.514504	6.076604	3.383454	7.534708	2.381288	6.601268	0.413820	8.362223	-3.354574
101	2	1.985284	6.616108	0.330659	6.398562	-3.948542	7.242212	-3.604673	6.359312	0.850692	8.797568
103	2	6.846237	-9.688552	6.757873	0.629278	6.147790	2.895227	-0.577137	6.264024	4.452647	6.147681
104	2	-0.506042	5.043637	-0.323417	8.021979	-5.395598	-0.067202	-0.727382	6.008265	6.938698	5.707186
105	2	4.837436	-9.810314	6.954088	0.440127	8.534296	-1.466921	5.319594	2.156809	6.175266	-4.028936
107	2	6.918852	-10.455096	8.112156	2.611445	8.750468	0.488194	5.281218	3.642967	6.026141	-3.285642
108	2	7.218166	-7.674173	7.057237	1.688714	7.629677	1.411086	3.586323	2.642357	5.097388	-3.302173
109	2	8.771809	-10.779712	6.790932	2.079374	5.654228	2.416598	5.918873	1.089011	7.752377	1.785088
110	2	5.500261	-10.395909	5.431550	2.251531	5.966751	1.143000	4.552339	3.130287	7.321341	-6.832261
111	2	1.024170	4.423098	1.475354	7.503416	-4.988806	6.903377	-9.631980	6.533305	1.161282	6.997487
114	2	1.163756	7.597470	-3.676551	7.367840	-5.444093	6.548689	-4.298587	2.774770	2.350599	6.662290
117	2	2.348360	5.619882	0.625714	6.889470	-3.394517	8.471194	-4.761272	5.903565	1.622255	6.474985
118	2	1.278199	10.526163	-0.115497	4.627185	-3.353311	7.287005	-11.300851	6.115314	-0.319470	8.158190
119	2	-0.138713	8.905518	2.272879	3.962940	-2.629982	5.932529	-6.214427	5.982256	0.397014	5.878046
120	2	8.205374	-7.024462	6.663515	3.213993	-3.627734	7.677652	2.917048	2.759411	8.798408	-10.088681
121	2	6.988207	-8.426444	7.470173	1.290683	7.271865	1.628940	5.612920	2.285019	6.350277	-0.980893
126	2	0.869952	6.975125	-0.926648	4.582881	-2.840050	6.751991	-5.857930	4.031735	-0.715289	5.481217
127	2	7.750350	-2.964501	4.906720	4.887404	8.332741	3.676582	6.293722	-0.113409	8.342885	-2.500251
128	2	5.020594	6.283177	4.244538	6.583543	-2.646662	6.940748	-6.653871	6.737017	1.581366	5.676141
129	2	-0.617116	6.439328	-2.239970	7.067470	-5.882263	-0.123521	1.712086	2.243680	6.781878	5.246826
130	2	8.274417	-7.679987	7.137221	1.132841	4.936207	1.886804	6.750812	2.885027	7.000370	-7.451346
134	2	2.065679	6.716860	-0.349467	6.805956	-2.386138	8.415472	-9.258854	6.162312	1.769189	8.321964
138	2	-1.738174	12.594367	0.731404	4.440164	-4.800063	3.856909	-4.997401	7.056268	-1.983016	5.295280
141	2	0.425023	1.606928	5.251132	5.670575	4.991119	4.930994	-4.974594	6.383364	0.941447	6.479991
142	2	1.985894	4.877645	-0.371634	6.649990	-0.972136	6.828131	-8.052766	3.905196	5.143175	6.946228
143	2	9.326473	-12.172123	8.352187	-2.241413	6.720200	9.317465	-5.864506	8.342130	-2.241371	0.116487
144	2	4.246074	-5.107511	5.302895	1.336106	-2.325094	-1.831767	3.454988	1.267632	6.472103	-5.916006
145	2	7.265577	-11.374536	7.305427	-0.128820	7.046995	0.751105	7.627823	0.824698	6.141987	-3.719119
146	2	5.767640	-7.917315	7.835244	1.002137	9.360372	2.003666	4.012552	1.359909	6.607525	-2.620933
147	2	1.976894	7.886740	-1.857292	2.613850	-4.752413	5.809748	0.168576	-0.663859	-0.923141	7.352838
148	2	0.328747	2.323503	1.956254	5.960035	5.913999	0.328688	6.202719	-0.086905	6.143362	-3.076893
152	2	6.402457	-5.884387	6.180359	-0.768454	6.731943	3.180899	9.520460	1.335652	3.896538	-4.777009
154	2	1.199531	6.895618	0.714829	6.869694	-3.017420	7.403198	-7.412463	7.251690	0.240567	6.286191
155	2	0.771312	4.728380	-3.490394	6.865336	-3.406625	7.043563	-6.439831	2.801301	0.843459	6.880747
156	2	7.351394	-11.356244	7.103147	0.342203	8.652288	4.634736	7.052920	1.293604	4.065386	0.439132
157	2	1.373454	9.897738	-0.445670	5.248207	-2.958542	6.268598	-8.114776	4.974139	-1.175807	7.655356
161	2	-1.380713	0.513010	4.783846	3.171771	6.613708	-1.392535	3.761060	0.919097	7.336677	-2.066168
162	2	4.829386	-4.922392	6.615004	1.414799	5.963100	3.523204	2.109315	0.753015	6.819455	-2.627054
166	2	0.909698	11.044575	1.764116	1.751833	-0.989403	6.854555	-5.343009	7.657409	-4.692420	6.459030
167	2	-2.322007	10.857095	4.074958	3.156544	-3.069773	3.906112	-12.870804	9.020894	-1.605339	6.521978
168	2	1.342379	8.102581	1.032890	4.495595	-7.497747	5.326969	-8.383832	7.049868	-1.231450	4.199695
173	2	6.719058	-9.856085	5.112979	-0.355854	6.611385	0.738761	10.435121	-0.846510	3.774552	-6.016654
177	2	4.591298	-7.598436	7.782456	2.389936	5.163659	-0.980868	6.419841	1.696837	8.044244	-5.945032
178	2	-2.775066	6.550983	3.070372	7.845729	-1.294218	3.485410	0.752591	8.165812	6.080471	6.268702
179	2	2.631295	7.540063	-1.510404	6.930714	-3.811780	7.869236	-4.963067	4.212833	5.624868	6.126968
180	2	0.627700	10.663365	-0.810587	3.315357	-2.884495	6.705371	-7.076688	5.829096	2.394684	6.857392
181	2	6.905916	-5.829397	6.908415	2.359643	-2.384921	5.076977	2.385362	4.316477	7.278295	-4.104953
182	2	0.026000	11.370760	0.297897	4.913740	-8.271829	6.626918	-7.127622	6.624206	-1.138161	4.196109
186	2	-2.625810	3.153520	0.886294	6.663969	-3.988245	1.410865	-7.042892	7.110414	4.657433	6.780334
188	2	4.881712	5.564321	-0.724012	8.528379	-3.282279	7.314724	-6.524442	5.381775	2.668631	6.911984
189	2	4.172980	-8.773152	6.792177	3.570079	6.418892	-1.267479	2.119646	5.022398	6.840583	-1.770706
193	2	8.532719	-9.088262	7.646070	8.619780	-1.546445	8.532731	-9.833174	7.646070	8.619780	3.664957
194	2	3.046893	9.080823	0.995981	3.749618	-3.348918	6.682454	-6.319132	7.235828	-2.703850	5.891178
195	2	-2.235017	1.558231	3.067288	5.688899	6.466838	-2.510142	3.140471	2.049204	6.677891	2.556992
196	2	-0.069208	6.670693	-0.025382	6.233675	-3.435817	4.289548	-6.779652	6.518686	-0.359632	6.254836
197	2	5.874326	-7.062524	5.166736	-1.570151	7.865547	0.029646	6.998403	-0.643084	3.661613	-4.060085
198	2	6.790647	-5.736927	5.905261	-0.821319	6.832874	2.180417	7.453628	0.859580	5.195769	-5.671041
200	2	-1.301649	11.589228	-0.123037	5.425927	-4.471373	5.302350	-9.134967	6.108924	1.216344	6.293334
201	2	8.952082	-12.761144	7.652464	4.163599	-1.290243	8.952082	-16.863003	7.652464	4.163599	5.248238
202	2	-2.932256	5.863039	1.366143	9.432216	0.399846	3.684994	-10.229060	7.584217	6.684715	7.682736
203	2	7.212939	-2.856170	6.872703	1.485380	-4.603401	7.049776	0.840565	2.840883	6.164118	-8.859969
205	2	9.524894	-13.613040	7.223328	-0.289192	8.503073	3.235615	7.869169	0.610026	6.156851	-3.300756
208	2	7.452275	-7.386404	6.125185	2.730068	0.374525	2.800183	4.606896	0.750209	7.291868	-3.167713
209	2	2.137014	5.578356	-0.882766	7.295028	-4.049884	8.261549	-9.699986	4.378938	5.232444	6.415351
211	2	6.449554	-13.030159	7.166482	6.397127	7.847745	3.973241	4.065900	2.001697	7.542614	-3.888318
218	2	6.129976	-4.788140	7.651597	1.490389	8.380769	0.463524	5.654600	1.917399	6.203209	5.203820
219	2	5.902641	-7.808855	5.934079	2.001873	7.424892	-0.352975	5.942297	-0.502238	7.607234	-2.380191
228	2	6.519193	-15.558024	7.074372	1.098124	5.530681	0.728748	7.350538	0.785302	5.976219	-4.727260
229	2	4.980297	-6.356048	7.641751	-0.661788	7.310514	-0.125921	4.667086	1.765141	5.760220	0.514648
233	2	8.093825	-9.193064	5.125180	0.894098	7.457764	7.165487	0.761626	3.016727	3.458719	-0.215257
235	2	3.241308	5.187280	-0.251189	6.796338	-5.086486	9.072885	-11.662830	6.188443	0.801970	7.659733
236	2	5.884367	-6.855807	8.036698	-0.506406	-0.734327	5.888188	-11.679457	8.036698	-0.506534	5.686271
237	2	7.193333	-9.467827	6.662650	2.420774	7.488441	1.466041	3.769518	0.452942	7.908735	-3.915359
240	2	5.357173	3.484916	-0.430290	5.909394	-5.269995	6.028434	-2.512721	4.545498	0.410290	5.933727
241	2	3.703355	8.974008	-0.883983	3.986869	-3.537227	7.632614	-6.368236	5.179827	-2.148294	8.471634
242	2	1.243681	4.822318	-0.332441	7.974744	-3.063077	6.755479	-1.484822	4.247618	6.745195	6.643336
243	2	6.315207	-1.260484	8.224299	3.332244	5.241415	1.768942	3.611080	1.911738	6.616097	-3.525798
248	2	5.132518	-9.366699	7.127592	2.804865	7.835988	2.068790	2.549545	1.729457	8.053564	-2.862950
249	2	6.571313	-8.470576	3.123814	3.985832	-0.738369	6.571313	-14.523571	3.123814	3.985822	5.662373
251	2	3.514950	-5.957857	5.763569	1.331218	7.439705	-1.821867	2.752314	1.293612	7.267657	0.432968
252	2	6.925389	-8.601855	8.869922	-0.242714	-2.166471	0.956485	6.610240	4.635910	3.904978	-8.692350
253	2	0.246072	7.398397	1.617350	3.876588	2.482430	5.272749	-4.361222	5.113603	-2.704377	7.403022
255	2	7.394578	-8.168253	4.955009	0.214469	9.167796	4.184084	4.575937	-0.406642	6.385359	-3.263062
256	2	8.710163	-12.883509	7.083220	1.353637	5.838242	8.710163	-10.831400	7.082396	1.362469	0.175735
259	2	7.570602	-14.670530	8.747466	-0.020329	7.398590	3.194666	4.982695	2.161526	6.236092	2.939478
260	2	6.080439	-5.142254	6.723538	1.908536	-1.653332	0.805661	5.463950	2.402530	4.614864	-3.123719
261	2	6.752253	-9.996847	6.285453	3.715817	0.414565	6.752253	-16.194622	6.285454	3.715817	5.653034
263	2	6.549234	-5.857741	6.885890	1.810118	9.269212	5.262724	6.513435	1.637418	6.566035	-2.860882
267	2	7.097052	-11.513163	7.019938	-0.628132	6.614971	2.088445	6.468316	1.886612	5.559601	-4.061830
269	2	0.167431	8.333470	4.424833	7.589049	-5.723717	5.582507	-12.356912	9.397220	1.414618	3.699725
270	2	2.134567	4.571616	0.580388	7.923061	-8.872238	4.646780	-2.722276	4.937447	7.794642	3.968729
271	2	1.756696	3.611972	0.251400	8.227070	-1.025874	4.670292	-6.047688	6.543687	2.143885	9.362332
274	2	7.468966	-0.294254	4.962683	5.468945	1.751753	2.437098	3.448447	1.123387	6.650366	-9.564885
275	2	6.984506	-10.555478	6.334098	1.684012	7.274058	1.214671	6.803878	-0.108082	7.203437	-3.780283
276	2	1.358208	6.716619	1.508376	6.523280	-5.829267	6.376975	-2.705976	6.697852	5.317084	5.148028
277	2	6.676929	-3.791942	7.386209	2.125683	4.534297	0.792706	9.655407	2.190412	6.559975	-6.386367
278	2	1.786124	4.327201	-0.732632	5.880497	-3.148738	1.918111	2.189374	-0.461861	5.568292	4.501976
280	2	2.628892	4.316233	-3.933835	8.277799	-6.505182	9.251328	-4.522898	1.191539	2.063053	4.199717
284	2	8.922347	-2.962465	4.492130	1.911621	5.503032	4.604635	5.789943	-1.177500	5.070522	-5.985730
285	2	4.079140	-3.530258	5.043479	0.580351	6.854057	-0.586361	7.152482	-0.862225	7.019688	-4.183280
288	2	6.475745	-6.384020	6.782666	-1.071348	-0.280798	6.477607	-8.922852	6.782666	-1.071354	5.759529
290	2	5.445645	-6.819726	6.396319	-1.798305	6.723619	2.417630	6.067874	-0.144531	4.768460	-5.913974
292	2	2.039412	6.499617	4.775011	5.959158	-4.528537	6.665050	-5.819369	6.893285	0.289389	6.707507
293	2	7.994795	-13.111841	5.956213	2.820201	6.697958	7.994795	-9.561121	5.956213	2.834096	0.058123
294	2	3.751724	8.742501	0.562452	5.594821	1.967787	6.557058	-5.834409	6.729580	0.454937	5.598949
295	2	-0.028889	5.578670	0.145912	5.674337	-0.781429	6.219997	-4.317575	6.068208	-0.534369	6.103094
298	2	3.387502	7.641116	-4.241057	6.999087	-3.792597	8.025895	-8.723318	0.863354	1.071045	8.915529
301	2	6.884417	-6.932844	6.223814	-0.159060	9.278012	0.466614	7.650477	0.686029	6.357761	-0.841953
302	2	6.824851	-9.184564	4.589508	6.301628	6.201357	4.706584	4.134360	-0.354394	6.941269	-4.237044
303	2	3.709335	1.237970	2.258188	3.440425	8.293816	1.401094	5.414494	0.720336	6.088816	-1.863297
304	2	2.047651	7.561368	2.796268	7.384099	-3.532016	3.646427	-1.472000	6.577559	1.251540	8.057733
305	2	5.860264	-11.981784	8.444041	-1.289015	7.016776	1.192994	7.994711	2.175611	5.316785	-5.630985
306	2	6.841182	-10.892531	5.153072	5.145737	5.238637	3.012803	4.936173	-0.720978	8.288251	-6.737280
308	2	6.517853	-9.813916	7.207074	0.687891	6.870246	0.464291	6.092858	4.036975	6.982679	3.936998
309	2	6.179292	-11.810547	8.855650	0.705382	7.274923	-0.222214	8.513524	3.265887	7.059944	-2.964571
314	2	5.554056	-11.324075	6.759022	2.226010	7.507575	0.366959	0.543305	0.715780	5.713807	7.412438
317	2	0.273468	2.274658	4.514710	6.138317	-6.010053	4.786791	-2.810632	7.433518	5.718312	4.701816
318	2	7.478034	-6.634359	5.575423	-0.965225	6.184710	1.492946	5.669937	0.446289	5.254350	-6.542391
319	2	4.189431	-9.956649	5.846833	4.003199	6.805435	-1.002274	6.348561	-0.628836	5.693082	0.342484
322	2	6.490681	-10.170365	5.422543	3.848447	9.051445	0.412568	7.952102	-0.953648	7.990803	-3.601764
323	2	1.398926	7.637500	1.196665	7.829566	3.638760	7.978647	-7.430543	5.906177	2.392090	6.360540
326	2	0.002513	6.450442	5.937972	6.560549	-3.488398	6.456185	-7.942910	9.612138	0.291160	8.184256
327	2	3.585051	5.904847	1.026710	6.600948	-2.763453	7.493266	-4.551341	4.925536	3.023776	7.618464
328	2	-1.268267	4.793728	1.829568	7.014320	-5.494532	5.264741	-2.459370	6.746849	5.861064	6.771212
329	2	2.113101	4.727424	3.331708	7.621963	-3.077892	4.801133	-0.044346	6.232754	4.758667	7.032290
330	2	-1.448342	6.061309	-3.615372	9.692024	-4.467540	4.634142	-7.529081	2.572521	3.273680	4.871038
333	2	8.128335	-9.089336	7.566486	2.028100	6.289145	2.593350	4.441790	1.003800	8.256775	-4.096829
335	2	1.140363	5.978499	0.808721	7.882034	-7.034503	7.663999	-3.578547	5.970400	4.040938	-2.949789
338	2	8.481720	-4.809798	6.975941	5.439197	6.338541	3.981942	4.144516	1.157021	8.892736	-5.410652
339	2	6.606691	-0.671437	2.452276	4.908450	5.456150	0.831369	8.153735	-2.850375	6.798450	-5.959085
342	2	2.577408	6.400582	-1.582892	7.232403	-2.035931	6.619220	-2.363820	3.620330	1.352574	6.877045
346	2	6.980679	-7.523771	6.932295	2.022123	7.060657	2.293416	6.620212	2.295074	8.117407	-5.630525
350	2	2.625556	9.045734	2.570567	5.936416	-3.342585	8.811681	-9.803167	8.251599	1.932077	7.629582
352	2	5.864548	-5.140441	5.873584	3.919497	5.660713	1.305297	3.997061	2.695535	7.773184	-3.404882
353	2	1.656533	7.041767	3.102352	6.363615	-5.114249	6.985522	-7.792576	6.264364	-0.192234	6.655179
354	2	6.450364	-7.657219	7.247654	-0.768250	4.150537	0.209116	8.990045	1.343268	5.050600	-7.962957
356	2	5.617647	-7.221980	9.442729	1.478994	7.129888	2.905299	1.745704	6.022521	5.606868	-4.450246
357	2	7.174285	-6.002129	5.486364	4.104612	6.282749	0.898484	3.598834	-0.316931	9.905572	-6.711836
358	2	1.554586	4.330444	0.931808	7.998563	-6.971627	2.070641	0.374997	6.968954	6.404566	-3.129947
359	2	-0.521938	4.241230	4.372832	8.436166	-2.340224	6.025713	-1.449140	6.775770	5.234846	5.129264
360	2	5.313812	-6.013868	5.916046	0.354620	7.342690	-0.774898	6.800476	0.720730	5.525985	1.969377
362	2	-0.147005	5.639359	2.995293	7.489288	0.318526	-0.157396	5.808757	2.991524	7.489293	-5.232125
363	2	5.329089	0.075652	5.578925	5.177502	4.491148	8.402471	-5.847634	6.157425	0.659075	4.698423
364	2	3.709274	9.551261	0.861953	3.237419	-1.102422	8.211309	-3.688401	6.899622	-2.274955	6.425684
365	2	7.715802	-6.653361	3.213004	1.317658	5.039801	2.459036	5.709789	-2.173052	7.851175	-6.462222
366	2	0.675013	8.957585	1.941632	6.221524	-4.469354	6.882629	-4.050351	6.085221	3.998739	6.619831
368	2	6.272495	3.704279	-0.016881	6.031256	-5.124601	6.611769	-5.392602	5.742666	0.791933	6.436124
371	2	0.256936	7.499010	2.004328	7.184958	-2.319479	6.810167	-5.976960	5.145069	2.186788	7.350629
374	2	8.711862	-7.547121	5.055987	1.212781	7.309031	2.424842	4.408335	-0.223414	6.568475	-4.781725
375	2	1.777429	10.029787	0.824133	5.768232	-6.375239	7.097316	-4.973528	7.259526	0.590342	6.736800
376	2	7.111168	-7.569165	6.683610	2.097706	1.525617	7.111168	-12.248652	6.683616	2.033541	7.213085
377	2	1.915306	11.980838	3.426035	3.446778	-7.856749	7.910268	-4.220310	9.514325	-1.456553	5.010524
379	2	7.735018	-5.931690	6.682313	0.143684	-0.594007	7.735019	-12.240383	6.682313	0.137292	5.472802
380	2	3.727517	8.355247	0.010563	6.023597	-6.751314	7.393844	-4.557912	4.134980	1.547941	5.098645
382	2	-2.726232	9.095598	0.748108	5.604718	-3.449902	3.870148	-5.110920	6.874544	-0.331654	7.396615
385	2	0.877786	9.345648	0.247171	4.366957	-3.131969	4.217250	-3.670753	5.982273	-0.156606	8.476061
387	2	5.065116	-8.535335	8.286686	-0.700783	6.882077	3.353336	1.509893	7.495391	3.141444	-3.415024
389	2	7.347186	-8.102947	7.157606	3.682589	6.597461	2.550132	5.320722	3.611656	7.616159	-5.381823
391	2	2.246768	6.926714	-1.037838	7.237626	2.721510	8.454738	-5.434959	3.830396	3.709792	8.482989
393	2	7.661658	-12.861068	6.406401	-0.775953	6.273714	2.615032	2.297235	4.243861	4.565959	-1.551491
394	2	7.224526	-9.877417	7.181331	2.053972	8.531408	2.200072	3.602082	2.925356	7.150861	-1.312925
395	2	8.395356	-5.764865	6.417238	-1.983860	5.149224	5.450432	6.449786	1.160501	3.196194	-5.759071
397	2	7.865351	-8.103612	5.321112	2.058067	4.252381	7.821658	0.267804	4.860677	5.141823	-2.885711
398	2	7.706962	-9.642364	6.105124	0.823443	7.609038	2.210998	8.963391	-0.042629	5.044761	-3.953239
399	2	7.540145	-7.689934	7.378159	-1.994363	4.422066	1.923251	4.057479	3.780404	4.616964	-4.844020
400	2	6.148632	-7.514851	2.813186	0.346482	7.743042	0.457402	4.939843	-3.643129	6.655846	-2.010632
401	2	6.676153	-7.810082	1.368047	3.366871	6.083456	0.495665	3.206204	-2.347918	6.937510	-3.419694
402	2	5.483222	-5.820066	7.475587	1.534655	6.219358	2.609595	4.307265	4.012990	6.857239	-4.025032
404	2	4.752051	7.102433	0.948224	7.932776	-3.811703	8.099458	-6.192455	7.407887	2.160528	8.192829
406	2	2.255839	3.992298	1.207449	4.891604	6.575554	8.702717	-7.489515	5.085099	-0.565814	7.868237
408	2	2.717615	2.820918	-2.499681	8.941100	-8.191762	6.790846	-1.511136	2.735858	7.218804	-5.629654
409	2	1.917673	5.899720	0.094816	7.122875	-5.113912	6.935019	-9.275082	6.228362	0.835936	5.837907
411	2	5.532532	-7.801970	5.733392	-1.686288	7.687635	0.237640	8.276024	0.670855	3.226740	-4.470101
412	2	0.377519	8.568161	3.807425	8.060811	-1.840533	5.854859	-4.052972	5.653100	3.719134	7.469767
413	2	6.044024	-13.705981	6.789343	2.107590	8.426894	0.842595	8.410785	1.009800	3.189273	-3.236115
415	2	1.280655	4.851710	-1.137335	6.424817	-7.102733	5.421301	-4.618634	4.443264	1.934930	5.079634
418	2	-0.497232	5.801242	1.860810	7.301226	-5.951388	6.121518	-9.073487	7.121657	0.940948	6.898164
421	2	7.212729	-13.205640	6.139742	-3.929540	8.779589	1.287237	8.922682	1.078051	2.328964	-1.363552
424	2	6.803374	-5.799710	5.087270	4.068575	6.865046	0.237033	3.805004	0.559154	7.751192	-4.504449
428	2	8.078448	-6.143767	5.711076	2.482934	5.275511	4.398787	4.563686	0.098987	8.347418	-1.989678
430	2	3.500433	6.476947	2.449408	5.710179	-4.322786	7.748334	-10.099151	6.118596	0.871455	8.656151
431	2	4.617378	0.820720	-1.128761	4.697590	6.130002	3.049817	4.463442	-1.269644	7.040353	-4.087922
432	2	-0.455789	10.815722	0.380903	5.691479	-2.081813	5.736283	-5.095593	6.385452	-0.668361	7.336908
433	2	0.382794	3.417906	-0.719596	7.927668	-2.357194	5.405819	-3.508618	5.674400	2.186666	7.001860
434	2	7.955229	-13.502627	7.116619	3.132868	6.094902	1.627377	7.486970	0.743438	6.699190	-5.092795
435	2	6.998927	-4.049227	8.601465	4.420990	-3.404757	7.000257	-6.271732	8.601477	1.777130	2.905830
437	2	6.268706	-15.606732	8.298840	4.084502	6.629268	0.260277	3.262288	4.802186	6.767862	-2.871886
438	2	5.748009	-8.734105	7.662847	2.235220	6.145128	0.485490	5.061613	2.407122	7.728575	-6.346407
439	2	0.747873	6.080004	1.637647	7.041934	-3.377839	4.872878	-4.762762	6.790003	3.386011	5.207796
442	2	-1.941656	6.015094	1.798157	5.687086	-2.748212	4.345879	-3.167498	6.066138	3.529467	8.285594
443	2	5.371832	-10.713958	6.203161	2.213125	5.925722	2.269427	5.780125	1.993945	7.130437	-6.165515
444	2	8.346494	-11.731810	6.718136	3.888593	8.044563	1.798486	5.700083	1.071378	6.790250	-0.926838
448	2	0.352716	8.762818	1.535724	6.414985	-6.890523	6.592734	-11.162516	7.326553	2.230631	6.158935
455	2	0.041578	8.925733	2.007906	4.511824	-8.844498	6.509352	-5.238289	7.491704	2.015620	-3.842351
456	2	7.413288	-7.534131	9.154829	1.962638	5.848576	1.691489	3.575264	2.742411	7.622109	-1.572130
458	2	0.654098	6.279645	-0.632519	6.955403	-5.726977	4.550435	-7.537032	5.744183	2.109525	6.956941
459	2	5.600319	-10.605292	7.755949	3.006172	6.265743	0.627388	5.166361	3.684931	7.390355	-4.007029
460	2	-4.741768	8.601105	1.230802	6.426963	-5.604977	1.377807	-7.520090	7.781457	0.011857	6.183291
461	2	1.727663	6.052526	2.516802	6.851477	-1.973529	2.212211	1.990032	2.517166	6.365891	4.918579
463	2	3.841527	7.332124	0.088161	6.076476	-3.948985	7.715945	-1.043806	5.191845	-0.531681	7.123192
466	2	1.031344	9.746431	0.259457	5.461097	-6.229750	6.015712	-5.359561	5.929533	-1.161387	6.475527
467	2	3.015661	3.183141	1.182226	8.005662	-7.288037	6.384689	-3.508975	6.737833	1.523629	1.689295
468	2	7.235839	-9.041429	6.735162	-0.278799	8.996962	3.851090	5.201649	0.285331	5.036124	5.657967
470	2	1.589616	10.704272	2.338672	3.486730	-0.219639	1.668364	7.231622	2.338672	3.486720	5.252866
471	2	-0.076298	5.526979	1.762886	6.048959	-5.287996	5.398797	-1.980009	6.203064	4.373611	6.811572
472	2	6.529902	-10.401671	7.049781	1.273062	8.215466	0.462757	3.001159	1.504405	6.118082	-0.832350
473	2	0.916953	10.411825	-0.408451	4.264920	-3.442911	6.231105	-4.196623	5.600768	-0.683714	5.908531
475	2	8.351549	-10.866585	6.103831	-0.497742	9.263648	2.258455	8.384306	-0.481740	5.281540	2.036237
480	2	4.141259	0.447170	7.900878	5.595583	0.508703	5.931763	-7.817039	8.225007	3.547547	6.443416
483	2	6.742700	-6.504984	6.495724	1.548692	7.547692	2.802898	6.221963	1.701984	7.305524	0.766065
484	2	2.113641	9.682833	-2.911124	3.178272	-2.180443	6.097686	-6.897303	2.479900	-0.471748	7.238584
485	2	7.250510	-12.169997	2.488634	-1.727611	6.975752	3.367118	6.512170	-2.034015	4.024572	0.108802
487	2	6.079852	-6.188492	5.243061	0.598286	8.673281	0.862608	2.409026	2.152716	5.879981	-0.530641
488	2	5.486392	7.821669	1.334434	5.720406	-4.810110	6.471914	-5.034677	7.558352	-0.672234	5.962906
490	2	5.643700	-9.861494	6.571981	4.235662	5.617577	2.793320	8.741304	1.784192	6.727299	-0.509338
491	2	6.498192	-10.885474	8.551843	-0.595016	6.066072	1.027441	2.784176	5.480480	5.188555	-2.415375
493	2	-3.062023	5.530210	-0.055260	7.924974	-0.719607	-0.218410	1.849456	0.002855	7.774869	6.438628
494	2	2.744863	4.819653	1.391471	5.562952	-8.444511	8.781021	-2.661936	5.680737	1.716032	-2.352559
495	2	9.256775	-4.463207	6.308952	3.219075	6.667799	2.697462	6.798040	0.576305	6.426000	-5.452773
497	2	6.419464	-6.489957	6.267455	3.935612	6.709884	-0.206271	6.021019	0.371164	6.836139	2.506835
498	2	8.360591	-6.361765	3.819959	0.626201	4.968932	4.495832	2.379215	2.275710	6.994451	-1.616949
499	2	3.912557	5.194695	2.925042	6.521553	-2.810403	6.732174	-8.884885	6.174723	1.421059	6.041802
500	2	2.884227	9.275122	3.101398	5.339688	-0.883599	7.160413	-5.891854	7.470272	-0.742447	6.112770
502	2	0.808866	5.381098	0.562852	6.863424	2.833362	6.704841	-10.035128	5.540806	0.931385	6.393046
504	2	7.447796	-6.424562	7.572874	0.547699	-1.950149	2.612813	5.170119	1.601584	6.883986	-8.008707
507	2	5.124733	0.956425	6.061309	5.354763	8.320459	1.107296	3.754681	4.600081	7.906363	-3.898272
508	2	6.285687	-0.959394	5.971491	4.663232	6.527441	3.212338	4.299132	0.912980	6.653313	-1.992357
509	2	5.430806	-5.482892	4.750174	1.569063	8.393503	2.764267	4.387349	0.188211	7.890729	-4.485500
511	2	1.456310	6.471841	-1.222785	7.102395	-0.409321	7.781613	-3.619340	4.859637	6.500098	6.108732
513	2	1.789876	4.560050	-2.447943	9.105588	-1.243648	7.630545	-8.165990	3.864560	3.636262	7.806104
515	2	3.807819	0.462779	5.876483	5.585058	7.859127	5.864924	-6.808173	5.987020	1.394919	7.959960
516	2	6.996402	-6.770708	9.273777	1.022334	-0.685792	4.135317	4.361991	4.577016	5.762140	-5.561842
518	2	6.235085	-10.349874	4.520240	0.699687	8.820994	-0.120363	6.201654	-1.998439	6.602882	-4.163395
519	2	2.400024	8.978868	-0.980454	4.117980	-2.824456	7.363554	-7.886011	4.904867	-0.060355	6.053514
520	2	1.631438	4.238979	-3.166709	8.264467	-6.654788	6.661602	-3.548139	3.254238	1.919980	5.214746
523	2	1.790510	7.612239	3.147996	6.536120	-5.754655	7.393057	-11.839424	6.681811	-0.039594	5.361812
524	2	-1.657149	5.648113	2.413802	7.669907	-5.032102	4.043974	-9.834801	8.842532	6.829480	6.900971
525	2	5.238264	-10.564333	6.974720	1.918556	4.582436	5.238264	-8.690964	6.974719	1.918556	1.180020
526	2	3.608795	-9.135161	9.314900	2.041457	9.237627	-2.356155	8.344291	3.840075	5.970116	-2.765848
528	2	7.368415	-7.114724	6.731013	3.211872	0.386319	1.934581	9.352431	1.668502	5.489527	-5.836500
530	2	5.283174	1.078962	1.327881	5.926049	-3.656128	6.236024	-7.967974	5.064258	0.933408	7.567491
532	2	7.161390	5.044876	1.380579	5.240965	-3.104869	9.340713	-10.639427	6.972401	-1.216410	8.492188
536	2	7.935538	0.027401	3.039099	6.591717	-3.356545	3.702945	3.475814	-3.065995	9.052752	-6.299550
539	2	5.824283	-10.828639	5.821601	3.878697	6.518392	1.956885	4.328926	1.895167	9.493076	3.424674
541	2	6.354449	-8.267592	5.745521	1.347613	9.610401	3.947908	6.369637	1.543249	7.693009	-2.526831
542	2	8.971086	-3.307855	6.778434	0.699174	0.424764	8.972548	-6.514071	6.778547	0.626369	5.069919
544	2	3.173540	3.080541	1.009509	5.674063	-9.132684	6.316230	-0.931607	6.149413	-0.678969	-2.589734
546	2	6.486983	-8.769790	6.744553	0.495900	7.217068	0.136866	8.220176	0.683448	4.967922	-1.744922
547	2	6.973316	-6.055045	6.199430	3.201361	6.452949	3.258431	5.267494	-0.367664	8.425394	2.646758
552	2	6.777533	-9.995075	5.625323	0.104750	8.792453	2.463735	8.497982	-0.174160	6.362061	-1.640174
555	2	7.054994	-7.926532	6.030024	3.008033	0.622948	7.057318	-12.756946	6.030024	2.985744	4.986375
557	2	-4.125325	5.988404	1.805843	7.088598	-5.027115	2.083335	-4.273360	7.660857	0.459150	6.539472
559	2	1.865315	5.790379	-1.866077	5.943046	-6.282063	5.691369	-1.976753	4.562408	3.911241	4.690518
567	2	8.637185	-6.192511	4.370848	4.628776	8.889256	2.352667	6.409973	-2.019580	6.755682	-3.612442
568	2	5.289342	7.494558	1.399421	6.909268	-6.489945	9.242551	-7.467833	7.432772	1.196144	5.656544
569	2	8.696386	-12.233586	7.282765	2.388210	6.624527	2.629847	10.220876	0.792032	7.598775	-4.259040
573	2	6.110083	-4.066972	5.497678	2.680659	7.100313	1.166091	5.018115	0.087394	6.764679	-5.644451
574	2	7.673464	-7.539049	6.468819	1.333630	6.219569	1.433455	4.961215	3.697881	7.257576	-3.991679
578	2	1.299886	8.235406	2.311028	4.526603	-3.218906	7.196735	-5.917630	7.055797	0.519604	5.826503
579	2	5.329648	4.008238	0.007128	7.776712	1.771411	7.010974	-7.966105	6.198022	1.622984	7.221429
580	2	7.521683	-8.912799	9.186348	-0.514735	5.796070	1.173131	6.639948	2.856553	5.629907	-5.035067
581	2	7.853983	-9.043528	4.131321	-2.782134	7.379842	2.303076	8.508499	-1.920853	3.393556	-2.193295
582	2	6.753911	-10.266553	7.690123	0.444938	8.436011	2.791011	6.325948	3.170076	6.409776	0.452978
583	2	6.398976	-8.064198	7.681132	0.634168	6.727237	5.499513	1.231255	6.548685	4.222396	-0.379132
584	2	0.952889	5.760888	-4.089200	4.142851	-3.910321	6.025818	-5.940911	2.295215	-2.487706	7.779230
585	2	0.009037	5.316662	-3.129495	6.041494	-4.537599	6.482461	-0.765027	2.855639	3.102889	4.990949
586	2	8.125277	-6.562240	7.545084	0.363278	4.935193	2.229517	9.196382	2.458109	5.297626	-3.406014
587	2	7.721500	-11.615786	7.388400	0.519413	7.476650	4.754669	6.541342	1.206489	6.126863	-5.196543
588	2	6.834650	-9.286658	5.700543	-2.147117	7.404254	2.667422	4.856550	0.043766	4.269036	1.280714
589	2	0.603516	-8.940355	7.298797	7.799522	7.090299	-5.480345	6.538506	0.758950	9.428200	-4.313465
591	2	0.410263	5.192110	0.540883	8.529843	-4.004795	6.788403	-3.794444	5.472975	2.527454	6.892926
592	2	2.516730	9.326746	0.288866	6.822313	2.974935	2.516730	9.397951	0.288866	6.822314	-3.588249
593	2	-1.449341	7.533823	1.596748	6.638916	-6.131027	4.745701	-4.808648	6.388548	2.783527	5.957904
595	2	8.560716	-11.354282	7.355760	3.599084	8.587884	2.628954	5.978722	1.670253	7.624428	-2.737496
596	2	0.954810	4.195583	2.683671	7.909099	-5.366404	7.092457	-10.970597	9.175041	1.961983	6.506747
600	2	-3.148163	7.242329	3.123890	9.569711	-6.120392	3.084186	-6.793005	6.713734	6.353476	5.828352
601	2	-3.335341	5.754917	-0.226761	7.076013	-6.461831	3.156605	-2.391055	5.444984	5.582890	5.769961
602	2	6.561488	-5.711721	7.380313	2.502737	6.633284	-0.030510	5.755887	0.762133	8.932492	-3.205190
603	2	4.708218	-8.801845	5.020300	0.237257	7.485578	-0.625001	3.604726	2.597557	6.697264	-4.816133
604	2	5.259116	-6.846670	6.012350	0.468654	6.314046	-0.982596	7.667366	-0.541412	6.520260	-3.813970
605	2	6.413761	-11.728655	5.316919	6.432066	4.594906	1.376706	2.927920	-0.187195	6.973182	-6.291777
607	2	1.536928	5.760670	0.136304	6.111399	-5.785134	5.551637	-2.748349	6.385845	-0.351902	-2.295849
610	2	3.878209	7.584483	4.486416	6.256049	-3.976744	8.291959	-9.639857	5.120791	0.644053	8.868234
611	2	0.383150	9.572219	0.171378	5.342057	-2.025782	6.096115	-7.589687	6.765994	-1.106259	8.624135
612	2	8.468766	-4.913962	6.835600	3.884292	-1.916240	1.892144	4.684083	1.171892	8.484974	-8.139320
613	2	-1.605852	1.172298	5.206426	5.082107	5.552105	-1.742191	3.554353	0.846008	6.508861	-4.687348
614	2	2.507071	8.284310	-4.272872	6.997649	-5.976865	8.443781	-6.538506	1.851339	2.872160	5.911963
616	2	7.273033	-7.441002	3.782460	1.226491	8.009057	2.502388	4.565617	-0.451972	7.125674	-0.866447
621	2	0.867600	5.707092	0.534795	7.093472	-1.695200	7.282156	-3.510915	5.430274	2.675148	6.910660
622	2	-1.634800	10.537313	-1.931865	6.134206	-2.460010	4.901493	-2.544348	4.382248	3.843305	6.652096
625	2	8.478296	-9.302090	6.562710	2.585224	4.382273	2.545512	7.327019	1.358574	5.361294	-5.428477
628	2	-1.192052	4.692439	2.950762	6.087586	-2.216756	3.779053	-5.401144	8.044755	-0.488803	5.944874
629	2	7.610832	-7.019041	7.773309	4.570987	8.799309	1.579227	4.108973	2.907170	8.893105	0.100030
635	2	0.550051	8.967270	0.833664	6.027304	-6.656576	6.918858	-10.314942	7.405755	-0.609609	5.093218
638	2	7.179496	-6.675743	5.635600	-1.925972	6.976197	1.012144	8.764507	2.243565	4.365848	-5.346694
639	2	0.355672	9.549406	0.250518	5.021515	2.460532	0.345586	9.619330	0.250518	5.021515	-2.034339
643	2	4.644757	-7.896721	6.851276	-1.860108	-0.215691	1.924040	8.941400	1.369905	4.602715	-6.639659
644	2	0.873181	4.670238	0.763641	6.627098	-4.822025	5.370845	-7.176269	6.955579	0.498436	4.645760
646	2	1.979500	6.516425	3.836505	7.994563	-6.271687	7.064432	-9.920253	8.801946	2.699426	3.558298
647	2	0.885925	5.290665	2.872935	6.656826	-4.452496	6.545477	-12.623769	7.352442	6.414654	8.507450
649	2	5.932021	-6.628857	6.705634	1.516731	9.781415	2.103943	3.676430	0.861873	6.346473	-2.106222
650	2	1.372136	9.120541	0.026158	6.897776	-1.628261	6.779078	-6.260329	5.395763	2.311143	6.924605
654	2	4.481300	-14.156380	6.688425	-0.203928	6.129873	-1.030121	8.689387	0.646113	5.501777	-5.976003
657	2	7.957200	-6.718737	6.371483	2.920193	6.902368	3.044015	4.339168	1.465667	7.813881	-4.027245
660	2	6.455456	-6.974932	8.201332	-1.392729	7.683848	0.657334	9.734619	1.920178	5.087951	-4.437591
664	2	6.515561	-6.167356	6.658071	-0.462563	6.589529	1.056130	8.394932	3.103349	6.071182	-5.501778
665	2	0.973738	7.799217	0.843819	5.043304	-8.698117	7.240136	-2.178184	6.351361	-0.887875	-2.895645
666	2	6.936072	-4.199121	5.600778	5.600669	6.595848	3.777715	4.582949	0.045138	7.892685	-2.944984
669	2	4.297119	-10.072428	7.364744	0.983878	-0.261769	4.297653	-14.855443	7.393671	0.983878	5.769626
670	2	6.252239	-2.970983	3.694849	-1.204017	8.862683	1.388028	8.835692	-1.918662	2.766352	-3.256866
673	2	5.383261	-6.903393	7.610762	4.173932	7.086584	-0.923222	4.143945	2.873039	7.931763	-3.338553
678	2	5.538156	-13.162479	6.608810	2.140868	7.984958	3.495696	3.216450	1.842981	5.798978	-3.238856
679	2	-0.790308	6.740374	0.789000	4.768710	-2.296412	5.038812	-3.934951	6.316790	-1.331480	7.058557
681	2	8.617226	-3.245133	7.928814	1.422213	4.516869	8.616099	-1.322575	7.928762	2.251439	-1.124679
683	2	4.653223	-7.390120	7.661923	-2.358184	7.607173	-1.140270	9.338532	1.864652	3.945097	-0.013395
685	2	4.104404	-7.589377	8.628766	1.430071	8.057506	-0.664557	2.419427	3.866111	7.397638	-1.823506
686	2	7.356280	-12.329085	5.291852	0.818674	4.723628	1.314883	6.118961	-1.153264	6.940025	-3.412451
687	2	1.185421	6.727310	1.077000	6.839917	-6.353106	6.077583	-4.904200	7.026548	3.364305	5.410843
690	2	8.045868	-9.836887	7.461377	-1.791118	5.967354	1.930487	5.263239	1.364761	4.139913	-1.061372
692	2	7.097623	-7.771696	2.964646	2.410330	4.694331	3.951840	3.802270	-1.196570	6.557955	-2.552870
695	2	9.497978	-13.895771	6.819807	2.328447	7.040605	3.594979	8.142769	1.371597	5.040135	-4.854409
696	2	7.217787	-4.343027	8.126867	-2.691742	-1.946392	0.782408	11.253429	1.936933	3.715160	-6.988549
697	2	-3.453876	8.235908	0.500415	6.592296	-2.585005	3.062644	-6.097574	6.979269	0.880841	7.212142
698	2	2.636684	4.812849	0.246441	7.321726	3.537206	6.656127	-7.711635	6.863420	1.359371	7.699728
702	2	3.385684	9.648692	-0.310311	5.981750	-2.450823	8.823192	-9.727530	5.559791	1.168965	6.309921
703	2	3.246563	9.505839	-4.076113	6.047951	-2.120255	7.705096	-3.164483	2.131834	0.224983	7.550656
705	2	0.560243	9.516787	0.728713	2.809920	-8.568594	4.669397	-2.452599	6.911222	-3.025591	-2.570049
706	2	7.658345	-6.044590	6.264804	3.260414	6.155564	7.637117	-1.929487	6.263662	3.260540	-0.101830
707	2	2.441102	9.643735	-0.048808	6.291895	-2.445526	4.322070	-1.828415	6.278660	3.968103	7.736380
709	2	6.414223	-9.938222	6.051722	-0.872841	7.384420	0.178673	4.044885	1.362874	4.422884	-2.623511
710	2	5.436731	-6.907583	7.492027	5.627091	6.441632	-0.372536	4.750530	3.954200	8.796930	-5.124759
712	2	1.809909	4.123421	1.587969	8.465034	-2.405754	5.545888	-7.876376	7.489072	3.465468	7.276313
713	2	5.017664	-9.898841	7.942029	0.285030	6.593074	-1.550336	4.986811	3.330155	5.660847	2.244653
716	2	0.218772	4.926104	-1.305822	6.183153	-6.270481	6.176283	-7.061814	5.129469	1.091851	-0.955467
719	2	4.498249	-3.423544	5.229566	0.245672	7.778447	-0.849194	6.378875	0.416963	5.422634	-2.151128
720	2	7.180815	-11.431810	7.551669	0.592586	7.402040	0.938644	8.629405	1.405815	6.428782	-2.829399
721	2	1.739940	6.362342	0.596440	6.008021	-5.153818	6.275611	-2.413717	5.902398	2.469229	-1.217665
725	2	2.235766	4.937786	-0.346509	7.365487	-2.373898	6.454171	-12.130350	6.004316	1.899547	6.876117
726	2	2.062958	8.497262	2.229069	5.778918	-2.604643	7.382908	-13.544517	6.777148	-0.162680	5.213879
727	2	8.606165	-8.170341	6.432693	4.087070	6.682712	2.447273	8.728766	0.631125	6.023446	-2.499773
729	2	6.580371	-9.102172	6.953931	5.681539	6.431491	4.065517	5.296118	1.188769	8.944116	-4.487496
730	2	8.642720	2.063129	3.292615	5.167020	0.923266	9.780505	-2.516931	5.483645	-0.385121	5.361402
731	2	8.608270	-10.985430	5.154905	3.248116	6.918050	8.608169	-6.473753	5.154905	3.248122	2.125104
732	2	7.057580	-0.685031	5.275929	2.114924	4.689844	7.006435	-0.391901	4.959928	2.523584	2.120388
733	2	6.921307	-7.833198	5.417805	2.083746	6.320788	1.784916	3.929778	1.807797	7.821108	-5.934817
736	2	0.348851	7.499052	-1.793908	7.424278	-3.787339	6.651112	-7.090593	2.959311	1.903082	5.974817
737	2	7.125067	-7.386392	7.898841	2.878433	7.668878	1.455969	8.218110	2.534710	6.730854	-2.951716
738	2	6.825139	-8.944626	6.274142	1.770473	7.062392	1.325418	7.644961	2.628733	6.215121	-3.603674
739	2	6.585877	-6.121096	6.057829	1.429432	1.165057	6.585877	-11.603333	6.057916	1.429432	6.662602
741	2	-2.299999	4.745095	-0.744774	6.102301	6.888460	3.981367	-4.002963	5.397383	0.285081	9.252465
742	2	4.071947	-8.543039	6.873084	4.663418	8.517913	-0.033457	6.972454	1.796089	6.249508	-1.428450
744	2	2.642343	-0.975356	4.423931	4.249993	-0.892134	2.883967	-4.181171	4.432750	1.775726	5.733165
745	2	4.949953	5.456862	4.322209	5.722229	-5.751760	7.698452	-4.683664	5.355505	-0.406418	6.313691
746	2	0.274389	10.298572	1.416366	5.672242	-4.077980	5.395330	-3.640905	6.983425	1.201810	7.005373
747	2	7.413654	-7.119879	6.806612	-0.658404	8.046268	0.886564	9.061055	4.258536	5.472910	0.710917
749	2	0.040257	7.334583	0.871585	4.079431	-4.002883	5.183695	-4.962443	5.317222	1.110179	6.571406
750	2	3.384881	-4.375327	7.064551	-3.570189	5.336789	1.479104	0.688275	6.073772	0.562767	-2.341587
751	2	0.067727	3.921402	-0.524196	7.003413	6.886115	5.964264	-1.265672	5.331718	1.956678	7.853165
753	2	6.897275	-9.130004	6.745299	2.543841	5.812110	2.063373	6.364984	2.907455	6.540301	-2.222345
756	2	2.181489	6.389847	2.188020	7.069878	-1.112843	6.410470	-0.934765	6.580550	6.157089	7.195528
758	2	-0.274810	5.853241	0.237365	8.106102	-2.701110	6.041155	-4.906981	6.556634	1.837171	7.176841
759	2	3.251270	6.121768	4.743018	4.641613	-1.745626	5.694789	-11.905172	7.949508	-0.835752	7.285393
761	2	7.496809	-12.146654	6.688479	0.374131	7.829940	3.259981	4.208549	1.153021	5.895391	-2.688007
762	2	0.144798	8.938936	0.790930	5.028414	-0.938050	6.773099	-9.632238	7.041213	-0.443832	8.066095
766	2	-0.050021	9.983317	0.502750	6.751346	-4.547944	5.919889	-4.809680	6.828048	0.822854	7.222579
767	2	5.640087	-4.792473	4.315331	0.608629	7.203645	-0.718376	7.192845	-2.090249	6.142137	-3.322998
768	2	-2.172597	7.066274	2.254607	5.433350	-5.239249	4.401791	-7.860022	7.411088	0.220068	6.658711
775	2	-0.070782	10.925782	0.257338	1.445958	-6.308153	5.801558	-8.810355	6.716634	-4.820214	5.323674
776	2	0.110633	7.702038	1.865311	6.785869	-3.276855	5.888575	-2.490718	7.405397	0.892066	8.055638
777	2	0.280844	8.054985	-0.431872	5.232248	-3.627657	6.555926	-10.249032	5.898503	-0.050240	7.146828
778	2	0.365042	8.264791	2.656195	6.355207	-6.410265	6.882736	-3.900146	4.131981	2.105672	5.597921
781	2	0.631980	5.498006	1.517349	6.247295	-8.538794	2.132816	-0.252997	7.023099	3.914906	-4.585486
782	2	7.907156	-11.625157	8.017119	0.809926	5.858328	1.798152	5.390960	3.432168	7.055202	-4.779356
783	2	-1.684009	8.497605	0.855387	5.551843	-0.300635	2.695326	-0.484894	6.819919	5.124272	3.720938
785	2	2.972121	3.494809	-0.012073	6.733407	-2.857511	9.202925	-6.254719	6.558859	0.243560	6.825414
786	2	2.046387	3.318022	0.740571	5.991301	-4.676064	6.511128	-8.518712	7.316252	-0.511329	-2.273933
788	2	6.577633	-6.895033	8.233916	-1.048651	4.909701	1.158860	9.588831	1.850936	5.550181	-6.132338
789	2	6.235889	-7.517216	6.157058	1.618187	8.200126	-0.138301	5.844525	0.514513	8.078081	-2.011941
791	2	9.323485	-11.582625	8.298296	1.215214	7.662356	3.782205	8.409571	3.862538	6.086147	-4.612932
793	2	1.825377	6.463346	0.286598	5.276453	-6.936019	7.902626	-8.355733	6.072506	-0.556468	5.170549
794	2	5.820787	-4.917278	6.642792	0.764380	2.486608	-0.736109	6.106880	2.626624	5.682875	-8.217312
796	2	2.247685	7.208948	5.005532	6.963612	-4.491796	7.888917	-2.362165	8.665922	2.320596	7.410528
797	2	7.504904	-9.276725	6.090462	0.084158	5.782737	1.638148	2.355284	0.320333	6.164258	-1.207860
799	2	4.517845	-8.217668	4.083775	1.445996	6.683653	-1.577738	5.809283	-1.040123	6.322774	-4.369070
801	2	-1.076380	8.532396	1.358619	6.568814	-6.542399	4.858361	-5.052173	7.022415	5.220456	5.184924
804	2	2.713288	5.221670	0.229807	5.878558	-2.946695	6.630546	-5.977037	6.735276	2.200918	4.822079
805	2	0.016715	8.202997	1.103054	0.131156	-4.040890	6.403447	-4.476168	6.615013	-4.828788	6.412715
808	2	0.415276	6.609785	1.196843	5.706881	-2.747711	6.641856	-0.931999	7.136096	4.966549	6.219981
811	2	4.880106	-4.195451	7.460786	3.701439	8.322196	-0.574752	8.648768	2.548303	4.967202	-3.895193
812	2	-0.298360	10.699251	2.568469	3.460031	-1.513099	6.281640	-7.669626	6.019409	-1.727142	6.163366
813	2	1.992825	6.376162	1.304086	6.163151	-6.219742	6.761185	-5.244733	6.189759	1.327025	3.933034
815	2	1.669018	3.388321	-2.039591	7.872352	1.070938	7.443131	-6.308689	4.602203	2.915879	6.708826
816	2	2.447469	7.135274	1.151380	8.721198	-4.874514	5.018918	-3.617777	6.645805	4.828900	6.378254
817	2	0.320401	8.476874	4.948215	6.493336	-4.105198	5.467083	-5.686985	6.730482	2.081049	7.459423
821	2	9.073227	-8.646858	5.860093	-0.134645	7.930161	3.687001	8.966973	-0.110563	4.749073	-3.322057
822	2	5.550662	-7.592612	6.647390	1.717572	5.357570	0.020205	7.542707	0.571495	7.340432	-6.271668
824	2	7.518072	-9.001622	7.208638	0.459432	6.732170	2.730537	5.418372	1.630476	7.102302	0.588409
825	2	-1.069530	3.403815	0.700084	8.659679	-3.433880	4.459796	-5.331097	6.999966	5.275468	7.680816
827	2	-2.474474	3.977329	2.914200	6.833275	-1.979909	3.905436	-5.624858	6.916676	2.110693	8.382635
828	2	8.806311	-6.540579	6.666603	-0.656755	8.575265	5.811538	6.578287	1.982123	4.827677	-2.296981
829	2	7.407308	-2.395079	4.452332	3.033651	8.012873	1.595711	5.017056	-1.556077	6.250136	-0.807684
830	2	9.384740	-5.441725	5.993386	-0.910495	6.898462	3.545909	10.614147	-0.014883	3.630825	-4.900923
831	2	8.864594	-8.351615	4.853245	2.830720	7.605152	4.150565	7.260540	1.255448	7.306276	-2.290744
832	2	1.726809	12.538832	0.693866	3.046902	-6.581380	7.479905	-6.727297	6.353949	-1.922842	6.097214
834	2	8.191704	-10.406892	5.575751	1.394188	7.298912	3.307084	5.246129	0.923455	4.427736	4.620254
836	2	3.826395	-9.320352	5.467868	-0.108856	9.805955	-2.342440	4.726908	-1.166695	5.571854	-1.411064
839	2	5.668113	-8.597602	5.619409	0.989363	8.750291	1.054889	6.886514	-0.507900	5.689994	0.700328
842	2	2.320417	9.894469	1.059700	5.508395	-5.559713	8.677730	-5.543314	6.741045	1.453394	-1.921072
843	2	0.893505	3.294529	-0.197735	7.417514	-2.498834	5.791519	-11.939532	5.398021	1.007327	8.099072
844	2	8.389608	-10.526103	6.943657	1.074128	6.660465	3.317168	9.999834	0.851468	2.208667	-3.814953
847	2	7.616660	-4.254525	7.026499	-1.542826	-0.980779	2.980107	7.579249	3.608079	4.536879	-6.369414
848	2	1.698631	4.983069	-2.438429	5.563640	-2.038024	5.426649	-4.197116	4.131193	-0.633393	7.022931
850	2	1.425304	10.402541	0.581931	5.509311	-2.999138	6.246025	-4.879997	4.929107	-0.709938	6.347812
851	2	1.369821	5.878984	-1.863036	7.575903	4.315955	1.369821	6.753480	-1.863048	7.575903	-1.631420
854	2	5.984001	-6.124713	8.958378	2.500772	8.085940	2.674663	3.946947	2.323562	8.139291	0.340172
855	2	0.610359	8.223016	0.290810	6.044125	-3.337474	6.415545	-6.564460	5.930588	3.025552	7.103240
857	2	5.212678	-4.705307	6.119503	2.242397	2.913555	5.212678	-10.630418	6.119942	2.242297	6.804286
858	2	5.078828	-4.587573	6.864092	0.684750	6.901602	0.884526	4.667980	2.920063	5.026808	-4.700297
862	2	8.799261	-6.125952	7.228296	1.158600	8.651756	2.981214	6.126986	3.171568	7.307405	-0.516876
866	2	0.916014	5.393652	-1.212269	7.346865	-4.975210	6.551276	-10.495247	5.219352	1.533910	7.100235
867	2	7.705724	-8.879081	6.295783	1.440634	4.984200	2.940622	4.580551	1.171906	7.697090	1.935991
869	2	1.529654	6.746257	2.243765	7.252810	-3.386102	7.526390	-4.141701	7.624158	2.681801	6.682874
870	2	6.361372	-9.268143	6.584487	2.314241	6.850860	3.903792	3.781272	0.351852	8.691949	0.317209
872	2	6.935873	-4.430386	6.819408	4.229119	7.511355	1.103684	4.506046	1.126586	6.432498	-2.581298
873	2	-2.970305	5.127740	0.506390	6.182337	-4.003381	3.600036	-2.453255	6.717630	2.329450	6.729946
875	2	7.226263	-10.087030	6.469257	1.519957	-0.855731	5.260770	1.407612	2.718511	6.399876	-3.019638
877	2	2.851940	5.018700	1.624470	6.141808	-2.562350	6.257865	-0.039320	6.924285	4.008688	5.790330
880	2	1.156889	8.391840	-2.262996	6.942857	0.014661	7.333063	-3.862025	3.643127	0.653751	6.504247
884	2	6.394852	-7.148072	5.831325	1.917911	7.304174	-0.242147	4.869348	-0.360502	4.999853	0.870049
885	2	3.234856	2.815943	3.801888	2.302353	-1.949878	5.944232	-11.717839	8.149250	-3.014888	7.715712
891	2	2.709404	8.782086	1.873849	4.713879	-3.524414	7.286180	-10.903930	7.659916	0.929247	7.178904
896	2	0.969223	7.272221	0.989401	6.669046	-4.410800	7.055257	-12.019004	6.530094	1.184395	6.890661
897	2	-2.793650	8.078602	4.964086	3.844543	-0.776192	3.611089	-6.754393	6.235735	-1.082465	4.946716
898	2	2.546887	8.913067	1.390855	5.487151	-2.572244	5.861373	-7.946292	6.372091	-1.086388	7.151244
900	2	3.304631	4.845921	-2.500736	6.237105	-6.128081	8.228769	-8.781524	3.553641	2.216607	5.927057
901	2	6.579724	-3.632615	6.161959	1.191444	6.817186	4.617253	3.032987	0.335177	7.355594	-4.132026
903	2	7.511551	-9.368053	1.425941	-0.466604	7.081968	3.921475	4.016456	-3.951031	5.107184	-3.952686
904	2	6.431016	-6.342081	8.736321	2.953144	7.941685	0.945768	10.363000	2.600195	5.560716	-3.974035
905	2	4.079958	-3.887061	5.245438	6.836088	6.193099	-1.399441	7.228709	-1.103996	7.218547	-0.308971
907	2	6.878857	-12.826171	9.654092	-0.533515	5.577385	5.423505	2.336094	3.314854	5.837240	-3.348101
909	2	8.577231	-2.668962	7.235619	2.431531	0.478497	2.770387	3.292196	0.827995	8.128196	-4.755380
911	2	2.327560	8.095822	0.464629	6.447520	-4.013997	8.479175	-10.225267	4.970624	1.304974	8.357564
916	2	7.651533	-4.987777	5.111396	0.586863	6.811008	1.957904	6.651454	0.630700	6.796945	0.145311
917	2	5.118206	-4.967756	7.471516	2.591087	-1.161415	-1.070846	3.179232	1.187630	7.788098	-4.847873
918	2	-3.261277	9.958010	1.776148	2.169790	-5.052053	2.571736	-3.517303	8.064127	-4.190235	7.475223
919	2	0.618264	10.719663	4.087317	6.046284	-2.378305	6.175335	-6.441823	8.564559	1.142020	9.494934
922	2	3.358781	3.226006	1.156660	6.545928	-3.951093	6.476590	-10.452619	5.813089	0.161488	6.712853
925	2	5.356325	-10.364487	5.909262	2.032999	8.174214	1.745503	4.691935	2.550687	7.231750	-2.499261
927	2	6.839872	-6.532158	6.580498	1.723861	7.010033	1.470505	8.190167	2.016796	7.346514	-2.406741
928	2	7.059784	-4.560133	7.372432	1.527223	7.087398	0.725463	7.450740	0.793411	6.282981	-0.981186
932	2	5.172363	-14.519928	9.129573	-2.479133	2.880569	5.172363	-14.717875	9.129573	-2.479133	6.439472
936	2	0.625619	9.085367	4.897633	5.825929	-4.801370	7.164275	-3.960873	8.024178	4.141100	6.597595
943	2	5.016192	-0.524149	4.608971	5.147927	6.759331	0.910805	5.578837	1.211986	6.665976	-4.002889
945	2	-1.400267	4.810643	0.216758	5.623369	-1.272896	5.141541	-3.354412	3.677624	-0.709130	7.443528
950	2	5.119529	-9.795525	6.483095	-0.678475	6.122469	-0.623468	10.309874	1.907394	4.507693	-3.574473
954	2	8.761158	-4.145483	8.592623	3.828824	-3.053224	2.275057	6.399183	4.453760	7.480723	-8.229051
955	2	7.570097	-11.475905	6.869194	-0.389291	6.451255	2.655129	7.177962	3.768707	5.758623	-6.590877
956	2	1.485105	3.058667	1.248949	6.844005	-2.390512	3.974943	-6.337874	5.638624	0.384379	6.514232
960	2	8.469931	-11.480839	6.201807	1.740146	9.491011	3.057501	6.714914	-0.033569	7.661544	-1.871108
961	2	0.719138	8.712444	1.012653	6.572407	-2.847053	6.664678	-7.965377	7.615959	0.206042	6.736888
962	2	5.344215	-10.395024	7.323322	0.676753	7.083725	2.122810	7.921915	1.600757	5.277111	-5.100531
964	2	5.290573	1.748500	5.412915	5.127427	-0.765614	6.671342	-9.891986	6.513450	0.833353	6.044361
965	2	0.529627	6.037480	2.577015	5.975750	-7.521545	6.775018	-1.575522	7.112068	-0.289588	-4.383364
969	2	6.145901	-6.601072	6.550923	3.654062	-0.055348	6.145901	-12.626613	6.550923	3.654000	6.299518
970	2	5.575999	-10.612318	6.931256	1.327749	8.759882	0.917456	4.314300	1.929592	7.310755	-4.146818
971	2	6.638835	-11.894386	7.287499	4.231347	8.860402	0.061727	7.725497	0.975719	7.622320	-2.259537
973	2	3.421500	2.462058	2.179515	9.367596	-2.507000	6.701470	-6.782325	6.237378	4.876046	6.574427
974	2	6.589109	-13.910758	6.843957	-2.023725	8.207692	2.387539	9.667452	0.665435	4.241819	-3.572133
980	2	5.479719	6.662272	4.148336	2.489592	-4.117644	8.029726	-13.938151	6.200078	-3.045459	6.674504
982	2	6.227950	-9.775311	7.674645	0.247790	6.235723	1.447579	8.783480	1.581161	6.080228	-3.787667
986	2	4.255356	4.972141	-4.139305	6.326394	-3.540948	7.643473	-3.724832	2.488487	-0.242329	4.970685
988	2	6.468625	-6.341392	4.729486	4.670679	7.658852	0.866251	3.163271	1.476775	8.749608	0.175453
989	2	7.311136	-11.133507	7.272651	-1.054236	8.857056	6.288353	0.960077	6.486748	2.491365	-1.925999
992	2	7.060874	-6.018131	6.213498	1.182954	5.212759	1.740368	3.031001	3.561241	7.209395	-6.070767
993	2	1.224266	8.187076	1.294484	5.049485	-8.135916	5.727659	-2.708173	7.026296	-1.098712	-2.338651
995	2	2.212463	10.862487	0.853221	4.697471	-5.987513	8.290560	-5.844914	6.138102	-0.345980	6.975212
996	2	8.065415	-5.881877	5.581048	2.090154	7.096056	1.753969	6.033865	1.109440	6.846541	-3.160484
998	2	6.474906	-12.120169	6.059310	3.525547	7.707565	1.434499	6.387434	0.397713	7.153829	-4.869047
1000	2	6.389927	-11.119190	7.362849	3.310862	5.362152	0.612809	5.650338	0.874387	7.343118	-3.219204
