9	1	6.255098	-4.107357	-6.385407
14	1	6.975198	-3.094350	-4.483927
24	1	7.593300	-0.422365	3.004279
30	1	6.194045	-5.642452	-4.976285
36	1	8.547019	-5.242445	-4.643051
41	1	5.303162	-7.097500	-2.681038
50	1	8.181029	-7.963037	-5.543805
51	1	-8.280303	7.735010	7.553844
52	1	-5.347337	6.795429	6.778488
57	1	6.851719	-3.280891	-4.096687
61	1	-4.474962	7.630469	4.200047
64	1	0.402849	5.276633	8.493789
72	1	-9.739080	9.616754	6.420729
81	1	6.991247	-6.694717	0.245193
84	1	-6.545483	9.446936	7.830484
86	1	-2.595752	6.382365	8.487998
90	1	-5.964712	8.557834	1.497213
91	1	-6.921121	6.309557	5.616473
96	1	-5.736677	6.695971	6.461786
114	1	-4.693183	7.798768	6.393065
120	1	6.821720	-6.458905	-3.425754
123	1	-4.146421	8.124895	8.489915
126	1	8.079810	3.164193	-4.862002
128	1	-2.930768	5.735772	8.206069
131	1	5.742477	-6.069977	-5.560288
135	1	8.801955	-2.674588	-8.217670
138	1	-4.039793	6.461330	7.887849
147	1	-8.408156	7.538855	8.846787
148	1	5.951006	-3.482138	2.101005
151	1	-5.859411	3.764978	5.313702
154	1	5.934964	-6.601164	3.680201
159	1	7.363166	-7.653392	-6.202065
160	1	5.583962	-5.135009	-5.453761
167	1	-0.756488	8.269972	5.717473
168	1	-6.683069	7.098253	7.628837
182	1	5.870168	2.950620	-3.652768
183	1	6.534764	-4.306424	-6.286303
184	1	6.807774	-0.917780	-4.709582
185	1	6.025448	-4.175341	-9.776058
188	1	8.508745	-5.488646	3.459181
199	1	6.898815	-5.772434	-11.334787
200	1	-5.741095	8.280352	6.587259
206	1	-6.916742	7.741123	5.796731
210	1	6.063906	-8.178039	-5.398297
211	1	-11.067752	7.719495	7.326009
217	1	9.358874	-6.764965	-10.676805
221	1	-5.224540	5.865375	6.443533
224	1	8.783245	-5.319794	-4.564672
229	1	7.173347	-1.787545	-5.349769
231	1	-4.194292	6.666042	6.137763
244	1	-0.899799	8.405215	8.306393
247	1	7.294585	-4.222370	-3.189298
256	1	2.305186	-3.317669	-2.411328
261	1	8.596434	-5.839472	5.167577
266	1	5.294477	-1.302841	-3.787309
271	1	-3.664282	6.429262	6.046755
273	1	5.581272	4.684682	-4.460972
293	1	6.454285	-9.698050	-6.917790
299	1	6.464491	-8.125989	-5.082414
306	1	-5.506726	7.464218	7.371759
309	1	0.080866	9.035565	5.502011
323	1	-7.976909	7.169565	-1.660656
330	1	-6.397338	9.664365	7.932037
332	1	-5.153541	7.230136	8.250153
338	1	-3.969630	6.368945	7.196812
343	1	-8.325827	9.253835	-2.540842
348	1	-1.944570	6.083572	9.458435
350	1	-4.506990	4.358269	4.695835
356	1	-3.156669	6.540835	3.523546
359	1	-7.128924	6.872366	6.586306
362	1	6.171778	-9.087508	-1.656276
367	1	5.561503	-7.852200	4.183115
370	1	6.665776	-7.731873	-4.609321
377	1	6.586820	-9.970189	-4.419566
388	1	8.566483	-1.695662	-7.027979
392	1	-7.200218	4.654803	6.544524
401	1	7.331478	-5.397523	-6.691986
403	1	-5.795154	7.736111	8.147247
404	1	8.893399	-3.548019	-4.891859
408	1	-1.609806	5.276626	9.386104
416	1	-2.523716	8.822277	6.694510
417	1	-6.730611	6.251148	7.560198
435	1	-4.657819	8.678914	8.114489
437	1	-8.548856	5.586870	8.556715
441	1	6.437975	-6.117938	-5.903399
448	1	6.932144	0.778888	1.545228
449	1	-2.700867	5.730863	6.394112
461	1	8.507740	-8.003435	-3.226328
462	1	9.208687	-2.930024	-5.077190
468	1	6.893715	-8.337931	-0.812793
475	1	9.157837	-3.402008	-8.687455
476	1	0.771928	9.301703	-1.430727
479	1	-7.391086	6.842207	7.877978
483	1	-9.116428	6.796755	7.014404
484	1	6.526527	-3.567439	-5.533314
491	1	9.588401	-5.460504	2.037070
493	1	5.928726	-5.737569	4.644872
494	1	-3.822380	9.075283	9.399789
498	1	6.675264	-7.531429	-5.195445
500	1	6.854533	-4.998005	1.357849
503	1	6.762711	-7.641262	-1.048863
504	1	-4.903638	8.630044	7.119416
525	1	7.519633	-7.753644	-5.135449
528	1	5.627800	-4.322063	-4.595773
530	1	7.234073	-8.064440	3.248187
532	1	9.239494	-3.659571	-3.243150
537	1	5.540900	-6.117833	6.475879
538	1	-4.455819	8.592299	6.506104
544	1	8.450945	-5.902761	-4.280532
546	1	-6.106984	6.424541	6.575023
550	1	7.605953	-5.457396	-2.289016
556	1	7.173331	-7.700968	-1.293943
560	1	7.078926	-2.903493	-8.685746
563	1	-4.459665	8.787315	8.129391
566	1	-3.878736	8.424996	8.603462
568	1	6.322372	-8.177955	-6.546395
572	1	-5.947019	7.203433	5.867693
576	1	6.260243	-5.622442	-4.140941
577	1	-6.248489	5.781172	6.044948
591	1	-3.289747	4.759171	-4.127857
596	1	7.957568	-7.929222	0.190123
601	1	-2.192844	7.420961	6.858209
603	1	-3.377330	6.672258	5.626098
615	1	6.913411	-5.224987	-4.886944
618	1	-6.251221	9.049780	5.121934
620	1	5.215474	-3.769554	-4.683369
637	1	6.619245	-5.538090	-4.413026
641	1	-6.242391	5.677474	5.612639
652	1	-6.725248	7.628278	7.911949
653	1	-3.183835	7.908057	8.895649
654	1	-7.877840	6.900780	6.872642
656	1	-4.323806	9.335620	4.164378
657	1	-2.993452	9.728062	8.689579
661	1	8.034216	-3.806268	-3.068728
668	1	5.991054	-7.283826	6.265769
671	1	6.547204	-4.720055	-5.791272
672	1	-5.162061	8.145911	9.642210
675	1	9.599089	-3.244859	-1.540260
676	1	-8.760234	8.308836	7.235163
680	1	-2.414402	-3.963546	7.897839
684	1	5.435970	-9.705474	-4.858135
686	1	4.640192	4.790078	-4.327512
691	1	8.420364	-5.214550	6.617029
695	1	6.213167	-5.727471	-2.685191
696	1	-3.891720	7.729524	-0.148726
699	1	7.979899	-5.054829	-3.558176
704	1	8.705508	-5.745877	-3.950611
705	1	6.566907	-7.274236	-3.757591
708	1	9.326679	-3.559714	-5.535096
712	1	-5.938478	8.058151	3.464200
717	1	6.165686	-8.774080	-3.750522
719	1	8.660003	-0.143833	-4.227061
732	1	-3.996849	8.372248	8.761416
733	1	9.144199	-6.088450	-4.938602
734	1	7.921092	-5.406602	-3.908419
737	1	7.221583	-7.097137	-4.349671
742	1	-5.058944	6.462233	2.841239
745	1	6.333329	-5.551351	-6.205321
747	1	7.463876	-6.098786	-9.198488
748	1	9.475388	-9.986461	0.967820
762	1	-5.408411	7.581805	5.901450
767	1	-5.742138	6.790443	-3.347418
771	1	-6.348032	7.662442	5.602220
794	1	-4.970890	7.311352	7.005855
796	1	5.430959	-3.535261	-6.327993
797	1	6.799984	-4.237772	-1.266541
803	1	8.067611	-10.698315	-3.224467
804	1	-6.442632	7.917231	5.806364
808	1	-3.616632	4.106098	8.460941
810	1	4.551422	-1.734817	5.668702
819	1	7.458708	-5.537992	-1.495648
825	1	-8.912359	8.425154	4.683980
826	1	6.040124	3.564456	-0.662729
827	1	6.287149	-8.739937	1.901515
831	1	-5.998355	7.570693	8.577684
832	1	-3.166301	7.455520	6.392981
837	1	-3.251853	7.298866	8.377319
838	1	-6.467041	7.973690	4.961722
846	1	8.081952	-7.163566	-5.228824
849	1	8.695893	-6.933738	-2.473867
850	1	6.646377	-8.252334	-3.249886
861	1	6.690843	-2.653283	3.337421
866	1	5.210524	5.317832	-5.139220
876	1	-11.798626	4.971411	8.211701
897	1	8.210193	-5.509838	5.379284
902	1	-8.411800	7.473603	-2.732416
907	1	6.657655	-2.929897	-8.849873
910	1	-5.898086	6.600532	8.683594
912	1	-10.062585	7.269002	6.813773
922	1	7.546709	-3.322264	-4.730520
923	1	-5.967321	6.345725	6.288333
935	1	7.663122	-3.812351	-5.207843
936	1	8.058276	-10.525236	2.460065
941	1	7.829339	-4.779294	-3.012000
951	1	-3.633228	6.580741	9.284811
953	1	-9.202986	7.550448	6.100695
958	1	-8.556310	6.503402	7.542502
959	1	8.441754	-6.763776	0.723106
972	1	7.407518	-3.152123	-6.742767
979	1	-6.735164	8.347876	6.633533
983	1	-3.314131	7.982790	6.744885
986	1	6.483745	-9.249679	-9.586653
991	1	7.073880	-8.120328	-3.855066
997	1	6.902508	-7.443347	-0.000521
1003	1	6.040485	-4.759174	-5.083640
1013	1	-6.049714	7.186757	-3.274414
1030	1	8.814990	-9.512123	-7.500267
1036	1	8.069769	-3.673443	-5.227155
1037	1	7.803150	-7.605199	-2.318818
1038	1	-4.377597	5.789890	6.447359
1051	1	7.308684	-5.829008	-5.397094
1052	1	7.264848	-7.657806	-5.440992
1054	1	6.420742	-2.969554	-1.989092
1055	1	8.644934	-8.097528	-2.466350
1063	1	-6.109958	8.514915	2.598947
1068	1	-7.056613	8.647563	3.742973
1072	1	7.426992	-6.425724	-3.251599
1085	1	-6.060236	8.249435	5.981493
1092	1	6.828147	-5.523185	-4.573261
1093	1	8.411636	-9.795764	-4.241064
1094	1	8.007608	-5.700489	-0.199950
1097	1	8.151951	-7.192842	-4.732204
1099	1	-8.743389	6.016136	8.123399
1103	1	-5.883841	9.435333	6.772040
1106	1	7.432705	-6.159199	-7.035582
1107	1	5.922735	2.634031	-6.808120
1114	1	-0.945838	6.061748	6.791924
1116	1	6.364818	-9.153475	-3.945780
1121	1	8.236175	-6.818199	-2.808692
1126	1	2.277825	-5.383974	7.008060
1127	1	-6.928411	7.980985	7.249433
1132	1	4.542415	-8.782590	-7.838537
1134	1	6.800148	-5.246735	-6.782942
1141	1	6.989789	-7.201279	-6.174840
1146	1	-3.045363	5.034570	4.725813
1151	1	6.425509	-8.189662	-6.926186
1154	1	-7.000005	7.742515	6.759637
1162	1	7.873619	-1.518997	-2.376900
1165	1	-2.745925	-4.355702	6.207635
1168	1	7.667665	-5.983248	-8.603276
1173	1	6.360864	-4.422664	-6.297177
1179	1	8.426014	-4.971024	-6.359675
1188	1	1.080382	-7.722541	7.298117
1193	1	8.037746	-7.264291	-1.941201
1206	1	3.331445	8.155451	5.593975
1207	1	-4.503293	7.413520	7.660894
1212	1	7.059656	-7.086808	-7.494778
1215	1	6.726296	-4.654850	2.061376
1237	1	-4.547737	8.853385	6.330488
1242	1	8.029370	-6.505418	-3.833419
1244	1	-7.459739	8.767455	4.407244
1246	1	-4.006291	4.731575	6.909904
1249	1	-2.715622	4.139315	6.294974
1255	1	-6.223272	6.379402	9.004704
1256	1	8.786176	-5.921512	-3.329039
1259	1	7.818364	-7.524568	-8.551007
1260	1	5.837832	6.075352	-4.502416
1266	1	-4.617442	8.840924	6.946681
1272	1	-8.126856	9.118826	7.496343
1273	1	-3.933655	1.340262	7.723751
1281	1	-9.974329	8.805069	-3.220349
1282	1	-4.355305	8.297773	7.217855
1284	1	6.807997	-4.817939	0.634337
1296	1	8.552521	-3.918048	-1.031715
1301	1	-5.829994	4.286738	7.759095
1303	1	8.536721	-2.549674	-8.590954
1312	1	7.886303	1.583962	-5.052501
1315	1	-9.068107	5.701120	8.124040
1316	1	-5.089435	7.660677	7.072229
1323	1	6.977206	-5.980928	0.814042
1329	1	7.703067	-3.924960	-3.939118
1339	1	-6.457812	6.018457	7.256000
1344	1	-6.764769	6.520417	6.320696
1347	1	6.698145	-4.723136	-7.310873
1350	1	-9.713039	7.475701	6.377832
1353	1	-0.151949	3.316448	6.170553
1354	1	-6.866815	5.898842	6.081022
1356	1	7.954574	-7.005932	-3.642510
1366	1	-2.457836	8.037184	7.869339
1367	1	-7.520490	7.858888	-3.690123
1380	1	-5.089343	7.099053	7.581719
1395	1	7.835054	-4.845677	-2.082304
1403	1	-4.872337	4.837635	6.129392
1404	1	9.837989	-5.004730	-4.480788
1405	1	6.118727	5.372050	-5.333902
1409	1	-8.238972	5.248511	5.450632
1410	1	-3.525014	-1.325354	5.972988
1412	1	2.679929	5.664627	-1.115091
1417	1	-4.840669	6.757313	6.849014
1421	1	7.955929	-7.671376	-4.285965
1427	1	-5.591527	8.112055	1.122499
1428	1	-5.341702	9.733081	-5.433017
1437	1	0.608849	7.104925	4.979588
1443	1	5.847148	-6.146963	-5.925578
1450	1	6.381616	-6.686201	-5.674975
1452	1	6.047414	-9.139426	-0.084020
1453	1	-7.127554	8.464855	6.386145
1459	1	6.728439	-4.086535	-4.747550
1460	1	7.216522	-1.153884	-2.951783
1463	1	6.667490	-3.381578	-4.629706
1466	1	8.433368	-7.256522	-5.658369
1469	1	8.072907	-6.326693	-0.525922
1477	1	-7.442343	7.581652	3.498153
1479	1	6.194500	-3.897727	-6.789177
1485	1	6.853458	-6.183876	-4.639006
1488	1	-8.306662	7.281504	7.412955
1490	1	7.861006	-4.708241	-3.668595
1497	1	6.784107	-4.553524	-8.817215
1505	1	6.240427	-7.263235	-1.999441
1507	1	-8.073333	8.618494	5.595018
1510	1	-1.895905	-1.264459	6.599884
1513	1	6.915299	-3.587809	-7.378910
1516	1	0.033044	8.935271	6.479330
1535	1	-4.585511	7.685103	-2.336099
1536	1	-3.921232	6.851468	6.009495
1539	1	7.923579	-6.019238	-0.714094
1542	1	-2.984283	8.262571	6.247991
1552	1	6.542252	-4.468450	-9.438436
1556	1	-4.411592	6.998405	6.945596
1564	1	-4.268142	6.714063	5.701489
1565	1	7.486024	-7.284967	-6.744505
1574	1	6.977824	-6.781955	-6.138152
1596	1	-2.290231	9.353811	6.316234
1607	1	1.698445	8.925871	6.237034
1614	1	6.434003	-6.824954	-2.686092
1625	1	-4.777999	9.541221	7.073453
1627	1	-5.333593	8.765198	7.018736
1638	1	7.707584	-3.091363	-3.081617
1639	1	-9.209679	7.424456	5.540602
1640	1	-5.390433	6.806748	8.322725
1642	1	8.053386	-3.613768	-3.452588
1647	1	-4.337972	6.688503	6.828926
1650	1	7.889900	-0.823966	4.500667
1663	1	7.014133	-9.335312	-6.206339
1670	1	4.165596	-2.863527	-2.404591
1676	1	-6.211391	5.374298	7.178004
1682	1	8.021522	-2.927135	-4.893276
1684	1	6.051111	-7.642536	-3.946606
1689	1	-2.907364	8.108133	-2.997040
1690	1	-5.317742	8.828282	6.381836
1692	1	-7.333245	6.690291	6.312709
1698	1	-6.580059	6.111513	6.379951
1703	1	-4.912628	7.055638	6.710194
1704	1	6.312368	-4.639289	-5.132688
1722	1	6.941326	-3.141892	5.072229
1724	1	6.379566	-1.065985	-2.509304
1739	1	8.208487	-5.677024	-1.202986
1746	1	-0.230242	-2.606285	6.402311
1749	1	-6.202539	4.583342	5.990336
1751	1	-5.781758	9.334151	5.988489
1753	1	-5.922621	7.516502	7.471366
1755	1	-3.100649	6.369101	7.419968
1764	1	8.726005	-6.567324	-3.915483
1768	1	6.222207	-4.715555	-6.463739
1769	1	7.542718	-3.759731	-0.135699
1773	1	7.270790	-6.567669	6.367673
1777	1	6.514995	-6.004805	-3.058039
1778	1	9.378073	-3.970779	-3.945112
1790	1	-10.844181	8.483331	6.945446
1796	1	-7.022344	7.780658	7.114160
1806	1	8.479505	-6.782551	-3.629723
1810	1	-4.047123	6.119118	2.950520
1812	1	8.794351	-10.499966	-5.746168
1816	1	-6.560469	8.547546	9.188636
1818	1	7.704854	-4.855595	-3.263321
1826	1	-2.479785	7.626446	-1.619839
1828	1	-10.219623	7.565150	7.414012
1833	1	-9.250432	6.441236	6.330254
1834	1	6.771827	-11.066995	-2.017039
1843	1	6.480014	-6.744562	-7.905623
1857	1	7.181866	-6.387863	-5.567409
1863	1	-7.791282	8.043578	-3.177877
1866	1	9.289509	-8.421776	1.941230
1867	1	-5.621735	4.456122	3.481211
1872	1	8.120079	-1.910917	0.269401
1873	1	6.977702	-6.830734	-4.821059
1877	1	7.717037	-9.005850	-5.949789
1884	1	-3.875314	5.968790	9.160798
1885	1	-6.174295	5.867320	-1.589635
1890	1	7.449392	-4.120257	0.253964
1906	1	0.070254	6.861494	4.769017
1909	1	-1.769144	8.363362	6.565763
1926	1	-8.440338	7.813337	6.676280
1931	1	-9.449391	5.346384	5.390862
1932	1	6.520809	-8.187183	3.068799
1933	1	8.653785	-5.869317	-2.569735
1937	1	6.529357	-7.255272	3.296320
1938	1	-5.142132	7.196969	5.587768
1944	1	-3.750719	9.001135	7.835097
1950	1	-3.924627	5.638710	7.688399
1955	1	-9.437340	5.481890	6.268070
1960	1	-6.298059	8.877650	8.404148
1981	1	-4.225795	9.399123	7.013509
1982	1	-3.334710	-2.245183	8.711541
1985	1	9.591181	-4.736210	-3.056503
1986	1	8.841451	-4.944024	0.226038
1987	1	-7.318969	7.455300	5.419172
1988	1	-4.770232	9.603249	7.887400
1989	1	7.578339	-5.314516	-2.131920
1990	1	2.244358	-3.437530	6.403809
1992	1	6.983023	-6.462278	-6.462070
1996	1	6.044650	-3.231614	-2.373603
2003	1	6.126815	1.319569	4.849831
2009	1	7.671243	-8.435737	-4.731023
2021	1	-8.976891	6.726234	6.738818
2032	1	-8.940713	7.777485	4.732408
2036	1	6.663606	-5.773412	-2.267559
2037	1	-4.769885	5.545592	5.447219
2040	1	5.406622	-8.913484	5.910909
2044	1	6.334227	-2.505810	-3.301265
2045	1	8.745127	-0.565592	-6.716782
2046	1	-2.803542	7.886045	6.249062
2050	1	6.046142	-0.780163	-8.981214
2054	1	0.278143	6.558475	7.337455
2057	1	-7.931249	8.012747	7.224325
2063	1	8.027031	-5.773766	-3.400996
2064	1	-1.648192	6.914713	-0.782038
2065	1	7.291508	-5.347289	-2.124279
2068	1	-6.459730	6.949171	5.618885
2069	1	-12.272372	8.827051	5.296904
2071	1	6.075823	5.324751	-2.483712
2074	1	-3.718076	6.596876	6.496369
2080	1	6.578883	-4.542031	-6.841088
2093	1	7.839818	-3.122972	-3.226082
2099	1	7.688448	-0.414873	-5.786070
2103	1	-3.335240	8.670467	5.409897
2111	1	1.038907	5.419125	-2.934298
2124	1	7.802661	-3.953836	-5.995957
2135	1	-9.438735	6.657106	6.469018
2137	1	-1.703574	7.974476	8.253561
2140	1	7.335291	-2.720923	-6.538562
2146	1	9.491589	-3.494041	-6.587090
2154	1	-7.454545	8.642945	-1.862508
2155	1	-7.128369	8.443503	8.056665
2162	1	7.305683	-5.646260	2.197021
2164	1	-2.660386	7.290733	-1.791677
2165	1	-4.519140	5.943993	0.328552
2166	1	-2.803168	6.981461	6.657676
2167	1	7.627495	-7.007254	-2.995202
2170	1	-6.770200	4.891387	7.451497
2171	1	8.471853	-8.700372	-0.111439
2176	1	6.542254	-2.041264	2.892562
2181	1	8.681483	-4.395250	-4.872667
2183	1	7.033784	-4.886445	-5.460085
2186	1	6.980388	-2.869776	-9.208633
2189	1	6.843335	2.743899	-4.765541
2203	1	-1.434210	7.926686	6.613580
2205	1	-7.511316	6.220606	6.002997
2206	1	8.581474	-6.703458	-7.226516
2208	1	9.740855	-5.410896	-8.209763
2219	1	-9.410178	7.262136	8.490531
2231	1	-1.228916	-0.225325	4.849087
2232	1	-8.446173	7.094801	6.129750
2236	1	6.827761	-7.728425	-3.191663
2237	1	-6.135001	7.875011	7.567427
2239	1	9.516326	-6.247771	-4.883179
2244	1	7.080553	-4.005727	-5.371268
2250	1	-5.224136	4.468872	-0.965413
2256	1	6.194472	-8.094673	-3.884360
2262	1	-4.830734	9.172085	-3.957490
2264	1	-9.054453	5.646937	7.524595
2265	1	2.426909	6.257867	-2.141754
2278	1	7.114787	-5.461538	-6.403009
2281	1	7.438076	-2.482175	-4.818873
2288	1	7.726651	-8.803424	-7.985541
2291	1	6.924839	-4.644989	0.736038
2303	1	5.747054	-5.276290	-5.833085
2308	1	8.398745	-6.719803	-3.339552
2309	1	-4.563753	3.298273	-2.841725
2312	1	7.642185	-2.192231	2.839132
2315	1	7.600071	2.425252	-5.372417
2319	1	8.424586	-3.188495	-0.633769
2321	1	7.064880	-4.566800	-3.993078
2323	1	7.940722	-5.016745	-3.797179
2324	1	-2.557273	5.365864	5.549127
2335	1	6.852864	-7.154396	-5.343900
2336	1	-3.193489	7.190402	3.749237
2337	1	-2.570748	5.782910	6.375595
2339	1	-5.396986	6.786489	6.848154
2342	1	8.647418	-5.893504	-3.732405
2347	1	8.122365	-3.581856	-9.062027
2355	1	8.018698	-6.045935	0.450228
2364	1	8.837732	-0.940194	-6.605421
2368	1	7.429150	-7.949845	-6.449128
2369	1	8.529419	-9.656136	-7.975609
2376	1	-8.354513	8.449470	6.707651
2377	1	0.618958	-1.531605	6.733232
2383	1	6.868447	-5.474341	3.642902
2385	1	9.469140	-2.959795	-3.802803
2390	1	-7.468888	8.921575	-2.022367
2391	1	8.253356	-4.636381	-8.623013
2392	1	6.263244	-9.190647	-1.422726
2393	1	5.850529	3.468597	-5.474224
2396	1	7.013554	-1.808616	-3.133982
2401	1	6.191284	-8.100155	-5.110361
2403	1	7.136314	-5.399141	-1.403479
2411	1	8.623622	-7.516516	-3.278899
2414	1	-3.210466	8.110511	-2.976496
2428	1	-4.559168	5.300021	6.465700
2432	1	-3.875129	8.082293	-3.404820
2433	1	5.956330	-4.295870	-4.519573
2434	1	-8.045327	8.356963	-0.172412
2437	1	-7.402971	8.470567	4.222626
2439	1	-7.923889	7.752677	7.716556
2444	1	-6.993758	4.664265	6.695167
2450	1	7.188036	-0.289479	3.464490
2452	1	5.942924	-2.111626	-5.996156
2457	1	-10.896249	6.833789	5.036107
2461	1	-1.876973	8.031583	6.012601
2462	1	-7.161562	6.573661	7.439965
2474	1	-3.122386	7.371267	6.940493
2479	1	-8.912881	9.100095	8.902975
2480	1	-5.198776	6.536893	7.636392
2481	1	6.320322	-8.163648	-1.952306
2484	1	6.800268	-5.170834	-1.774045
2485	1	6.708243	-5.226186	-3.885649
2489	1	6.953985	0.607615	-4.216297
2494	1	8.215046	-2.938397	-7.737959
2495	1	7.649884	-4.940231	-4.703260
2496	1	-9.321006	6.531215	5.570135
2497	1	-4.193553	7.386972	6.826196
2505	1	-2.525273	6.358013	7.651735
2510	1	-3.688536	7.366634	6.700960
2511	1	7.296423	-5.567087	-4.833655
2519	1	7.647550	-1.741834	-4.858215
2521	1	9.723909	-5.631075	-6.975449
2524	1	-3.756590	8.664879	6.820451
2533	1	-6.782440	9.207672	6.137092
2535	1	-7.874222	8.537720	5.471033
2537	1	-2.665400	6.047071	6.378036
2542	1	-7.751965	6.813790	5.482553
2555	1	-2.266464	8.769432	7.402479
2567	1	6.363881	-7.250192	-1.580743
2568	1	2.995969	6.141698	6.175269
2570	1	9.316755	-4.689400	3.156175
2572	1	7.364925	-6.233036	-5.247135
2574	1	8.673682	-4.197926	-1.083181
2579	1	8.775847	-7.196433	-7.396447
2582	1	5.799427	-4.329887	1.314722
2584	1	-4.617040	9.420420	6.904382
2585	1	8.059363	-3.217405	-10.896676
2602	1	3.778204	-6.830849	-3.611171
2611	1	6.316908	-8.548124	-2.309839
2618	1	-6.299059	7.252946	5.672506
2620	1	-2.003942	2.240116	7.622249
2624	1	-7.719483	4.537168	6.207919
2626	1	5.810680	-8.266836	4.861777
2635	1	-4.732401	4.529870	2.929424
2641	1	-9.559244	9.709609	6.822237
2645	1	6.399613	-5.717159	3.311714
2649	1	6.641533	-11.407716	-1.138887
2655	1	8.362551	-0.117744	5.769203
2663	1	8.213019	-5.054730	-6.222395
2667	1	6.635762	-6.356294	2.355839
2670	1	-5.998288	4.667713	6.245987
2677	1	0.969896	7.695649	6.237472
2679	1	7.988315	-1.155017	-3.896202
2683	1	5.952576	-9.422638	-5.360977
2693	1	7.366737	-1.776505	-4.447190
2696	1	7.726144	1.332408	-2.748193
2703	1	7.735888	-1.179456	-2.891473
2719	1	7.020529	-5.194315	-2.717018
2722	1	3.902870	-3.185378	5.495684
2726	1	6.876121	-3.552901	3.185277
2729	1	-6.587023	6.764337	7.046962
2736	1	7.553619	-6.721127	-6.811754
2746	1	6.423100	-6.022652	0.395083
2755	1	7.451159	-4.476175	-10.265728
2763	1	5.967171	-4.050454	-8.927948
2765	1	5.045065	-7.199520	-4.199954
2766	1	6.883680	-5.787248	-3.269597
2767	1	5.955628	-4.631855	-0.231006
2768	1	6.802416	-3.300680	-4.081041
2769	1	-4.946790	7.611682	8.304265
2773	1	8.074499	-4.126663	-4.856619
2782	1	-6.292158	6.878028	7.031776
2783	1	6.591231	-5.456747	-1.663968
2785	1	-2.786138	8.916779	7.947799
2790	1	-0.381666	9.047523	7.331607
2798	1	-7.512200	6.641994	9.184670
2811	1	6.643397	-7.066027	-5.028198
2813	1	5.374637	-6.043293	-2.084590
2827	1	-6.665054	9.215218	6.045877
2830	1	-8.711202	7.128464	6.410582
2832	1	6.494323	0.031517	-2.882345
2835	1	6.260247	-7.137795	-3.545472
2836	1	5.426264	-8.498061	-1.376557
2837	1	7.540845	-8.632879	-1.855294
2839	1	7.318840	-3.852881	-1.559404
2841	1	-2.631041	6.275508	6.851838
2854	1	7.593342	-4.825122	-1.906140
2857	1	5.274650	-5.852493	-4.313321
2859	1	-7.694918	7.191511	7.373465
2870	1	-7.600630	7.709650	4.310932
2871	1	7.800924	-4.975765	-4.508665
2876	1	-8.557853	6.981825	4.452284
2877	1	4.187825	-0.987583	3.676931
2888	1	8.033518	-5.069589	-6.376670
2905	1	6.880290	-2.443196	-4.415195
2910	1	7.397191	-5.356697	-4.904355
2911	1	-7.175987	9.070352	7.163231
2917	1	6.540356	-7.221676	4.636484
2918	1	-7.585112	7.326891	6.782778
2919	1	7.352583	-8.624970	-10.279849
2933	1	-4.709469	6.822353	7.756138
2936	1	-2.087934	8.223185	7.074758
2939	1	-2.205522	5.758723	-3.174371
2941	1	6.627478	-4.120442	-5.306302
2943	1	-6.389767	6.768557	7.751562
2946	1	7.897401	-6.132111	-8.354987
2948	1	6.364551	-8.163134	-1.296486
2958	1	6.588334	-3.102946	-6.036790
2967	1	0.975009	-1.502443	4.516787
2973	1	-4.191285	6.931471	5.740468
2979	1	-4.589746	6.991365	-0.554826
2987	1	6.229686	-8.774681	-3.515212
2989	1	-4.918122	7.167616	3.330326
2992	1	-4.978870	6.319631	5.547943
2998	1	4.713798	-8.142235	-3.459288
3003	1	5.809530	-6.624901	-4.136911
3011	1	-3.235915	7.808994	5.696141
3013	1	5.631389	-6.693194	0.111183
3015	1	5.011736	-8.062404	-1.714844
3021	1	4.906975	-4.380916	-5.950846
3027	1	7.355463	-2.358362	-5.426512
3033	1	7.645324	-4.680717	-1.067083
3041	1	6.923800	-5.118167	-3.343215
3044	1	7.658885	-2.519829	-2.498083
3051	1	6.160937	-5.372769	-6.051998
3062	1	8.366665	-4.542142	-2.453424
3072	1	-3.519908	6.718617	-3.017699
3075	1	-8.127643	7.201235	6.813611
3079	1	7.324107	-8.368367	3.547119
3085	1	9.696630	-3.727159	-5.587774
3088	1	6.343720	-4.835020	-2.747172
3092	1	-5.707575	7.550815	8.182389
3100	1	6.860631	-7.313680	-3.879242
3101	1	2.021442	7.606233	-6.208646
3104	1	8.369586	-5.270325	-5.492397
3107	1	4.637943	8.041285	-4.764422
3108	1	9.084481	-6.247177	-1.861537
3112	1	7.799490	-3.471608	-3.306873
3118	1	-8.511972	6.126445	6.722937
3120	1	6.150644	-2.699469	-5.277694
3121	1	7.605658	-5.486511	-4.834955
3129	1	-6.632769	6.942452	6.529807
3134	1	6.390145	-1.120263	-4.926878
3136	1	-5.935302	8.055189	9.592823
3142	1	9.544679	-6.484823	-1.979959
3155	1	-3.763315	5.552034	6.099887
3156	1	6.183555	-2.773203	-7.703766
3160	1	8.494784	-5.706240	-5.706578
3162	1	-4.247294	6.787581	-5.048786
3163	1	5.925177	-4.147538	-3.493366
3175	1	-0.862252	-3.353067	8.122773
3179	1	6.209535	-4.596998	-4.138724
3183	1	9.194025	-5.819831	-4.262432
3186	1	7.714974	-1.863344	-4.049714
3187	1	-7.889491	6.743318	8.788141
3189	1	-5.476709	9.187095	7.123829
3190	1	6.140397	-9.177424	-4.766941
3196	1	8.008502	-6.185591	2.793490
3198	1	7.064118	-7.556632	1.690983
3200	1	7.466520	-1.906369	-2.031684
3201	1	-3.990772	3.772299	7.583733
3206	1	-7.516103	7.391930	8.394873
3216	1	8.289842	1.426159	-1.251128
3221	1	5.615131	4.758083	-4.280772
3227	1	-6.576297	9.395801	7.090183
3229	1	7.364624	-8.975096	-2.011007
3242	1	7.141702	-7.815853	5.588807
3245	1	-4.738216	9.418677	4.671950
3248	1	-8.304933	7.260377	3.971693
3258	1	-7.853861	7.092013	6.940883
3259	1	-4.476479	8.112623	6.918161
3260	1	-5.294131	6.486997	-2.787116
3264	1	-5.996963	5.801732	0.625006
3265	1	-2.591720	8.084631	6.248125
3270	1	-4.193391	8.007070	8.131137
3276	1	-1.065411	9.614959	4.638932
3279	1	-3.345146	7.231296	6.474373
3289	1	-3.227468	8.045956	7.341450
3292	1	7.888817	-2.554135	-0.670325
3293	1	6.984346	-4.676508	-4.314398
3296	1	-7.444055	8.587400	-0.521284
3298	1	-2.950799	-2.029084	-2.776632
3308	1	7.191867	-7.146144	-3.330789
3310	1	-4.279075	7.008387	7.347258
3316	1	6.487513	-1.131493	-3.326014
3317	1	8.127845	-3.637386	-5.101295
3324	1	6.844695	-2.606396	-4.282309
3327	1	8.205351	1.381147	-4.491132
3337	1	7.777376	-3.416629	-5.467159
3338	1	6.571223	-7.689004	-8.392386
3343	1	6.838576	-5.934126	-4.818366
3345	1	-0.105998	6.608483	-3.502743
3352	1	6.279200	-2.949280	-5.313313
3355	1	9.377201	-5.093866	-4.257158
3359	1	7.210242	-7.442303	1.482495
3364	1	4.874395	-6.549514	-6.681146
3365	1	0.194156	6.760364	-3.324078
3371	1	-1.715753	1.522512	-4.080683
3373	1	5.081610	-6.012530	-4.836790
3386	1	7.438931	-9.358729	-6.519920
3390	1	0.208980	7.350311	9.508165
3401	1	6.514208	-7.112597	-4.721489
3415	1	-6.417104	5.574062	6.205100
3416	1	-0.539218	7.364291	6.746720
3417	1	7.586516	-2.935953	-5.300119
3420	1	8.977389	-6.429872	-5.931193
3421	1	7.180838	-1.530320	-5.454059
3422	1	-11.461984	8.169591	7.282041
3424	1	6.228289	-4.131026	-4.587636
3426	1	6.304251	-6.704735	-1.524923
3433	1	9.243323	-4.779282	-2.851036
3444	1	-11.980555	5.913271	-0.510100
3456	1	-8.740337	5.758502	7.908203
3460	1	8.507987	-8.502919	8.039602
3463	1	-3.727213	7.225279	8.072040
3466	1	-6.228187	6.205034	7.353493
3467	1	6.830732	-9.889060	3.434037
3469	1	-6.919143	7.180683	5.742277
3481	1	6.597434	-7.537331	-4.203979
3487	1	-7.457835	8.633293	7.716239
3492	1	-6.889552	6.668094	6.852758
3493	1	7.332724	-4.066113	0.923096
3494	1	5.765152	-8.824167	-0.658319
3496	1	-2.808641	8.927040	8.364771
3497	1	7.581503	-7.277288	-5.695595
3500	1	6.611239	-6.408177	-4.069815
3508	1	6.949585	-4.251101	0.009920
3510	1	8.404386	-2.662991	-4.943529
3512	1	-6.504052	4.649884	-0.695757
3515	1	8.755493	-7.814797	-2.294230
3522	1	7.319859	-1.039990	-5.422719
3526	1	7.596711	-1.260591	7.158028
3531	1	4.763544	-2.454411	-3.409081
3539	1	9.083837	-6.319673	-3.647330
3541	1	9.150573	-4.752068	-1.832888
3543	1	5.183248	-7.425822	-4.796542
3546	1	1.081517	8.516798	6.771464
3551	1	7.443205	-5.016410	-5.061923
3552	1	-5.014382	8.108027	5.275390
3556	1	6.715940	-6.371010	-3.022447
3558	1	-1.355757	-0.176170	-4.610271
3564	1	5.415056	-5.133286	-6.766581
3566	1	7.500713	-2.789523	-3.303945
3569	1	9.191034	-6.163064	0.414160
3572	1	-3.950570	6.504831	6.783062
3576	1	6.855605	-7.255187	0.522325
3577	1	-6.078146	6.930616	8.002471
3579	1	8.708581	-4.833748	-3.831513
3583	1	-5.434966	7.542153	7.027278
3586	1	-4.941446	7.572488	7.446432
3590	1	8.301707	-2.523537	-2.878152
3594	1	3.451855	-5.023759	-1.808510
3597	1	6.337506	-4.631931	-6.437722
3598	1	-7.225145	7.006268	5.776398
3600	1	8.975781	-8.088465	-7.248570
3601	1	8.091950	-6.448966	-2.369106
3610	1	9.697625	-0.635254	-0.835669
3613	1	-2.455775	3.511875	-1.409594
3620	1	-4.458744	6.831907	5.594668
3623	1	-9.396087	6.729289	5.717185
3628	1	-5.113031	9.086599	5.699095
3638	1	6.257903	-2.646807	-3.471005
3641	1	9.404221	-8.006766	3.257580
3642	1	-6.097815	8.535811	8.367587
3644	1	7.774658	-4.965630	-4.929872
3646	1	-6.953323	6.516143	-1.906808
3648	1	-6.584519	6.648928	7.512999
3649	1	-8.913063	6.169271	7.675168
3652	1	6.936793	-3.651228	-4.409363
3657	1	7.149795	-8.887387	-4.118494
3658	1	7.455499	-7.573035	-3.993276
3674	1	7.597731	-4.536953	-4.119471
3678	1	6.700860	-8.267602	6.815688
3680	1	9.111303	-9.011471	-2.574020
3698	1	-5.989499	6.744914	6.967732
3701	1	6.355780	-3.145678	-5.164599
3704	1	5.325857	-5.561763	-3.819912
3706	1	-6.550400	6.927570	6.971712
3707	1	-8.671230	8.147055	6.399816
3715	1	9.185683	-5.193803	-8.576992
3720	1	8.325895	-5.203862	-3.400337
3732	1	4.033157	-6.146265	-2.189969
3739	1	7.666230	-7.255164	-6.858393
3743	1	5.241432	-8.748986	-2.926953
3744	1	6.569107	-4.153508	-4.236355
3747	1	0.537697	-1.768092	6.523286
3751	1	0.518821	-1.265446	9.707044
3753	1	6.594627	-6.787123	-2.292297
3773	1	7.809556	-3.411448	-1.389781
3787	1	-3.114441	6.773548	4.985537
3792	1	-3.424871	7.288395	7.595304
3793	1	5.981555	-11.341365	-4.676107
3796	1	8.875514	-6.125845	-8.359109
3798	1	8.195121	-4.014433	-6.286528
3810	1	-2.744002	6.474392	-4.526968
3814	1	-3.439550	8.728845	7.055966
3817	1	-4.627681	7.821874	7.013217
3820	1	-5.060380	6.591360	6.013958
3822	1	4.195097	-0.957129	-2.656407
3832	1	-3.688143	6.819548	-3.646272
3837	1	7.561829	-3.949531	-2.825356
3840	1	6.799886	-4.229314	-2.656489
3842	1	-3.745669	6.512888	5.971219
3848	1	8.649896	-4.792940	-0.836847
3858	1	6.681191	-7.230457	4.322255
3860	1	-8.825573	6.661488	9.170785
3862	1	-4.641632	7.892567	6.674210
3864	1	-6.645501	6.485051	7.011026
3875	1	4.076227	-5.740493	-3.465116
3876	1	-7.097857	7.262761	5.787940
3877	1	7.628275	-5.822094	-6.882049
3893	1	-2.716803	8.605530	7.193420
3903	1	7.339600	-6.193197	-4.549743
3904	1	4.132314	-4.554105	6.364520
3908	1	6.978721	-4.631469	-6.653370
3920	1	8.245349	-4.247355	-2.248442
3921	1	8.368835	-8.258867	-1.558818
3923	1	-5.141749	4.785217	3.073624
3929	1	-2.864446	7.730300	6.454644
3936	1	7.352738	-8.342188	-1.691522
3943	1	-3.576029	7.788571	7.755906
3946	1	8.813465	-7.567736	-3.924371
3947	1	-9.152519	6.677181	-1.563930
3951	1	-1.631569	-2.109850	-2.990431
3961	1	-3.785304	6.507955	6.804521
3962	1	6.126443	-5.593219	-5.122810
3964	1	-7.488092	5.944001	6.040655
3970	1	-9.740297	7.206877	7.131301
3974	1	0.535369	0.527465	-2.819411
3975	1	-4.610523	6.067659	6.609895
3989	1	-5.964350	8.102488	6.509034
3998	1	6.462462	-5.219647	-1.601889
3999	1	8.708964	-3.785426	0.238149
4000	1	9.533626	-5.915108	-6.253257
4009	1	8.912486	-4.108976	-4.821650
4016	1	9.157792	-10.059450	-4.396005
4020	1	6.445580	-7.623082	-4.675114
4021	1	-7.183159	7.447930	6.316652
4025	1	7.452239	-5.056546	-5.817667
4026	1	-6.167256	8.484830	6.364945
4027	1	6.547342	-4.355212	-5.460002
4029	1	-9.562671	6.855160	9.216651
4031	1	-7.767726	7.525287	7.236123
4033	1	2.642454	8.220259	7.627491
4036	1	-8.803698	6.664784	7.672585
4040	1	-6.870584	6.158448	6.856290
4043	1	7.240854	-5.348701	-4.575640
4044	1	7.299431	0.492339	-2.372682
4045	1	5.123558	4.793184	-4.429724
4051	1	-4.580105	6.230384	6.156610
4054	1	7.215975	-8.321462	-4.991775
4075	1	8.007818	-8.900087	-5.124830
4076	1	-3.635541	6.689736	6.577002
4085	1	8.474062	-6.586271	-8.002962
4094	1	9.297643	-0.399971	-5.378722
4095	1	8.048234	-6.667505	-4.377992
4105	1	-7.547972	5.561433	6.544950
4106	1	7.836682	-0.577992	-4.480503
4111	1	8.161531	-4.454473	-6.996073
4116	1	-3.805716	8.028897	7.116777
4117	1	6.069682	-4.361830	2.927772
4121	1	7.300867	-8.306770	-5.752331
4133	1	-7.035437	6.489971	6.399707
4135	1	6.467227	-10.905553	-5.906372
4136	1	7.891354	-3.894345	-7.635597
4141	1	-8.200313	5.639297	8.856687
4143	1	-8.539705	4.691771	9.319226
4161	1	6.114095	0.931386	-5.282572
4163	1	8.039876	-8.001013	-6.341278
4173	1	7.773582	-6.681193	3.349694
4179	1	-4.619340	8.381983	2.434447
4185	1	-4.140663	4.153006	7.640450
4186	1	-5.386849	9.194887	6.614961
4190	1	6.151622	-6.234469	-8.550325
4193	1	7.058454	-7.109408	-2.604023
4195	1	6.902741	-6.824005	-6.666549
4198	1	6.334423	-7.550128	-3.146391
4202	1	8.699347	-5.941311	-2.495223
4205	1	8.127455	-3.427328	-1.867081
4206	1	7.649032	-6.800606	-2.495117
4208	1	7.194328	-6.650859	-5.317157
4213	1	8.749635	-5.635593	-6.082736
4214	1	7.087456	-9.420183	3.767517
4222	1	7.020910	-6.726072	-1.250500
4232	1	-8.262990	5.819871	7.270017
4235	1	1.769362	8.699238	4.650386
4240	1	-5.043600	5.866174	6.379388
4266	1	-4.457229	8.112886	-4.061083
4267	1	-10.096632	4.542519	8.181033
4273	1	-3.663719	6.549470	8.373928
4275	1	7.536890	-4.542102	-4.109843
4276	1	8.974618	-8.323668	-4.326031
4285	1	7.375527	-4.761832	-5.650703
4290	1	-5.862372	9.305597	6.193497
4291	1	-5.512664	9.825313	5.913045
4295	1	-3.183634	6.928108	8.298298
4296	1	-7.177991	6.637412	6.738638
4301	1	8.750798	-6.658632	1.442885
4302	1	9.110357	-8.055090	0.818311
4304	1	6.521647	-7.032379	-1.959366
4308	1	6.538964	-3.929748	-2.092174
4310	1	7.227582	-6.239514	-3.996335
4311	1	-2.602277	9.178943	8.637574
4313	1	8.825347	-2.752321	-0.663292
4315	1	-0.210584	3.118802	6.670175
4320	1	-8.368791	7.362277	-4.934139
4321	1	7.821568	-4.077904	-0.499948
4326	1	-8.518915	7.781949	-2.253624
4327	1	6.429790	-8.503794	-7.762906
4330	1	-4.137770	6.881705	7.691279
4337	1	6.309812	-2.500809	-2.989830
4355	1	7.421682	-7.432161	-5.615735
4357	1	-0.323468	7.526558	-2.635976
4360	1	6.859983	-2.211641	-2.997456
4361	1	-3.145152	5.279142	6.673104
4363	1	5.919733	-10.498013	-4.134515
4373	1	-1.620624	7.197695	7.738108
4376	1	8.151474	-5.509050	-3.864185
4380	1	-5.886816	7.029610	6.127704
4385	1	-4.292243	9.765321	8.440811
4392	1	-3.060265	8.000514	7.122336
4401	1	8.272735	-6.543687	-4.456152
4408	1	-4.550692	6.863565	6.944679
4409	1	7.472505	-3.142610	-3.973717
4410	1	-6.084201	7.340531	8.538846
4413	1	-7.221466	6.187529	9.175483
4417	1	-6.010334	8.366230	-4.653590
4418	1	-7.677768	6.767316	9.367013
4419	1	7.356610	-4.485480	-9.871493
4431	1	8.910595	-8.055306	-3.731839
4439	1	-6.268338	6.282327	6.779970
4442	1	-1.243297	-3.094669	5.907355
4446	1	5.920273	-7.481038	-6.777443
4453	1	-4.838161	8.435358	4.521028
4454	1	6.121643	-3.531340	-3.976067
4456	1	8.548344	-7.587855	-6.352590
4458	1	7.043049	-4.127022	-4.484971
4462	1	7.724806	-4.738740	-7.754667
4465	1	-3.199326	5.814120	7.051697
4467	1	-4.358659	8.433466	5.106710
4471	1	8.994248	-2.822129	-5.362731
4473	1	6.351174	-4.848374	-2.824868
4476	1	0.496095	7.943076	5.888155
4477	1	7.668546	-8.769365	-5.979537
4482	1	6.223472	-9.371115	-5.110898
4483	1	7.983034	-8.587507	-4.728109
4491	1	-7.439681	5.571811	9.248363
4514	1	-2.614606	3.890521	8.100435
4523	1	-2.349494	7.489234	6.073634
4537	1	-4.676819	1.157418	-2.773721
4540	1	7.416967	-4.152892	0.668911
4548	1	-4.100506	5.817904	6.959806
4553	1	-9.241637	7.623214	6.304302
4555	1	7.619504	-4.593839	-6.057639
4556	1	-3.900363	6.442333	8.151387
4560	1	-7.429100	8.838548	6.424775
4566	1	5.718246	-4.474879	-3.404169
4573	1	8.080982	-7.112257	5.951636
4575	1	7.489992	-5.683953	-1.682000
4577	1	7.383593	-2.223422	-3.580427
4579	1	2.582234	-2.718610	6.089835
4584	1	8.652082	-9.412456	-5.388510
4589	1	-7.414216	5.859923	6.395512
4601	1	9.620016	-4.498389	-3.062910
4603	1	-4.654352	5.948078	5.256051
4606	1	7.400539	-0.773766	-4.468175
4607	1	8.204905	-3.845052	-2.574756
4610	1	-3.366393	7.711451	5.813029
4614	1	-3.401046	7.357131	6.786947
4615	1	-3.418390	7.763016	6.203450
4616	1	8.146874	-5.935752	-2.534041
4617	1	-4.382676	6.500825	7.800848
4619	1	7.379467	-2.904342	-2.931402
4621	1	4.257653	-5.213643	6.179300
4625	1	-4.024681	6.516313	9.076673
4629	1	9.239024	-5.848067	-3.667253
4630	1	7.192500	-4.586911	2.763844
4631	1	-4.160630	5.898445	6.891865
4632	1	7.245805	-7.300774	-9.900427
4637	1	-11.690520	7.057969	7.844456
4638	1	6.089730	-3.774600	-5.975551
4640	1	8.550438	-8.460723	0.654882
4653	1	-4.397850	6.648665	7.808743
4657	1	7.100904	-8.135752	-7.529546
4658	1	-1.343115	5.777675	6.984585
4667	1	7.990121	-3.735904	-3.501127
4676	1	-5.193218	5.671175	6.274081
4679	1	-5.477272	8.162206	8.505169
4680	1	-5.721087	6.979134	5.360771
4684	1	-3.643490	-3.310861	1.230884
4685	1	-3.195070	7.635889	7.090793
4688	1	-5.789681	7.293141	7.275954
4689	1	-3.650070	8.061201	8.156839
4693	1	-7.205281	7.236456	7.301295
4694	1	6.272208	-3.828256	-3.606969
4698	1	7.218346	-6.021956	-5.333757
4704	1	-5.455478	5.495973	8.768131
4709	1	-0.232763	7.678201	4.925419
4713	1	6.123985	-3.792799	-3.183615
4714	1	-3.631355	-2.473077	7.503123
4717	1	7.057803	-6.336786	-5.542162
4721	1	8.154768	-0.728821	-5.309272
4722	1	8.311061	-1.824646	-2.759829
4727	1	6.043976	-3.576091	-4.204105
4730	1	8.388899	-7.373719	-4.229447
4731	1	-7.280536	6.647853	7.047390
4733	1	-3.364236	6.591915	7.655362
4735	1	-7.277494	7.888597	6.040342
4739	1	6.926936	-6.571465	-5.377053
4749	1	6.656789	-5.295880	-1.982980
4755	1	9.762004	-2.148545	-8.682430
4756	1	-3.330517	7.262905	4.919315
4760	1	8.672798	-7.117003	-2.954049
4761	1	8.344436	-8.608216	-4.344769
4763	1	-6.222439	7.783809	7.361359
4780	1	-10.340729	6.056902	4.890181
4786	1	7.534912	-6.789071	5.500202
4791	1	-4.862171	8.994668	5.408077
4792	1	8.544796	-2.868852	-3.498067
4793	1	7.742183	-1.860812	-3.701543
4804	1	-7.875846	9.449002	6.680862
4808	1	9.841303	-10.133916	-0.732978
4815	1	8.716982	-5.339029	-5.448592
4831	1	8.059786	-4.841572	-8.484356
4836	1	7.314562	-4.195206	-1.813059
4837	1	7.305183	-7.624384	-5.943388
4838	1	-8.937003	6.745211	8.158873
4842	1	7.011366	-8.845678	-6.919922
4848	1	-4.586284	-0.008017	6.942152
4855	1	7.694316	-4.885199	-0.282786
4868	1	5.883176	-7.470548	-5.936232
4871	1	5.747045	-9.187410	-7.392348
4874	1	-3.299452	4.726458	6.457972
4878	1	-10.062472	9.130858	4.375286
4886	1	-6.142529	8.748845	6.572015
4890	1	-5.132926	7.657868	6.822738
4898	1	-3.824549	8.069858	1.384637
4906	1	5.565984	-9.136060	-3.272544
4910	1	8.016723	-3.632051	-2.401862
4911	1	8.574515	-3.364519	-1.751136
4913	1	-7.758310	6.256397	1.840105
4918	1	6.590819	-8.068152	-5.139158
4920	1	8.671714	-6.704027	-3.596430
4923	1	7.880998	-7.381023	5.308701
4925	1	7.031588	-9.152423	-2.513737
4929	1	7.251469	0.133644	-2.628242
4930	1	-5.303728	8.823740	5.810421
4933	1	-5.145190	8.872629	7.253818
4937	1	-5.847470	7.403769	7.498855
4938	1	6.325221	-3.491369	-3.290507
4942	1	-5.009415	8.415851	7.519166
4950	1	-8.043798	6.966169	8.135572
4954	1	-5.985204	7.539532	5.603360
4956	1	-5.367714	8.213299	8.112774
4958	1	7.029757	-8.101273	-3.102443
4962	1	-0.592774	-0.911523	6.576557
4963	1	-2.076318	9.798912	-0.621328
4965	1	-5.201531	5.686546	8.684442
4971	1	5.750038	-6.456755	-2.487192
4975	1	9.425242	-4.079178	-5.521276
4980	1	-3.508501	4.924375	6.435136
4982	1	6.644110	-6.908775	-6.091385
4985	1	7.129985	-2.019932	-2.799126
4991	1	7.687044	-3.622199	-3.121260
4992	1	8.041713	2.958032	-1.041439
4993	1	7.931157	-2.900384	-5.161475
4998	1	-9.358141	7.332346	2.208406
4999	1	-7.705519	7.243902	8.238937
5000	1	-7.954241	6.708243	8.270881
5006	1	7.047279	-4.851343	-0.132171
5007	1	7.575360	-2.828665	-4.448861
5010	1	8.011100	4.469028	-8.823337
5012	1	7.274478	-1.877595	-6.543120
5014	1	-5.703688	7.402700	7.550016
5017	1	-5.488636	8.153716	6.007527
5018	1	-5.778227	7.112438	6.614078
5020	1	6.796699	-7.902816	-4.500334
5021	1	-5.457948	6.662874	7.365682
5026	1	-8.153225	9.310142	9.034669
5031	1	7.459466	-5.624802	1.709288
5040	1	6.783730	-8.223249	-3.316900
5041	1	-7.850014	6.966286	6.972755
5047	1	6.312699	-6.856062	-4.756933
5048	1	-2.771701	8.530549	9.821892
5049	1	8.960190	-1.976679	-7.319482
5055	1	8.110261	-3.769669	3.038971
5059	1	-6.177207	9.418233	7.249403
5063	1	7.030248	-6.685624	-3.652258
5066	1	-9.749766	7.946122	7.043203
5069	1	-6.471420	8.208025	6.113214
5072	1	-4.378983	9.124277	6.929425
5074	1	-6.571456	7.150638	7.920562
5078	1	8.133532	-4.092047	-0.440886
5083	1	7.252298	-7.206782	-4.921424
5085	1	-8.998222	7.730655	8.705947
5092	1	8.871116	-1.277776	-6.568445
5097	1	-5.959158	6.194265	7.200733
5100	1	6.867226	-4.123070	-5.346500
5106	1	6.580224	-4.725882	-3.425209
5111	1	7.236020	-3.453196	-3.212673
5124	1	1.134719	-2.636546	6.431571
5130	1	9.492764	-3.919417	-3.992463
5131	1	-4.923793	7.160072	-3.678517
5140	1	-6.957575	9.283929	6.538504
5143	1	-7.604270	5.761606	5.146889
5144	1	-6.486007	8.660340	6.515202
5155	1	-3.890604	-0.305320	8.336732
5162	1	4.740768	-8.185110	6.178031
5164	1	-9.751546	7.025165	6.409662
5166	1	4.398343	4.518975	-7.884488
5171	1	8.197943	-7.576566	-3.024869
5174	1	5.914187	-6.360843	1.824860
5175	1	-5.743956	7.968914	7.113569
5180	1	-6.473989	7.949759	7.314668
5185	1	-2.052108	6.039166	8.557284
5193	1	6.156982	-6.114919	-4.557392
5198	1	7.365872	-5.096960	-3.912795
5202	1	9.111360	-4.836801	-5.543409
5209	1	7.205146	-6.223134	1.362203
5214	1	9.006127	-3.346831	-4.170890
5216	1	-4.976422	7.188931	6.759652
5217	1	5.616415	-3.754801	-2.279482
5222	1	-5.861283	8.730543	6.769890
5223	1	9.074697	-4.020404	-4.860021
5225	1	8.248355	-1.119687	-7.178593
5234	1	-7.981105	8.953489	7.253265
5237	1	8.188169	-8.602801	-0.185468
5240	1	-5.409092	5.633525	8.398120
5252	1	9.557156	-5.217571	-6.810780
5253	1	-6.910704	6.182714	9.057688
5256	1	-4.795633	8.142212	6.623212
5257	1	6.971665	-8.195951	-3.750708
5259	1	-7.526305	7.770324	7.046647
5263	1	7.052127	-7.715940	-2.741748
5268	1	-6.957797	8.511008	7.823632
5275	1	6.384536	-3.696223	-4.874189
5278	1	7.713294	-6.117274	-5.535566
5285	1	8.411539	-2.611314	-7.918122
5300	1	7.281939	-4.939467	-0.695533
5305	1	-3.055987	7.029967	9.569765
5306	1	6.607065	-6.421380	-3.275511
5315	1	-8.278500	6.159939	5.751399
5323	1	7.537161	-9.951892	-3.188963
5329	1	8.159820	-6.354117	-8.538609
5330	1	9.282418	-6.651639	0.705154
5332	1	8.656126	-4.813276	-4.364586
5333	1	9.156435	-6.606465	-6.349429
5334	1	4.700524	-4.597275	-0.994433
5335	1	-3.946522	6.969811	5.164948
5350	1	4.372772	4.177385	-0.823461
5357	1	5.695278	-1.044663	-0.942043
5359	1	-2.196369	-2.524165	7.251835
5363	1	7.970393	-8.735070	-4.631392
5365	1	-3.268295	7.007683	5.967978
5368	1	6.685190	-8.062022	-1.992862
5375	1	-7.868441	6.049344	7.542248
5376	1	-4.843378	8.058370	8.482445
5377	1	-5.118869	6.385511	6.811931
5382	1	7.757881	-5.872843	-2.218788
5399	1	-9.322031	7.356429	8.098949
5400	1	6.570692	-6.135811	-3.913701
5402	1	-7.104621	3.736755	7.451490
5411	1	-7.651091	6.898597	1.140991
5417	1	5.575206	-4.632037	-1.097135
5419	1	6.616023	-3.998963	-5.355445
5431	1	-6.965196	5.566305	4.067148
5432	1	8.359549	-7.499086	-3.172329
5435	1	7.104097	-6.412015	-0.612661
5437	1	8.044625	-7.603452	-5.565871
5446	1	-10.434105	8.987133	6.789062
5457	1	7.353978	-8.108510	-3.153718
5465	1	5.203618	-6.896207	-2.573969
5466	1	-4.130615	-3.201823	6.170502
5467	1	6.668316	-7.151395	-5.393753
5468	1	6.957728	-4.339683	-0.766947
5469	1	-3.676933	7.567707	7.358123
5471	1	-6.090857	7.187190	7.652625
5473	1	-4.960547	7.326340	7.264234
5480	1	-5.433719	7.138574	4.738284
5481	1	-2.883498	7.460304	2.321555
5486	1	7.513256	-6.170355	-6.460208
5487	1	8.336774	-7.214667	5.156808
5490	1	-5.537831	5.368040	6.475320
5492	1	-6.468719	5.061922	-1.528365
5503	1	6.609063	-7.065492	5.419798
5504	1	-8.556528	2.697155	-1.454404
5510	1	-4.119949	4.541014	3.257517
5511	1	-5.301586	8.211702	7.245613
5514	1	6.904265	4.255488	-4.284688
5523	1	-4.212738	7.983851	5.660179
5526	1	-1.186236	7.484845	4.232446
5527	1	5.652851	-5.792560	-2.271010
5530	1	-3.437341	9.613556	7.040525
5537	1	6.625693	-6.782409	-4.768969
5562	1	6.590013	-5.457552	-4.440123
5563	1	-2.691928	0.819555	8.153501
5564	1	-4.771288	6.341155	-0.884622
5565	1	-8.462550	8.684095	6.730955
5569	1	7.300637	-5.990773	-5.047530
5572	1	-5.161559	7.900441	8.556899
5575	1	4.693896	-5.545675	-5.450702
5576	1	-0.856919	5.198013	7.303395
5584	1	-4.582235	6.882704	8.703105
5587	1	8.950558	-6.697806	-3.531504
5590	1	9.452010	-4.966986	-4.683519
5591	1	0.579936	8.075353	7.232304
5597	1	-5.007657	6.324884	7.505973
5603	1	-7.757173	6.949890	6.720110
5605	1	-7.268744	6.659029	7.223169
5607	1	7.562336	1.435904	-6.276475
5609	1	-5.102130	5.078950	8.284188
5612	1	-8.211799	7.180042	6.473145
5619	1	5.403134	-5.542762	-1.993635
5621	1	5.076865	-4.262975	-3.879911
5624	1	-4.766094	6.585927	6.097305
5625	1	-7.430568	5.435178	6.920851
5633	1	-9.247814	7.612461	8.761190
5645	1	7.060854	-5.357700	-4.892434
5649	1	6.470263	-10.725426	-5.810451
5650	1	6.153188	-4.972320	3.082711
5651	1	-3.113275	7.070838	7.099300
5657	1	7.286779	-5.118957	-7.311738
5664	1	5.578826	-7.030678	-4.712351
5666	1	-8.917248	5.781540	6.250300
5668	1	5.759064	5.874416	4.689970
5676	1	7.123191	-5.038182	-5.652811
5677	1	7.039489	-2.521669	-4.741748
5680	1	8.305568	-6.079277	-2.156355
5683	1	8.030232	0.242521	-4.527352
5688	1	-5.603276	7.306110	8.607494
5693	1	-4.371409	8.284040	8.138247
5700	1	8.891817	-6.125771	-3.672844
5701	1	6.613398	-4.049641	-7.961579
5715	1	-9.649383	7.555746	6.955222
5722	1	-6.033309	5.779167	-1.927411
5723	1	-4.659519	9.445973	9.695470
5724	1	9.748347	-3.345765	-6.838245
5741	1	5.891536	-6.696942	-5.007130
5742	1	-0.898509	7.809732	7.855646
5746	1	7.719308	-10.986189	-3.905333
5749	1	8.495267	-7.286431	-5.545415
5757	1	-5.786652	7.938765	5.473010
5760	1	7.245468	-1.687279	-3.149570
5767	1	7.361615	-3.742076	-1.305227
5781	1	7.671304	-2.567013	-4.606348
5784	1	-7.002089	7.163357	7.172489
5786	1	6.949344	-1.465829	-7.853249
5797	1	6.398286	-8.895600	-6.614819
5798	1	-4.201496	8.144196	7.463174
5803	1	5.404047	-2.674795	-7.806974
5807	1	-5.752718	6.364106	9.029053
5813	1	9.065733	-5.988883	-6.349769
5818	1	7.737299	-5.516887	0.657426
5820	1	-4.629754	7.625840	6.355341
5821	1	6.594462	-6.192805	-2.122014
5822	1	-0.445486	9.155023	9.031749
5823	1	7.414596	-4.788155	-5.709956
5825	1	0.811964	7.311137	6.434178
5839	1	-7.342242	5.659308	8.337262
5840	1	7.300665	-5.939542	-7.477089
5844	1	-6.397516	7.770026	6.789516
5846	1	8.697289	-3.167784	-9.999566
5860	1	-7.551778	7.662824	3.527870
5864	1	8.746924	-4.937819	-5.151430
5876	1	6.179861	-5.641464	-2.055076
5879	1	5.130624	-4.780466	-3.565046
5890	1	5.420487	5.461518	-5.247248
5895	1	-6.784375	7.000045	5.399367
5900	1	-4.245139	7.554357	7.458044
5910	1	8.835763	-4.532491	2.075138
5916	1	8.961905	-7.486847	-1.519724
5920	1	7.145598	-3.719500	-5.467649
5923	1	-1.027673	6.718980	-2.654274
5935	1	-7.706510	6.161148	7.270109
5936	1	-3.058252	8.123702	6.618049
5945	1	-2.544094	-2.125553	4.858256
5951	1	7.986059	-8.318848	-6.984952
5953	1	9.367323	-3.074116	-3.481148
5956	1	6.414862	-9.080990	-3.944709
5961	1	-8.303537	6.724381	9.041455
5962	1	-4.157870	6.356662	6.417025
5963	1	-6.595741	7.626799	3.181394
5968	1	-7.251946	8.504545	7.701281
5970	1	6.664923	-8.151688	-3.450457
5972	1	7.276754	-7.333607	-3.684463
5973	1	7.387018	-10.935071	-4.645126
5975	1	-7.454246	6.017576	8.193713
5977	1	0.000798	-2.081529	4.928060
5978	1	-2.290279	6.862617	8.174853
5985	1	-0.422812	6.749463	6.596724
5987	1	-8.986755	6.669149	6.285969
5993	1	6.354479	-5.119846	-6.344066
5997	1	-8.941402	8.439426	9.766934
6001	1	-6.371553	6.367332	5.557677
6002	1	8.512809	-4.079224	-4.780480
6004	1	9.124494	-1.299776	-3.275564
6008	1	7.811011	-2.595677	-6.083458
6015	1	8.772318	-0.777711	-3.008628
6021	1	6.144826	-8.079403	-4.642071
6026	1	5.377008	-5.125893	-4.357344
6027	1	-4.481412	9.401362	5.907470
6041	1	6.081960	-3.199101	-6.284949
6047	1	-6.255086	8.068310	4.146873
6051	1	9.098189	-4.854316	-4.100766
6066	1	-5.164670	7.846998	6.343455
6067	1	-3.715794	6.633896	5.124483
6068	1	5.712584	-7.371378	0.183620
6073	1	-7.141870	7.453498	5.930245
6076	1	-9.197171	4.700552	7.223607
6077	1	-8.351294	8.882546	6.698152
6079	1	-6.488326	9.514647	5.697977
6083	1	-8.783847	5.818717	6.900992
6088	1	-5.679437	6.539272	7.901927
6095	1	-1.863522	6.419237	3.657112
6096	1	7.734485	-3.413460	-1.942960
6097	1	-0.069130	9.013770	8.266162
6099	1	-10.572658	6.756567	5.022868
6100	1	9.597759	-5.404052	0.159470
6102	1	-5.836295	5.154057	5.420828
6110	1	-5.208911	8.486962	6.350021
6111	1	8.791768	-6.944715	2.553049
6123	1	-1.996085	8.478813	7.223413
6126	1	6.310722	-7.719213	-3.874322
6127	1	6.774228	-4.143421	-2.596264
6136	1	-5.321453	5.827972	8.346777
6138	1	7.222452	-9.766242	0.118951
6141	1	5.248347	-4.386736	-2.776610
6147	1	8.522401	-6.760340	-3.524216
6148	1	-2.934975	7.851947	6.781770
6167	1	-6.359297	8.987231	5.452990
6173	1	6.046058	-5.260022	-2.218771
6179	1	-7.263440	6.840962	6.620747
6182	1	-5.990255	6.362932	5.815605
6183	1	6.447704	-7.896095	-3.546789
6197	1	8.199040	-8.475789	-6.121847
6201	1	7.830368	-4.598603	-6.691010
6202	1	-6.257254	6.462330	7.919473
6203	1	6.536008	-6.115017	-3.027315
6206	1	6.026015	-10.254305	-3.239428
6207	1	-5.107878	8.361965	6.312225
6212	1	8.194766	-5.471482	-5.278649
6213	1	-4.946722	7.855138	9.202286
6220	1	5.837120	-5.657994	-1.552066
6230	1	6.980917	-4.990811	-4.053357
6242	1	-2.740024	9.028980	5.790240
6254	1	-1.336431	5.950829	7.558400
6256	1	7.366119	-5.996347	-5.484759
6257	1	-1.811823	8.525229	-5.136551
6270	1	6.666698	-5.143249	-5.150544
6281	1	6.548619	-6.188513	-5.169213
6285	1	9.120796	-2.022586	-4.209062
6295	1	9.940948	-7.902935	-1.904239
6297	1	1.446039	7.340115	7.747048
6300	1	3.327117	-5.979302	8.867660
6301	1	7.956526	-8.241523	-5.453893
6304	1	-6.529849	6.008003	7.296697
6312	1	6.178935	-3.466527	-2.109515
6316	1	-2.029492	7.778719	7.897457
6319	1	7.106247	-4.236978	-2.964388
6321	1	7.069975	-7.297641	-1.050378
6346	1	7.021644	-7.683833	-3.877691
6349	1	8.610928	-4.368309	-4.458599
6350	1	-5.351819	7.854383	6.406406
6355	1	8.415227	4.100779	-4.758258
6357	1	7.901998	-3.290418	-0.614205
6358	1	-3.904352	6.565176	6.146383
6361	1	7.512175	-6.066059	2.581579
6363	1	6.217248	-5.567863	-6.459993
6364	1	-5.280639	5.948356	8.828188
6365	1	-3.862464	6.666148	-2.833920
6370	1	6.671121	-4.725249	-3.580105
6375	1	1.979477	7.076724	2.545118
6389	1	7.333321	-4.607835	-4.355381
6391	1	7.858773	-5.013476	-7.915087
6395	1	-8.840321	6.477203	6.360519
6397	1	-7.652777	7.498993	6.173185
6399	1	-8.477321	8.018691	8.622862
6405	1	-2.566771	7.015349	3.408352
6407	1	-2.060579	7.106066	5.272117
6413	1	-5.212224	9.355293	7.095945
6415	1	7.001228	1.187712	-5.040851
6417	1	-1.333616	6.304395	6.581713
6421	1	5.243089	-5.480155	4.833146
6423	1	-0.119268	1.667119	6.527215
6437	1	7.479295	-9.854895	-6.986505
6439	1	-4.304038	0.546943	7.248891
6446	1	7.527900	-5.941281	-2.218588
6459	1	3.044064	4.692542	8.394274
6460	1	9.201089	-5.229666	-3.272871
6462	1	8.218048	-8.986429	-4.722241
6463	1	-5.762006	7.653905	6.919616
6479	1	-6.165006	7.043420	8.925990
6481	1	-0.303628	7.647414	6.772967
6482	1	5.683413	-9.231792	-6.063304
6485	1	7.000516	-2.643810	-4.255499
6493	1	6.579128	-6.443459	-4.534667
6499	1	7.909019	-6.065304	-4.613015
6500	1	6.588897	-6.249903	-4.366179
6504	1	9.037414	-4.044947	-2.554610
6505	1	6.303144	-3.297012	-2.155166
6525	1	7.980566	-6.316170	-6.606938
6530	1	-7.795815	6.365533	5.426416
6531	1	7.092937	-7.155267	-2.712259
6533	1	6.285466	-5.530291	-1.568910
6535	1	7.133868	-2.879539	-4.216151
6541	1	-1.880950	0.381229	5.664728
6547	1	-10.824790	5.894680	7.202962
6549	1	6.874607	-6.731864	3.667300
6550	1	6.453070	-3.573255	-2.342364
6554	1	7.790775	-7.654809	-2.731402
6555	1	5.933052	-7.357958	-11.814283
6562	1	-4.350563	9.270704	7.833362
6563	1	7.229133	-6.607445	-3.887588
6566	1	-0.781905	9.052801	9.075098
6568	1	6.016740	-6.445310	-7.055994
6573	1	7.122988	-7.780736	-5.770458
6579	1	-3.083969	6.413652	8.707481
6584	1	-3.092051	5.022515	6.624064
6585	1	-2.893480	4.238206	5.635969
6589	1	6.891608	-8.787537	-7.348031
6593	1	3.963235	-0.730960	-6.298042
6596	1	6.392777	-2.745032	0.033842
6606	1	7.122198	-6.472725	-3.436038
6612	1	-8.623653	5.517497	3.014275
6621	1	6.365825	-8.740977	6.057383
6623	1	6.882322	-2.960014	-5.160876
6625	1	-8.043683	6.416370	7.107769
6630	1	-4.965440	5.970987	6.166279
6631	1	9.496393	-5.141241	-2.882084
6637	1	-1.754085	8.543729	5.865132
6645	1	6.856756	-6.066347	2.088585
6649	1	-8.970246	5.119139	5.736736
6653	1	-2.754383	8.472557	8.400391
6654	1	-6.234046	8.809020	8.493101
6660	1	9.271874	-7.747959	-3.908065
6664	1	-8.452096	5.710700	8.596054
6666	1	-8.406005	6.753029	7.637183
6669	1	9.353316	-6.829550	-3.380240
6687	1	-5.167612	6.752307	6.218402
6691	1	-7.607752	6.795189	0.461200
6699	1	3.783579	4.996293	3.759122
6701	1	0.469146	9.058090	-1.145089
6702	1	6.536159	-5.579151	-3.103871
6703	1	7.035820	-3.736716	-5.136710
6708	1	-4.679988	9.128413	4.741048
6711	1	8.773601	-7.877293	-3.742893
6712	1	8.903505	-8.457647	-11.408651
6717	1	-3.327896	9.634404	7.339768
6724	1	4.457206	-2.802645	1.021455
6725	1	7.878680	2.476790	-0.850432
6733	1	6.843485	-7.612597	-6.732675
6740	1	7.169224	-2.871765	-4.084692
6746	1	5.608994	-4.046690	-3.981733
6747	1	7.142154	-6.244723	-0.589243
6752	1	6.864791	-2.553256	-6.396529
6764	1	7.837043	-5.532980	7.100002
6766	1	-9.091285	6.117860	7.082304
6772	1	-3.783236	6.200139	2.165607
6785	1	7.486074	-10.060896	-3.139680
6786	1	-10.135550	6.469789	7.147726
6799	1	-4.200645	5.875269	-3.515525
6806	1	7.445880	-5.202658	-4.810973
6807	1	0.660684	6.456137	8.272001
6810	1	-6.891120	4.433253	5.391674
6814	1	-8.588600	8.067249	7.069190
6826	1	7.063015	-6.237293	-0.453961
6828	1	-6.966017	8.179501	6.716506
6831	1	6.815074	-4.757938	-4.605829
6833	1	6.571656	2.863387	-3.027122
6834	1	-6.444156	7.868909	6.943214
6852	1	-6.932310	5.401851	8.815278
6853	1	8.919153	-7.901426	-5.106403
6859	1	8.930311	-4.823978	0.742216
6860	1	5.392017	-3.599589	6.002446
6866	1	9.167670	-5.163441	-4.666361
6867	1	4.868103	-1.815224	-4.971822
6873	1	-4.615175	7.779854	6.014534
6880	1	6.627888	-4.782595	-4.222410
6884	1	-0.818851	-2.257059	6.246897
6888	1	-8.683062	6.930031	7.530135
6890	1	-3.118447	9.532301	6.786272
6892	1	-7.952777	8.003097	6.502042
6895	1	7.364604	-8.263846	-3.119924
6897	1	9.045221	-7.607964	-5.615747
6900	1	-5.243343	7.335131	6.063802
6901	1	5.107087	-8.026926	-2.551554
6902	1	9.575166	-3.653181	-0.284785
6907	1	7.367211	-1.247954	-3.157518
6911	1	-2.623485	6.290092	-0.418283
6912	1	2.936340	-1.764323	6.710857
6913	1	8.762548	-7.135663	-0.394387
6916	1	7.207798	-7.036680	-2.481844
6920	1	-0.094024	7.196029	8.101067
6924	1	7.120435	-2.418046	-6.266206
6927	1	-0.996882	-1.874936	3.615873
6930	1	6.767935	-7.890126	-6.673327
6938	1	7.128827	-4.563511	4.375778
6939	1	-4.558730	6.471784	-0.760629
6940	1	8.215482	-9.336276	-5.684071
6944	1	6.773572	-5.830451	3.357127
6950	1	7.230957	2.799725	-4.163957
6951	1	6.436148	-8.408500	-5.109599
6952	1	6.892272	-1.821150	-2.631157
6954	1	-4.819517	7.051516	6.539952
6962	1	-7.226665	8.167935	5.689225
6964	1	-3.819388	6.453614	8.341556
6967	1	7.928014	-5.936741	6.505465
6973	1	6.612806	-7.154018	4.056648
6977	1	-3.858600	8.222407	7.362857
6989	1	6.888998	-5.381632	2.019286
6993	1	-5.709600	6.956099	5.972156
6994	1	-6.468960	7.071641	6.557035
6995	1	6.569677	-1.580455	-3.283229
6996	1	6.695558	-7.953406	-5.438972
7000	1	-3.341839	8.507156	5.356964
7001	1	6.338951	-3.012344	-6.139086
7003	1	8.693446	-6.333590	-4.300569
7029	1	6.599228	-6.954353	-4.245399
7033	1	-1.667241	8.101321	6.251279
7050	1	-7.381762	6.080273	6.543706
7054	1	-2.850758	8.364365	6.241503
7056	1	6.853749	-4.606568	-8.984653
7060	1	6.483355	-7.516736	-5.690001
7062	1	0.143545	5.659815	6.591588
7065	1	7.095826	-7.632839	-4.844706
7072	1	-1.870811	6.801507	-2.374555
7076	1	6.711573	-6.107575	-2.864140
7078	1	7.822647	-3.779669	-0.050213
7083	1	5.268449	-10.919933	-11.740848
7096	1	8.525195	-4.755651	-5.269674
7099	1	-3.368396	9.555828	7.141906
7103	1	6.023827	-2.620912	-4.393340
7112	1	-10.758355	5.320427	6.136425
7115	1	6.795496	-7.249693	-2.706498
7116	1	-5.721843	8.608974	4.773150
7121	1	6.910036	-5.377829	-5.319044
7122	1	-5.499095	9.427441	2.711977
7129	1	8.334675	-6.362744	-5.120659
7133	1	5.857856	-4.336417	-3.144839
7135	1	-5.127036	8.558807	5.120530
7138	1	7.565522	-9.493712	-4.812373
7139	1	-7.090107	7.386444	6.281799
7147	1	7.483535	-5.689569	-5.491827
7149	1	-6.608554	8.749010	6.228749
7155	1	8.474868	-5.702237	-4.834970
7156	1	6.889060	-4.964041	1.129968
7159	1	6.997752	-5.180872	-3.048951
7163	1	-8.995811	8.003577	6.923466
7178	1	-1.812529	-2.033249	7.002853
7187	1	-8.108978	8.803922	7.572917
7189	1	-4.368751	8.852636	6.979826
7192	1	-0.731912	-2.304081	6.066664
7200	1	-2.705685	8.341636	6.743550
7210	1	9.057649	-6.267151	-6.459241
7213	1	7.526720	-7.836270	-8.148037
7220	1	6.012852	-7.006144	-6.869569
7223	1	8.823891	-5.079227	-6.389697
7225	1	-4.890348	6.488648	6.577344
7230	1	-6.910266	8.261858	6.167754
7235	1	-11.226416	8.188193	8.316340
7240	1	-5.566204	8.560952	6.605891
7245	1	8.607222	-5.526976	-7.286407
7251	1	8.162529	-4.735136	-2.109353
7253	1	7.331326	-8.637270	-5.889204
7259	1	-4.235980	4.239274	6.960339
7287	1	-7.507599	6.646722	-1.717791
7288	1	6.825017	-0.702238	-4.297843
7290	1	-5.485572	6.664843	6.167650
7294	1	3.495204	-7.412631	-5.196065
7296	1	8.210323	-4.850869	3.270741
7298	1	-7.227268	6.599225	8.670517
7308	1	7.104786	-9.196725	-5.437276
7309	1	7.229283	-8.973758	-2.967269
7310	1	-5.865288	7.679667	6.272703
7312	1	7.070211	-7.571924	-8.701009
7316	1	7.626087	-2.300404	-0.925706
7317	1	-4.492107	6.710616	6.754615
7320	1	-5.172784	6.617482	5.705973
7328	1	-5.532878	6.770005	6.167067
7332	1	7.036187	-7.970070	-5.167244
7339	1	-3.015809	4.453107	3.375087
7346	1	-6.173184	7.266733	7.051074
7350	1	-8.117673	7.978474	7.822825
7361	1	7.758169	-3.339676	-6.413246
7378	1	-4.150279	8.596555	6.165662
7379	1	7.572794	-3.466885	2.716743
7390	1	6.386400	-7.245244	-0.950256
7394	1	-7.950321	5.303334	5.953336
7402	1	6.985733	-5.918751	-3.257379
7406	1	-4.890075	7.938768	7.168707
7407	1	6.480831	-8.944748	-6.490824
7408	1	-2.725775	5.104212	4.043962
7414	1	9.135206	-6.652587	-7.454320
7424	1	-6.781184	6.189574	6.459397
7425	1	5.509214	-3.884319	3.991514
7426	1	-10.587792	6.822259	6.260314
7428	1	7.480482	-7.630230	-1.909767
7435	1	5.951987	-6.967976	-0.336929
7445	1	7.550514	-6.203866	-2.591746
7448	1	7.042287	-6.330771	-5.046337
7455	1	-3.941852	9.243309	6.575155
7466	1	-4.691627	9.066870	7.392992
7469	1	-7.037375	5.257717	6.192024
7470	1	6.246587	-4.418748	-2.584767
7471	1	-4.726180	6.785013	-3.032712
7481	1	6.255386	0.093003	-6.697855
7487	1	7.813307	-9.422234	-4.459509
7490	1	-2.790199	7.721588	7.796733
7492	1	7.175104	-9.081301	-8.187299
7497	1	-5.088249	9.113923	8.250165
7502	1	-6.585824	7.284667	6.546288
7510	1	6.275173	-5.546198	-2.768909
7518	1	-8.926659	8.726285	6.921842
7529	1	7.730288	-1.840296	-5.939727
7532	1	8.113346	-5.894429	-3.463718
7534	1	-5.134860	7.383385	5.088002
7549	1	-7.444503	6.880734	7.317536
7550	1	6.457311	-7.947796	-2.812848
7556	1	-2.261111	8.040875	4.481660
7557	1	-9.352764	5.794969	5.136704
7561	1	-7.374239	7.431318	6.754503
7562	1	8.371614	-6.367481	-5.231575
7564	1	-10.027815	6.704778	6.240355
7571	1	8.695104	-8.151255	4.995018
7573	1	7.997184	-4.026399	-4.929693
7579	1	-8.164216	7.603099	-0.485442
7583	1	-9.390324	7.376822	7.826437
7584	1	6.912840	-4.441075	-3.538277
7589	1	-6.545288	6.299480	6.410372
7594	1	8.788678	-5.271649	0.974443
7602	1	8.382196	-8.808834	7.043041
7608	1	-9.541283	7.366388	6.034524
7609	1	-6.948281	4.397605	6.410976
7619	1	5.539101	1.732041	-2.544067
7626	1	9.282431	-6.283239	-4.262405
7627	1	-11.675842	6.658260	6.875783
7634	1	7.496280	-9.310196	-6.871361
7651	1	-5.497666	7.483049	7.010103
7658	1	8.127466	-5.187514	-0.750460
7662	1	-3.233423	7.228985	6.936243
7665	1	7.119825	-6.803654	-2.126782
7669	1	6.636544	-0.901242	-7.105865
7670	1	5.041873	-5.498710	-4.895548
7672	1	-3.522048	6.816376	7.028336
7678	1	-1.729797	-2.518042	6.978577
7679	1	1.042288	6.482626	7.818883
7687	1	6.399284	-5.425419	-6.027853
7693	1	6.089238	-5.760195	-7.280958
7695	1	-4.011047	9.699059	6.947285
7696	1	-5.555006	6.171109	4.910406
7713	1	7.464944	-4.651399	-5.757252
7714	1	-10.927705	6.593998	6.389334
7716	1	-3.311276	7.442160	-0.164919
7717	1	7.490427	-7.932786	-8.413973
7722	1	8.091263	-5.145131	-5.949973
7723	1	9.396273	-2.979644	-3.552210
7726	1	7.608801	-2.178589	-6.887336
7727	1	-7.114239	5.492112	6.349813
7731	1	-4.279340	6.942142	7.820204
7732	1	-3.679298	6.718936	-2.459406
7733	1	-4.148622	8.053008	-2.234326
7737	1	-8.248814	5.149599	-3.696714
7740	1	-4.895085	6.461014	7.881036
7751	1	8.064935	-5.245343	-4.317098
7756	1	6.132953	3.653459	-0.478460
7763	1	7.275920	-7.940162	-4.800754
7765	1	-3.161964	5.246083	7.807513
7768	1	-6.849064	6.484750	7.343132
7777	1	-0.235084	5.903230	6.650638
7784	1	-2.519829	6.640489	6.350947
7790	1	8.257056	-5.288545	-5.615384
7792	1	-6.864848	5.906440	6.712903
7800	1	6.867954	-10.163231	-8.200087
7812	1	5.004701	-1.134511	-3.179182
7814	1	-2.608948	6.964280	-1.863537
7816	1	8.496689	-0.211626	-6.756278
7825	1	9.139691	-6.530281	-7.480522
7826	1	-4.673033	4.053854	5.241354
7834	1	7.355561	-6.990763	-4.121932
7844	1	7.195652	-3.357558	-4.671349
7848	1	0.479302	5.360527	7.907085
7849	1	2.086238	6.875179	6.248598
7853	1	-4.773176	6.266260	6.533914
7863	1	-8.777312	6.846646	6.483318
7865	1	-7.446641	7.848747	8.117642
7866	1	8.955919	-4.693780	1.629373
7868	1	-5.290247	6.289010	5.681792
7892	1	-4.600493	7.092609	7.130419
7894	1	6.593387	-4.018212	-5.025559
7895	1	6.682194	-7.291243	-5.318887
7896	1	6.400126	-5.170681	5.726233
7898	1	-3.849362	8.711592	-1.978048
7906	1	7.912673	-7.721121	-2.725612
7907	1	6.780481	-6.791312	-3.216002
7908	1	-9.993133	7.455270	-2.281727
7915	1	-6.035431	8.946040	6.582242
7919	1	5.511354	0.804031	-0.799289
7922	1	8.289892	-7.598606	-0.832422
7924	1	5.787164	-7.369222	-4.943423
7950	1	7.614291	-6.445100	-1.911944
7965	1	6.697923	-6.657131	-4.295735
7973	1	-10.736922	6.681148	6.685993
7975	1	-10.673998	8.432509	8.756847
7979	1	-7.436577	6.226950	6.909723
7980	1	7.539136	-10.613504	-3.100260
7984	1	6.511207	-5.136440	-4.165694
7988	1	-6.853259	9.501534	7.254631
7989	1	-3.963948	8.946908	4.936763
8000	1	-6.253316	8.022525	8.311076
8004	1	5.938920	-8.508255	1.267050
8007	1	-7.596678	6.806825	5.762582
8026	1	6.456889	-6.517109	3.689433
8029	1	5.561105	-7.962539	-3.726648
8030	1	-7.602518	6.387985	6.521073
8032	1	5.533336	-5.408437	-1.536981
8045	1	-5.242189	7.170597	9.055931
8056	1	7.429986	-5.831789	-7.233668
8063	1	-0.146784	7.936518	8.217719
8067	1	6.811850	1.460284	4.251403
8077	1	-4.593439	5.951178	5.587249
8078	1	-6.370367	6.782905	5.367434
8079	1	-4.010154	6.114060	6.190151
8088	1	6.581351	-5.860755	0.526220
8089	1	6.734144	-3.377563	-1.859946
8095	1	6.601899	-3.957300	6.018929
8097	1	-8.474150	7.434342	6.559696
8100	1	6.416606	-6.811006	-5.126869
8106	1	4.640359	-3.612310	-4.017646
8107	1	-1.814023	5.367906	8.597971
8108	1	-4.425272	5.464257	7.303770
8113	1	-3.630759	6.522031	6.566613
8116	1	6.530183	-8.567273	0.915419
8128	1	-7.797639	7.068041	7.537718
8129	1	6.468813	-7.715012	4.390671
8134	1	-3.994293	6.631222	5.757869
8142	1	-2.119739	6.764009	9.594526
8145	1	-6.481454	5.893275	-1.134100
8149	1	3.008324	-3.574065	-0.424281
8150	1	0.429165	7.209324	4.913676
8151	1	-6.460446	6.975301	8.814773
8156	1	-6.757384	8.371587	7.058998
8157	1	7.647864	-0.292092	3.454724
8163	1	7.729381	-3.507049	-8.445579
8164	1	-3.763229	5.858938	6.981739
8166	1	5.488101	0.528282	-4.498036
8167	1	7.367224	-5.217932	-4.499232
8169	1	1.148808	-6.352641	5.362100
8172	1	-2.649095	7.263950	8.301963
8175	1	6.455590	-5.419697	-4.894583
8177	1	-8.989930	6.769162	7.344254
8184	1	-6.145223	8.597317	5.090553
8185	1	6.284155	-7.952371	-5.372741
8190	1	8.343804	-5.062408	-5.262121
8191	1	-3.808332	7.604678	-2.275220
8193	1	-2.177193	6.993773	8.387363
8198	1	-5.071669	7.139910	6.338835
8203	1	7.670691	-5.865897	-4.553272
8205	1	9.124330	-4.623160	-1.142216
8206	1	8.038249	-4.924614	1.252285
8210	1	9.581500	-3.946514	-2.650021
8212	1	-0.743682	-2.948385	6.474449
8225	1	8.950365	-3.265772	-5.219755
8227	1	-7.646525	9.383497	8.824829
8229	1	-2.830298	7.832684	6.841382
8235	1	7.464724	-9.126458	-2.308930
8236	1	-7.689980	6.337589	5.866969
8249	1	7.754250	-3.251554	3.359109
8250	1	6.369871	-2.730012	-5.263194
8268	1	8.081746	-4.147286	-5.128244
8269	1	5.863665	-6.829858	-3.755641
8273	1	6.682298	0.862033	-2.764451
8274	1	6.913380	-3.410257	-3.148717
8284	1	-3.381017	8.135568	9.068223
8288	1	-7.452346	7.884453	6.912139
8298	1	6.542570	-7.364076	-9.783905
8299	1	-5.466921	9.397917	6.701684
8311	1	-9.638031	6.783687	6.877760
8315	1	6.882528	-7.501394	-8.083044
8316	1	-0.895434	5.339619	-0.411966
8323	1	8.833974	-6.831704	-2.887462
8326	1	6.557069	-6.114043	-5.414007
8332	1	6.605606	-8.889712	-1.213928
8335	1	-6.660682	7.091595	7.056332
8344	1	6.646775	-6.270218	-0.854688
8353	1	6.855260	-6.331022	-5.311930
8370	1	-3.572629	8.539877	6.170986
8373	1	-5.896585	8.196400	-2.497025
8376	1	6.465798	-6.112964	-2.976718
8378	1	-7.221975	6.639209	7.590956
8380	1	-6.126761	9.152907	6.753902
8382	1	8.248447	0.574362	-3.646568
8385	1	9.457825	-5.172985	-3.706701
8387	1	6.617197	-8.428142	-1.631134
8389	1	6.408003	-6.159770	3.605421
8395	1	-7.762368	8.521343	6.274025
8402	1	-6.050215	9.074652	9.047346
8405	1	-6.000675	7.590206	7.246460
8407	1	0.194412	4.900964	6.599214
8413	1	-6.798242	9.850656	6.554248
8416	1	9.154607	-6.828013	-2.545009
8417	1	-7.333791	5.490614	7.279546
8421	1	-1.817788	7.340834	6.912765
8422	1	-11.443956	5.566643	8.456973
8423	1	-1.543262	-1.298763	6.966695
8432	1	8.819402	-4.491027	-1.006807
8436	1	-6.737345	7.330869	6.224113
8443	1	-5.147002	5.347989	7.028726
8448	1	-3.777442	8.123674	6.662295
8451	1	8.336405	-2.048025	-4.298641
8455	1	3.566740	-3.900447	-4.140474
8462	1	-4.933108	5.550415	6.869360
8468	1	8.064931	-4.062167	-9.028459
8478	1	6.485118	-8.148618	-2.934354
8485	1	5.964111	-4.275362	-3.083727
8487	1	6.619979	-6.534246	-4.180832
8489	1	-3.665192	8.121423	5.830842
8497	1	6.620494	0.699174	4.074786
8499	1	-2.842058	6.975526	8.464810
8502	1	0.328354	6.444855	6.376821
8503	1	7.331909	-4.746946	-2.994580
8506	1	-3.907817	6.098783	7.516314
8507	1	8.775557	-0.938596	-6.073616
8508	1	-7.889037	7.690673	6.224927
8509	1	9.655435	0.187062	-1.703093
8517	1	1.436298	-2.088957	7.057786
8518	1	-4.126744	8.243726	6.241236
8522	1	-8.402131	6.620454	7.524121
8525	1	-6.431653	6.310825	7.429085
8530	1	8.269710	-6.170819	-3.601941
8543	1	3.980067	-5.569005	-4.982099
8547	1	5.948859	-3.656023	-5.635268
8551	1	-0.629015	7.849393	9.171932
8555	1	7.257272	-7.734536	0.486344
8557	1	-6.318427	8.553602	6.540461
8567	1	8.010839	-4.155956	-6.235732
8569	1	-1.498281	5.830461	6.266143
8571	1	-4.433296	8.322704	8.489445
8577	1	-3.954023	8.634508	6.873438
8578	1	6.159805	-5.687103	-1.089363
8590	1	6.409459	-4.255027	-0.881270
8595	1	-4.242540	8.491150	4.243403
8597	1	-3.206598	6.958410	5.550655
8604	1	-3.329073	7.013004	6.551079
8607	1	8.629898	-3.823076	-6.460499
8608	1	-4.205715	3.757901	6.170921
8618	1	6.757841	-4.596152	-5.475632
8622	1	7.918265	-2.640549	-4.306892
8626	1	8.440592	-6.582090	-6.928590
8628	1	6.697280	-5.465460	-9.790786
8629	1	6.973932	-7.753115	-8.007200
8631	1	-6.490702	6.579494	6.098481
8633	1	7.857713	-4.362278	-6.338750
8637	1	8.210509	-5.383861	-3.525695
8642	1	-5.972308	6.667840	7.215531
8653	1	-10.335348	8.245467	5.348277
8654	1	7.115911	-8.675891	-3.611378
8659	1	6.667816	-7.419294	4.300063
8666	1	8.683115	-4.942439	-1.689214
8669	1	6.918045	-3.743614	-2.934194
8676	1	7.954469	-4.343069	-4.597032
8677	1	6.678008	-3.126041	-3.970397
8678	1	-8.364492	8.572878	6.272515
8691	1	-8.136804	9.433078	6.628331
8698	1	6.794597	-3.319645	-4.286397
8700	1	5.640797	1.563849	-1.617497
8701	1	7.982014	-7.590072	-2.901689
8702	1	7.551485	-3.554866	-5.804208
8703	1	7.382054	-3.151973	-5.012208
8708	1	-6.727404	6.319225	9.127371
8725	1	8.485546	-1.767041	-3.114469
8727	1	-5.845792	7.011511	7.015358
8741	1	6.400246	-7.832704	-3.091643
8751	1	-0.538196	6.619168	9.055017
8752	1	7.043095	-4.757495	-7.398361
8756	1	-2.643959	5.272831	6.534918
8760	1	8.024535	-8.918716	-2.161728
8768	1	-9.445749	7.061603	7.379921
8769	1	6.685757	-8.905140	-5.023186
8770	1	8.822089	-5.948110	-1.052815
8773	1	7.723910	-6.132558	-1.615615
8775	1	5.594009	-5.692247	-8.457673
8800	1	7.306241	-0.859032	-3.001175
8808	1	-3.229656	5.848932	0.218590
8814	1	7.354381	-8.120874	-5.017813
8815	1	-6.721821	7.891692	7.588568
8823	1	-6.759718	5.313609	4.970848
8828	1	-6.084921	4.085624	-2.079334
8837	1	6.996121	-6.874072	-4.819576
8838	1	7.536728	-4.761892	-4.791392
8842	1	8.774459	-5.390414	-2.918430
8851	1	7.257033	-7.891680	-3.477059
8853	1	-5.710491	7.504317	6.543740
8857	1	-8.841644	6.224622	6.022021
8859	1	-1.649698	2.388433	7.415343
8860	1	6.021636	-8.667945	-6.621068
8864	1	-7.452003	5.438182	8.798640
8868	1	-8.849687	5.271497	9.141952
8875	1	-5.666302	7.450333	7.823871
8876	1	-8.604954	8.600307	5.853888
8889	1	6.206440	-7.216341	-4.119015
8891	1	-6.642917	7.129206	4.442307
8905	1	-2.866279	7.334270	9.151387
8906	1	-7.395436	7.323797	8.227640
8910	1	7.357691	-5.846444	-4.194882
8913	1	-2.292898	6.786577	7.866266
8926	1	5.333662	-7.315735	-4.696153
8928	1	7.193250	-3.776274	-4.130057
8929	1	6.650584	-8.109686	-4.860809
8935	1	-7.689826	6.456593	7.213879
8946	1	7.353619	-3.160080	-3.783949
8949	1	-4.476441	7.848751	-1.681478
8954	1	6.199683	-7.651983	-5.065109
8956	1	6.272209	-6.593660	-2.564363
8957	1	8.145808	-7.231093	-3.905681
8958	1	6.915597	-6.393901	-2.842561
8968	1	-9.034235	5.317366	9.527135
8976	1	7.484687	-5.688333	-1.247008
8977	1	-2.665429	8.338913	5.129465
8987	1	6.349768	4.228186	-7.211215
8991	1	-3.569753	8.703727	8.232652
8999	1	-3.821185	7.076698	-4.668406
9002	1	-5.635219	6.786645	6.213144
9004	1	6.789223	-4.115824	-6.092984
9008	1	7.874665	-2.257551	-4.531931
9011	1	-1.520644	-3.434403	6.766981
9016	1	-8.192645	5.014345	7.931551
9022	1	3.549652	4.292495	-2.620480
9024	1	6.557157	-8.596749	-4.651517
9028	1	6.660761	-5.563778	-0.870481
9032	1	-5.629144	8.482013	6.793859
9033	1	-7.287412	8.822515	1.629075
9034	1	6.317954	-7.673522	-7.291225
9036	1	8.918036	-4.846046	-5.943380
9039	1	6.515873	-6.703088	-1.958259
9052	1	7.282239	-8.262060	-3.699938
9053	1	-0.784606	-3.614964	4.726183
9054	1	-1.557857	6.698117	6.904997
9057	1	7.895784	-4.076023	-3.927294
9060	1	6.797680	-5.794060	-3.378740
9062	1	-6.944511	6.018707	8.018687
9063	1	9.669209	-6.290905	-2.192359
9073	1	-7.199570	8.116241	6.374632
9076	1	8.472739	-9.419213	-0.430786
9078	1	-4.677930	7.625408	5.022978
9084	1	-5.674704	7.151194	8.790404
9087	1	-6.588839	9.101787	9.111766
9088	1	6.919447	-4.675271	-5.405108
9090	1	-9.634394	5.551353	6.162876
9094	1	-3.878391	7.787695	4.807562
9095	1	6.864801	-6.853611	-2.786756
9097	1	-6.633094	8.988056	8.098375
9101	1	-8.527467	7.457761	6.546249
9109	1	7.357910	-7.992712	-6.658830
9110	1	5.128581	-4.140405	-2.184878
9117	1	-5.448725	8.437435	2.729928
9119	1	5.605161	-11.629401	-6.107822
9131	1	-7.429933	6.258700	8.464219
9138	1	9.145278	-5.049298	-7.423812
9140	1	7.979270	-4.433671	-2.050643
9144	1	6.542190	-4.687088	-3.257804
9145	1	-0.406563	-2.485313	6.146430
9153	1	0.188877	4.431350	6.756918
9154	1	6.272781	-6.575996	2.410589
9157	1	7.556004	-3.838391	-4.757060
9158	1	6.716727	-3.444856	-6.395743
9162	1	-1.969823	6.655937	4.528135
9164	1	5.924131	-3.204791	-2.313995
9170	1	-8.844099	6.293126	6.761490
9171	1	-4.380276	8.493722	7.685366
9174	1	6.423638	-7.095144	-9.260869
9187	1	6.947779	-7.073290	-4.561059
9188	1	2.870680	7.114257	0.585764
9189	1	8.006687	0.121574	-5.306836
9191	1	-9.135050	7.178520	5.327432
9193	1	6.962423	-5.167248	5.579613
9194	1	8.274567	-3.017968	-6.277656
9202	1	-2.661066	7.001097	-5.327149
9213	1	-0.603806	8.230626	6.978103
9214	1	-3.244957	7.702615	-2.457287
9228	1	-2.837633	6.098623	7.490980
9229	1	-5.565767	7.135602	7.495619
9231	1	-6.996598	6.041331	-4.150294
9234	1	6.206943	-5.134162	-4.440696
9237	1	-7.560365	6.612748	5.763807
9243	1	-6.596974	6.918596	7.250884
9255	1	8.696618	-4.071185	1.862640
9263	1	-2.377045	7.345871	7.056742
9264	1	6.541394	-7.030302	-4.800283
9268	1	9.157737	-4.863431	-3.712733
9272	1	-1.637569	7.513203	5.417698
9279	1	6.845778	-4.084267	-8.249643
9281	1	-6.007154	9.470771	4.867818
9286	1	7.133639	-8.268356	-2.226441
9289	1	7.651287	-5.267252	-0.752918
9291	1	-3.657969	7.503142	7.674853
9292	1	-7.957506	8.357912	7.734749
9293	1	-6.655116	9.132253	6.838508
9295	1	4.700724	-6.179209	-3.878730
9296	1	6.015718	-9.907848	-5.738439
9304	1	7.284793	-5.975266	-2.533108
9309	1	-1.745428	6.944152	6.494598
9317	1	-3.307893	9.053832	5.303720
9319	1	6.137408	-8.773393	-3.263535
9322	1	-3.240856	-1.570145	8.891169
9332	1	7.849728	-0.805273	-3.993767
9333	1	6.152769	-6.330708	-2.257563
9335	1	-7.227047	8.569741	6.759859
9344	1	-2.188572	6.727417	7.625528
9348	1	6.511899	-2.250541	-2.576537
9349	1	7.402452	-9.076540	-5.586351
9351	1	-9.629381	6.843452	-1.724124
9370	1	7.475837	-8.198789	-8.392953
9379	1	7.155222	-9.368312	-6.256848
9383	1	6.890279	0.305919	-3.085949
9386	1	9.420272	-7.493049	-5.003698
9393	1	5.384604	-8.872689	1.446641
9394	1	6.535414	-5.867407	-6.318392
9395	1	7.202876	-5.366319	-3.284198
9398	1	7.445708	-4.871779	-5.908482
9401	1	-9.148782	5.439093	8.714809
9403	1	-7.390243	7.148194	5.547575
9405	1	-4.366757	6.522017	4.806834
9412	1	7.752077	-1.585787	-1.019574
9413	1	-7.045701	6.435895	5.684799
9414	1	6.265507	-6.143674	-4.637857
9424	1	-4.842430	4.304633	7.450410
9427	1	-7.174129	6.549221	8.518741
9429	1	5.955423	-8.030492	1.696505
9437	1	6.680978	-4.644696	3.255021
9439	1	8.958459	-4.092972	-7.082038
9441	1	-3.504082	8.132388	6.373414
9442	1	8.757896	-6.552251	-5.822059
9446	1	-6.453935	5.235388	5.247147
9452	1	6.236666	-9.107425	-11.338888
9463	1	6.550435	-2.978949	-3.838555
9470	1	-2.653375	5.390476	5.648630
9473	1	5.857295	-5.486668	-5.235912
9475	1	6.643865	-2.522818	-2.502178
9476	1	-10.645607	7.824843	5.125117
9484	1	7.721156	-8.775507	-9.540922
9485	1	6.199687	-4.309404	-3.720306
9491	1	-3.615152	6.501477	6.893681
9493	1	-0.335851	6.705855	4.110545
9494	1	-4.057575	5.954077	4.935071
9496	1	-9.390277	7.020084	7.980686
9498	1	-9.471370	9.106501	7.655987
9502	1	-10.123565	6.553295	9.828842
9505	1	8.224634	-9.939573	-3.376846
9510	1	5.886658	-1.327416	-4.237954
9513	1	-5.777519	8.594953	8.215597
9517	1	8.673206	-10.277680	-5.272827
9519	1	-2.291404	6.409142	6.041119
9525	1	7.999327	-9.265471	5.341543
9527	1	7.547958	-9.111458	-4.026012
9528	1	-5.120985	8.692992	-1.467185
9530	1	-1.427513	7.292549	7.302555
9538	1	-6.457786	6.060260	7.459939
9547	1	7.116983	0.206052	-5.788946
9557	1	-7.365451	9.566992	7.327199
9561	1	-4.735200	9.213090	6.707243
9562	1	9.410264	-4.180860	-1.559434
9581	1	-5.125683	7.291850	7.595904
9582	1	4.919411	-5.168106	3.094625
9588	1	8.576710	-4.347267	2.129253
9593	1	6.816341	-4.858519	-4.505870
9594	1	-5.075299	8.028137	6.543116
9599	1	8.082758	-5.350497	-1.716650
9609	1	6.437007	-5.401581	-2.483946
9612	1	2.465645	3.128163	7.435679
9619	1	7.121637	-8.086458	-4.662994
9620	1	-3.702519	8.769235	6.886389
9622	1	6.589019	-2.846712	-7.378438
9625	1	9.683237	-6.860309	-2.812802
9628	1	-3.612450	8.275082	-0.964043
9638	1	6.822398	-6.362175	-2.815545
9640	1	-2.424350	9.144106	7.450580
9645	1	9.818412	-4.175316	-6.767156
9655	1	-4.360569	8.073517	8.287968
9673	1	5.661612	-5.520237	-2.157051
9680	1	-8.447551	2.698562	5.802650
9685	1	9.093349	-8.856584	-0.991632
9686	1	7.236394	-3.858639	-8.142456
9688	1	7.081924	-5.458722	0.782973
9690	1	-7.656166	8.782088	7.430786
9692	1	7.386198	-6.164567	-4.421056
9705	1	-1.416872	6.538910	6.600960
9709	1	8.211260	-6.058005	4.230271
9710	1	-7.591561	6.244046	6.423317
9719	1	6.546322	-3.749322	1.289894
9721	1	8.189715	-2.640558	-2.808639
9722	1	8.605607	-7.561029	-5.507526
9723	1	-2.283279	7.030008	8.134448
9734	1	9.170107	-7.010883	-3.728687
9736	1	7.551320	-4.373995	-6.177139
9741	1	-8.473117	6.863009	5.995632
9742	1	6.524303	-4.336364	-2.671869
9745	1	-1.947215	7.678677	6.261976
9746	1	-9.351581	7.783207	5.879728
9747	1	-7.520640	8.242746	6.004679
9751	1	5.993497	-10.828074	-2.048184
9753	1	8.546112	-3.094490	-3.562442
9754	1	-2.600369	8.758459	8.629171
9765	1	-3.100649	7.761463	0.595600
9769	1	8.916496	-9.172488	-4.159059
9782	1	-8.093805	7.297095	6.521848
9787	1	6.746493	-3.835001	-5.768334
9788	1	-6.518334	8.424538	5.326267
9789	1	-5.269312	8.480676	-1.990561
9798	1	-9.458199	7.462029	6.641654
9802	1	8.910456	-1.433430	-8.962119
9806	1	-2.826262	3.325986	7.069670
9814	1	6.414060	-5.111971	-3.064292
9816	1	-5.180792	7.799440	5.344769
9819	1	-1.203443	-0.915067	6.399165
9826	1	9.372194	-5.173971	4.789272
9836	1	-3.874830	8.018095	7.714472
9838	1	7.349661	-5.675402	-4.250576
9842	1	-7.885481	5.258779	7.092557
9849	1	8.859040	-6.902191	2.784684
9853	1	9.226046	-7.316235	-5.419916
9854	1	-4.742069	6.277373	7.114453
9858	1	-7.171647	6.063166	2.971116
9861	1	1.859439	7.061552	6.642890
9862	1	6.928383	-8.579857	-4.367959
9867	1	-5.836001	7.162689	7.944562
9880	1	7.811503	-7.359122	-6.520377
9881	1	5.672104	-8.979819	-5.835014
9885	1	-5.364802	6.410633	6.746307
9893	1	8.137933	-3.260265	-6.716443
9901	1	8.048848	-6.514363	-4.441342
9904	1	-4.904169	7.193861	8.621142
9911	1	0.082620	6.921869	4.279489
9916	1	-1.634152	8.387442	8.311036
9918	1	4.964146	-8.502027	-6.277071
9920	1	6.078660	-7.757948	-4.292756
9933	1	7.101022	-6.013178	-11.612230
9942	1	-5.027764	8.754295	5.636954
9944	1	8.674610	-1.143277	-4.458347
9957	1	6.213031	-4.750750	1.177040
9964	1	7.489687	-9.202326	-3.148754
9965	1	0.667934	5.888958	5.637877
9969	1	7.819530	-5.078348	-6.500973
9973	1	7.242787	-4.641154	3.996575
9981	1	-6.083260	5.647207	7.659266
9996	1	-5.212445	8.340328	6.957626
9999	1	-3.071776	7.825415	4.859772
