110	5	-6.205552	0.869290	-0.027733	-6.213119	6.553638	-0.027715	-6.205552	0.869290	6.399720	6.674957	-4.890513	-3.144147	-6.213119	6.553638	6.399728
139	5	-1.050907	1.190543	0.384774	-1.050894	1.190543	6.529260	-5.618042	6.201788	6.535211	-5.618040	6.201788	0.391367	4.988548	-4.166791	-3.178843
155	5	0.700122	0.097867	-0.193806	-3.075302	5.072910	-0.054156	6.670202	-4.579767	-2.826096	0.700123	0.097857	5.613327	-3.075302	5.072910	5.753315
175	5	-4.312879	3.325008	-0.334872	0.704131	0.999293	-0.367084	5.115738	-1.738441	-3.681560	0.704130	0.999301	5.142315	-4.312879	3.325008	5.175462
257	5	-5.113531	5.951707	9.716205	7.144375	-4.522964	4.638343	0.664205	0.271194	-0.890908	0.664205	0.271194	4.681264	7.144375	-4.522964	-0.917823
277	5	-6.937222	5.334720	-0.464725	5.329193	-4.298293	-6.449322	-6.937222	5.334720	5.420986	-1.191488	-1.051153	-0.464725	-1.191488	-1.051153	5.420986
289	5	1.804188	-0.484907	2.611875	-4.581013	5.324143	2.970653	6.162345	-5.837622	0.437223	-4.581013	5.324143	5.375027	1.804189	-0.484909	5.046717
310	5	8.229091	-1.247568	3.535877	-2.307645	8.502819	0.029075	-2.307645	8.502819	6.601762	8.229091	-1.247568	-2.908627	5.273410	5.124523	3.709268
369	5	5.803494	-5.070378	-4.852227	-4.486010	6.191243	0.443388	-0.095616	-0.809619	0.443387	-4.486010	6.191243	7.029754	-0.095616	-0.809619	7.029748
409	5	0.080189	-1.053667	0.030612	-4.431360	4.993131	5.909988	6.595909	-7.014659	-5.440300	-4.431386	4.993130	0.030697	0.080190	-1.053667	5.909904
434	5	4.897866	-2.180535	-5.614549	-4.549242	5.844868	-0.242844	-4.549250	5.844868	5.251020	-1.050605	0.410297	5.248398	-1.050595	0.410297	-0.245441
442	5	-3.769418	5.605083	1.335948	-0.171729	-0.234455	1.044361	-0.171729	-0.234456	6.892098	-3.769418	5.605083	7.041786	5.777309	-3.331664	-1.812606
478	5	-2.347652	0.837961	0.074224	-8.940219	7.041178	0.074226	-8.940219	7.041179	6.188138	-2.347652	0.837961	6.188138	3.737825	-2.885674	-5.426939
521	5	6.675853	-4.856019	-4.210227	0.002989	-0.945340	7.445361	0.002989	-0.945340	2.188538	-2.126653	4.650265	2.188563	-2.126653	4.650265	7.445383
526	5	-1.242515	1.464019	-0.788800	-5.508322	7.046363	-0.788800	-1.242515	1.464019	4.891678	2.573507	-2.147972	-0.796840	-5.508322	7.046363	4.891678
558	5	6.119610	-7.831816	-4.612264	-3.275754	4.495476	0.317111	1.550272	4.495248	5.916384	-3.275772	4.495476	6.156250	1.550273	4.495248	0.076136
630	5	-5.323295	4.844571	-0.016047	-5.323295	4.844571	5.954154	3.271809	-2.465058	-1.075469	-3.189345	-1.596722	-0.029932	-3.189345	-1.596707	5.940263
651	5	-5.864106	6.889849	6.274602	-5.864106	6.889849	-0.213628	-0.846304	0.895935	-0.213858	5.666484	-1.540064	-5.943144	-0.846304	0.895933	6.274373
665	5	6.082283	-6.182810	-5.203587	-0.296391	0.041470	0.370202	-5.833425	5.237242	6.343900	-0.296391	0.041470	6.343832	-5.833421	5.237242	0.370270
674	5	2.153962	-3.609727	-1.808756	5.338719	-8.561283	2.918105	2.153962	-3.609737	4.444395	0.263616	3.606393	-0.453304	0.263615	3.606393	5.783088
694	5	1.249412	0.456820	6.569796	-3.791393	5.641838	0.413921	1.249412	0.456820	0.413823	7.144533	-2.537671	-5.252712	-3.791393	5.641838	6.569888
713	5	3.706285	-3.264255	-2.542879	-8.361372	5.389683	4.550292	-8.361280	5.389683	-0.711838	-2.144780	0.239566	-0.784103	-2.144781	0.239568	4.454905
723	5	7.271499	-3.335447	-4.467354	2.371734	8.136859	1.252278	-4.022507	8.140193	7.074980	-4.022507	8.140193	1.816866	2.371734	8.136859	6.533888
729	5	1.027057	0.486943	-0.745498	-5.050223	8.948405	-0.742212	-5.050223	8.948405	5.816677	1.027057	0.486943	5.813261	6.641839	-3.063306	-6.364480
738	5	0.130569	-2.992978	-0.482763	-2.288213	5.890926	-0.478053	0.130569	-2.992978	5.755080	6.766540	-5.953839	-4.618720	-2.288213	5.890926	5.759873
756	5	1.290628	0.222031	7.541495	-4.885662	7.214297	1.810813	1.290628	0.222031	1.810086	5.939928	-1.957026	-2.796071	-4.885662	7.214297	7.542211
781	5	6.887480	-4.781966	-1.100360	6.887480	-4.781966	5.513205	-6.129759	7.104519	8.596696	-1.374799	1.810851	1.979541	-1.374799	1.810851	8.558211
807	5	-3.381955	5.127117	6.067998	6.558072	-5.273792	5.815164	6.462306	1.031803	5.815208	-3.381955	5.127117	0.029166	6.462306	1.031803	-0.221785
851	5	6.875772	0.523393	2.751085	-3.642709	6.584129	8.168390	6.892141	-4.519433	2.749031	6.875772	0.523393	-2.241501	6.892141	-4.519433	-2.242220
883	5	7.171464	-4.913883	-6.641215	0.708115	0.977729	-1.011167	0.708116	0.977728	5.168205	-4.896965	7.186235	-0.705071	-4.896965	7.186235	5.473877
900	5	5.289283	-4.377464	-4.986846	0.775273	-1.671475	-0.194852	-4.525343	5.099446	-0.194565	0.775269	-1.671473	5.225091	-4.525343	5.099446	5.225367
914	5	-0.736636	1.164571	1.578998	-5.095766	6.241664	1.578997	-0.736636	1.164573	7.115259	4.110205	-3.256502	-1.908728	-5.095766	6.241664	7.115259
929	5	-0.514066	0.798019	-1.810802	-5.103328	6.547841	-1.635637	-0.514068	0.798019	4.725358	4.769911	-2.897473	-4.174937	-5.103334	6.547841	4.923975
1019	5	1.176596	-1.206695	5.468073	-1.152999	4.478401	5.468352	1.176596	-1.206696	0.215523	7.341288	-2.659639	-3.129206	-1.152999	4.478401	0.215912
1091	5	0.975066	-2.581226	6.750013	5.718212	-7.827628	-3.657901	-1.970769	4.179695	0.245952	0.975064	-2.581215	0.242355	-1.970768	4.179695	6.753257
1149	5	5.493153	2.324914	-1.522984	-7.115352	6.389007	0.793047	-7.115352	6.389007	6.825658	5.505349	-3.712958	4.606207	5.505349	-3.712956	-1.532148
1158	5	-0.906821	-0.090558	5.656478	-5.192958	6.359548	-0.137521	-5.192958	6.359548	5.656500	-0.906821	-0.090558	-0.137555	5.729913	-3.657940	-4.203261
1267	5	-0.181443	0.758440	-0.420324	6.058468	-4.338477	-4.942973	-0.181442	0.758440	5.116640	-2.493411	6.382619	-0.419897	-2.493411	6.382619	5.117084
1324	5	-0.798133	-2.389782	-2.205502	5.372202	-5.309918	-5.684193	-6.583910	4.023103	-2.205501	-0.798133	-2.389782	4.138573	-6.583905	4.023103	4.138573
1338	5	0.467092	-1.105748	6.254748	-3.628038	8.104402	1.120844	0.467091	-1.105736	1.047954	6.737844	-1.927737	-1.690406	-3.628038	8.104402	6.326788
1376	5	-3.254403	6.540917	1.696406	7.312924	-2.566861	-3.311918	2.346894	6.311227	7.808897	2.346894	6.311227	1.604207	-3.254404	6.540917	7.897196
1449	5	-4.146781	4.944164	1.639753	-1.226634	-0.696426	1.597995	-4.146780	4.944164	6.848735	-1.226645	-0.696424	6.811695	5.320569	-2.061995	-3.688238
1458	5	4.941522	-2.532231	-3.562060	-1.136764	0.649221	0.221787	-3.882564	5.821123	5.647449	-1.136767	0.649220	5.647380	-3.882564	5.821123	0.221869
1486	5	-8.441697	5.278727	0.576719	4.614107	-2.632421	-2.744091	-1.834357	-0.234253	6.313396	-8.441697	5.278727	6.313396	-1.834357	-0.234261	0.576719
1517	5	-0.962055	-0.838775	0.422971	-0.962055	-0.838776	6.592096	5.245985	-6.589276	-1.175009	5.245985	-6.589371	4.988408	-5.149580	4.118640	6.630793
1524	5	1.124444	7.106987	5.192942	7.435968	-2.795535	-6.401959	1.124444	7.106987	-1.204464	7.429208	0.880817	-6.401955	-3.003041	7.107697	5.202369
1533	5	-1.177933	-0.386184	-1.564850	-5.269248	5.367164	-1.563968	5.067648	-6.489170	-3.643729	-5.269248	5.367164	4.231296	-1.177933	-0.386180	4.227972
1584	5	3.374107	8.142043	5.108692	7.306662	2.042902	-3.955856	3.374107	8.142043	-1.312570	7.306662	2.042902	2.378505	-1.566067	8.218202	6.077456
1611	5	2.175572	1.062172	6.469325	-3.742225	6.030992	0.059800	2.175571	1.062172	0.029892	-3.742226	6.030992	6.489275	6.134119	-4.146972	-6.564606
1615	5	0.755572	0.529650	5.831232	5.344484	-6.045439	-2.573724	-4.167724	7.094407	-0.365279	0.755572	0.529650	-0.573541	-4.167724	7.094407	6.041395
1633	5	0.023057	-1.168957	5.344600	0.023057	-1.168957	0.071442	5.858290	-5.753159	-4.810745	-4.365559	6.535208	0.119100	-4.365559	6.535208	5.362626
1762	5	-5.018181	6.670500	1.584459	-2.443992	0.074262	6.360653	-2.443945	0.074261	1.584459	3.227211	-0.771620	5.701053	-5.018181	6.670500	6.360653
1801	5	-1.863189	8.237890	8.776761	6.204511	3.661696	-1.793028	6.921411	-2.621947	-1.792990	6.921411	-2.621947	4.794985	6.204511	3.661696	4.794984
1808	5	7.321246	-4.382425	-6.840126	-5.146341	5.599796	-0.938789	-5.119580	1.788717	-0.938789	-5.119580	1.788717	4.985818	-5.146341	5.599796	4.985818
1837	5	-1.242661	0.584755	0.109995	-1.242661	0.584754	6.328655	-7.083067	5.964433	0.123056	4.991874	-2.759619	-6.080816	-7.083067	5.964433	6.341405
1874	5	6.773339	-5.061569	-6.479128	-2.167248	4.778404	-1.942962	0.431537	0.035810	-1.944259	0.431537	0.035810	3.629001	-2.167248	4.778404	3.630176
1891	5	6.936932	-5.334893	-3.063327	4.325383	2.918962	-2.244975	0.420573	6.009068	0.263052	0.420573	6.009068	6.012421	4.325383	2.918962	3.777699
1943	5	6.656325	1.129739	-3.355566	6.656637	-4.744962	-3.355564	2.121620	6.952992	3.555607	-3.967167	7.039999	5.872628	2.121620	6.952992	0.674425
1977	5	3.106820	4.188158	6.514010	4.798744	-4.679046	4.953564	-3.394205	4.301810	2.161858	4.798744	-4.679045	0.269127	3.106819	4.188158	1.792928
1984	5	6.324583	-4.476863	3.977660	-6.370619	6.150662	6.764991	6.324583	-4.476863	-1.707362	6.324409	1.862474	-1.707223	6.324409	1.862474	3.977800
2027	5	7.507397	-4.562451	-5.823194	-1.635774	6.662107	0.224110	0.953341	0.931798	0.223971	-1.635774	6.662107	6.232060	0.953341	0.931798	6.231921
2131	5	-7.216937	5.697024	6.415953	-1.135400	-0.299784	1.711042	-7.216937	5.697024	1.711759	-1.135400	-0.299784	6.415241	5.582308	-2.371619	-3.866553
2133	5	4.999740	-2.298546	-4.249316	-0.937383	-0.304369	1.388684	-0.937353	-0.304371	6.435992	-3.257036	6.220853	1.388684	-3.257036	6.220853	6.435992
2286	5	0.584455	-0.344062	-1.020168	7.871408	-4.233439	-5.350905	-4.310788	6.204747	-1.016457	-4.310788	6.204747	4.745268	0.584462	-0.344064	4.740472
2340	5	0.082801	-1.576098	-0.086129	4.842288	-5.414030	-3.518833	-1.945627	4.565786	-0.086093	0.082802	-1.576099	4.746580	-1.945630	4.565786	4.746616
2344	5	0.285279	1.493254	5.883060	0.285279	1.493254	0.415630	6.513482	-3.954648	-6.312684	-4.003794	5.263962	0.416286	-4.003794	5.263962	5.883254
2350	5	6.749231	-3.185358	-4.578560	0.464193	0.870284	0.216371	-5.122800	6.394310	0.222342	-5.122800	6.394310	6.661694	0.464193	0.870285	6.655740
2353	5	7.571573	-3.564140	-5.484642	-3.248004	7.578632	0.041598	2.945890	7.410389	4.625563	2.945890	7.410389	0.027674	-3.248004	7.578632	4.645632
2407	5	6.059368	-4.980073	-5.367741	-1.548178	6.445415	1.293197	-1.339158	1.382365	1.292131	-1.548178	6.445415	5.723251	-1.339158	1.382365	5.722310
2429	5	6.225296	3.801149	0.820050	2.402852	8.723067	4.389293	8.495340	-1.700677	0.796420	6.225296	3.801149	-5.074913	8.495340	-1.700676	-5.094889
2446	5	-0.890056	-0.344529	-0.760290	5.586759	-3.177114	-5.893907	-5.994504	5.556905	-0.760290	-0.890056	-0.344529	5.090949	-5.994504	5.556905	5.090949
2467	5	7.285178	-4.126042	3.616142	7.285178	-4.126042	-2.521331	-1.574019	1.885791	6.544649	-1.574012	1.885791	0.435450	-1.848832	5.982854	6.549230
2487	5	-0.936510	-1.901231	7.331175	5.529141	-4.574176	2.911036	-4.593247	4.532635	7.331241	5.528452	1.536850	2.912313	5.529141	-4.574176	-3.463083
2529	5	-0.620168	-0.172958	4.285717	-6.628389	6.477179	-1.683347	5.061063	-1.688575	-4.562773	-0.620165	-0.172959	-1.683420	-6.628398	6.477179	4.285790
2540	5	-3.189693	5.968667	6.772617	-0.343799	1.714949	6.771036	6.767230	-4.578438	-2.339416	-0.343799	1.714949	1.247891	-3.189693	5.968667	1.249573
2569	5	-5.109181	0.743729	6.390923	-5.109110	0.743729	-0.076913	0.631911	-3.830281	-0.732094	6.310431	-3.934223	-4.583728	-5.888659	6.619048	-0.070215
2621	5	-4.935150	6.011121	7.703409	7.360915	-3.015003	4.475132	0.867260	-1.684246	7.544336	7.360915	-3.015003	-0.445527	6.695205	2.417144	4.954557
2657	5	-9.445944	6.315708	-0.458501	2.805992	0.327196	-1.601692	-3.059886	1.770583	-0.488221	-3.059886	1.770582	6.030778	-9.445930	6.315708	6.060626
2676	5	0.614439	0.840130	5.867664	0.614440	0.840128	-0.327642	-5.496709	6.804902	6.109740	6.487131	-3.512666	-3.387307	-5.496709	6.804902	0.049060
2695	5	6.846538	-2.575040	-5.304430	3.788223	7.185545	-0.069657	3.788223	7.185545	6.161948	-1.502781	8.663451	6.472643	-1.502781	8.663451	0.243455
2730	5	6.056021	-4.290826	-4.767899	-5.683601	6.556583	-0.018092	-5.068867	2.130595	-0.018092	-5.068867	2.130595	6.376275	-5.683601	6.556583	6.376275
2743	5	6.800402	-4.470899	-2.568185	0.408950	6.807672	2.589588	-2.948812	6.842612	2.592551	0.408950	6.807672	6.633868	-2.948812	6.842612	6.636410
2831	5	-0.147393	-0.609372	1.202706	6.326446	-6.723936	-3.398726	-3.203295	5.145276	6.360087	-0.147394	-0.609370	6.348055	-3.203295	5.145276	1.214895
2838	5	-6.411235	6.128668	-0.244931	-1.449629	0.391247	-0.244937	-6.411235	6.128668	5.897300	4.122984	-1.469437	-6.657304	-1.449629	0.391247	5.897294
2938	5	-3.825628	4.696857	-0.282731	-1.386683	-1.752268	-0.282798	5.001194	-6.005090	-4.498630	-1.386685	-1.752265	3.906281	-3.825629	4.696857	3.906387
3002	5	6.969613	-4.041689	-5.370829	-4.578075	1.881116	5.986306	-4.578065	1.881110	-0.011493	-5.029475	6.561556	-0.011489	-5.029475	6.561556	5.986310
3057	5	-10.658974	4.398008	3.584450	0.669720	-1.110529	3.582352	-5.412925	-0.931629	3.584450	0.669720	-1.110529	-2.525459	-10.658974	4.398008	-2.522817
3102	5	-1.008429	-0.014394	-3.030213	-7.468312	5.534383	-3.027459	4.108629	-0.992256	-4.665655	-7.468310	5.534383	3.217898	-1.008430	-0.014394	3.214560
3147	5	3.117203	7.420550	6.111707	3.117203	7.420550	-0.195893	8.505632	-1.324171	-3.218497	-2.790054	7.943547	0.538808	-2.790053	7.943547	6.831132
3149	5	0.082290	-0.561579	0.556772	0.064946	5.510525	0.556890	0.064942	5.510525	6.259094	0.082286	-0.561579	6.258988	6.362448	-5.208271	-2.841370
3159	5	6.462558	-1.029226	-4.126926	-3.738367	7.265692	-1.107338	2.751846	6.914035	-1.239269	-3.738367	7.265692	4.964304	2.751846	6.914035	4.781829
3202	5	-4.209227	6.150406	7.250641	5.547968	-4.423602	3.475315	5.425930	2.137177	3.500301	5.547968	-4.423602	0.212987	5.425930	2.137177	0.235984
3243	5	-3.376174	7.077926	6.727518	8.414888	0.478878	3.178231	8.442925	-4.644368	3.165909	8.442925	-4.644368	-2.768151	8.414888	0.478878	-2.752864
3262	5	6.042452	-5.897896	-6.382314	-4.749571	5.422308	-1.016774	0.450909	0.704590	5.532616	0.450909	0.704590	-1.068715	-4.749571	5.422308	5.584901
3294	5	5.653579	-3.209803	-3.368358	-3.910173	4.722381	-1.766303	-0.932060	-1.460310	-1.766507	-0.932060	-1.460310	4.852378	-3.910175	4.722381	4.852588
3299	5	6.450396	-4.559229	4.505335	6.450396	-4.559230	-0.768894	1.600432	6.802911	1.281403	-3.040969	6.839039	6.734699	1.600432	6.802911	6.533578
3348	5	3.019758	7.107402	4.925642	6.746040	-1.112839	-4.318052	3.019758	7.107402	-1.197199	-3.606444	7.787957	7.147370	-3.606444	7.787957	1.006701
3383	5	8.485631	-4.555178	-6.286691	-2.502062	5.373577	-0.371992	2.754745	5.161652	-1.707931	2.754745	5.161652	3.803972	-2.502069	5.373577	5.320340
3484	5	-0.784970	-0.952753	7.236334	-0.784970	-0.952753	0.703799	5.755680	-6.447307	-3.232179	-6.515820	4.828849	7.236336	-6.515820	4.828849	0.703801
3488	5	-1.410947	5.986951	6.082575	0.524627	-0.020860	5.965578	0.524627	-0.020860	1.091063	4.356868	-1.406529	-0.497677	4.356868	-1.406529	4.637910
3490	5	-3.206545	6.705842	1.959836	5.535343	-5.042793	-3.722977	-3.206545	6.705842	8.527559	2.328000	6.696299	1.735505	2.327998	6.696299	8.328852
3499	5	-3.391445	5.923892	7.055274	6.709992	-4.830378	3.978614	6.709992	-4.830356	-0.574566	2.990795	5.684827	3.982963	2.990795	5.684827	-0.571834
3562	5	-0.848419	0.505749	5.854284	4.538406	-0.631157	4.747967	-5.131601	4.969114	0.283804	-0.848408	0.505749	0.227944	4.538406	-0.631157	-0.937217
3567	5	1.920962	-1.712467	1.661539	1.920962	-1.712467	7.698982	4.935223	-6.948609	-1.272468	-3.611415	4.127827	1.681375	-3.611415	4.127827	7.718620
3629	5	-5.713268	5.947081	1.426874	0.630232	5.944414	7.602731	0.630232	5.944414	1.426792	5.681693	-4.123090	-4.138410	-5.713268	5.947081	7.602802
3647	5	-5.040926	6.843035	0.105291	-0.270725	2.071283	-0.085797	5.226676	-4.472716	-2.710692	-0.270725	2.071283	5.176542	-5.040926	6.843035	5.367708
3665	5	-0.353620	2.812789	5.687316	-0.353620	2.812789	-0.328083	6.495406	-3.552957	-2.429286	-4.598876	6.857160	5.687324	-4.598876	6.857160	-0.328074
3711	5	5.183201	-5.616372	5.244392	-2.021196	6.168189	0.694713	5.183201	-5.616372	-1.237954	0.552111	6.168188	7.003995	0.552111	6.168188	0.515317
3713	5	-0.651910	0.751050	-0.403421	-3.395520	6.735983	-0.403421	5.949573	-2.982560	-5.422110	-3.395525	6.735983	4.845376	-0.651916	0.751050	4.845375
3794	5	2.322820	0.002072	6.307917	5.782072	-4.101131	-3.846983	-1.028060	5.820377	6.580469	-1.028060	5.820377	0.454799	2.322820	0.002072	0.111336
3841	5	-0.018003	0.768585	6.712083	5.728684	-3.186014	-5.116932	-0.018003	0.768585	0.147678	-4.908507	6.464594	6.712686	-4.908507	6.464594	0.148366
3852	5	5.539450	-4.429452	-7.154236	-0.006407	0.217235	-1.160235	-2.773082	6.694376	-1.160182	-0.006407	0.217235	4.970511	-2.773082	6.694376	4.970559
3855	5	-3.467534	5.762785	0.361621	6.322388	-2.079797	-4.132122	1.047970	0.662179	-0.478352	-3.467541	5.762785	6.238047	1.047967	0.662179	5.325335
3856	5	5.214776	-3.469825	-4.808508	0.929838	0.774268	-0.552088	0.929838	0.774268	5.720435	-4.047203	7.331882	5.938822	-4.047203	7.331882	-0.334259
3871	5	-4.344617	6.437564	2.630007	5.538833	-4.305129	-0.208339	-0.594470	1.427079	2.627454	-0.594470	1.427079	7.565960	-4.344617	6.437564	7.567780
3881	5	4.276014	-4.889011	-2.429043	-1.225231	-1.390631	-1.014385	-1.225233	-1.390631	5.270383	-4.891371	4.664540	-1.014356	-4.891372	4.664540	5.270411
3901	5	-0.251452	0.168092	6.591294	-5.361285	6.769727	0.694803	5.391966	-5.976413	-5.571025	-0.251451	0.168082	0.694802	-5.361285	6.769727	6.591295
3960	5	-2.250907	-1.926908	5.044393	-2.250907	-1.926900	-1.497753	-3.944330	4.076598	-1.497706	-3.944329	4.076598	5.044440	3.413943	-3.722956	-3.854831
3971	5	0.094938	-0.156525	7.899351	0.094938	-0.156525	1.290505	-6.465090	6.200647	7.900032	6.587195	-3.517348	-4.926041	-6.465090	6.200647	1.291195
3980	5	-5.767936	7.071150	1.813367	0.337228	0.690441	6.149247	0.337233	0.690441	1.812027	6.128381	-5.388969	-3.430889	-5.767907	7.071150	6.149826
3987	5	-2.209091	0.088294	1.931158	2.435318	0.059621	6.561743	-2.209091	0.088294	7.218405	-6.856312	4.707981	1.977321	-6.856312	4.707981	7.252424
4067	5	6.500452	-3.333227	-5.947225	-3.845769	7.303381	-0.345974	2.753486	7.218365	5.993291	2.753486	7.218365	-0.417341	-3.845769	7.303381	6.066939
4131	5	6.917464	-5.200175	-3.903598	2.316366	-1.909198	1.736899	-2.094398	6.306737	1.835155	2.316367	-1.909199	5.590606	-2.094398	6.306737	5.684686
4142	5	0.220009	0.802276	5.535934	0.220009	0.802276	0.537189	-5.617436	6.332780	1.828917	6.486597	-4.494322	-4.593619	-5.617436	6.332780	6.711470
4174	5	7.803652	-3.195381	-8.104690	-1.842667	7.286488	-1.612947	-1.842654	2.139397	-1.612947	-1.842655	2.139397	4.648778	-1.842667	7.286488	4.648778
4184	5	-5.208406	5.533598	0.892299	6.171187	-6.330501	-4.927337	0.168574	-0.862065	0.892240	0.168574	-0.862065	7.318765	-5.208406	5.533598	7.318798
4188	5	6.673994	-4.714687	-4.981403	0.132233	-0.730670	-0.192948	0.132232	-0.730671	4.708828	-3.077066	5.790808	-0.186390	-3.077066	5.790808	4.715132
4199	5	-4.487720	6.925594	4.510826	-4.487720	6.925594	-1.947309	-0.388741	1.586361	-1.947404	5.110434	0.448150	-2.883478	-0.388741	1.586361	4.510730
4210	5	6.972084	-3.691429	-1.972354	-2.136622	6.259854	0.781489	-2.136622	6.259854	7.196249	6.784200	0.772953	4.372416	6.784200	0.772953	-1.845361
4250	5	-6.845904	6.763911	0.604042	-6.845963	6.763911	6.842173	4.896723	-4.226200	4.357337	4.895089	1.561843	4.357368	4.896723	-4.226200	-1.851595
4281	5	2.112393	5.833849	8.034598	5.160204	-2.020653	0.153448	-2.815415	6.293525	8.862836	5.160204	-2.020653	6.747923	2.112393	5.833849	1.498998
4331	5	7.232676	-2.906860	-4.493525	1.425582	1.398467	6.600711	-4.801433	6.428818	6.943675	1.425583	1.398465	0.445971	-4.801433	6.428818	0.891481
4400	5	-0.739787	1.751688	0.115309	-4.766087	7.139460	0.131220	5.475591	-4.549383	-6.341135	-4.766097	7.139460	4.516218	-0.739789	1.751687	4.502144
4434	5	-0.543174	-0.348913	0.168369	-4.535893	5.132540	6.072012	5.199294	-3.702995	-4.358163	-0.543174	-0.348913	6.072008	-4.535893	5.132540	0.168401
4455	5	-7.677222	8.105154	0.419653	-5.607255	2.000541	6.834445	-5.607255	2.000541	0.419653	-7.677222	8.105154	6.834445	4.801929	0.090467	-5.693110
4484	5	-0.082858	-1.276477	-0.509444	-0.082858	-1.276477	6.046636	5.863321	-3.240485	-5.472712	-6.277189	4.837931	-0.488720	-6.277189	4.837931	6.067242
4498	5	-0.828809	1.166385	5.917482	-0.828809	1.166385	-0.478030	-5.461767	6.972475	-0.476517	-5.461767	6.972475	5.918837	5.088902	-1.076354	-5.600379
4502	5	-1.509121	6.976145	5.958784	0.200504	0.831069	0.964291	5.982709	-4.833499	-3.379535	0.200504	0.831071	5.927797	-1.509121	6.976144	0.997272
4507	5	8.338976	3.306802	-3.902302	-3.736942	9.400620	6.848415	8.338976	3.306802	2.577750	8.980017	-2.503055	-4.299273	8.980017	-2.503099	2.136119
4524	5	5.167900	5.777743	5.617156	5.167900	5.777743	-0.817732	-0.889458	9.101283	7.120597	6.840038	-1.245600	4.333865	6.840038	-1.245600	-2.055930
4533	5	-4.290865	6.769985	-2.519389	1.538011	6.711626	-2.780505	4.945195	-0.657306	-4.115150	-2.967748	1.474273	-2.527203	1.538011	6.711626	1.643016
4568	5	-5.222943	4.909832	-0.823490	6.430021	1.907805	-2.095379	-5.222943	4.909832	5.537530	6.430021	1.907805	4.252025	6.520427	-1.156951	4.252022
4651	5	4.917301	-4.328288	-2.669447	-6.515732	6.084359	-1.018077	-0.335256	-0.029874	-1.026220	-6.515732	6.084359	4.201394	-0.335256	-0.029874	4.193247
4696	5	6.228640	-5.280176	-3.146294	-2.154788	6.318139	0.503201	-0.719151	1.275490	0.503201	-0.719151	1.275490	4.812337	-2.154788	6.318139	4.812337
4744	5	0.129550	6.927759	-1.916218	0.130663	0.606264	-1.916302	6.479707	-4.497138	-4.589966	0.129548	6.927759	4.458897	0.130661	0.606264	4.458812
4779	5	-3.730771	0.427045	4.135682	2.380010	0.407952	2.819862	-3.768352	6.330053	4.136484	2.339061	6.314324	2.845158	6.521179	-4.297214	-6.263879
4785	5	5.686183	-3.384404	-2.579302	-0.448662	8.661705	2.037966	-0.448662	8.661705	6.052160	-6.732668	8.692354	2.049554	-6.732668	8.692354	6.063662
4828	5	-0.274272	-1.793596	-2.298323	4.656361	-3.616052	-6.465113	-0.274273	-1.793596	4.290090	-6.715136	4.325139	-2.298288	-6.715136	4.325139	4.290133
4917	5	-4.772803	6.590789	1.214688	5.983097	-4.846799	-0.951033	0.254897	1.213156	1.105845	5.983097	-4.846800	4.311634	0.254897	1.213156	6.426053
5070	5	-0.076773	-1.976376	0.115778	-0.076773	-1.976378	6.479756	6.532242	-6.650850	-4.838202	-2.985180	4.259364	0.123496	-2.985180	4.259364	6.487408
5089	5	-1.344664	7.782028	-0.075862	6.614221	-1.884422	-4.297908	-1.344664	7.782028	6.397273	3.214656	6.484746	-0.188775	3.214656	6.484746	6.284373
5091	5	0.150030	1.191824	-0.001962	-5.977232	6.505451	0.006797	0.150030	1.191824	5.722259	5.467982	0.576398	-6.594451	-5.977232	6.505451	5.731872
5136	5	6.979089	-4.236367	-4.772673	3.585565	4.683819	4.781643	-2.597957	7.399890	0.371012	-2.597957	7.399890	6.229392	3.585564	4.683819	-1.063422
5154	5	-3.465811	9.637576	5.543208	5.066447	4.076082	4.065719	6.308179	-1.301737	3.219170	6.308179	-1.301737	-2.323975	5.066447	4.076082	-1.374948
5195	5	8.110883	1.751995	-1.327075	-0.931339	6.976067	9.628428	8.110883	1.751995	5.159186	8.164203	-2.117008	5.159186	8.164203	-2.117008	-1.327076
5260	5	6.820873	-2.330026	2.498321	6.001506	5.076650	2.528181	6.820873	-2.330026	-3.702208	0.062789	8.528026	6.882385	6.001506	5.076651	-3.678833
5272	5	2.163675	6.241920	-0.171504	8.166806	-3.332951	-6.555945	-4.142069	6.986429	-0.140730	2.163675	6.241920	5.962716	-4.142069	6.986429	5.986579
5273	5	7.399949	-4.366270	-5.622796	0.985390	-2.468233	0.212005	0.985385	-2.468219	4.673323	-5.607066	6.533026	4.673344	-5.607061	6.533026	0.212028
5288	5	-0.000551	0.452401	-0.490958	5.486349	-4.412764	-5.688319	-3.597006	6.947316	6.110376	-3.597015	6.947316	-0.490938	-0.000551	0.452401	6.110356
5296	5	-1.373320	6.400922	1.904707	1.155796	0.224042	1.634769	1.155796	0.224042	8.098242	7.776375	-6.372359	-2.180823	-1.373320	6.400922	8.330763
5339	5	-1.431386	-2.844916	0.937213	-1.431386	-2.844916	6.984879	-4.420586	3.732573	1.000736	4.890508	-4.301718	4.909256	-4.420586	3.732573	7.045098
5373	5	-2.137684	7.440898	-0.694291	0.998573	2.303940	5.891391	-2.137688	7.440898	5.932583	6.753904	-1.122654	-5.798763	0.998574	2.303940	-0.735499
5386	5	-0.818558	-3.432472	6.428515	-2.263625	3.145178	0.592724	-0.818558	-3.432472	0.592715	-2.263625	3.145178	6.428522	5.736853	-6.320931	-4.018840
5388	5	-0.613086	-0.504802	6.907607	3.715138	4.988348	-0.855567	5.559289	-4.802359	-4.788593	-2.768372	5.661213	6.907608	3.715138	4.988348	4.632745
5430	5	2.111477	8.464522	1.036341	8.120243	-2.357813	-2.557383	2.111477	8.464522	7.448114	-4.135651	8.473268	1.381482	-4.135651	8.473268	7.787259
5458	5	-0.420576	1.313854	5.273755	-0.420584	1.313856	-0.423820	5.683961	-3.380720	-4.540946	-3.229524	6.995380	-0.416697	-3.229539	6.995380	5.279880
5484	5	0.096596	-1.230597	4.440402	0.096596	-1.230597	-1.777474	-3.388675	5.273364	4.690278	6.374014	-5.456488	-4.161012	-3.388675	5.273364	-1.479092
5500	5	1.638977	-3.704026	1.242357	-1.826600	6.518272	6.915836	6.549393	-4.544792	-2.343221	1.638978	-3.704031	6.614481	-1.826593	6.518272	1.549208
5604	5	0.872816	6.898463	-0.137677	5.306090	-4.354087	-3.699130	0.872816	6.898463	5.868531	-5.256890	7.529324	5.868589	-5.256890	7.529324	-0.137620
5606	5	-4.175175	6.845223	8.616245	6.917141	0.914514	0.007490	6.917148	-5.721357	0.007485	6.917141	0.914514	5.306475	6.917148	-5.721357	5.306470
5634	5	6.707861	-7.520417	-5.163824	0.557692	-1.190580	-0.028327	-5.971645	4.801938	-0.007164	0.557695	-1.190580	6.297177	-5.971646	4.801938	6.318487
5673	5	-3.591357	8.025217	1.360729	6.618838	-1.013179	-4.911468	-3.591357	8.025217	6.490868	2.750851	1.071062	6.402027	2.750851	1.071062	1.268068
5705	5	6.987657	-5.867005	-4.949535	-0.649308	7.269076	7.857778	-0.649302	7.269076	1.318514	4.028923	5.382876	0.284993	4.028923	5.382876	6.831570
5751	5	-2.466296	-0.090223	6.515567	-2.466307	-0.090223	-0.048461	4.144547	-2.624101	-5.262470	-6.998653	4.921270	-0.042784	-6.998730	4.921270	6.521187
5754	5	-2.201996	0.034381	5.714338	-2.201996	0.034381	-0.516405	-4.543523	4.356412	-0.516364	-4.543523	4.356412	5.714379	3.674919	-0.313705	-6.465031
5776	5	7.002208	0.739165	-3.920660	7.002224	-4.667870	-3.920660	0.481305	6.322159	1.587299	0.481305	6.322159	6.442825	-4.483192	6.325501	1.595273
5800	5	-2.218409	9.454582	6.104701	8.964435	-3.092893	0.738355	8.023981	3.269423	-5.631650	8.964435	-3.092852	-5.644794	8.023981	3.269423	0.761161
5826	5	6.430576	-6.379072	-5.819532	1.065750	-6.326539	-1.741590	1.065750	-6.326733	4.240911	-4.667858	6.056766	-1.352039	-4.667858	6.056766	4.783233
5833	5	-1.126971	0.114713	-3.277141	4.758761	-4.340914	-6.272986	-1.126972	0.114716	2.821996	-3.017770	5.642622	-3.130773	-3.017770	5.642622	2.968406
5868	5	-4.761899	6.803129	-0.680614	1.351081	0.287041	-0.841384	4.571806	-1.198894	-1.662208	1.351082	0.287041	4.916409	-4.761899	6.803129	5.100541
5914	5	7.911517	-3.813869	-5.727433	-4.076849	6.296803	0.015874	-4.076850	6.296803	5.961607	1.424792	6.183997	5.950777	1.424792	6.183997	0.005048
5955	5	6.563351	1.230381	3.783752	-5.885942	6.722747	7.688099	6.563351	1.230381	-1.804212	6.623089	-2.955709	-1.833461	6.623089	-2.955709	3.746901
5980	5	5.565844	0.992990	-3.717314	-2.250642	2.453386	0.879052	-2.250642	2.453386	6.116029	-5.944068	6.622877	0.879081	-5.944068	6.622877	6.116048
5990	5	-3.551939	6.128530	0.594428	2.195244	-0.385450	6.068700	7.652920	-3.172225	-4.818487	-3.551941	6.128530	6.283821	2.195243	-0.385450	0.375871
6045	5	5.057065	-2.271516	-3.633130	-6.557649	7.726454	0.261509	-1.197180	1.572729	-0.015404	-6.557649	7.726454	6.570125	-1.197180	1.572728	6.293128
6046	5	1.368750	-1.531201	5.775453	7.338373	-7.049733	-6.233364	1.368750	-1.531201	0.068270	-1.892174	4.720610	0.068288	-1.892174	4.720610	5.775471
6085	5	0.069182	0.438049	-1.014868	5.614185	-4.705190	-5.393509	-5.827494	6.758277	5.324709	-5.827494	6.758277	-1.014231	0.069182	0.438049	5.324078
6105	5	-2.085080	6.275361	7.068486	5.448326	2.255908	3.428477	5.478846	-2.421168	-2.254473	5.448326	2.255908	-2.189033	5.478846	-2.421169	3.293673
6128	5	1.321626	0.468717	6.668048	-4.000802	5.803473	6.687294	5.541388	-2.455035	6.233455	-4.000804	5.803473	0.219964	1.321623	0.468718	0.200276
6132	5	8.471665	-5.498112	-5.290721	-1.239129	0.731117	5.313893	-1.919848	7.121085	5.314307	-1.919850	7.121085	1.138602	-1.239134	0.731117	1.138018
6171	5	0.002842	0.737948	-1.786468	-5.923180	7.087710	-1.786243	6.353635	-5.259822	-6.373967	0.002842	0.737947	4.103811	-5.922972	7.087710	4.104038
6180	5	-2.761120	5.468545	7.947628	8.562961	-4.418369	6.317897	8.562961	-4.418369	0.553611	8.529277	1.164485	6.317897	8.529277	1.164485	0.553611
6193	5	-0.933185	-1.370780	-1.421095	-0.933199	-1.370780	5.158010	5.329752	-6.997723	-2.732839	-4.320378	4.955487	5.158010	-4.320378	4.955487	-1.421095
6255	5	0.984961	-1.097432	1.600615	0.984956	-1.097432	6.750813	4.973028	-4.759691	-3.446350	-1.298541	5.093492	6.762627	-1.298483	5.093491	1.612482
6264	5	6.122557	2.984993	3.209079	6.759077	-3.532060	2.880476	0.886222	7.349343	5.774590	6.122557	2.984993	-2.407207	6.759077	-3.532060	-2.738360
6337	5	6.589320	2.300553	1.185275	6.589319	2.300553	-1.365982	-1.186730	7.607311	6.152726	7.685300	-4.301813	0.877886	7.685300	-4.301813	-1.623963
6356	5	-3.475577	5.227934	6.230799	-0.103453	-1.111906	5.998466	-0.103453	-1.111906	-0.105059	5.677185	-6.735534	-2.476821	-3.475577	5.227934	0.130415
6406	5	-4.735236	8.504498	7.114096	1.881116	5.577521	7.104432	3.823352	-2.819559	-1.218782	1.881116	5.577521	0.767357	3.823352	-2.819564	5.156441
6443	5	-3.004429	5.611951	7.244389	5.433808	-3.750815	0.475987	5.433808	-3.750814	5.338493	5.332118	1.229873	0.572297	5.332118	1.229872	5.418871
6512	5	-3.489781	6.058631	-0.204750	2.396024	-0.315013	-0.237802	6.816490	-5.791858	-6.430999	2.396024	-0.315013	5.481342	-3.489781	6.058631	5.516524
6513	5	-1.310041	-1.465947	-1.631495	-6.724352	5.790803	-1.631414	-1.310040	-1.465953	3.699153	4.861880	-4.054185	-5.740128	-6.724352	5.790803	3.699249
6577	5	1.486064	2.691679	-0.927786	6.535404	-8.574564	-3.350596	1.771313	-3.919062	5.627106	1.771312	-3.919062	-0.972497	1.486063	2.691679	5.672014
6605	5	-3.736152	0.296295	1.472763	4.557378	-5.003828	-5.119355	-3.736135	0.296296	6.986964	-5.649447	5.007315	6.986964	-5.649396	5.007315	1.472764
6692	5	4.498495	-3.890565	-3.752102	-5.652527	5.518000	4.968648	-5.652522	5.518000	-1.643316	-2.335747	-0.537100	-1.643316	-2.335691	-0.537100	4.968648
6694	5	-3.900842	5.453351	0.468179	-1.949941	-0.823999	6.754375	-3.900842	5.453351	6.777220	-1.949941	-0.823999	0.444976	4.387639	-5.723563	-0.962590
6750	5	5.955568	-3.205869	-4.469420	5.824408	2.367666	-4.469153	2.620192	5.937597	5.555619	2.620192	5.937597	-0.113636	-3.059324	5.962994	1.095724
6756	5	1.077041	-3.069364	0.118945	1.077043	-3.069365	6.724702	6.872952	-6.012360	-5.286674	0.343308	2.836232	0.148031	0.343309	2.836232	6.753144
6770	5	6.434292	-2.261341	-4.124929	-0.286783	5.775852	-0.127514	-0.177546	0.281446	6.467678	-0.177543	0.281445	-0.128080	-0.286783	5.775852	6.468226
6780	5	5.524209	-5.598867	-1.579672	-3.270239	6.008074	1.741775	1.020969	-0.830672	1.735180	1.020969	-0.830672	6.342808	-3.270239	6.008074	6.346598
6815	5	-6.744050	7.148726	-2.614555	5.771301	-5.553710	-9.007494	-0.214515	0.795893	-2.614557	-0.214515	0.795895	3.836731	-6.744050	7.148726	3.836735
6836	5	-0.882424	0.637259	0.282836	-5.505289	6.975528	6.866959	-5.505424	6.975528	0.306530	4.421454	-6.062850	-3.874861	-0.882431	0.637260	6.843706
6872	5	6.369083	-3.785028	-4.741905	0.588627	-1.279769	0.280225	6.347253	1.712688	-4.735405	0.588627	-1.279768	5.966417	-4.046175	4.546420	0.280295
6904	5	7.310565	-7.084431	-6.266839	1.566675	-0.476987	-1.822612	-2.634685	5.154169	-1.811589	1.566675	-0.476987	4.395441	-2.634685	5.154169	4.406981
6932	5	6.521767	-6.776007	-8.067560	0.277321	-1.328868	-2.251378	-1.610806	4.280679	-2.172524	0.277319	-1.328868	3.694475	-1.610806	4.280679	3.777646
6979	5	-2.518052	-1.377039	0.531337	3.131189	-1.796491	-0.087684	-2.518035	-1.377039	6.599915	3.131189	-1.796491	5.984165	-7.194206	4.924082	0.546827
7021	5	1.135806	0.495538	6.372075	7.189254	-5.344452	-3.224881	-5.184594	6.886416	-0.006465	1.135804	0.495539	-0.202117	-5.184774	6.886416	6.551963
7023	5	-3.635265	6.451865	0.951763	-3.635265	6.451865	6.213193	5.518042	-3.616440	-2.139564	-0.428034	0.605925	0.761264	-0.428034	0.605925	6.024284
7028	5	-0.666290	-1.960070	5.187777	5.370931	-4.399733	-4.966415	-3.397550	4.076177	-0.786546	-0.666290	-1.960064	-0.786576	-3.397550	4.076177	5.187801
7093	5	-2.419534	0.702240	-0.753155	-2.419502	0.702240	5.595653	-7.548312	6.156073	-0.753155	3.605616	0.339412	5.094131	-7.548294	6.156073	5.595653
7123	5	-0.504671	-1.236995	5.553566	-0.504671	-1.237000	-0.995757	-7.126425	5.397704	5.553765	5.950570	-7.148503	3.362689	5.950570	-7.148505	-3.188316
7169	5	-0.024170	6.761262	8.424353	8.074654	-4.634749	2.193796	8.074596	1.432630	2.193794	8.074596	1.432630	-4.368744	8.074654	-4.634749	-4.368736
7254	5	4.654739	-4.289860	-1.913254	-3.945971	6.801636	6.067264	-0.943179	1.130270	0.391676	-3.945971	6.801636	0.661171	-0.943179	1.130271	5.797926
7325	5	5.849072	-7.389317	6.003428	5.849072	-7.389316	-0.239257	0.283006	-1.258295	1.741198	-4.041235	5.240641	1.843838	0.283006	-1.258295	7.963358
7327	5	0.207995	0.338818	-0.157261	6.548560	-4.996997	-5.917592	-0.071813	6.844256	-0.157229	-0.071813	6.844256	5.979811	0.207998	0.338816	5.979773
7366	5	6.805589	-3.868638	-4.434363	0.350994	-0.530418	0.481150	-1.811050	6.681924	0.481152	-1.811050	6.681924	5.292691	0.350994	-0.530418	5.292689
7460	5	0.194145	-1.676189	0.819893	-1.574871	3.968725	0.867390	-1.574872	3.968725	5.758274	3.302596	-2.270922	-2.448770	0.194145	-1.676187	5.714269
7467	5	0.037844	-0.181562	-0.059354	6.091642	-6.189138	-2.937158	-5.220739	5.643932	0.158021	-5.220966	5.643932	5.442374	0.037850	-0.181562	5.225100
7484	5	-6.617463	6.325155	7.286440	-6.617463	6.325155	1.337169	5.040159	-0.654649	-3.673969	-1.733738	0.680948	7.285712	-1.733738	0.680948	1.336422
7592	5	-2.013552	5.866627	1.540669	-2.013552	5.866627	7.806155	0.443485	-0.289287	1.502020	5.340101	-6.731893	-5.090198	0.443485	-0.289287	7.767726
7642	5	1.298695	8.492605	1.109453	-5.026379	8.494558	7.230932	6.780076	-0.244603	-1.395813	-5.026379	8.494558	1.329288	6.780076	-0.244603	4.572965
7648	5	-3.926765	6.659275	7.534638	-0.719287	1.821040	7.532646	-3.926764	6.659275	1.346380	-0.719273	1.821040	1.344057	6.646448	-1.245710	-2.543650
7770	5	-3.151610	6.566149	8.099822	6.783551	-5.287667	1.784850	3.263161	6.465594	-2.690799	6.783551	-5.287667	-3.566272	3.263161	6.465594	2.657124
7818	5	1.410426	-0.450338	-0.523708	-4.648279	8.029761	-0.090407	-4.648279	8.029761	6.362460	6.781638	-2.642223	-5.306661	1.410426	-0.450344	5.929819
7859	5	-6.769938	6.011192	-0.405237	-0.670571	-0.166796	-0.405238	-0.670569	-0.166796	6.136687	-6.769936	6.011192	6.136687	5.058946	-2.415123	5.241423
7860	5	-4.177187	5.112319	0.104679	-0.140980	-1.523978	0.100089	6.008781	-4.226668	-2.835533	5.988590	2.244575	-2.820873	-0.140979	-1.523978	5.118494
7872	5	9.040543	-3.419937	-5.584656	-0.931954	7.798089	-0.649760	-0.912468	2.064716	-0.649801	-0.912466	2.064716	5.662083	-0.931954	7.798089	5.662123
7876	5	5.377734	-5.220089	-4.532294	-0.152588	0.151300	-0.657663	-4.375024	6.676962	-0.656388	-0.152588	0.151300	4.477862	-4.375024	6.676962	4.480320
7878	5	9.291560	-4.473620	3.971793	9.291560	-4.473620	-2.071320	-2.915186	6.810792	6.886918	2.661442	6.806764	4.669319	2.661443	6.806764	-1.293257
7929	5	6.711175	-5.986110	-6.228611	1.709744	-5.298045	-1.829809	-3.710133	6.078370	-1.717111	-3.710133	6.078370	4.321300	1.709743	-5.298041	4.204326
7958	5	0.774066	-0.037927	7.375489	-1.291215	5.776030	2.430323	6.993505	-5.933238	-1.098233	0.774064	-0.037927	2.240212	-1.291218	5.776030	7.538652
7972	5	-5.569496	7.292622	5.076892	0.406691	0.840051	-0.654348	7.027902	-5.241698	-6.010479	-5.569496	7.292622	-0.652963	0.406691	0.840051	5.075239
8022	5	6.588000	-5.977260	-6.016664	1.055737	5.651063	-1.221443	-3.244480	5.681414	-1.170630	-3.244481	5.681414	4.810201	1.055737	5.651063	4.760569
8048	5	7.158290	0.448074	2.090012	-0.888073	6.884978	7.412823	7.186411	-4.884879	2.089331	7.158290	0.448074	-0.908888	7.186411	-4.884879	-0.909575
8098	5	-6.185687	6.000053	-0.411708	4.454782	-1.475860	-5.761626	-1.224991	0.009946	-0.411742	-6.185687	6.000053	5.283947	-1.224990	0.009925	5.283911
8130	5	7.755086	-3.991815	-4.197529	0.473849	2.156936	0.782330	0.473849	2.156936	7.315658	-2.925507	7.143290	7.340019	-2.925507	7.143290	0.807165
8162	5	-0.746920	0.436057	6.729195	-4.374064	6.170311	0.838125	5.883154	-3.427710	-5.366374	-0.746920	0.436057	0.783041	-4.374064	6.170311	6.766799
8199	5	2.590469	-1.803309	0.753239	-2.892235	6.974477	0.813359	-2.892235	6.974477	6.145016	6.284351	-2.355344	-5.426767	2.590469	-1.803297	6.126864
8224	5	7.576141	-3.293678	-5.343139	-5.246812	8.100873	6.360369	-5.246594	8.100873	0.251118	1.313140	8.091090	6.328905	1.313141	8.091090	0.213795
8328	5	6.589379	-2.173164	-5.851091	-0.805148	0.744809	-1.072307	-0.805147	0.744809	4.934282	-3.669687	5.224536	-1.069193	-3.669687	5.224536	4.937672
8338	5	4.496750	-3.376805	-1.033906	-1.588396	-1.522726	6.615070	-5.024116	5.010600	6.680410	4.496750	-3.376805	4.674742	4.339220	3.178140	4.777229
8348	5	-6.689538	5.225283	7.416515	4.483844	-3.248770	-3.988703	-1.062838	-0.970911	7.416515	-6.689538	5.225283	0.826090	-1.062838	-0.970911	0.826102
8361	5	0.287684	-0.948546	-0.106780	6.661512	-4.720329	-5.696771	-4.160811	5.035640	-0.105307	0.287684	-0.948546	6.472600	-4.160811	5.035640	6.474059
8375	5	-4.666883	6.725216	6.687537	1.961973	6.449623	-0.110237	1.961973	6.449623	6.355230	-4.666882	6.725216	0.224173	7.524081	-0.772521	-5.552381
8412	5	7.004771	-3.658184	-5.903162	1.543349	6.832998	0.278234	-4.023069	6.833409	6.817560	-4.023070	6.833409	0.278452	1.543340	6.832998	6.817375
8415	5	0.306175	0.849981	6.439662	0.306175	0.849981	0.123893	-6.306239	6.479609	6.466404	6.373805	-3.225473	-4.674554	-6.306239	6.479609	0.152552
8425	5	-5.786527	6.646834	-1.046124	-5.786476	6.646834	5.036595	-0.610137	0.164095	-1.046199	-0.610142	0.164095	5.036524	5.409660	-4.375830	-4.484669
8437	5	-2.028332	5.631895	0.749763	0.903960	-0.522420	7.180596	6.016357	-6.791457	-4.229514	-2.028332	5.631895	7.182461	0.903960	-0.522420	0.747425
8438	5	8.111295	-3.385447	2.678113	1.758006	7.512627	6.334063	8.111295	-3.385447	-2.529402	7.458066	2.849293	-2.043533	7.458066	2.849293	3.225077
8473	5	6.159708	-4.377614	-6.294944	-5.359965	6.856038	4.034807	-5.359965	6.856038	0.115980	1.122994	6.678098	0.078125	1.122994	6.678098	4.012002
8474	5	5.488375	-3.405362	-5.250313	2.372738	5.118802	0.520438	-4.713736	5.919027	0.618847	2.372736	5.118803	5.975696	-4.713736	5.919027	6.074119
8493	5	7.215698	-6.520776	-3.740795	0.600569	-0.682651	0.770227	-1.725534	5.254654	0.788821	0.600569	-0.682653	6.127655	-1.725534	5.254654	6.146310
8558	5	0.281893	-0.845326	1.963102	2.447836	-2.563424	-1.216608	-2.237880	5.662502	7.031204	-2.237880	5.662502	1.971722	0.281893	-0.845326	7.023022
8560	5	-1.131054	0.974882	-1.042031	-1.131054	0.974882	5.361396	-3.557331	6.949009	-1.022126	3.970250	-3.594135	-4.161321	-3.557331	6.949009	5.381292
8562	5	-0.383990	-0.051788	7.576497	-0.383988	-0.051788	1.046512	5.670251	-6.109493	-3.866335	-2.282611	5.512826	1.046592	-2.282630	5.512826	7.576578
8565	5	-1.144262	1.074447	-0.437760	-7.794687	6.917803	-0.295444	4.842131	-4.100724	-3.139104	-7.794687	6.917803	5.884532	-1.144262	1.074447	5.742006
8585	5	6.569618	-4.317519	-6.153566	0.226099	0.044398	-0.055459	0.226101	0.044397	5.542250	-6.220880	6.262505	5.542251	-6.220883	6.262505	-0.055458
8605	5	5.270016	-3.886572	-1.027015	-4.131854	6.159476	6.876689	4.826711	1.437551	5.234698	5.270016	-3.886579	4.940714	4.826711	1.437551	-0.729702
8611	5	-0.027893	0.466827	5.825510	6.470500	-2.392805	-5.143277	-2.560331	6.031661	-0.803591	-0.027893	0.466828	-0.807729	-2.560328	6.031661	5.829649
8648	5	-6.160332	6.422553	0.087414	-6.076923	-0.082952	0.087413	5.089915	-6.162657	-6.079937	-6.077053	-0.082952	5.972476	-6.160500	6.422553	5.972476
8656	5	-0.558978	1.040467	1.752529	5.419050	-4.479266	-3.558787	-0.558979	1.040468	5.004161	-3.481231	7.002691	5.005028	-3.481231	7.002691	1.753279
8673	5	4.945209	-3.229394	-0.670116	-0.372442	0.067179	0.597702	-0.372442	0.067179	7.204760	-3.739878	6.212777	0.599732	-3.739878	6.212777	7.206738
8688	5	1.012152	0.046315	-1.200362	6.193195	-2.291036	-7.508744	1.012152	0.046315	4.904857	-4.217127	6.564375	4.935194	-4.217127	6.564375	-1.165844
8792	5	-5.545825	6.846795	1.330590	0.700860	1.025581	1.329583	-5.545825	6.846795	6.092913	6.959945	-2.915084	-3.879787	0.700861	1.025581	6.091908
8805	5	-9.796111	6.344110	5.481260	-9.796111	6.344110	-0.774300	-4.256651	0.466742	-0.774300	2.257561	0.242682	-1.349893	2.257561	0.242682	4.901481
8821	5	0.799847	-1.702969	6.795361	4.986284	-3.769082	5.238797	0.799841	-1.702967	0.324384	-0.155215	3.688227	0.339789	4.908861	1.590117	5.281696
8850	5	-4.823658	6.357326	-3.884503	6.820732	-5.207680	-9.429234	1.289389	0.600695	2.659864	1.289389	0.600695	-3.885256	-4.823690	6.357326	2.660884
8856	5	-7.598943	7.558944	0.775167	-1.032928	1.391874	6.983007	-1.032928	1.391857	0.775164	-7.598943	7.558944	6.983008	5.328500	-1.339606	-5.640743
9018	5	7.718066	-5.107350	-7.590284	1.177987	-0.821367	-1.017660	-0.191292	4.668742	5.458785	1.177988	-0.821367	5.315737	-0.191291	4.668742	-0.821342
9046	5	-5.642800	5.836262	-0.338316	0.000740	-0.028372	-0.338344	0.000740	-0.028372	5.581314	6.244347	-2.343304	-4.928980	-5.642800	5.836262	5.581321
9104	5	0.133679	-0.249129	6.882853	-4.040770	4.854968	0.624880	0.133678	-0.249129	0.624351	6.758758	-2.969720	-4.713196	-4.040770	4.854968	6.883381
9107	5	-3.385051	5.587412	0.704227	6.973384	-5.963654	-0.675470	0.923204	-0.785310	0.692517	0.923208	-0.785310	5.278083	-3.385047	5.587412	5.290717
9112	5	5.926755	-6.963570	-2.336748	0.258161	-0.869872	-0.438458	-2.997083	5.292346	-0.438464	0.258161	-0.869872	6.029448	-2.997083	5.292346	6.029448
9275	5	-3.362730	6.639928	-0.596452	6.221075	-5.339415	-6.402648	0.764099	0.693382	-0.597223	0.764099	0.693382	5.569990	-3.362730	6.639928	5.570721
9345	5	0.404571	3.578837	7.827727	6.125080	-4.636346	-0.681779	6.125080	-4.636346	3.592311	6.124968	1.386146	3.592506	6.124968	1.386146	-0.681621
9354	5	0.196674	0.127202	-2.001854	4.741056	-5.847842	-6.604112	0.196674	0.127205	4.007806	-1.235340	4.890826	4.007808	-1.235340	4.890826	-2.001853
9355	5	1.335926	-4.710032	-0.152877	-2.211744	6.328496	6.285503	7.349299	-5.596754	-3.300007	-2.211724	6.328496	0.040557	1.335927	-4.710039	6.092968
9391	5	0.140577	-1.242209	-1.157717	-4.588280	4.883898	-1.151473	6.755178	-3.873456	-7.699669	0.140579	-1.242210	5.442410	-4.588281	4.883898	5.448892
9454	5	6.617906	-3.159773	-4.529484	-3.669221	1.164010	0.098819	-3.669285	1.164011	6.687996	-6.322840	6.700970	6.687996	-6.322840	6.700970	0.098819
9477	5	0.459481	8.240412	1.432087	0.459481	8.240412	7.463060	-4.382179	8.303914	1.432103	6.364408	-1.603383	-2.366481	-4.382179	8.303914	7.463070
9489	5	7.265588	-4.000178	-2.864616	2.056581	6.808961	-0.073911	-4.331901	7.028046	5.792843	-4.331818	7.028046	0.297538	2.056581	6.808961	5.424639
9529	5	-0.949910	0.811403	0.806054	-0.949953	0.811403	6.296077	6.226774	-2.557496	-4.642343	-4.608531	6.903574	0.806088	-4.608532	6.903574	6.296108
9537	5	0.655860	-0.293925	-0.257026	-3.513310	5.743891	-0.257017	6.435187	-5.389565	-4.191854	-3.513327	5.743891	6.003835	0.655861	-0.293925	6.003828
9540	5	-2.732976	-1.569210	5.138180	2.989946	-2.542995	4.721346	-5.421905	5.021231	-1.414444	2.989948	-2.542996	-1.877005	-2.732975	-1.569210	-1.414451
9552	5	-6.182338	6.975094	0.976446	0.372221	0.473955	6.333974	0.372221	0.473955	0.976423	6.877348	-5.431883	-4.087102	-6.182338	6.975094	6.333998
9624	5	-0.881607	8.483533	7.072515	6.626846	2.598203	-2.249391	-0.881607	8.483533	0.561217	5.137281	3.759675	-1.161039	5.137281	3.759675	5.353302
9633	5	4.354344	-0.476315	-3.781789	-5.496138	6.877009	3.729027	-5.496138	6.877009	-2.405669	-0.667104	1.015590	-2.478115	-0.667104	1.015587	3.656175
9662	5	0.799857	-1.484143	-0.023467	-0.137565	4.072768	5.838190	-0.137565	4.072768	-0.005386	5.717341	-5.847019	2.428324	5.717341	-5.847019	-3.418595
9675	5	-1.155776	1.024099	-0.831540	-4.782278	6.323175	-0.831445	6.134187	-4.002696	-6.088673	-1.155801	1.024103	3.961541	-4.782267	6.323175	3.961652
9687	5	-6.566487	5.910120	1.123202	-6.566487	5.910120	6.504188	-0.337991	-0.376080	1.072961	-0.337991	-0.376080	6.454755	5.852805	-5.999814	-5.477725
9702	5	6.084621	-5.412572	-6.406569	1.366781	-0.758432	0.168286	1.366781	-0.758433	6.739496	-2.304622	5.467212	0.172146	-2.304623	5.467212	6.743356
9704	5	9.047138	-5.213520	4.974947	-3.289865	6.728960	8.619808	9.047138	-5.213520	1.345023	3.117934	6.675591	5.011096	3.117934	6.675591	1.373794
9778	5	-2.919010	6.402614	5.573882	5.880177	-4.506030	1.330694	5.880177	-4.506057	3.396036	3.197746	4.880369	3.784933	3.197746	4.880369	1.811676
9808	5	-3.256939	7.354226	7.289360	6.108210	1.242794	-3.387966	6.108602	-4.211871	2.460627	6.108210	1.242794	2.460916	6.108602	-4.211871	-3.388115
9818	5	7.726112	-5.929034	-3.807361	-3.780350	6.167871	1.548285	-3.283909	-0.005354	7.791970	-3.283909	-0.005354	1.548286	-3.780348	6.167871	7.791970
9837	5	1.157451	7.279695	-1.311806	6.560163	-3.636458	-6.777664	-1.319154	8.046286	-1.310782	1.157451	7.279695	4.736965	-1.319154	8.046286	4.737997
9846	5	-0.629861	0.644944	0.300564	5.769300	-5.455187	-2.101631	-0.629861	0.644944	5.911507	-4.960462	5.825099	5.965259	-4.960462	5.825099	0.435617
9889	5	0.595987	-0.250282	1.201705	-1.691359	6.392581	1.201853	-1.691359	6.392581	6.345085	7.093788	-4.950342	-3.250752	0.595987	-0.250282	6.344938
9921	5	4.505461	-3.156083	-4.698952	-1.901262	-0.396326	-0.624161	-5.934912	6.195798	-0.624160	-5.935002	6.195798	5.771383	-1.901258	-0.396326	5.771382
9932	5	7.402860	-3.253118	-7.476692	0.979415	-3.212775	-1.135224	-5.012935	6.999772	-1.129837	-5.012935	6.999772	5.276986	0.979416	-3.212778	5.269991
9947	5	0.084314	0.882011	0.582669	6.191634	-3.164809	-2.289650	-5.331490	6.621335	0.816357	0.084317	0.882011	5.849070	-5.331490	6.621335	6.078721
9991	5	6.335514	-5.239686	-6.051526	-0.989392	0.495551	5.390007	-0.989392	0.495551	0.636064	-5.431821	7.014826	0.636084	-5.431821	7.014826	5.390022
