1	1	-0.257708	9.379630	5.438903
3	1	7.720014	-2.495059	6.350457
6	1	7.056933	-2.472418	7.294097
7	1	3.012198	-2.550519	7.076295
8	1	4.712003	-3.523277	7.928224
9	1	6.547039	4.460225	5.170270
10	1	-3.713891	6.661606	5.669665
11	1	-2.529694	6.995894	6.777050
12	1	6.348642	-1.335620	5.907891
13	1	-0.563445	0.214052	5.149179
16	1	8.346008	-7.280251	4.413019
17	1	-1.526460	6.685626	8.506202
18	1	-2.757702	5.277350	8.744136
19	1	1.614329	8.440315	6.188343
22	1	7.543609	-3.892520	6.683310
23	1	-1.301267	8.296095	7.018061
25	1	6.211913	0.680552	6.947217
28	1	6.238921	-2.685609	5.144249
30	1	5.806260	-4.870620	1.754344
31	1	-0.674409	-3.039230	6.895263
33	1	8.726522	-3.816832	6.549970
34	1	5.794190	-5.670964	6.391993
35	1	8.453393	3.734515	6.287571
36	1	7.504159	-2.857095	5.524352
37	1	-7.484431	8.127477	7.276336
38	1	-5.818517	5.694512	8.750504
40	1	7.952752	-0.892480	6.939087
43	1	-3.438137	6.339752	8.562073
45	1	6.275110	4.924789	6.835880
46	1	5.840978	-3.740494	6.405834
47	1	6.829315	3.423692	5.185276
48	1	9.259019	-4.117323	6.437570
50	1	-2.529065	8.876749	5.969893
51	1	5.756566	5.154368	5.751161
52	1	-0.258765	7.119928	6.678097
54	1	-1.404170	7.881511	5.896203
56	1	6.969280	-1.679801	4.829539
58	1	6.186245	-3.436037	6.267462
59	1	-4.591018	7.408878	8.204097
61	1	7.204367	-2.749584	5.308552
63	1	5.103852	-3.244985	7.290401
64	1	7.261243	-6.163800	5.693014
66	1	-1.842995	7.695247	7.891889
67	1	-3.739419	8.951590	7.256234
71	1	5.029406	-1.920732	6.960349
73	1	5.313169	-1.124308	6.992489
76	1	-3.602459	6.591708	9.732228
78	1	-1.902662	-1.933548	9.126114
80	1	7.195866	-6.330243	6.826923
82	1	4.081753	4.030334	6.197478
83	1	6.399919	0.904605	7.364106
85	1	7.572445	-5.125203	7.095653
87	1	6.983333	-2.086987	4.161481
89	1	9.174469	-5.125093	5.880239
91	1	1.863289	3.981881	7.880780
92	1	-0.334277	7.091970	2.623373
95	1	-5.174637	6.412398	8.429838
96	1	0.046845	6.748769	7.880599
97	1	6.576790	-1.856201	6.465374
98	1	7.158201	5.006523	6.421114
99	1	-3.266221	5.631809	7.309101
100	1	7.238884	-2.687710	6.202622
101	1	-3.378833	8.557741	8.078388
104	1	3.061019	-3.196409	7.228891
107	1	-3.119653	5.802841	7.598547
108	1	5.681745	-3.161562	6.374527
109	1	7.021523	-7.151019	2.221507
110	1	7.204515	-6.679594	6.000714
111	1	0.667209	6.927334	4.600802
112	1	6.866790	-5.209224	6.774980
116	1	-6.632772	5.340616	8.384114
117	1	-3.730433	9.221135	6.545758
118	1	8.817084	-2.962996	5.400772
119	1	-4.879738	6.594236	8.138120
120	1	8.555961	-2.694026	4.729258
126	1	6.841861	-8.927838	4.920632
128	1	7.894782	-0.659555	2.851823
129	1	7.350170	-6.307968	3.787345
130	1	6.997868	2.684278	6.067518
131	1	-4.848002	7.094692	7.315510
134	1	-2.811117	8.142225	6.860578
135	1	5.488879	-4.362330	5.806672
136	1	-3.446402	-3.783341	8.366243
137	1	6.592670	-4.150035	6.363136
138	1	-5.054474	4.502726	7.760824
139	1	7.509084	-5.906719	6.882424
143	1	-0.913808	7.912457	3.050716
145	1	6.098641	-2.379741	2.902603
146	1	6.097507	4.618662	4.486281
147	1	2.722639	6.366478	2.586618
148	1	6.495766	-6.530297	7.432541
149	1	-5.181836	-2.955523	7.964669
150	1	-2.818559	7.292232	7.359109
151	1	-5.356427	5.981108	9.537482
152	1	3.759399	-4.020225	7.045093
153	1	-7.669641	-2.565014	5.570699
154	1	5.687694	-2.278604	7.022795
157	1	7.102476	-7.268567	4.513289
158	1	-3.884046	8.974909	7.267049
160	1	2.493575	0.986190	8.064649
161	1	0.997356	9.260200	5.889678
162	1	-2.868696	8.025461	7.251604
163	1	8.289286	-6.219088	7.238942
164	1	4.190172	-8.719640	6.264501
166	1	-5.079627	6.723696	8.038712
167	1	8.651675	-1.411859	5.663706
168	1	-4.400953	-4.288511	7.183177
170	1	-2.092319	6.608145	8.037583
171	1	7.574453	-3.908994	6.379734
172	1	4.874745	-4.711691	5.948089
176	1	6.648639	-4.439168	6.672051
177	1	9.568943	-4.485515	4.809496
178	1	9.532445	-3.474823	5.678241
179	1	6.614904	-3.464496	6.499189
180	1	7.306671	-3.670263	6.426261
181	1	8.192070	-2.618086	6.471189
185	1	-3.717572	6.249522	7.227914
186	1	5.960162	7.980262	6.810382
187	1	5.191307	-5.580272	5.280022
188	1	5.721176	-2.586452	3.690394
191	1	7.365524	0.037294	6.776907
193	1	1.907640	7.102935	6.748208
194	1	7.195613	-3.007863	5.890000
195	1	-6.511093	-1.150302	7.685588
197	1	6.069774	-4.075944	5.158912
198	1	-1.848365	6.764515	7.275915
200	1	5.294862	-2.901776	6.397390
201	1	6.996872	-6.883791	5.435287
202	1	5.452931	-6.233258	6.894684
203	1	8.022189	-7.164962	5.802513
204	1	5.619183	-3.868001	6.771176
205	1	-4.861865	6.470938	7.509748
207	1	7.727142	-1.137203	4.806701
208	1	3.264091	4.278344	6.885162
209	1	7.110807	-4.653808	4.708765
211	1	-5.786977	7.579575	9.478911
218	1	6.003192	2.332344	4.860031
219	1	-3.723708	5.431674	7.948805
220	1	-4.536578	7.261678	5.464227
222	1	6.317285	6.640676	5.469300
224	1	3.941023	-0.025423	6.009686
225	1	-4.522383	6.514942	7.017197
228	1	5.652054	-2.800011	7.516878
229	1	-1.806525	6.685064	8.094314
239	1	-6.892793	6.496823	7.327219
241	1	6.977061	0.968845	1.508390
243	1	-2.498527	6.366899	9.386431
244	1	8.152218	4.521118	6.915400
246	1	7.847410	-2.238655	5.391606
248	1	-2.209063	7.271906	5.278495
249	1	-2.333557	4.795703	5.439956
251	1	8.139447	-1.291958	6.639619
252	1	-11.346098	8.573753	9.218501
253	1	7.108476	-2.554515	5.796057
256	1	5.508109	-3.208531	5.705934
262	1	-4.053621	7.000532	7.124293
263	1	7.056944	-2.552324	5.579590
264	1	-1.859009	8.380870	7.435759
265	1	-3.891045	6.329533	6.693109
267	1	-2.371594	7.554922	7.340631
268	1	-5.448083	7.907476	8.245343
270	1	4.171403	-8.253791	6.626667
272	1	5.888849	-3.191687	6.569287
273	1	-1.642937	7.954990	5.898871
274	1	9.140446	-2.039546	3.296456
276	1	6.824530	-2.116127	2.403360
279	1	-2.496487	8.033150	7.679312
280	1	-3.365494	6.687721	5.920448
281	1	-4.026074	0.728475	8.245752
283	1	-3.939188	8.908786	8.204946
284	1	-6.928368	7.577322	6.279233
286	1	7.630967	-3.698869	5.075428
287	1	7.344766	-2.555002	6.410229
290	1	5.882338	-4.316422	6.772035
291	1	-2.785255	6.374591	9.156107
296	1	-1.260034	-0.764874	4.795403
298	1	-1.523957	6.752236	7.705989
305	1	5.414101	-4.090738	5.221791
306	1	-5.392611	5.991050	8.210689
310	1	6.317430	-5.342924	6.273755
311	1	7.509255	-1.188701	5.239786
314	1	-2.760409	6.320376	6.810468
317	1	-3.787783	8.968307	6.946654
319	1	-0.284160	7.252624	6.684987
320	1	7.942277	-4.190615	6.838591
321	1	-0.800821	-0.581613	6.267898
325	1	3.855755	7.329838	4.820161
332	1	5.365221	-3.854749	4.226674
333	1	8.247208	0.621431	4.040919
334	1	-3.728501	7.902269	5.972937
335	1	8.256051	-5.587466	4.244054
336	1	8.255810	-6.183144	4.284026
337	1	7.407480	-3.117773	5.088407
338	1	6.458936	-6.358834	8.106439
339	1	7.745975	-2.495150	5.178421
340	1	-3.800477	6.408524	8.128158
341	1	-7.588122	6.506157	6.601310
343	1	0.382537	6.832605	3.918180
344	1	4.808924	4.708078	6.206064
353	1	6.871936	-3.079467	6.378258
356	1	7.592079	-4.041670	5.643144
359	1	-6.891731	6.318744	7.181730
360	1	9.040784	-2.401329	5.283629
361	1	-3.618346	5.013912	9.071878
362	1	7.869619	0.146063	4.901098
363	1	8.320492	-4.217570	5.295167
364	1	8.484956	-9.058354	3.519755
365	1	-2.598835	6.511554	7.412683
366	1	5.547895	3.096495	6.525628
368	1	5.672589	-5.195052	7.869070
370	1	-1.740890	7.458308	7.168364
371	1	5.185464	-5.811456	4.838996
372	1	5.382469	1.727849	6.699946
374	1	8.440641	-6.438525	6.092424
377	1	-2.521528	6.450237	7.696747
379	1	7.973000	-6.221193	6.222067
380	1	6.306021	-3.771208	5.440265
381	1	-7.379176	6.775524	8.393857
382	1	1.340094	-3.643497	3.878765
383	1	8.529350	-4.503966	6.254660
387	1	-6.575477	6.748635	7.645308
388	1	5.354726	-6.236501	6.505730
389	1	-4.352238	6.964325	6.829576
390	1	2.447355	6.680774	4.791968
392	1	5.849640	-0.208857	3.523816
394	1	4.845064	-5.564765	6.572596
395	1	6.614810	-5.541937	3.442216
396	1	4.853210	-3.181188	8.151628
397	1	7.349915	-5.526816	4.023088
400	1	6.931058	-8.844315	5.169071
403	1	8.703243	-8.038764	4.803921
404	1	6.684880	-4.028658	1.741781
405	1	7.481520	-4.797786	4.046932
407	1	3.695256	-2.216387	0.923527
408	1	-5.286113	8.522031	7.618904
410	1	-6.016622	-2.496579	9.545680
412	1	1.404129	7.868746	6.941955
413	1	-2.608240	4.972227	5.315837
414	1	1.393539	8.845126	7.133246
416	1	6.352101	-1.950779	6.248225
419	1	6.534298	0.639039	4.556335
423	1	5.651572	-6.373990	7.443267
424	1	7.274612	-5.898097	3.918352
425	1	3.103278	-1.931525	5.639595
426	1	-3.694668	8.546456	7.087299
427	1	-4.088872	7.604862	6.481401
428	1	-0.777771	5.794914	4.779567
429	1	5.495099	-5.891881	5.208264
430	1	-2.593845	8.851523	7.988240
432	1	4.591351	-4.768322	7.647163
433	1	6.031551	-7.070889	6.344723
435	1	7.247649	4.860656	4.731207
440	1	5.140966	-4.279408	3.763902
441	1	5.083313	-1.033885	6.446774
443	1	6.721694	-4.986266	4.527724
444	1	5.488359	5.871644	3.117023
445	1	-3.476404	5.689808	9.314787
447	1	2.471885	6.514076	6.695662
451	1	5.439186	0.408292	7.199173
452	1	-1.551188	8.213069	7.994147
453	1	3.987409	3.844082	7.672318
454	1	6.551664	-2.712824	5.176308
455	1	5.233913	-7.238789	5.826390
456	1	-5.341234	8.371029	1.120126
460	1	4.096286	5.122021	5.245758
461	1	7.136453	-5.109495	1.314898
463	1	8.158706	-3.972656	5.962036
464	1	6.419671	-4.396030	6.388318
465	1	3.885651	-2.338625	5.055372
466	1	6.367587	-8.498290	4.955176
467	1	7.222963	-4.865547	5.845248
468	1	-3.893293	8.328104	7.404040
470	1	7.145192	-4.185698	7.134069
471	1	3.824279	7.974384	6.703533
475	1	-3.533903	6.601285	7.910803
476	1	6.854845	3.478927	5.793825
477	1	-2.026787	7.878956	8.099892
479	1	5.992208	-5.586043	6.736091
481	1	6.461235	-6.644450	4.083717
482	1	8.299357	-5.088897	5.691648
483	1	-3.219316	7.385676	7.312132
485	1	-4.095374	6.767895	6.024820
486	1	-3.289858	8.384385	8.188626
487	1	-4.002519	7.420568	9.123364
488	1	7.554179	5.105404	5.879607
490	1	8.422643	-7.519887	6.030835
491	1	6.523987	-3.111051	6.771412
494	1	-5.314508	7.709128	4.811254
496	1	6.713761	-3.220031	2.371068
498	1	-4.762963	5.536437	8.318849
500	1	4.614109	-0.507056	2.944615
501	1	-6.656301	7.078764	4.726558
504	1	-1.443750	8.836451	8.499597
505	1	-2.345077	8.453082	7.241268
508	1	-0.522452	-0.115075	7.012986
509	1	5.549640	-5.501775	7.067640
510	1	5.801437	-3.809241	5.337250
512	1	6.287495	-7.714043	5.008820
513	1	6.863412	-6.465179	5.078905
514	1	8.788508	-9.796441	0.555784
515	1	5.560878	-6.077819	8.555187
516	1	-2.574286	4.989582	5.237169
517	1	-3.764011	5.847780	6.152101
520	1	5.077665	-2.431971	6.585451
521	1	6.933169	-2.779213	6.843708
522	1	-1.721389	6.675210	5.560203
526	1	4.106355	-5.052241	7.054723
528	1	8.295968	-2.915380	4.418494
530	1	-5.934961	9.098748	6.182944
531	1	-4.143113	6.934794	6.752156
532	1	7.457887	-5.069909	6.065910
534	1	-3.022865	6.727218	7.568358
535	1	-1.732499	6.708208	6.746629
537	1	0.694604	6.987703	7.107895
541	1	-0.431311	6.340183	6.969655
542	1	-7.004592	8.017614	6.652539
545	1	4.518537	-2.206469	5.738333
546	1	6.412013	-2.600609	7.229260
547	1	6.944384	-4.480440	5.337565
548	1	6.175044	-6.918559	6.568995
550	1	7.304590	-2.658985	6.263719
552	1	7.305849	-4.794329	7.184681
553	1	7.103073	0.286155	8.706958
554	1	-1.697965	6.575874	4.958352
556	1	6.660105	0.771407	6.343287
557	1	6.744834	-2.592969	4.439981
558	1	5.975029	-2.914205	7.160767
559	1	-1.441880	7.114079	5.113341
560	1	5.344943	3.083621	6.643188
562	1	6.660602	-0.806127	4.412575
565	1	5.675629	-3.860240	6.881200
567	1	-0.862670	5.995320	9.784481
569	1	7.997376	-4.452554	6.243643
570	1	6.116003	-5.222242	3.862642
571	1	7.744795	-7.612171	5.349796
573	1	-3.019827	6.175827	7.059152
577	1	6.482680	-8.642819	7.045566
579	1	7.117925	-3.398352	6.428236
580	1	-4.577802	8.189211	6.716936
581	1	-5.334483	5.304474	8.485898
583	1	4.296185	-4.566183	5.860130
586	1	-4.113702	-0.227518	5.346574
589	1	6.626812	-4.751427	2.450498
590	1	7.277928	-3.970526	6.134385
593	1	6.824096	-4.979656	4.029659
594	1	5.700529	6.322585	6.731525
596	1	7.821037	-4.304425	6.287371
599	1	6.729372	-5.261124	6.866564
600	1	7.044828	-5.500466	6.401174
603	1	-4.681953	8.970046	7.944652
604	1	-3.186728	6.374154	7.926133
605	1	-2.607453	8.146742	6.642343
607	1	7.318043	-0.554235	6.619499
609	1	2.818005	-5.589951	6.584519
610	1	1.829033	7.312433	6.717078
611	1	5.836953	-6.791473	6.023776
612	1	-3.834687	6.493446	9.296264
613	1	-7.410897	5.908025	8.015326
614	1	-3.133793	8.455853	9.888486
618	1	7.190641	-6.437931	6.017179
619	1	-1.377417	8.184626	7.187396
620	1	2.886466	-3.377791	4.614201
622	1	-1.641728	9.251807	7.723326
623	1	-5.483618	6.822281	8.635107
624	1	-1.072682	7.392420	6.479395
625	1	6.572149	-4.160651	6.751641
626	1	-4.755392	4.652009	7.805929
629	1	-2.612244	6.963850	7.585380
630	1	1.635903	7.118546	6.018826
632	1	5.440389	-4.368387	5.849518
633	1	4.945676	-8.571886	7.279993
635	1	7.267273	-6.509264	6.308676
636	1	6.915978	3.368306	4.464813
637	1	6.265662	-2.712745	5.297662
638	1	-3.900321	5.799627	6.534393
640	1	4.601280	-2.347854	5.681482
642	1	5.869078	-6.618733	6.283828
644	1	4.495792	-5.710802	6.282570
645	1	5.288443	-3.838248	4.873691
646	1	-4.794296	6.708072	6.325215
649	1	-5.157780	3.781070	7.901543
653	1	2.946128	-4.159914	7.494867
654	1	-1.575597	4.764012	7.053278
656	1	7.675076	-3.516834	6.024957
657	1	7.709263	-3.065187	4.165372
658	1	8.534424	-3.694126	4.078364
660	1	7.937240	0.412194	5.704933
662	1	-2.395700	7.221901	7.605520
663	1	-7.615543	6.593874	6.931845
664	1	-2.866113	6.730608	7.173659
667	1	-2.796114	-2.349496	7.582074
668	1	4.234150	-4.648543	5.417801
670	1	7.445865	-4.420732	5.987649
671	1	-0.220924	6.057751	8.036038
673	1	8.671935	-5.563017	5.298610
674	1	9.053431	-6.278068	3.390058
675	1	-3.416078	7.403685	6.386613
676	1	7.727145	-4.010524	5.750943
677	1	2.665779	7.199685	7.023219
678	1	7.559891	-7.025746	5.668414
679	1	6.655116	1.728369	8.081244
680	1	-2.766984	7.102605	6.231508
682	1	4.971594	0.567380	5.327625
685	1	-3.072720	5.978702	5.419504
689	1	8.996395	-4.750402	4.759432
690	1	6.240780	-7.360229	5.879639
693	1	5.036616	-2.868685	8.219371
695	1	5.896989	-0.910330	5.894066
697	1	-1.347400	9.502156	4.178772
698	1	-1.844879	6.198367	7.933774
699	1	6.896200	-3.720602	2.830416
700	1	5.877145	1.604930	6.837749
701	1	-3.553973	6.753154	5.330844
703	1	-6.841072	7.269283	6.093775
704	1	3.592895	-8.415956	5.987056
705	1	7.096805	-3.023807	6.700343
710	1	-6.760244	6.873181	8.847262
711	1	7.281552	2.615120	6.215484
712	1	-2.351600	5.162582	7.652025
714	1	6.825030	-1.607939	3.310150
715	1	-8.287778	6.470471	6.916462
716	1	6.784247	-5.779750	6.690830
719	1	7.503512	-4.682723	3.176438
721	1	-0.479691	7.808981	6.590085
722	1	-4.062244	6.680877	8.748088
724	1	5.109754	6.891748	6.182886
725	1	-6.567049	6.103494	7.795836
726	1	5.984531	-5.561163	6.358897
727	1	-5.291075	6.708888	7.522433
728	1	-5.800499	7.481268	6.898985
729	1	6.704627	-3.836508	4.174877
733	1	-5.192962	4.869297	7.448284
736	1	4.747719	-5.817827	7.127160
737	1	-2.382714	7.150153	4.963503
741	1	8.119902	6.803924	6.438582
744	1	-0.830019	6.905345	7.593912
746	1	-6.394625	7.854456	7.833781
747	1	-3.719786	5.241378	9.552598
751	1	7.102415	-7.728450	6.587175
752	1	-1.033970	-3.838798	6.885118
753	1	5.776466	-2.301294	4.438260
754	1	-3.493592	6.262279	9.603391
756	1	-6.165444	-1.326451	9.357842
757	1	5.889658	-3.408848	3.691217
758	1	-2.216934	7.933284	7.857506
759	1	6.958028	-4.724749	3.561568
760	1	6.487365	-4.065025	3.341519
761	1	-3.352970	5.682261	7.656979
762	1	-1.027429	7.404749	7.534452
764	1	-0.644687	7.689391	6.012974
768	1	0.425856	8.016909	6.664378
771	1	3.604896	6.775652	6.536506
772	1	-3.460294	5.908654	7.301680
774	1	6.108756	-4.130425	4.548843
777	1	5.981183	-5.383224	5.000606
779	1	-3.418193	7.680816	8.132742
781	1	-1.435439	5.931959	8.786431
783	1	-1.835056	7.098273	6.777933
784	1	7.621279	-1.971400	6.665059
787	1	7.721644	-2.644684	4.147137
789	1	-2.636021	6.836619	8.155052
790	1	-5.049650	-0.130281	7.641156
791	1	6.358155	4.065080	2.203422
794	1	-0.468830	6.738210	7.625157
796	1	2.917875	6.468723	3.861026
798	1	6.568464	-3.174192	5.234423
799	1	-0.912834	7.226636	7.345025
800	1	-6.524181	-2.946633	6.669869
803	1	3.738978	-4.293594	6.327981
805	1	5.184265	-1.860628	2.922896
806	1	5.067040	-3.875344	3.680437
807	1	8.558868	-6.471498	6.300494
808	1	6.149499	-1.816557	6.762483
811	1	5.366000	-5.004849	2.739236
812	1	8.665854	3.669324	2.339187
815	1	-1.054487	8.384938	6.628229
816	1	6.509828	1.472022	6.071666
818	1	-7.231506	6.684411	6.497056
820	1	7.924985	-3.469948	5.445116
821	1	3.384212	-4.927389	8.361961
822	1	-0.211900	4.930437	3.493042
823	1	3.493888	6.573321	5.332498
824	1	3.124625	6.642523	8.534411
825	1	-3.457772	6.853557	8.540269
826	1	-2.887958	7.821264	6.075677
827	1	-2.944035	6.855572	7.769921
828	1	8.304716	-6.597801	6.688333
829	1	-3.008506	6.820697	6.890852
831	1	8.696562	0.639775	2.088027
832	1	7.129345	-6.606356	7.388202
834	1	-6.525193	8.983210	6.075944
835	1	-3.541973	8.113572	7.104955
836	1	-0.333858	5.935728	6.859430
837	1	5.867879	-2.920203	5.947274
838	1	2.323113	6.095771	6.710162
842	1	-5.412279	8.820938	8.769135
843	1	5.407941	-1.474331	5.487543
844	1	-7.958336	6.857513	8.752419
845	1	5.889232	-1.293698	5.740573
847	1	-5.872408	4.586006	8.226374
848	1	-5.395656	6.270594	5.697205
849	1	-1.021999	4.762678	5.203655
850	1	-1.924425	6.016029	7.630375
852	1	0.460947	-2.616179	4.796220
853	1	6.675668	-3.841525	1.787605
854	1	5.045518	-5.163647	6.320299
855	1	-6.463934	6.907115	7.909496
856	1	7.187894	-5.169973	4.337361
857	1	-4.662697	5.833247	4.265725
859	1	6.534177	-5.039537	5.881614
861	1	6.851072	-1.328253	6.463462
862	1	6.478978	-5.077078	3.286428
864	1	-5.286211	6.192505	5.097030
865	1	-3.342217	-1.535568	7.920455
868	1	3.129429	6.919696	5.627179
871	1	7.179119	-1.533262	4.833716
872	1	6.342328	-5.393251	6.841691
873	1	6.513543	-5.317382	6.563373
874	1	7.877664	-4.140400	5.596494
875	1	7.448368	-3.418489	5.410736
876	1	-4.531703	6.394130	7.909485
877	1	7.678442	2.417146	5.095698
881	1	6.528456	-4.188822	5.703774
884	1	7.204204	-4.527132	5.212946
886	1	7.500388	-3.528679	6.103550
887	1	5.720303	-2.343378	4.256406
889	1	-0.473092	4.318476	7.741258
894	1	-4.907111	5.758896	9.084421
896	1	6.684645	-4.483220	5.668857
897	1	-2.860469	7.667411	8.567732
899	1	-4.977091	5.120226	3.300819
901	1	-2.186131	8.010194	7.219832
904	1	6.298814	-3.345561	6.513133
906	1	5.972147	-4.350922	5.982373
908	1	4.822199	4.113802	5.988228
910	1	0.882311	2.988646	8.796395
911	1	6.739202	-1.075065	5.652922
913	1	-3.157089	6.355655	7.570349
915	1	-1.964787	7.109107	6.766981
917	1	-6.130014	7.145981	7.091489
919	1	1.476785	8.389294	9.126492
920	1	6.636613	-2.668492	6.216483
922	1	-3.303969	4.605848	6.193437
923	1	4.968712	-1.078786	5.895044
925	1	8.187984	5.777689	5.267889
927	1	6.662354	-3.951912	7.056415
929	1	7.158968	3.587834	7.146275
930	1	6.393926	-4.624720	6.352858
931	1	5.710289	3.548261	6.294818
933	1	-2.202043	-1.380786	6.835863
935	1	-3.439177	8.901700	5.980649
936	1	-4.924933	9.043703	8.603629
937	1	6.209197	-4.050980	4.441954
940	1	5.581968	-2.439970	6.910084
941	1	-7.243465	7.369975	7.173406
943	1	-0.853089	7.004834	7.207575
945	1	8.638571	-6.226359	6.300015
947	1	6.251963	2.953301	4.710057
948	1	-4.021641	6.509318	4.145507
949	1	-2.608125	7.796704	8.850862
952	1	7.873356	-1.249108	5.365390
953	1	8.316693	-4.164023	7.093820
955	1	8.015100	-3.092955	3.916217
956	1	7.455614	-3.791313	7.314649
958	1	5.361049	-3.568272	5.856177
959	1	-6.345357	8.226707	6.547985
961	1	6.716364	-4.241879	5.951055
963	1	-1.901831	7.585705	6.704004
964	1	5.186625	-0.511284	8.349462
965	1	4.098624	-0.859380	5.903178
970	1	3.260754	7.166381	7.844906
972	1	6.667911	-1.338174	5.652944
973	1	7.211011	-2.344596	6.265682
974	1	6.908347	-3.730722	3.765458
975	1	-5.833376	7.367544	8.788672
976	1	7.541140	-5.028775	6.679328
977	1	6.248434	-1.499041	5.136189
979	1	6.302116	-3.648830	6.813758
981	1	-6.313702	5.561691	7.744655
982	1	-0.929508	5.894017	6.729725
984	1	9.409841	-5.259470	5.197316
987	1	7.754492	-5.117506	6.048809
989	1	5.539017	-6.603316	0.520383
992	1	6.290205	-5.701054	5.084376
993	1	8.072372	-4.696494	2.299545
994	1	-1.419992	8.049740	8.059975
996	1	7.106707	-4.072738	6.167027
1000	1	7.230073	-1.306571	6.273737
