6	2	-3.477545	7.126460	-4.982443	6.080375	7.781191	-1.745183	6.701519	3.724777
7	2	-4.588754	4.034945	-3.962697	6.683726	6.572863	-2.879159	5.548341	0.427083
8	2	-3.456244	-0.130416	7.048948	3.864945	3.276920	-2.449184	7.186622	0.582996
9	2	6.777455	-0.802292	5.373242	0.914507	1.808239	6.016209	-6.148665	5.519323
12	2	-4.854419	5.028994	-4.002361	6.277230	7.684848	-3.031594	8.246814	2.247674
14	2	-0.805177	2.323145	-3.952638	8.830974	6.397272	-0.303164	-0.713993	6.377058
16	2	8.908964	-4.504083	-2.245525	2.445749	8.908964	-5.938405	4.156918	2.444719
22	2	5.821464	0.126213	-1.938864	5.247586	6.167350	-1.141281	4.950371	4.274601
23	2	-3.879349	0.204705	-1.165435	5.568562	-3.210977	-2.100589	5.468972	5.294207
24	2	1.172457	0.022221	7.503046	3.709026	7.792665	-6.571823	7.892063	0.726215
25	2	-0.394147	0.579841	6.033820	4.586501	6.036777	-3.928610	8.321380	1.904599
26	2	-3.616881	2.866391	-5.575334	8.777872	5.462542	-1.778651	6.499750	7.124758
28	2	8.128043	-0.200839	0.338629	4.570427	8.203737	-2.231162	6.978642	0.121183
30	2	-2.463243	4.499764	5.982191	5.161296	7.124658	-1.603938	8.655837	-0.230067
33	2	9.293184	-5.351681	7.631541	5.037605	9.282778	-0.774444	0.963905	5.290366
37	2	7.314173	-0.394603	-0.016862	3.653535	7.314804	-5.149117	6.267393	0.234573
38	2	-2.379997	-0.951573	5.104724	4.775180	-5.329277	2.630597	-2.428365	5.717705
42	2	7.458941	-0.001577	-0.310824	4.948179	7.463792	-0.790815	5.954737	4.423844
43	2	6.977661	-1.265434	3.905450	-1.428385	-3.193694	6.678780	-5.576038	2.881426
44	2	-1.932007	5.479516	-4.581365	6.672923	5.809754	-3.775993	3.914904	1.279241
50	2	-4.666302	6.893831	-2.457063	6.131749	7.209248	-0.762405	5.665470	-0.315900
53	2	8.501757	-4.002094	-0.716386	2.315932	8.549965	-7.670859	4.783911	2.315681
54	2	-0.991462	1.455537	1.111989	4.574475	7.303691	-6.922540	7.064325	2.530466
58	2	-3.972345	1.588615	1.772915	6.282361	-3.366737	-3.596733	7.995101	0.257171
59	2	-7.309357	4.193618	3.279946	6.481431	-7.470076	4.453147	-2.442950	6.481433
62	2	-1.483949	1.576473	-2.966814	5.906357	8.988714	-3.792324	7.088825	0.157449
65	2	-2.627504	2.585899	-9.100589	4.258715	7.100889	1.250023	-9.045232	2.969426
66	2	-4.192779	-0.238066	6.817521	5.425699	-9.215552	2.173310	-3.153840	6.449003
68	2	6.355635	0.164659	0.773886	6.038091	6.390100	-3.451708	7.315808	1.581054
69	2	5.102459	-1.157620	1.149926	2.172633	5.102539	-6.748092	7.260285	0.243620
72	2	-5.087288	5.595425	3.954313	4.402375	6.840662	-2.566900	6.825729	-1.160547
74	2	6.805536	-1.935810	5.240281	0.815304	0.870844	-1.769479	5.206438	1.435437
77	2	6.360486	1.578610	-5.552130	6.921987	-4.608206	6.337022	-5.552358	7.009035
78	2	0.198266	-1.384228	5.604824	5.750936	6.061950	-1.945769	5.719402	4.405186
80	2	-4.245793	6.752452	-3.805397	4.968677	6.464339	-4.276576	7.695355	-0.682242
82	2	-3.860303	5.073189	-3.877571	6.560800	5.925187	-3.537750	6.430192	2.987497
86	2	8.634967	-4.721166	5.333720	2.986533	-2.138005	4.633778	-4.198559	6.853667
87	2	6.564223	-5.483585	5.918574	-1.599316	2.686056	4.062313	-5.400571	4.498913
88	2	8.252137	-1.509191	6.644709	1.246963	1.053035	2.308843	-3.461893	5.955169
90	2	-7.959576	7.234448	0.015752	3.542229	4.041725	-1.301218	8.166106	-1.503398
91	2	7.909200	-1.171388	-0.547344	5.118883	7.916560	-1.404856	4.828468	4.758427
92	2	-4.607885	-1.961603	8.289974	4.108568	-8.383524	3.276999	-3.596799	7.550316
94	2	-3.961302	2.973596	-6.775299	6.472076	6.215004	1.160276	-4.505634	5.713080
95	2	2.460315	-0.202712	4.333089	4.200623	5.686955	-4.243789	4.333717	2.134015
96	2	3.990968	1.694363	1.308126	4.599942	-3.577032	2.596438	0.112322	5.265317
106	2	5.579462	-4.684387	6.117891	3.831482	-1.658587	1.746076	-0.681042	6.781050
114	2	-2.111172	-0.897477	7.062271	2.515232	-2.112851	0.252577	-1.751064	4.109405
116	2	-3.520228	4.995155	-2.422084	5.577665	7.188918	-0.871267	0.407895	5.498929
118	2	8.382160	1.133544	-6.409858	4.271119	8.906546	-2.130774	5.318553	1.176470
119	2	4.120972	7.333302	-5.400512	5.785434	8.079836	-0.773423	6.318820	0.623535
125	2	5.925811	-1.505162	8.270420	3.139101	-0.933670	2.462962	-0.351726	8.354806
130	2	6.613240	-6.066688	9.849999	3.620945	-1.140407	2.755937	-0.921929	5.738478
134	2	-5.220394	6.368071	-2.189374	7.243620	5.214053	-1.084140	6.703744	5.061971
137	2	-4.428216	6.276980	-4.643389	5.098005	7.389740	-0.691743	6.933208	4.083702
147	2	3.768282	-2.544022	5.763001	6.434915	1.463486	2.556490	-2.747136	8.719901
149	2	-6.843494	3.624237	-4.592261	7.886799	-0.531953	0.917020	6.678207	3.917429
151	2	7.375728	-3.070327	5.548258	1.102291	-0.280907	2.142676	3.124613	6.224061
152	2	6.190215	-4.255677	7.820212	-0.625697	1.232532	-1.527324	7.819825	1.786779
154	2	3.825261	-0.963297	6.548658	3.841862	-7.959400	2.956604	-4.708408	6.125500
156	2	6.037991	-8.984857	7.432501	0.124688	-6.457488	0.909317	-1.131501	2.734788
158	2	5.694453	-5.687208	7.839266	2.858565	-0.460629	0.063556	7.811682	5.282622
162	2	5.406222	3.517081	-4.614704	5.785161	-2.385430	5.591690	-4.780307	5.793492
165	2	6.585964	-4.543696	7.104251	-2.288329	-6.214774	4.566936	-4.617966	3.734090
169	2	-1.135948	2.161685	-5.451682	6.923907	6.928081	-1.390302	7.010412	4.784216
171	2	7.925005	-2.999302	7.350964	4.063205	7.922658	-0.260908	1.044716	6.786063
172	2	7.428517	-3.561145	5.118148	2.750245	-1.473445	4.449799	-6.606733	6.609128
175	2	5.327398	-1.284405	8.489056	5.779041	0.631643	2.935733	0.232064	7.641114
177	2	5.948226	-0.071145	4.786694	4.281659	0.682054	0.673756	4.722641	6.599550
178	2	5.134018	0.780319	2.039613	5.359039	5.861452	-5.575566	8.893743	1.982348
179	2	1.458352	-4.804054	7.265757	4.035130	6.068839	-5.983112	7.265757	3.559362
183	2	-0.086007	0.300167	6.978198	5.517379	5.391802	-5.087378	7.769467	0.143896
186	2	-5.801304	2.364184	-1.703915	3.910002	2.389255	-3.184791	6.045028	3.277727
195	2	7.423224	0.098275	-0.506436	1.485063	-1.374888	4.078261	-4.568357	5.572465
196	2	-4.906032	3.598176	-2.227095	6.404728	6.620644	-5.205574	8.979567	2.106357
199	2	-0.286399	-3.192155	5.416129	-0.891745	4.845694	-7.563266	5.416129	-0.925083
200	2	8.360191	-1.806940	-0.082365	4.458806	8.386916	-2.886638	6.395120	2.750771
202	2	-6.868372	3.685379	-2.276832	3.284791	-5.861506	-0.286475	4.821361	0.505982
204	2	-1.841209	3.042548	-2.660776	7.809511	7.265231	-6.162525	8.756402	3.639556
205	2	7.003129	-1.001691	-0.483635	1.531568	7.003140	-5.682095	5.393373	1.245405
206	2	9.264859	-2.579966	6.897986	1.985850	2.261707	0.428073	6.891476	5.437858
210	2	-6.086260	1.108084	4.301246	4.754295	-7.269268	2.076834	-4.512997	5.925299
211	2	-2.918638	2.437462	0.774518	5.411899	5.876506	-0.082119	7.479466	4.956413
225	2	-4.229954	3.044334	-2.506583	6.432278	4.188191	-1.579474	5.915632	4.729723
226	2	-0.680847	1.415058	4.300155	4.767007	6.363587	-6.842804	7.386471	1.881517
227	2	2.706992	6.140065	-5.299380	4.965356	8.839866	-4.654234	7.544129	-0.293513
231	2	6.464328	-1.347115	5.237456	0.760119	-0.694086	4.395766	-6.150511	7.182778
232	2	-5.882096	4.801406	-8.715792	6.606664	5.909897	0.702244	-3.350752	4.109213
233	2	-3.298474	3.895186	-4.015233	6.697070	5.654585	-6.289978	6.053971	5.282420
235	2	6.143520	1.650108	-2.777367	5.586984	-1.228952	4.285203	-2.777560	5.898258
236	2	-3.000782	5.994116	-3.744539	5.946759	6.425254	0.716406	5.648273	5.076672
239	2	6.144606	-6.537888	7.965304	-0.460333	2.389419	-3.177195	7.924057	-0.455452
244	2	-2.480637	3.190493	1.855982	6.697503	5.758660	-4.906025	9.181664	4.891636
246	2	-2.842153	6.807990	-2.398555	5.654482	7.377443	-4.387150	7.441378	-0.211321
247	2	-6.683385	2.967433	-1.938525	8.005402	1.312454	-3.733689	6.523613	4.263039
248	2	-3.856492	3.643727	-4.899389	7.246074	6.620260	1.048831	2.406984	5.065271
253	2	-4.052741	1.870233	-1.756890	6.619562	7.033287	-8.426918	6.667704	1.857354
255	2	-4.572274	7.423638	-1.974207	2.531383	5.390907	-1.708546	8.291613	-0.719480
264	2	7.624057	-3.073945	7.594709	4.206667	-2.229990	4.259591	-1.649211	7.349600
271	2	-5.751860	4.327196	-2.672934	6.724719	6.534984	-0.028561	7.681655	5.452825
272	2	-1.240598	0.386519	5.931303	6.247956	5.486413	-4.129495	5.992702	3.328353
273	2	8.805881	-0.061665	-2.039449	5.222050	8.808769	-5.971175	6.527222	5.100730
274	2	4.325889	-3.248184	5.499556	4.114073	4.301180	-1.257085	-0.145705	5.698616
276	2	5.574092	-6.103083	6.074485	-0.679147	-5.566077	4.646441	-5.912559	5.701007
278	2	6.009225	-0.553338	-2.548360	0.979707	6.264856	-5.739863	4.978562	0.688395
279	2	0.784305	1.072794	-4.118272	7.710270	5.878744	-0.482067	-4.016467	5.978733
281	2	7.734262	-3.868762	6.458300	2.643296	-3.567538	4.480024	-1.554623	5.633633
282	2	6.956045	0.682878	-5.076589	3.236503	0.589381	1.152033	-6.022743	4.453069
287	2	6.422893	-2.938127	5.839356	0.989606	6.402037	-0.906788	0.388813	5.637027
294	2	-3.759299	2.288879	-2.816342	5.996213	7.665187	-3.059341	5.484557	0.129085
296	2	-2.438765	6.829294	-4.287323	5.904795	7.212360	-4.295311	4.289216	-0.477786
299	2	-4.139630	2.511846	-7.212360	7.961591	7.487931	-0.433242	-2.080207	6.411873
300	2	-5.408156	3.954621	-3.914743	5.342065	6.220959	-2.081105	6.402263	0.947651
302	2	-3.848176	5.265973	-1.916095	6.464806	7.129633	-3.620363	5.592385	2.252735
303	2	4.850985	-1.607532	5.049855	3.056407	4.765341	0.346051	-0.743569	5.674608
306	2	-5.785990	5.048054	2.500327	6.728298	6.407715	-1.998610	6.530214	6.206133
312	2	-6.991883	4.491474	-6.471351	3.224587	4.657000	-0.529875	-1.727667	3.224556
315	2	6.679849	-4.259444	7.275015	1.705553	0.577805	2.971527	-2.877564	6.453246
318	2	-5.671331	5.980362	-7.411027	3.482227	6.793549	-0.581684	-3.572710	-1.131344
319	2	7.370027	-1.792293	7.238848	3.062311	0.335142	2.034141	-0.321966	5.751711
320	2	-1.093531	-2.269928	6.351322	3.933313	4.881234	-7.509273	6.470478	3.933111
333	2	0.886624	-3.407546	6.716499	5.601824	5.329460	-6.800614	6.716502	0.950773
337	2	-2.049953	2.895628	4.899113	6.567926	5.823874	1.293030	4.903372	6.016348
338	2	-5.273086	6.688593	-5.343254	6.914254	5.738154	-1.130437	7.243245	5.062288
339	2	7.080545	-5.450520	6.640746	1.237249	-3.309455	2.369440	-2.172668	6.057415
341	2	-0.777356	1.512963	4.284869	5.891115	-1.408277	3.130694	-4.149221	6.271411
343	2	2.547754	4.114846	-7.244607	5.168502	-0.381368	4.545854	-7.244739	5.170628
345	2	5.680119	-5.876573	8.521316	1.889407	-3.682305	-1.600118	8.519239	1.890902
346	2	-4.690654	6.310061	0.259428	6.524938	5.975410	-4.968169	7.249357	0.697810
350	2	-0.050594	3.040597	-3.512888	6.729077	6.345821	-0.951668	5.858112	5.620878
354	2	6.427199	-4.448860	8.365731	1.764991	-0.764182	1.678116	-1.087354	5.833318
357	2	0.093411	1.430514	1.948223	6.637945	6.863640	-3.343295	6.778375	3.709353
364	2	-1.961056	1.729314	-4.669201	6.312496	5.617598	-1.479707	-2.621494	1.526388
366	2	9.214266	-5.417033	5.126576	1.454327	1.220204	2.691894	-2.754861	6.758235
369	2	8.028162	0.449737	0.308151	7.214478	8.047493	-2.716965	7.465729	2.001181
373	2	4.895455	2.296518	-1.147987	6.810713	5.888425	1.612814	5.123629	5.921322
375	2	7.575681	1.474519	-5.318006	5.088142	0.702130	1.905871	-6.016216	6.494654
378	2	1.402357	-4.931436	8.158892	6.464793	6.863053	-7.797931	8.158893	4.584918
381	2	-1.821737	5.053007	-3.741499	7.448625	6.372665	-2.231996	8.499820	4.428350
385	2	-5.760833	3.450883	-5.694781	7.081469	-0.428614	0.691648	6.191596	6.457768
386	2	7.754833	1.113316	-1.673810	5.406374	7.848511	-0.935000	5.693945	1.543375
387	2	6.807293	-2.409752	1.845848	3.619285	6.808725	-5.246081	6.076140	1.964994
391	2	1.185965	0.288324	9.634062	7.516229	5.887819	-1.918318	9.664512	5.317784
394	2	-6.583857	4.266033	0.875891	4.847086	-6.584377	5.003715	-3.728605	4.847198
405	2	-4.174874	8.025794	-0.418509	4.051318	7.135231	-1.631146	5.974803	-2.448561
406	2	8.841096	-5.805656	6.570173	0.616001	-2.393620	2.003231	-3.253566	6.389428
414	2	6.057499	-10.137287	7.364800	0.817062	0.684685	-4.559256	7.350069	0.817306
415	2	4.925875	-1.786898	6.392588	4.024760	0.812351	4.522695	-4.016151	7.223082
417	2	-4.774709	4.428480	2.491647	5.093769	7.687738	-2.952211	6.319736	-1.464037
419	2	-3.222263	7.794274	-0.938319	5.280564	5.786960	-1.799209	8.442218	2.519611
420	2	-2.870314	7.779255	-5.185206	4.888264	5.267513	-4.052970	6.732074	-1.256503
422	2	-2.802291	1.855099	-3.654329	6.723941	-1.080494	-2.487905	6.932899	5.706956
424	2	8.861575	-3.417411	6.802284	3.710712	-0.490546	4.820183	0.953127	5.694670
430	2	0.328632	3.085196	-5.170954	4.797585	6.097733	-0.921226	3.308868	3.785817
431	2	-5.239238	7.016620	-9.223363	5.606780	6.151158	1.101559	-7.631628	4.430943
433	2	7.187062	-5.298177	8.824275	-3.067512	-1.063321	1.100811	8.224897	-0.356266
434	2	2.283003	5.466162	-2.906001	5.738069	4.732532	-3.889341	5.899889	1.592707
435	2	6.753846	0.237458	-0.119770	2.447993	8.858202	-6.032399	5.706725	-0.226887
437	2	6.626627	-3.051440	-3.518900	-3.085977	-3.942033	3.177053	-9.385438	0.923120
440	2	-5.900404	0.334500	8.346542	4.990846	4.807846	-2.938687	8.541883	4.805393
446	2	-5.683489	5.764318	-4.681194	4.799128	5.043055	-3.276196	6.069913	1.573966
447	2	-0.171331	-3.087539	6.884045	2.113315	6.350057	-6.752496	6.884045	0.607529
450	2	-1.600382	-1.263179	3.607129	9.638698	-4.676757	2.601094	-1.782944	9.684550
452	2	2.188191	4.464797	-5.957571	5.521038	7.489563	-1.081163	5.697783	-0.271398
456	2	7.914203	-1.991012	-0.071756	2.452132	8.034531	-5.715853	6.362159	0.263659
457	2	7.486782	-7.593852	5.787358	-1.839383	0.582823	3.344664	-2.963468	3.790045
458	2	6.154046	0.392480	0.845455	5.131780	7.099250	-2.566279	7.706545	0.554970
459	2	8.670516	-2.414675	1.011238	5.617749	8.674667	-4.183625	7.422074	2.025361
463	2	-3.700509	6.784218	2.708722	3.764273	8.140139	-2.155110	9.162275	-1.175378
468	2	6.549070	-0.396294	-4.949936	2.854375	6.638610	-5.713813	5.946413	2.800364
473	2	4.880238	2.755258	-7.462565	1.755859	2.328707	6.671140	-7.746168	1.773160
475	2	6.739403	-2.265700	5.957604	0.736736	1.212864	1.577326	-3.955651	6.801283
476	2	4.638855	2.033594	-2.905271	7.459362	-1.468975	4.017205	-3.713133	7.991748
477	2	0.146702	-0.907889	5.494028	6.235395	-5.621261	3.385508	-2.089890	6.306290
484	2	-5.751014	3.830602	-6.870055	7.955604	5.358062	-0.862303	4.432609	6.471849
489	2	6.435198	-1.776946	-0.001101	2.751247	6.435623	-7.059565	5.918609	2.597106
490	2	-5.735062	4.816502	-5.358224	9.159854	5.434924	-3.088215	6.232925	2.786612
491	2	5.974587	-4.149704	6.765934	-1.076995	-6.870802	4.034376	-4.031887	5.038273
493	2	-4.264331	5.335490	-5.832772	5.655799	6.490067	-0.944121	5.470511	3.924815
495	2	8.215877	-3.790254	8.632308	3.139032	1.547640	-1.201562	8.630482	3.364799
496	2	6.266757	-0.949921	0.895522	2.389908	6.309162	-4.567706	6.985707	1.653490
499	2	6.776429	-4.936544	7.344006	1.293755	-1.022449	5.225855	-3.069511	7.020215
510	2	8.381464	-1.640941	8.818308	1.704093	-3.338210	1.504054	7.746367	6.988900
511	2	8.214464	-3.638799	6.606794	2.826134	-1.032807	3.572972	-0.583628	6.369929
516	2	5.038933	2.911792	-4.685473	4.212042	-2.837210	5.396550	-4.685509	4.230194
519	2	-2.845782	7.285608	3.758073	4.358034	-2.845782	7.983473	-1.172509	4.358034
524	2	5.993848	0.082173	1.844949	6.208255	6.442693	-4.206977	6.022986	2.948542
527	2	5.791420	1.168997	-3.956465	3.538020	1.191327	1.386214	-4.212866	4.207669
528	2	-4.727221	4.844566	-5.039705	4.470799	6.851771	-4.246688	5.504549	2.775440
529	2	1.598270	-0.696398	6.267066	1.687182	6.361199	-3.653303	6.310891	0.153028
530	2	-5.624932	3.058889	0.986714	5.752783	6.765956	-3.356256	4.762263	4.087959
531	2	6.969289	-1.097049	-2.039285	5.023052	0.739246	0.043695	-2.267700	5.727177
536	2	-2.647466	0.741027	-2.726811	6.898411	-2.496434	0.448093	3.671488	6.049122
538	2	-4.248420	4.051156	3.931335	5.300070	-4.284158	5.801488	-0.707307	5.300101
539	2	6.928152	-2.691938	7.616928	0.089596	-5.086210	3.668680	0.443557	5.973889
543	2	-1.076853	1.707469	-1.169548	6.930041	3.097321	-0.367998	6.338200	4.553020
544	2	4.909521	-0.147880	0.504487	6.987025	4.943002	-2.257401	6.967077	3.849729
549	2	-2.944827	2.612250	-3.259789	4.462350	4.787121	-6.280451	5.925369	0.383621
552	2	8.023487	-0.384231	0.717131	5.458071	8.026172	-2.697842	4.711693	2.929350
558	2	-4.621777	5.644165	0.061588	5.111799	4.983453	-1.339100	7.958696	1.579235
568	2	-5.201746	4.702600	-4.043648	5.331935	5.641851	-4.650153	6.506910	0.432709
570	2	-1.145217	5.281016	-3.935539	3.151249	6.091431	-1.727092	7.072155	1.711584
571	2	-4.714329	4.624687	-2.677502	5.922475	6.544894	-2.406788	7.051630	1.000464
578	2	7.909239	-5.979364	6.817065	1.857036	4.498906	1.154056	1.255887	4.992739
579	2	6.051353	-6.038300	5.161585	3.283159	5.555749	-2.095086	0.772467	5.869812
581	2	-2.653750	2.535401	-2.713820	6.229836	5.868323	-0.362025	1.344590	5.276304
586	2	-1.204697	3.037318	-5.120060	7.794739	4.574425	-0.286200	6.926689	5.960781
591	2	6.672231	-1.796345	8.100610	1.144051	-3.065684	1.557652	7.851256	3.876961
593	2	8.324269	-1.789295	7.381751	3.746686	0.218499	5.617758	-2.024263	6.668018
597	2	-3.424604	3.250796	-4.928318	9.720417	0.384181	-0.209777	6.646902	7.271690
606	2	0.640115	5.882792	-2.328035	6.822748	7.243194	-0.946892	7.132693	4.140613
610	2	3.709244	2.515278	-2.154901	7.423200	4.526215	1.001930	6.967263	5.634049
611	2	5.501584	-2.424787	8.913255	3.988557	-1.491898	5.748626	-2.511521	6.741327
612	2	6.274346	-4.252378	6.451107	0.288207	-3.101471	6.514536	-2.012146	5.410267
613	2	-5.603913	6.550476	-7.374285	6.236173	5.822359	-2.938249	4.923207	2.106314
614	2	-1.228479	0.169145	5.805243	4.419553	-3.378989	2.271810	-3.767431	8.148319
616	2	-2.560893	6.455750	-6.536752	5.609401	6.258087	-2.141825	4.890958	3.946020
619	2	-4.605414	5.895772	-0.871637	5.570579	5.297058	-0.900122	7.124633	0.040326
621	2	-3.704239	1.782606	-1.732499	4.935600	-0.115265	-2.219014	6.455283	2.548848
622	2	9.495217	-4.964081	5.741763	1.269377	5.957417	-0.092149	-0.559975	1.869268
627	2	-2.694743	-1.277702	7.503428	4.458156	-8.291917	3.907870	-1.499098	7.468752
628	2	-3.693074	7.361646	0.717338	6.114786	6.461236	-0.164443	6.451716	2.773243
630	2	8.113003	-6.530674	6.034665	2.131776	8.058234	-0.539923	-1.046483	2.173213
631	2	6.850787	1.149008	-1.500374	5.807459	7.711933	0.483419	4.393183	3.894984
633	2	6.324495	0.313824	-5.447092	5.848292	-3.880847	3.786833	-5.469841	6.296521
634	2	-5.159750	2.326836	-2.137573	7.205378	5.665314	-3.154569	6.367340	2.522423
639	2	4.802717	-3.516440	6.771605	-4.467439	-5.265688	6.863384	-4.259044	0.302937
641	2	4.949433	1.314125	-5.976468	5.392066	6.107229	-2.094312	6.245230	3.324434
642	2	-6.030376	7.173296	-6.278684	5.991924	5.973794	-1.387924	5.420993	4.797725
643	2	7.644539	-2.610051	5.496829	0.110257	-2.366584	4.827973	-5.004739	6.568954
645	2	-2.109256	4.282347	-3.229555	7.883851	7.672077	-6.362452	6.460511	2.842675
646	2	7.116451	-5.532725	9.855620	-0.231020	3.421474	5.140719	-2.670007	5.083052
649	2	-9.041447	4.702403	-3.456875	5.314432	-5.175301	1.399309	6.492349	4.634000
650	2	-3.130009	4.944768	-2.864098	4.487307	8.331825	-1.877312	6.181704	2.066244
658	2	-3.877061	5.004181	5.900555	7.160832	5.567703	-0.237848	8.363552	3.881886
659	2	9.178696	-3.851576	-1.611676	1.955657	9.179311	-4.404694	3.540615	1.954713
664	2	7.149354	-6.875039	6.762776	5.062049	7.149339	-2.549534	0.267033	5.062049
666	2	7.218261	-0.801890	-0.378867	0.991981	7.220652	-6.484469	6.356029	0.805811
668	2	-3.951255	3.696293	-2.622099	5.872468	7.161917	-2.550101	4.929526	3.147502
670	2	0.101313	-1.264120	7.967237	4.586478	5.932244	-5.493721	7.982226	2.689375
671	2	-6.990506	6.567914	-5.038494	5.354991	4.891046	-3.604025	6.882184	0.722391
673	2	-3.963003	5.430505	-0.844385	4.628383	6.201823	-2.599941	8.155227	-1.757237
674	2	-1.893528	-1.698699	5.854107	7.242879	-6.888040	4.283161	0.098425	8.609704
675	2	4.772286	1.685146	-5.168395	5.325158	8.197675	-2.815768	6.390050	0.397843
677	2	7.247822	-2.634336	0.425003	1.321979	7.373176	-5.522148	6.537397	1.320872
678	2	-5.696320	4.604884	-4.532840	4.595366	4.511025	-6.189853	4.438383	0.671855
680	2	6.207395	-3.943930	5.919460	2.024677	-4.799317	5.726160	-4.545741	6.317386
682	2	-1.511189	-0.245702	6.720622	6.512082	4.965280	-2.319434	7.964366	2.279259
685	2	8.409020	-5.363695	6.699272	0.353295	-2.442724	5.042738	-4.960051	3.829313
687	2	-6.111238	4.276713	-0.940013	6.504231	6.809966	-3.740526	7.667986	4.616996
689	2	-0.252173	-2.396414	5.248382	6.966352	4.905358	-3.870936	5.252800	2.941271
691	2	6.988084	-4.954307	1.636998	5.620445	6.988188	-5.887686	6.070726	4.942266
692	2	-6.564734	2.954379	-3.861393	8.012628	5.754940	-2.216552	4.875145	4.167236
693	2	-1.405342	5.351877	-2.072691	4.870430	8.647837	-2.490804	4.048776	1.092530
695	2	6.423657	-5.049293	6.102740	3.006510	6.409366	-0.370253	0.061879	3.097926
697	2	6.949019	-4.924478	7.217886	0.056393	-2.185215	4.634054	-3.429907	6.601214
701	2	-3.102093	3.126245	-0.824293	6.695289	-3.102024	-0.648957	6.347646	6.694777
703	2	-5.878133	4.369856	-7.565302	5.655167	4.916278	-1.092562	4.004273	3.011767
707	2	-5.778133	6.167224	3.187660	4.474904	6.320623	-3.087819	8.228609	0.504749
714	2	6.893743	-1.702393	1.314289	4.119260	0.050610	1.831068	-5.875700	6.299756
715	2	5.775576	-4.355964	-1.136152	2.628625	5.794695	-7.965082	5.497197	0.429692
717	2	-3.469549	6.274799	2.163462	4.503520	-1.963632	1.018653	8.845634	2.921113
718	2	-0.662358	-0.831624	5.618170	2.574586	5.553691	-5.000637	5.815309	-0.250136
720	2	-3.180424	1.923279	-1.861386	6.804234	6.329218	-1.891377	4.506478	0.796911
723	2	5.942788	1.364222	-1.645205	5.542386	6.306379	-1.047708	4.597570	1.679192
724	2	6.076444	-1.144495	8.368240	2.099657	2.947853	2.517590	-0.670088	5.585112
725	2	1.723355	7.038981	-5.421001	3.727856	7.454377	-3.986384	6.104405	-2.710391
730	2	-8.176016	2.488371	-4.784314	7.141234	-8.045302	0.219381	6.261557	1.156932
731	2	-2.000587	6.214548	-4.935349	4.127301	6.685242	1.476083	-4.791321	3.522741
736	2	-9.298324	6.696633	-4.451106	4.222086	-5.355410	0.897508	5.476322	4.222084
738	2	-1.001289	3.949905	1.132824	8.331914	-1.001305	3.988018	-3.007526	8.331946
739	2	2.770465	-1.860688	6.196610	6.716571	5.897208	-4.148631	6.336237	2.131991
741	2	-3.090806	0.640648	8.039343	5.942568	-3.590018	1.734868	1.488940	6.465099
742	2	5.937882	-5.067267	-0.012518	1.961160	5.938556	-7.963204	5.751399	1.961160
743	2	6.081216	-6.527755	8.120740	1.964472	0.169154	1.835410	-2.502441	5.624258
756	2	-2.936697	3.927788	-3.877183	5.103649	5.218689	-2.091869	8.041218	3.143037
758	2	-3.063028	3.976423	-3.996665	5.143883	6.689127	-4.340330	6.427443	-0.871261
761	2	-1.413211	0.099314	7.835915	3.527599	-4.174764	1.699859	-1.384567	7.401060
762	2	7.851032	-0.735432	5.804402	5.111359	-0.907940	4.100839	-5.547811	5.166727
766	2	-6.053856	4.049328	-9.454013	5.754282	6.689316	-0.494316	-3.600736	3.850106
770	2	7.629187	-2.639286	7.913878	0.868014	-1.996168	2.790175	0.813842	6.869916
771	2	-0.322372	3.735922	-5.273027	5.839699	8.679375	1.166914	-2.710303	4.143408
773	2	7.900938	-4.347261	8.783654	1.524788	-0.733543	5.649994	-1.765380	6.530978
774	2	8.567954	-3.748169	-0.187335	0.112521	8.567964	-8.608489	5.869695	-0.492437
778	2	7.544209	-0.894014	0.223267	2.265916	7.544235	-5.201471	5.952528	0.155740
780	2	2.284390	-0.631677	8.014894	5.130405	-7.613328	3.285363	-1.717984	5.967858
781	2	7.012152	-4.309315	6.802561	4.410511	7.010872	-0.720950	0.230459	5.313706
786	2	6.933397	-1.355345	0.384839	-0.951204	6.933622	-6.605517	5.370339	-1.661855
787	2	-0.310940	6.078856	-9.420742	1.501357	5.795468	1.598604	-4.324599	0.709554
788	2	-3.123813	0.977325	-1.827372	7.194876	4.751666	-1.629399	-1.571813	5.198282
790	2	-5.143413	0.482197	6.836932	4.797272	-9.587893	2.825144	-2.032571	8.753851
791	2	1.167121	-4.003694	7.559656	0.840319	6.556357	-9.241380	7.582594	0.840318
792	2	4.976328	-0.630685	0.412227	2.692352	5.275513	-4.583436	6.219541	0.886824
802	2	6.409883	-8.624874	6.474179	3.802464	-0.219149	-3.192895	6.474179	3.802650
803	2	7.166713	0.617878	-2.507661	5.322512	-0.476318	1.734499	-3.638941	6.733377
809	2	6.438129	-0.760521	5.325923	4.477901	6.143298	1.312472	1.670895	6.253634
811	2	-1.672574	2.442790	-1.845214	5.252923	3.318791	-1.687985	7.573439	5.120244
814	2	6.777564	-0.146068	1.096366	0.459685	7.786079	-6.525450	7.032789	0.351965
815	2	5.164877	2.406714	-6.859107	7.433199	-0.109178	2.758063	-8.083131	7.625543
817	2	-2.387755	0.417022	4.566743	5.290769	6.241589	-5.673260	5.636701	0.768346
818	2	-4.454087	1.665840	5.619835	6.676356	5.595940	-1.419793	6.723306	2.435057
823	2	-4.148131	6.260138	-4.063149	4.243923	7.002090	-3.875251	6.670593	-1.428801
824	2	-4.019158	3.829082	-4.092282	6.555868	5.866779	-5.757602	8.152173	1.222238
826	2	2.106273	-1.294629	7.035761	7.004634	8.634061	-1.781964	7.641349	6.164436
829	2	5.271557	-2.050465	6.559661	1.751410	-1.964274	3.157690	-1.794646	6.560172
830	2	6.726680	-0.218486	0.235358	1.799758	6.799695	-5.201796	6.938324	-0.064882
832	2	6.896461	-4.633749	6.676850	2.761024	1.721126	-1.575652	6.495576	3.285527
833	2	-3.143499	2.472843	-3.921074	4.612180	8.074366	-5.930601	6.078256	-1.701553
836	2	-3.509279	3.855226	-3.792818	9.018863	7.349790	-5.074938	6.858618	2.506883
838	2	5.974062	0.487104	1.376711	1.182416	6.397758	-4.645383	6.058611	-0.983591
839	2	-0.518566	3.092143	-1.370763	7.413711	4.811682	-1.259004	6.768158	4.019832
841	2	-5.153094	1.682751	-2.567380	6.393142	-0.645227	-0.804416	6.259522	4.732636
842	2	6.323239	-0.266239	9.667833	6.036853	-4.585860	6.970762	-2.309350	6.192058
845	2	-3.227549	4.716668	-0.665600	7.659305	6.010679	-3.643482	6.358295	2.487095
846	2	-4.664197	3.169051	2.243239	6.439744	6.858051	-4.329770	6.533693	0.550460
847	2	6.924511	-0.366921	-4.660605	5.655765	-0.768838	4.200511	-4.660616	6.555397
849	2	7.653515	-4.365948	7.212147	2.220567	-3.567842	3.456493	-1.363640	7.644152
852	2	3.512663	4.424089	-5.275176	6.431822	-2.532689	7.653326	-5.275176	6.431832
856	2	-0.240657	4.597917	-4.752325	6.537071	5.227220	-1.262385	6.533996	1.318393
857	2	8.191021	-6.967835	8.117590	-1.248997	-1.474619	4.216530	-4.635148	4.692844
858	2	7.613610	-8.056412	6.882939	0.651413	7.613502	-3.094579	1.723686	0.738558
859	2	6.455431	-2.783849	7.999519	-1.195229	-3.487475	6.803368	-2.760316	4.394045
860	2	7.737448	-5.677922	6.259761	-1.401159	1.337709	6.829728	-6.253454	5.227527
862	2	-9.494000	4.470502	2.367794	4.746976	3.053480	-1.166830	7.416668	2.014668
865	2	-3.068593	8.277117	-4.981097	6.261704	7.966938	-1.262203	5.091654	3.181874
866	2	6.760683	-4.223504	5.963140	0.292671	6.123618	0.931930	-1.217242	4.056070
872	2	-4.965432	3.845992	-4.334685	6.971594	6.420042	-1.372574	1.859726	5.189391
873	2	3.610857	3.278163	-4.825851	6.924347	-2.632451	5.150047	-6.251656	6.926151
875	2	5.916434	0.083543	-0.147297	3.803247	-5.986029	3.601912	-3.994804	6.057244
876	2	0.322516	0.270658	7.527322	3.905688	0.322235	3.726289	-2.085028	5.348243
877	2	-4.764756	5.245635	-5.606656	6.131129	6.527163	-1.317182	5.910355	2.641906
882	2	-1.960918	-0.476244	6.227585	4.013291	4.779887	-1.537969	6.591461	2.665898
885	2	7.928862	-0.198638	-2.416269	1.817489	7.931722	-2.711050	3.224663	1.064469
892	2	9.237960	0.465925	0.311154	3.729082	9.289330	-5.142210	5.210378	-2.035617
893	2	9.089607	-2.835999	5.433339	-2.514274	-3.463080	6.859679	-2.338255	3.038824
897	2	5.524384	-1.255064	5.558468	2.891791	-0.168187	0.454088	5.469546	3.270864
899	2	7.814081	-3.837167	8.192156	3.404259	2.373534	-0.194118	8.092809	5.732111
900	2	6.219993	-5.561808	8.024654	1.239901	-3.126870	4.224833	-2.652609	7.573436
902	2	-4.060050	1.849834	-1.273999	6.269120	5.465155	-3.458748	7.100840	0.515013
906	2	8.792139	-5.285950	7.431184	5.516597	-2.766380	4.289622	1.685120	9.410833
912	2	4.499365	-3.873759	9.586457	5.375236	-0.977161	-2.634427	9.586016	5.998071
913	2	7.270125	2.662850	-5.987958	4.331027	8.539567	-1.615932	6.113753	-1.287276
914	2	8.033815	-6.949014	4.906428	1.284134	-2.621648	3.204594	-1.089042	6.451934
915	2	5.808206	2.112510	-5.057781	5.919779	-1.925722	4.535789	-6.399443	6.616132
916	2	1.843457	6.715443	-2.128745	0.755510	6.685058	-4.046112	5.515089	-5.317279
918	2	5.759713	-1.957790	-0.442265	3.484509	5.759764	-2.743393	4.606211	2.865309
922	2	8.706278	-2.271916	0.977589	2.128484	8.706523	-6.311907	7.185185	1.391692
924	2	-2.715690	-0.674837	6.793310	0.672526	-4.404697	2.130865	-0.265443	6.672072
925	2	-1.842478	2.991098	-4.253736	6.942406	6.917078	-2.799976	6.438749	1.300851
927	2	0.106172	2.069984	-2.746924	9.177375	7.661277	-8.603091	7.758760	8.161985
933	2	-2.476897	-0.639432	6.038506	4.897410	-7.313179	3.753118	-2.985982	7.820390
934	2	1.107293	1.614738	-4.833614	6.502361	6.977139	0.870963	-4.430101	4.681943
937	2	0.014078	-5.090457	6.700412	3.827326	6.470565	-9.001413	6.700412	3.827326
938	2	6.622361	-0.615952	-6.153740	1.498026	6.622684	-3.538651	6.256161	1.495849
939	2	-2.886798	0.446964	6.957258	5.725765	-8.560830	2.671816	0.235167	6.625325
942	2	-4.014358	0.534833	5.670135	6.844694	5.114085	-2.155084	6.039854	3.800907
943	2	-2.708916	4.047387	-7.758698	4.620723	5.750883	-0.140729	-2.544564	-1.164588
944	2	1.748005	-1.902079	5.968056	2.583506	5.597193	-7.670725	5.968621	1.997146
945	2	5.874697	-5.945781	6.359330	5.216462	-0.406074	0.178091	6.336907	5.309578
947	2	8.344414	0.613191	-3.879000	3.997696	8.489134	-3.813782	7.930835	0.471387
948	2	4.061491	-0.235196	4.785116	5.158441	-6.117755	4.719288	-5.374335	6.811427
949	2	-4.934279	6.409818	-0.630911	4.727669	-2.619590	1.650421	6.712405	4.064378
953	2	-1.566608	-0.496767	6.830983	1.497499	-7.821835	3.194164	-1.264302	6.409611
954	2	6.631486	-3.770179	7.296488	2.586133	-0.550566	1.887794	-3.952616	7.462172
955	2	-2.882261	6.572630	-3.904708	0.076049	6.196605	1.285677	6.354221	-0.179144
958	2	0.273287	-0.784533	6.784767	4.851040	6.483896	-3.110518	6.784779	0.530206
960	2	-3.624380	4.053519	-8.737540	6.283889	7.407513	0.526569	-8.676038	6.283835
972	2	-6.195948	7.127456	-4.485859	8.244112	5.792007	-2.981690	6.309038	4.450432
974	2	-9.585700	4.066034	-1.350366	7.258049	-4.278447	0.431215	6.824001	4.328309
981	2	-3.964676	6.353764	-6.155499	4.563692	6.543049	0.329137	-2.177856	3.167155
982	2	4.025465	0.893551	6.137019	4.118161	-0.852026	1.048842	5.912681	4.488505
983	2	5.440508	1.862640	-1.784518	5.981978	6.052364	-1.852293	5.925084	3.514909
984	2	6.697296	-5.525043	6.874546	-0.921533	-5.601999	4.702141	-5.637709	5.453903
988	2	-5.933073	1.986225	-9.073715	8.079250	4.592035	-2.844296	-3.293640	6.803322
989	2	-1.767565	4.134832	-4.429129	7.654036	6.698244	-0.626055	-4.427413	6.987521
990	2	-2.493459	1.889498	-3.949033	8.365236	-1.116078	-2.206636	8.177966	5.650253
991	2	8.400720	1.237534	-3.820511	3.491403	9.418337	-3.364593	5.632710	1.672873
992	2	-3.829310	2.341999	-5.765025	8.211466	7.023405	0.748495	-5.764905	5.357606
993	2	-4.278028	6.452716	-3.860596	3.031036	6.823925	-3.186271	6.479090	-2.274652
994	2	-2.336813	4.315040	-2.684902	5.908542	6.286505	-4.292977	7.852147	1.486611
996	2	6.614876	-3.123479	6.432088	3.469724	1.266436	0.537710	6.413239	4.948007
997	2	2.864417	5.317653	-4.894599	4.404752	-3.574627	8.194875	-4.894599	4.404788
998	2	6.191029	-5.247105	0.458978	7.464792	6.191029	-10.514075	6.663348	7.452287
999	2	8.702354	-0.770370	0.877017	4.318726	8.733398	-4.620631	6.919210	-1.455296
1000	2	7.102702	-0.673257	-0.190805	2.927867	7.103183	-4.475915	6.261661	2.465200
