25	3	2.653731	5.968181	-1.858269	6.528078	2.482855	-1.833925	-2.270109	2.656411	4.701109
28	3	4.894849	2.634562	-0.582773	1.233626	1.339585	6.180992	-4.660990	1.397884	6.188616
39	3	1.085003	4.978701	1.962836	-4.427577	-0.147022	8.225941	5.551002	3.485581	-2.322586
48	3	4.821465	2.032730	-2.577961	1.582722	1.240444	3.017157	-4.103181	1.240622	3.016872
51	3	5.914568	5.693617	-2.034767	-2.257699	2.273984	6.340215	-1.623945	5.802117	3.794935
58	3	6.787538	0.506865	0.571236	0.633044	-2.101279	5.799837	-3.436312	1.201567	5.474057
81	3	6.671820	0.771629	0.076137	2.077875	-0.327278	5.868053	-3.502204	0.204404	6.227056
84	3	0.249386	7.459572	0.197733	-5.999563	2.077248	5.597386	6.054920	4.701029	-3.557649
96	3	-4.595644	0.451707	5.277988	6.354185	1.643313	-0.887398	0.823755	5.474928	-0.948983
112	3	-2.635792	4.445995	3.696424	-5.702614	0.616292	5.331928	5.135629	2.365238	-2.762150
119	3	8.214142	3.067324	-0.485774	-0.577994	2.473341	6.521786	2.283156	6.278263	1.728746
134	3	-5.139197	4.012665	5.289027	1.300530	4.012346	5.289017	5.944868	-1.679768	0.319753
142	3	-5.155850	0.172883	6.353775	-1.995273	5.023491	3.045558	7.388507	2.212196	-2.659318
147	3	-0.488234	7.466575	2.679931	6.526901	4.672822	-1.498518	-2.283953	3.423046	5.520720
166	3	-5.899942	1.265279	7.265943	-0.486890	6.033564	1.960775	5.449559	1.956163	2.294906
169	3	7.020189	3.374548	1.334833	2.646998	6.429341	0.616800	-0.589964	3.702868	6.017875
170	3	2.455587	-1.652999	6.778297	-3.995792	-0.720302	6.784541	5.838154	-0.715287	2.415054
179	3	0.838989	6.711622	0.639374	7.202719	0.505548	0.711704	-5.072860	0.508285	6.293599
190	3	-0.821642	4.562599	3.565211	4.859159	2.392714	1.436952	-0.821642	-0.898362	8.360055
203	3	-5.162242	1.520435	5.668795	0.816945	7.281228	0.119441	7.306169	4.278003	-2.020567
205	3	-0.638721	6.624892	2.903127	-4.307179	0.417475	6.715741	5.955892	1.397768	0.249868
216	3	5.817958	2.872115	0.423040	-0.823783	8.890910	1.906906	-5.760407	3.706332	4.966054
257	3	2.514533	1.851506	5.196315	6.187562	3.736562	-5.822009	-3.908434	2.445361	3.559729
261	3	-0.617414	5.293842	1.413442	7.056345	3.076539	0.437530	-4.812604	0.288212	5.600966
279	3	-2.613105	1.012836	5.807175	3.427021	0.582201	5.249156	-2.613100	4.711715	1.523298
281	3	0.626216	6.200857	-2.062965	6.969732	1.574796	0.369976	-2.474483	1.784017	3.982425
290	3	5.242983	5.116855	-5.097350	2.740277	6.334405	-1.633228	-1.505686	0.296898	5.181025
305	3	-2.642254	-0.582791	7.691661	8.353480	-0.142211	1.280521	2.961630	-2.600849	6.313944
335	3	-4.667667	0.068267	8.141778	1.733750	5.240794	-2.072317	5.041706	2.871639	3.315863
344	3	-5.141938	1.658918	5.085360	5.021598	3.741839	-2.161603	-2.328887	7.314485	-1.340936
352	3	6.543997	3.451948	0.534892	-4.845676	1.245875	8.002189	1.292981	5.786149	1.838373
354	3	-0.915771	3.119364	4.122099	5.829791	2.002267	-1.004407	1.707440	8.080204	0.274723
377	3	5.669192	3.882003	-1.702571	-4.838002	6.860226	0.125941	-5.974009	0.839386	6.486857
378	3	2.458476	-0.526050	7.581988	7.443716	2.659906	-2.589269	-3.519652	-0.093080	7.606671
395	3	-1.212929	3.786213	0.439100	4.879418	-1.305499	1.192192	-2.474660	-2.210200	6.730314
396	3	-6.342335	3.142723	5.884662	3.965673	7.144950	-1.062776	-2.665748	8.866118	1.705320
402	3	-2.656972	0.623039	6.197635	-1.987233	7.257415	0.078016	5.292228	5.525057	-2.808059
403	3	6.547367	-2.206701	2.115280	1.445750	0.156826	5.586079	-4.472601	0.478370	5.584881
409	3	-5.014092	1.711744	8.033895	-4.883776	5.844231	2.114141	8.066161	5.844751	-3.932210
424	3	0.611771	5.126220	2.201041	7.028423	1.659937	1.276432	-2.554876	1.941648	6.867821
429	3	8.244062	3.640176	0.205677	-4.548548	1.528219	7.771703	1.998428	7.989217	-2.695016
439	3	-6.054817	2.539055	4.770890	-0.275167	6.432842	-1.400306	6.240095	-0.053051	1.187461
440	3	-2.486363	2.167474	5.811042	0.135062	7.059034	-0.299065	5.687920	3.641452	1.445899
444	3	6.864662	-0.466939	0.706133	1.163254	6.105417	0.072428	-3.356720	0.970346	6.148441
448	3	-0.684952	6.961505	-0.330496	5.503651	3.517404	-2.884529	-4.034131	1.132489	5.747557
449	3	6.355627	-1.960634	2.643996	-4.869892	2.560683	6.128750	0.873296	8.581821	-1.138203
464	3	1.186333	7.963237	0.411039	-2.071282	3.193496	5.934270	5.391068	6.061288	-0.844733
468	3	6.151641	-2.751094	-0.421500	-4.098975	-0.561932	5.401054	1.466808	-0.555698	5.371103
470	3	-5.221419	-0.089050	6.280355	0.762818	5.881235	-2.551686	5.761027	0.449172	1.467998
474	3	5.120529	0.691334	-2.021754	-2.734391	5.766073	-1.015518	-5.373713	-0.080118	4.183412
488	3	7.886555	2.215048	1.830000	1.721396	0.215098	5.847034	2.147094	5.790889	1.338016
490	3	-3.132643	3.446243	4.952637	0.541768	5.945380	1.504361	6.270152	0.737889	1.345562
496	3	6.835903	5.593921	-2.752632	-4.058472	2.664635	5.404528	0.816825	5.272545	3.564024
504	3	1.925611	5.713277	-0.670582	6.855141	1.497149	-2.067082	-1.177395	-0.079583	5.495573
514	3	-3.059124	-1.124107	5.446073	1.011588	4.532445	-3.436618	4.616961	0.338391	-0.798161
516	3	-2.700346	-0.115979	5.252469	-0.216579	5.029031	-0.785753	6.110957	0.517223	-0.270191
523	3	-5.027491	3.677753	6.270112	5.861422	2.194415	0.931866	-0.212331	6.381011	2.976353
536	3	6.308009	4.737089	-1.330383	1.651085	6.415319	3.248080	-1.011423	2.275128	7.952885
567	3	-5.618594	1.565365	8.257161	0.293304	5.607955	2.388263	6.312339	4.889276	0.244275
574	3	-0.883304	8.186727	-1.434591	-6.106145	2.004625	4.701752	5.490397	2.426724	-1.657232
598	3	0.592104	6.441826	0.754320	7.437206	3.345553	-2.677848	-2.683622	0.678293	6.602802
609	3	5.907306	3.154360	0.326204	0.785379	0.310733	7.258235	-4.152760	0.323664	7.261931
612	3	5.423955	3.825116	0.105436	-2.090617	0.951166	7.097262	-0.249056	5.940976	0.911486
616	3	8.595459	3.794074	0.198342	-2.829170	4.303121	4.038668	2.346722	6.122093	-2.343276
626	3	4.054523	4.263824	0.297599	-1.426967	5.974070	0.450757	-7.627204	2.571903	5.387352
631	3	-3.960741	2.652376	5.036295	2.176889	2.724825	4.944495	6.223103	-1.980089	2.620225
648	3	7.670921	2.515734	-1.163979	1.573047	8.386400	0.682892	-2.933598	2.437066	5.309110
650	3	-0.135934	6.767901	-0.204779	5.984806	4.434893	-2.908304	-3.712249	1.092735	4.362717
659	3	-4.083867	-1.791059	5.368075	5.551870	-1.923854	-0.623086	-0.547071	4.163951	1.848219
666	3	7.514135	-0.065222	-0.151487	1.556630	-0.756113	4.182496	-4.281291	0.977036	5.760872
683	3	5.768947	2.229606	0.173761	0.659821	5.447446	-3.918209	-0.583731	1.590806	4.686487
684	3	-6.043339	1.679377	5.220315	5.804526	3.690067	0.202474	0.765340	7.545903	1.170319
694	3	-1.063708	6.482911	-1.600070	4.305099	2.624292	-2.447214	-5.970736	-0.013485	4.578081
712	3	-2.746241	2.093874	4.960786	6.812338	1.391590	-0.105848	1.779190	4.902905	-1.033219
731	3	8.033997	0.673300	1.636696	3.809170	-3.267127	6.971019	-0.531582	-3.190680	8.081973
740	3	-1.838118	8.196277	0.852496	-6.048837	1.919743	5.625282	4.670064	6.526749	-0.868215
743	3	-5.420835	2.275317	4.864984	6.923398	2.550117	-1.472599	0.961058	8.198203	-0.903823
766	3	-2.949434	0.236009	7.177160	-0.062388	4.545070	1.242008	6.063834	1.245936	1.644280
768	3	-3.533666	1.741224	7.398387	5.769665	3.868137	1.428146	0.259965	6.814796	2.022620
782	3	-0.473104	6.860250	-1.230694	-2.450413	0.727738	4.241799	5.723949	4.455693	-6.431798
828	3	-5.059135	0.980370	6.076390	1.431419	6.241421	1.438991	7.960543	0.840441	1.351715
845	3	-8.780268	2.316609	5.633627	-2.880323	6.531958	-0.144245	3.481652	5.585761	-2.693498
846	3	-3.789774	3.258907	4.576212	6.525077	1.147576	0.863176	0.537311	7.833997	-0.066605
853	3	0.246003	7.888869	-1.112151	-3.583708	1.383170	5.118854	4.996425	6.731645	-5.555913
854	3	-5.849977	2.205916	6.881051	-2.572033	5.400510	2.346846	3.649002	4.831214	-0.357416
880	3	-4.224567	0.199487	7.612192	6.367985	-0.059274	1.727221	0.912972	5.968112	2.317749
884	3	-5.543985	2.178326	5.982049	5.998912	-0.237611	0.764965	0.976292	4.865942	1.313488
887	3	5.256080	6.894364	-4.331151	-0.664615	8.863298	0.671463	-3.772473	2.952571	5.584317
903	3	-5.887020	-1.102568	6.953131	0.295080	5.398106	0.628385	6.272189	0.314953	1.578247
904	3	6.011533	2.826538	0.036620	-0.730001	7.563088	2.877647	-4.448148	2.060904	7.436369
917	3	-1.274242	7.092219	3.494171	5.688304	2.415003	-1.116694	-2.612576	2.424818	5.491264
925	3	-3.884897	0.706283	5.913725	-0.467534	6.664392	-0.545555	5.653145	1.587404	-0.053901
941	3	1.920859	6.054288	1.451934	-4.249626	0.970042	6.466176	4.805514	-0.343780	2.902149
945	3	-1.529434	0.506725	4.152192	-0.335384	5.381632	-0.238223	6.348349	-0.494887	-2.268527
949	3	2.282708	6.108143	0.658339	7.255429	0.783925	-3.353636	-3.042056	-0.187621	6.049080
957	3	7.102562	-0.784557	-0.340685	-1.686319	1.590718	5.846406	1.075519	4.940154	1.173609
961	3	7.443276	-0.753148	-0.898825	-1.096535	-0.271859	4.123453	2.142219	-0.597052	4.021637
977	3	7.464115	1.961201	-0.144137	-1.491293	2.050382	4.912490	2.974998	1.091464	5.113244
993	3	-0.861746	6.664297	-2.449847	5.441496	3.651565	-1.177852	-7.177610	1.381056	3.917656
1007	3	5.125041	1.517621	2.276631	-6.632169	0.183585	6.789634	0.291595	6.717946	-3.843003
1009	3	2.274585	6.254089	-3.876660	7.263202	4.148258	-6.535836	-1.462465	2.120590	3.454157
1012	3	-1.020355	7.456888	0.384411	-5.042907	1.384107	6.917843	4.918058	4.275226	-0.773531
1015	3	-6.285343	-1.491989	6.202847	5.448235	4.486909	-6.380469	-0.191646	4.781791	-0.148206
1019	3	7.558528	1.783055	0.291378	2.337681	2.626309	5.811217	-3.486837	2.921271	5.771844
1069	3	6.189454	2.390160	-0.844347	-1.230876	8.523030	-0.025452	2.978334	0.559837	5.395463
1076	3	-4.268849	-0.598609	6.651953	-2.355310	3.654358	3.693164	7.697607	1.053840	-1.327189
1089	3	6.461950	5.777114	-3.507818	-5.816297	2.212518	6.534039	5.973139	0.634981	3.129759
1096	3	2.587242	-2.727849	5.715172	-2.974756	-1.842172	5.947942	-1.505795	3.942551	1.272419
1110	3	-0.417185	6.648613	0.612940	5.780510	0.949219	-0.029338	-7.026585	1.446749	5.652155
1125	3	-6.040990	7.389453	0.585003	5.524797	5.435697	-5.784591	-6.047158	0.796923	6.652268
1138	3	-3.891314	7.405556	2.935699	-6.788604	1.579254	5.531505	5.433628	2.142912	0.853228
1157	3	6.272623	-1.211653	0.224640	-1.849735	1.109008	5.716570	3.409178	-4.954680	5.686400
1165	3	-5.927489	2.696751	4.975620	-4.150975	8.563803	0.901632	6.730558	6.025995	-2.839398
1173	3	-0.552855	6.397606	0.258658	-2.453432	1.041984	6.727034	6.005463	0.788255	0.401969
1186	3	3.336456	-0.930659	6.356449	8.210048	0.992765	0.953398	0.987712	-0.122030	7.382224
1189	3	-5.686569	0.932478	7.002286	-0.021722	7.105102	0.743199	5.887520	3.728755	2.167819
1205	3	4.845366	0.320679	1.250553	-5.580425	0.976383	6.711901	0.877181	6.290370	1.032386
1223	3	2.943931	-4.491564	6.389773	8.282645	-3.669597	0.532318	-3.058097	-3.796923	6.503484
1231	3	-3.931894	0.187108	6.151229	5.136298	4.889822	-5.980855	-0.153571	6.442173	-0.314308
1232	3	6.773217	4.036599	-1.175364	0.769068	8.015981	2.739488	-0.304509	4.110882	4.803936
1233	3	-1.339617	5.041462	-0.794624	-1.939838	2.061771	2.572987	4.933243	3.286912	-0.786509
1249	3	0.833179	6.916846	0.643493	-5.283992	0.876257	6.516457	5.645056	4.815387	-0.968508
1258	3	0.405186	6.420003	2.403764	-4.093089	2.621045	5.302840	6.512513	1.315528	1.463188
1270	3	0.653051	4.566291	1.341378	-5.691079	2.172392	6.577801	6.376854	5.569791	-2.641372
1274	3	0.302031	1.357007	7.519033	6.441692	-1.343214	2.408086	7.192137	2.854896	-2.820801
1285	3	-0.041639	-1.623830	6.461594	6.036546	-4.726783	1.625498	4.361804	-8.104918	4.945754
1291	3	-3.699422	-0.394661	7.593602	-2.481160	4.399652	1.340373	4.335812	2.698926	0.320415
1293	3	-1.352070	7.421293	1.441823	5.947441	4.874838	-2.308865	-4.999423	1.377710	7.101745
1295	3	-4.735260	-0.084714	7.155120	1.293801	-0.143697	7.155366	6.749067	-2.283699	1.540927
1323	3	8.049821	1.024712	2.768027	2.947009	0.582694	9.099368	-3.251647	0.925304	9.129521
1335	3	1.250919	4.439387	-0.074090	-1.979936	-0.169188	5.428992	5.590532	3.161582	-3.722950
1340	3	-5.231668	1.708274	5.557255	-0.748695	6.404506	0.880296	5.994067	2.668929	0.130088
1357	3	-0.514426	6.192164	2.803056	-6.235111	1.112764	6.513426	6.571611	0.069163	1.850565
1395	3	-4.379658	9.213334	2.183355	-8.943090	2.605394	7.144833	2.636622	9.076740	-4.266641
1411	3	1.719438	3.331473	-6.344878	5.757700	2.924680	-6.359543	-3.871780	0.821797	5.500006
1421	3	-4.924639	-0.192351	6.433291	0.850098	5.784176	1.614021	5.016180	3.949329	1.547238
1438	3	5.729123	5.416330	-0.472046	-0.049404	7.184775	1.281354	-3.974699	0.905459	5.467113
1447	3	-0.140820	6.121770	-0.959009	-1.935023	2.436255	5.435047	4.687329	4.198390	-4.144346
1454	3	-3.684587	1.383427	7.294240	-0.111050	7.669090	1.216829	5.888774	-0.561145	2.960855
1457	3	-1.948096	6.451305	1.861680	4.056260	3.218889	-1.362976	-8.313617	0.013608	6.897210
1470	3	8.061024	0.536846	1.372116	8.061451	2.107622	-0.347972	-1.004912	-2.307011	7.647545
1480	3	7.171555	-0.900273	1.972246	-5.351526	-0.708284	6.297351	0.878616	5.283466	0.906519
1484	3	-1.322421	2.017249	4.375642	0.552724	5.571796	1.414503	6.179172	0.434297	-1.482693
1506	3	4.659899	-3.657956	0.432871	4.674137	1.462239	-2.128377	-4.332674	1.167563	4.053644
1510	3	-4.523707	-1.270743	5.902878	5.191070	2.084055	-0.075103	-1.260179	4.449689	1.092912
1514	3	-4.142556	1.525865	7.246553	7.276533	3.013539	-0.698292	-0.262025	4.660774	3.636179
1529	3	1.334177	4.952385	-0.614429	7.974371	1.137623	0.201642	-4.034387	0.209562	4.835439
1549	3	7.757990	2.942742	-1.215958	-2.149805	1.839043	7.555037	7.757852	1.544212	0.961610
1553	3	-1.569193	7.905292	1.613416	-4.370428	1.938539	6.319197	3.707515	7.628255	-2.296086
1560	3	-2.718835	0.497206	6.218370	7.566849	2.198128	-0.629562	-1.257824	6.181333	2.908046
1573	3	5.548927	3.872612	-1.464937	0.521868	5.886601	0.463045	-4.801534	-0.449224	6.463350
1575	3	-0.384652	6.886128	1.123269	5.918865	0.787606	1.722181	-6.740834	0.597250	7.313994
1597	3	3.608908	5.188990	-7.084849	-4.317873	3.209738	3.860689	-2.989399	6.618441	-2.096962
1607	3	6.949770	0.875946	-0.733642	-5.154458	-1.569900	4.974702	1.278218	-1.570283	4.972795
1608	3	6.950675	1.300873	0.884174	0.778444	6.859949	0.425702	-4.637301	2.615002	5.645401
1651	3	6.072335	-0.476482	2.309191	-5.785443	2.111387	6.574520	0.695942	6.101256	-0.052896
1663	3	-6.078786	0.534545	5.843087	6.762910	1.087275	-0.590343	0.432647	6.974976	-0.622193
1671	3	-0.285089	6.681497	-0.421888	5.568368	4.123167	-0.774384	-6.922519	1.243387	5.581404
1681	3	6.644270	1.141319	0.140614	1.030933	5.028674	4.067448	-3.070363	5.306514	4.036858
1693	3	6.982343	0.944861	0.495123	1.585451	4.876965	-3.165990	-2.267893	5.236303	2.479561
1701	3	6.429726	0.927786	0.158239	2.027559	6.963317	2.083519	-4.133870	0.603207	5.782930
1706	3	-5.255514	-1.241841	6.990814	6.448861	-0.022216	2.402456	0.136248	5.356527	-0.081459
1708	3	-5.904787	0.295082	7.644281	5.439739	0.162521	1.761921	6.600700	5.358094	-4.599565
1730	3	5.761972	1.676724	0.767679	0.804863	6.328911	1.823482	-5.114791	0.049298	7.471435
1739	3	7.095288	4.440256	-0.895211	-2.996504	1.879437	5.945185	1.359520	7.181137	0.846577
1752	3	-2.850007	-0.270254	5.635097	8.775487	3.490615	-1.734027	6.165437	-2.405721	3.683438
1768	3	-5.668150	1.069357	6.365727	-0.911947	6.771370	0.139874	5.389774	2.233405	0.087022
1780	3	5.287727	4.085337	-1.644844	-1.573244	3.023016	4.464912	0.499935	8.010954	0.817725
1798	3	9.598750	2.943085	1.306738	1.891739	0.969151	9.102151	7.899519	-0.669477	3.717627
1813	3	0.499955	0.996558	7.184334	-5.911348	0.986322	7.206649	6.201785	0.278644	0.995480
1815	3	6.859074	0.300611	-0.328975	-0.067723	6.027094	2.539551	-2.986730	-0.229020	6.246729
1820	3	-5.329466	0.634370	5.839711	-0.346073	6.144768	-0.619173	5.444034	2.053173	-0.040356
1821	3	6.755626	2.013815	-0.409244	-3.344071	2.927984	4.895028	2.222582	5.011514	-0.543386
1829	3	7.458036	6.387459	-1.920890	-2.440905	3.176569	7.282506	2.158003	2.862354	6.984922
1837	3	-0.531986	6.163810	1.645950	5.462835	3.659774	-2.224837	-6.046546	1.770438	5.966226
1839	3	6.491156	1.048025	0.841515	-5.295493	1.600267	5.634718	0.256686	5.748127	2.082707
1848	3	6.373175	-3.533632	2.875970	0.787402	6.592291	0.377105	7.491066	1.509765	-4.123549
1854	3	-0.936524	6.271796	-0.031793	-3.371809	1.034690	5.774271	5.410483	4.933029	-2.815181
1856	3	-0.138537	5.928668	-0.573454	-2.727130	-0.084321	4.238671	4.978266	-0.634737	0.655383
1857	3	6.493206	-0.041248	0.367183	0.644821	0.633237	5.941665	-5.872531	0.502184	6.082785
1867	3	-1.310749	4.891968	2.560536	5.892373	2.459956	1.020930	-2.587437	1.237666	6.275130
1868	3	6.898867	-0.129635	1.824451	6.910359	5.850714	-2.899692	0.954254	3.013780	5.661249
1884	3	-2.029483	2.087618	5.126824	6.704455	3.711864	-0.914940	1.389744	6.914796	2.286098
1906	3	4.490256	3.337292	-1.292530	-0.020306	7.525190	-0.475160	-4.770818	2.490996	5.297699
1912	3	0.297333	6.413926	-0.648914	5.760119	2.305948	0.753057	-6.154017	1.905491	5.381390
1913	3	-2.855056	0.674019	6.338735	-0.031066	6.516513	0.330292	5.795941	-1.045315	3.181411
1920	3	-2.333324	1.125376	5.298905	7.245080	4.534681	-3.510080	7.187460	-1.254072	2.078084
1944	3	-1.183927	-0.802204	2.984036	0.502814	5.508156	-0.872940	6.162029	0.022110	-2.777629
1952	3	6.401043	2.096364	0.792298	1.642635	3.052254	4.532815	0.429189	2.108974	6.038322
1959	3	-0.706345	6.203321	1.248473	5.562011	0.891062	-1.733604	1.507633	6.073419	-0.730575
1972	3	-5.461782	-1.327762	7.354357	6.246704	-1.133769	0.996522	-0.908282	4.926045	2.476494
1984	3	1.815461	5.314192	-1.810956	0.658179	1.567292	4.103937	7.473406	0.621493	-1.823477
1990	3	0.128466	5.855632	1.041157	5.934680	-1.007482	2.308469	-2.167303	1.457575	5.273803
1991	3	0.878767	4.920449	3.365614	7.915710	2.682650	-1.172755	-0.286536	2.056756	5.391203
1998	3	-2.434273	5.009404	-0.253013	3.691121	4.197247	-0.680633	-7.311347	-1.307696	5.676294
2018	3	3.915959	5.986452	-4.919557	-2.566824	7.795160	-0.155252	-3.590456	1.611032	3.345433
2025	3	6.765453	-0.752102	0.235942	-5.086326	2.344719	6.328139	0.266711	4.693505	2.393560
2046	3	6.344947	5.798848	-0.953604	-1.164023	6.395905	2.369771	-3.987325	1.554175	6.386218
2049	3	1.366638	6.679784	0.883882	-4.765291	2.013041	6.547371	7.383570	0.780343	2.046345
2055	3	-3.347420	0.221158	8.716577	0.750048	6.439459	2.236983	4.742941	3.967792	-0.894203
2065	3	-2.796723	4.250163	1.528334	2.750939	5.971789	0.502349	-7.747292	0.785658	8.006107
2070	3	-0.695854	7.217418	-0.153983	-3.933416	2.693889	4.299317	5.808647	4.653064	-3.750096
2090	3	-4.623601	0.918508	5.482145	1.104655	4.818984	-0.732570	7.369790	2.086627	1.535938
2105	3	-1.338618	5.744719	-2.755164	4.660605	0.806389	1.282306	4.773662	3.081800	-1.760103
2112	3	7.075738	-0.362877	2.718982	1.575246	1.049103	7.946225	-4.878708	1.049343	7.947380
2138	3	-1.796600	1.173940	6.351190	5.097493	4.328111	-0.005838	-0.935356	6.442048	1.850344
2155	3	-2.753154	1.901911	7.071917	5.974927	4.024025	-2.511826	-0.172001	4.990558	1.994547
2156	3	1.080788	5.237194	1.883184	7.659906	-0.332896	0.784615	-4.529232	2.000211	6.695780
2176	3	-5.957348	2.391351	7.751719	-5.868592	5.088198	3.682380	4.805210	5.016820	0.356773
2207	3	-0.157055	5.489732	0.921487	6.058601	1.757277	0.122408	-3.951537	1.398544	4.708234
2208	3	6.810364	1.476026	1.343181	1.121433	1.395543	6.008057	-3.399894	1.468042	5.996333
2257	3	0.429370	6.706862	1.045291	6.527767	4.269832	-3.610499	-2.795814	1.684351	6.525790
2260	3	-5.194781	-0.827444	8.077640	1.374649	5.348713	0.688647	7.013900	-1.698612	3.070983
2263	3	1.718734	-1.473478	4.287082	8.265232	0.960996	0.596737	0.174179	0.385038	4.453548
2269	3	-1.621440	1.223227	6.544195	1.087079	6.297561	1.174460	7.676212	1.789539	0.464034
2271	3	-7.457873	2.039837	5.571553	-1.491337	6.985322	0.896009	4.300976	2.247820	1.808734
2293	3	-2.424031	5.654081	1.902949	-4.421562	2.341216	4.696817	3.845879	5.273284	-1.363293
2307	3	-3.724466	2.021686	6.986166	-2.908864	6.309025	2.185049	6.297860	0.748364	0.626927
2310	3	-0.507727	7.266397	-0.904511	5.485007	1.378362	-3.166237	-2.495188	0.806449	3.044050
2335	3	-1.767639	3.173730	2.826704	4.495930	0.428255	3.279582	5.402283	3.592253	-2.220896
2339	3	-5.834026	6.964002	-0.385025	1.752691	6.316221	-1.108765	1.695215	6.356909	-1.092771
2344	3	-5.158082	1.476588	6.256751	0.173557	6.376723	1.468072	6.063506	4.465591	-2.833232
2354	3	-4.802072	1.447145	6.132360	5.590767	3.178488	-3.735343	-0.273510	7.857131	-0.062901
2359	3	-3.227927	5.819641	0.552352	-3.275742	0.779414	5.674878	8.003222	2.558429	-3.395225
2367	3	6.744754	1.035673	-1.068578	0.497501	6.755654	-1.032900	-3.266048	2.494803	4.989560
2372	3	-4.709248	-0.363930	7.112904	1.178165	6.176685	-3.321969	5.717689	1.486926	-0.200384
2380	3	-0.328412	5.576361	1.148192	6.061974	-0.915909	0.982027	-6.105924	1.526065	7.182156
2400	3	1.893045	4.536686	1.172091	6.800428	-0.805787	0.429160	-2.023421	-0.626422	6.130808
2416	3	6.432468	-2.185413	1.216193	-2.076839	-0.209923	6.665776	2.804946	-0.311026	6.454707
2419	3	-4.199879	-0.610431	4.838850	0.106366	4.964193	-0.653615	6.234690	1.864205	-0.377315
2421	3	-1.054024	6.188553	2.356335	5.020336	2.747435	-1.468325	-1.375394	0.707511	5.033637
2422	3	-3.558878	9.435091	1.061198	5.430081	4.827506	-3.110063	1.595639	9.452546	-2.752606
2426	3	-1.584196	-0.237623	6.554119	0.384570	6.034831	0.869852	6.880360	1.673148	0.899140
2427	3	2.761775	6.274476	-6.053481	-1.983970	-0.147582	5.965840	7.063240	-0.272430	0.260118
2438	3	1.371329	0.946014	6.615602	6.629644	-3.856869	0.961004	-4.206566	2.151783	6.470009
2445	3	6.445046	3.249708	-0.606543	-4.201781	-1.587668	6.449276	0.125196	4.488122	1.186185
2446	3	5.991870	3.232056	-0.953998	1.047264	8.249782	-0.130040	-4.436585	2.187303	6.178669
2458	3	-1.122213	7.964492	0.928720	4.751341	4.415868	2.718671	-6.513751	1.865535	6.956444
2515	3	-4.217660	0.073969	5.492446	1.321130	6.349685	-2.605515	7.157789	0.775412	-0.893914
2536	3	-2.175762	7.003700	2.596264	-4.455924	0.516684	6.431073	3.797591	6.192446	-0.860749
2557	3	0.025236	6.723717	0.797515	6.504559	0.279039	0.905306	-6.468595	0.914419	6.595345
2563	3	0.700135	5.077262	-2.038111	7.106707	0.358214	-0.646952	-1.069840	0.285570	4.467139
2582	3	6.629865	4.780228	-6.483929	-1.565802	1.367239	5.193065	-0.042456	7.558481	-0.957897
2583	3	0.472629	5.804109	-2.013509	-2.897683	-0.093916	6.619352	4.971034	1.304734	2.553428
2594	3	0.630804	7.016140	-2.576351	4.861597	2.031061	-0.286778	-2.360255	6.808815	1.086689
2610	3	0.563382	6.155142	1.094848	6.426827	3.766094	-4.367312	0.155227	0.048908	7.695072
2630	3	-6.390508	-0.637393	7.349251	5.625313	0.706655	0.894180	-0.937255	5.867977	1.101842
2648	3	-4.975632	-1.051936	6.808708	6.016557	0.904979	2.086980	0.097938	4.906754	1.300722
2650	3	0.803693	5.228276	0.133023	6.057541	1.260366	1.030903	-0.329347	-1.202261	6.553089
2652	3	6.861632	2.618573	-0.441506	0.844063	7.918555	-0.083201	-5.427603	1.998779	5.550085
2679	3	-5.021866	-0.997532	7.264687	7.262947	0.267715	1.106802	0.462365	5.120335	1.956127
2682	3	1.186691	5.743277	-3.483041	5.851800	0.051271	-1.758905	-1.812154	-0.130685	4.728484
2685	3	-5.051928	0.609258	6.730907	-1.309082	5.383600	3.954255	7.163967	1.505593	3.087007
2696	3	6.362506	2.974690	-0.492676	0.486697	5.175636	-1.307930	-2.653353	2.021399	5.301143
2699	3	5.172557	-0.845335	4.779015	-0.889921	0.531255	6.337345	0.797000	6.518268	0.707886
2702	3	-3.877079	1.231190	3.137589	6.787540	2.224979	-2.844280	6.753544	0.304030	-0.284711
2704	3	8.133985	0.733549	-0.881793	-4.492275	5.895430	3.838789	-4.539753	1.008553	5.585171
2717	3	6.707860	-0.949831	-1.067730	-3.951667	1.581085	4.838344	0.187502	5.309121	-1.754338
2721	3	-4.334403	0.313489	6.036272	6.301191	3.386378	-1.288533	-4.304951	5.793469	1.600140
2730	3	-7.351028	0.496776	7.169780	3.155552	2.767175	-3.213626	-1.559237	3.995829	1.603834
2752	3	6.002245	0.724901	1.419948	0.866287	6.460996	-1.701005	-3.102683	1.815638	3.907048
2763	3	7.823177	1.865701	-1.293645	-2.663106	5.092903	2.135526	-3.181855	1.055988	6.491374
2765	3	-0.074869	6.659672	3.244047	6.660673	4.822293	-0.339854	-3.973508	2.767827	9.174775
2771	3	0.655985	6.775082	0.550169	-5.505897	0.599568	7.149962	6.939512	0.553629	1.538219
2772	3	-1.133283	6.629725	0.350615	-3.348210	0.358400	5.207405	5.300256	2.855803	-0.296797
2777	3	-7.990928	0.292475	5.954516	-2.956239	4.602627	0.731742	3.072593	4.486892	-1.121554
2788	3	-4.490248	-1.907227	6.100527	-1.237710	4.454673	1.119944	5.201553	0.583917	1.171552
2791	3	7.572846	-1.247500	1.019545	-2.442339	-0.916486	7.336664	0.997048	4.477146	1.488396
2798	3	-0.876941	5.812241	1.068359	6.187282	3.454413	-2.910135	-3.323002	-0.547536	6.127305
2800	3	-1.451273	7.708661	1.173948	-4.008638	2.861842	3.522971	4.840599	4.299475	-2.562109
2806	3	-3.415287	0.162134	5.818699	9.163809	5.024977	-4.497317	2.373680	-0.139550	5.675235
2822	3	-6.627882	2.923529	5.459724	5.536427	0.309067	-0.009064	-0.193542	6.630181	0.081428
2825	3	6.498121	-1.396130	-0.146340	1.289725	3.888353	2.978683	-1.963442	-0.615354	4.318660
2854	3	1.793444	-0.241039	6.476504	-4.115570	1.287444	6.424934	7.348969	3.110840	0.864476
2870	3	0.363871	8.357408	-2.148555	6.779293	2.823596	-1.653468	4.211672	0.735389	4.037879
2908	3	2.887190	2.375013	3.372349	4.690682	0.560116	1.862257	-2.707831	-0.614613	5.616919
2911	3	-5.855786	0.113365	5.328347	5.616573	3.376689	0.454771	-0.930933	6.041771	2.850765
2920	3	5.932977	1.079214	1.710504	0.370212	7.528330	0.481938	-5.293962	2.255566	6.024099
2926	3	2.385949	6.504071	1.068758	-3.892574	1.329701	7.318216	6.373470	4.017637	-2.599321
2940	3	-4.854850	0.349713	5.429343	7.133007	3.185324	-0.344925	1.153421	5.514295	0.069870
2954	3	6.939723	-0.525640	1.347729	-1.182577	-0.742105	7.807763	3.213744	-6.398883	7.564585
2956	3	0.171907	3.639066	4.341261	6.497347	-2.667319	3.941341	4.119121	2.600982	5.425681
2977	3	2.994950	0.479480	8.084622	6.351854	4.142224	-4.508847	6.280119	-0.616269	1.727929
2985	3	4.461788	1.089416	0.028257	-7.590842	-0.362951	6.242686	-1.432162	5.527831	1.254802
2990	3	5.338930	4.487042	-0.308952	0.646367	0.159453	7.550931	-5.338417	0.302947	7.521035
3012	3	-3.047681	1.035422	6.858342	3.101083	0.749904	6.742949	6.036977	-0.072186	1.082920
3023	3	-5.316768	0.418957	6.476724	0.169386	5.865733	0.617981	7.061496	4.098102	-5.221088
3024	3	-0.151823	5.964564	-0.571724	-4.660736	2.600005	5.036249	5.836107	3.332906	-0.951179
3046	3	0.856331	5.286181	1.044197	-0.915819	1.767739	4.814907	6.049677	2.732229	-1.801985
3051	3	-2.289877	-0.003208	5.582380	6.863050	-0.307053	0.391206	1.331714	5.503749	2.753892
3069	3	-0.650731	1.573925	5.806568	6.100221	-0.666439	-0.734864	-0.317521	4.917170	3.036580
3071	3	-0.786120	8.500465	-0.001746	-5.097012	2.132398	5.531887	5.421546	3.459682	-0.817471
3072	3	2.389652	-2.006021	6.131727	7.493682	0.710948	2.472809	-3.829653	0.095979	6.787715
3082	3	0.745586	2.161029	4.367198	7.398376	1.467064	1.489021	2.264870	7.131563	-0.759986
3087	3	-2.345284	1.010671	7.112567	-1.662417	5.390791	3.775500	7.099928	3.665683	-0.420203
3108	3	6.061019	3.086259	1.760822	-0.054904	6.213566	1.253135	-4.814443	3.038512	7.497310
3123	3	7.517374	3.589314	-0.784335	-2.749131	0.461471	6.012135	-0.888565	6.720213	0.090756
3133	3	6.462377	3.477253	-0.295749	0.840429	1.945707	5.530721	-3.291518	1.946105	6.879730
3139	3	1.311642	7.345479	-4.683382	7.915304	2.302663	-0.945157	-4.953585	2.973224	5.289389
3146	3	-0.862847	7.852016	1.795840	-5.981470	2.657795	7.382042	5.340512	4.444676	-1.687060
3148	3	8.057674	2.053078	-1.873135	2.106726	5.966373	-2.193279	-0.917379	3.193542	3.159809
3150	3	1.919433	5.528106	-1.433762	6.240871	1.434113	0.045594	-0.126475	1.753792	5.182234
3159	3	-2.283424	0.214179	8.285447	4.961786	3.316745	1.571232	0.480186	5.238355	-3.022942
3164	3	-5.399653	0.778579	5.997868	4.740473	2.958449	1.453677	0.134017	6.980269	0.550587
3172	3	-2.387657	0.891645	6.641936	2.498612	0.868772	6.611462	7.660033	-3.461608	0.556391
3182	3	-4.455865	0.259034	9.098671	-0.386009	5.276514	3.748178	6.017640	1.126503	2.863243
3202	3	-5.599330	1.296884	6.638939	6.805454	-1.528935	2.516950	0.289625	6.300189	0.081511
3221	3	1.414615	5.063157	-1.960421	-1.791900	1.261365	4.494682	7.095200	-1.069870	-1.753815
3228	3	-5.480865	4.070524	5.255073	0.527379	8.657624	0.421888	7.043438	3.412952	-0.275535
3244	3	7.277486	5.124060	-1.698903	0.580274	9.657261	1.611467	-2.755296	3.530599	5.846931
3245	3	-6.398223	3.565472	4.913395	-1.290850	8.689102	0.719263	3.400168	8.315600	-0.048883
3248	3	5.878299	1.804596	0.956208	-4.414387	0.244633	6.139528	-0.281599	5.885294	2.399519
3252	3	-6.092881	0.701450	6.407842	5.365216	0.488349	-0.141662	-3.040945	5.403537	0.741143
3254	3	-4.332047	2.175070	4.753963	0.675677	5.710252	0.109379	6.909683	0.448140	-0.006391
3257	3	3.744967	3.277530	-0.054631	-2.179218	1.824489	7.361265	-1.708721	7.693599	0.915318
3272	3	-0.398380	4.838228	0.654251	5.373786	0.970656	1.080310	-2.494071	-0.473167	6.264191
3286	3	2.523116	1.901089	6.239785	5.741982	1.491578	0.236312	-2.917459	2.033421	6.228659
3297	3	-1.188679	-0.138271	6.621667	1.755938	6.060933	0.179404	7.427375	-0.411093	0.306679
3308	3	0.834417	5.490685	-1.492474	-3.414852	2.110242	4.618094	6.068192	-0.709676	-1.105148
3316	3	-2.436111	1.332532	5.510972	1.442283	5.051929	1.771595	6.326567	3.283057	-4.455002
3323	3	-0.084027	7.324226	-3.577406	-0.834486	0.864856	1.609824	4.982637	-3.656436	-0.248557
3350	3	-3.700560	-0.057730	5.636955	-0.577997	6.334065	0.348164	5.046837	2.808224	2.254590
3381	3	7.182456	2.653212	-1.595498	-4.207271	5.913476	0.760342	-4.226143	0.676871	5.681172
3382	3	-2.307299	6.710140	2.004983	-3.843337	1.521604	6.133904	3.922353	4.801561	1.168647
3386	3	-0.009946	4.140801	0.958766	6.597160	0.489794	-0.681250	-0.088466	-1.367004	4.858277
3391	3	-6.386643	1.533819	8.412056	-0.603712	7.671274	3.285752	5.610581	2.943533	2.712181
3405	3	-4.381666	2.564020	5.571180	6.775950	4.541917	-2.043737	-2.643543	6.522865	2.275094
3408	3	0.702454	4.121420	1.375983	7.316334	-0.769355	-0.013887	-1.313571	0.994236	5.789746
3415	3	5.164680	0.042127	2.666555	0.002663	6.116876	0.522809	-2.953783	0.233368	6.792232
3420	3	4.081571	-2.517615	3.966633	6.969328	3.401413	0.681735	-0.152721	1.721365	5.425660
3425	3	6.687952	2.959246	-0.385648	-1.392804	0.916960	5.126108	-0.112259	4.342753	2.491929
3429	3	-6.083596	6.075446	1.370910	-6.117071	0.844067	7.236421	5.376457	3.811760	-3.699477
3441	3	0.333311	6.385579	0.464107	-2.751295	0.106806	5.428379	5.263908	4.432455	-2.175643
3443	3	-5.419187	2.810305	3.931932	0.048508	7.476469	-2.064752	6.131509	0.530524	0.605633
3450	3	-1.003924	4.991436	-1.695528	4.658178	2.037269	-5.464663	-3.223642	0.022676	4.003386
3476	3	-8.638418	-0.044734	7.966799	3.874181	0.224600	2.018986	-2.707223	5.037281	2.240418
3506	3	-6.973868	0.897695	6.288373	-1.303208	7.399033	0.187213	4.127471	5.723447	-4.346162
3508	3	-4.773528	0.689541	5.666552	-0.046070	7.321412	-4.867544	5.087985	5.310002	-6.611099
3510	3	3.089418	-2.914034	5.891527	6.355853	1.087149	-1.221607	-3.250414	3.330176	4.210349
3516	3	-0.476376	7.004638	1.276837	3.550118	5.453147	0.588821	-2.645435	1.247438	5.432236
3525	3	4.995345	4.806889	-0.473864	-7.624803	1.711115	7.326180	4.382683	2.889611	2.574400
3539	3	-0.322034	6.848241	1.088666	5.735642	4.997807	-3.606325	-5.513002	0.938978	6.955693
3557	3	3.467862	1.956350	6.196895	6.919740	-2.803909	1.477968	-2.405020	2.107036	6.194002
3560	3	8.288169	3.430962	-3.426092	-4.025099	3.116911	2.671245	2.385219	2.726135	2.872226
3572	3	6.109844	-0.225907	3.461804	-2.588843	0.477295	7.468690	7.291937	3.759279	1.324124
3575	3	6.504789	-0.281863	1.269161	-3.635278	2.193763	6.804765	-0.451351	5.117488	2.438790
3576	3	6.792925	-1.724840	3.247811	7.248719	4.039005	-1.649557	2.372225	-0.589305	4.710918
3589	3	4.358882	-0.149496	1.470906	-5.671471	-2.350674	6.368148	-1.037729	3.203613	1.124038
3592	3	-3.322088	7.404835	-0.059774	2.188228	6.762944	0.025707	-7.474482	1.858601	5.723936
3595	3	6.644288	1.539220	0.910613	-5.099354	2.030277	7.529339	0.011330	6.762318	1.176224
3603	3	-1.099194	6.444420	1.256984	-6.492714	2.173179	5.875745	5.058921	3.938209	0.713212
3614	3	1.522416	6.637733	0.809276	-4.880373	0.246009	6.248474	6.224733	-2.974997	2.615293
3616	3	-6.575625	1.802111	6.452591	-0.855529	5.913935	0.434639	5.712063	4.661069	-4.713438
3617	3	-0.775403	5.856620	1.287350	4.936788	-0.280909	2.447161	-6.759360	0.979975	6.620611
3623	3	6.669448	2.546665	1.518617	-2.154803	4.629393	4.610962	-2.161755	2.201888	7.839426
3624	3	5.393426	-1.385925	0.852438	-5.188251	-2.372455	6.413762	0.396687	3.282984	0.635273
3630	3	-6.218817	0.010052	6.074211	5.211290	2.378707	-0.062469	-1.990518	5.566850	2.969363
3633	3	-5.280881	5.900171	5.311895	3.708723	5.205176	3.268451	2.965945	5.920826	3.304110
3636	3	4.375110	3.337425	1.971508	-1.601216	6.487184	1.464910	-4.175433	1.709546	5.595250
3637	3	7.580481	2.479390	-0.256781	-3.380691	1.427563	6.614442	2.962621	-0.930811	6.443438
3639	3	-7.219404	1.919506	7.949761	-1.332851	5.778164	2.725200	5.734564	4.586804	-1.894166
3644	3	-5.765555	1.606855	5.033557	6.159472	4.146012	-4.676022	6.159411	-1.962564	0.147692
3681	3	-2.437987	7.241340	-0.251043	3.031473	7.212065	-6.304069	-7.991543	1.067762	5.425171
3688	3	5.490037	4.644473	-3.436763	-0.804969	4.576762	0.015043	5.460161	1.415081	0.910083
3689	3	7.265640	1.869408	-1.170569	-4.978837	2.520297	5.003493	1.598003	2.520225	4.993027
3695	3	7.335335	0.779247	-0.202414	0.876643	7.021460	-0.210937	-3.926513	3.126922	4.879193
3700	3	-2.452808	6.955670	0.172331	-6.541360	0.350284	6.741841	4.197193	3.562306	-0.224161
3704	3	5.521309	3.270361	-0.400250	-0.576268	6.804425	-0.258585	-5.679315	1.903350	6.830397
3705	3	-0.253673	6.853431	2.039219	6.351426	0.839882	0.886827	-6.074148	0.315738	7.244370
3711	3	-2.626047	3.252455	6.447164	0.130232	7.400004	2.394291	5.916221	1.463948	1.818020
3713	3	6.228278	6.370232	-2.094637	-5.229057	1.177537	6.094259	1.047078	7.218721	2.122612
3767	3	8.388128	-0.450042	0.780574	3.158528	-3.300102	5.744289	-2.526253	-2.523954	5.783009
3798	3	0.371572	5.156130	-0.419370	-5.502713	1.571076	4.462808	6.413755	2.752736	-1.315957
3799	3	7.069568	3.911071	-3.796215	1.363057	6.242719	0.748493	0.352902	3.630313	3.243856
3810	3	6.810651	3.741448	-6.135841	0.480215	6.058185	-2.072046	-3.335896	-0.194022	4.455592
3812	3	-5.261489	1.742765	5.332294	6.838055	2.807721	0.066127	0.492411	7.419827	2.030942
3826	3	0.253563	7.087667	0.231940	-3.986413	2.392416	6.765921	5.113734	1.139283	1.748641
3856	3	7.413980	2.845715	-2.738731	1.034375	5.365639	2.124356	-1.313888	0.913450	4.861940
3879	3	7.201165	0.976809	2.004669	-3.308798	6.012465	3.133707	-5.182484	1.628012	6.431098
3885	3	-3.797871	7.098358	1.666803	-3.800447	1.474269	7.195043	5.731928	3.872536	-3.636106
3899	3	5.688450	3.432884	-3.451192	1.057620	0.400233	8.698854	-1.830758	0.400974	8.713140
3902	3	-0.070572	7.490380	0.133001	5.221280	0.132377	2.746349	-4.546447	1.872856	5.172513
3909	3	-4.388023	3.115102	3.617151	-0.558140	5.783813	2.088546	5.996253	1.457384	-0.976861
3913	3	1.448117	7.018374	0.402341	-2.194042	0.885723	6.997340	5.451416	-1.187231	2.322441
3945	3	1.658765	6.863153	-0.405884	5.909207	4.406159	-3.353101	-3.338946	1.735758	6.180305
3947	3	0.369191	5.278461	1.465435	6.236046	0.763361	0.671957	-6.037639	1.258576	5.447934
3969	3	-6.408578	6.453009	0.056546	4.909360	2.788955	-2.126106	-7.072916	0.569710	6.659085
3990	3	-1.687957	1.956900	5.997863	7.052897	-0.446968	-0.303840	7.060521	4.514532	-3.598505
3994	3	8.326579	-0.435921	1.840461	-3.534758	-0.336018	8.140752	2.318876	-2.252398	8.121665
3997	3	-4.955696	0.694517	6.904848	5.380097	0.857124	1.001732	1.097184	6.634115	2.742516
4015	3	-1.766990	0.152892	6.595301	7.183886	1.580761	2.023006	1.136757	6.391734	1.970738
4029	3	6.840863	-1.061414	1.502223	-2.186482	-2.790420	6.007223	2.586116	-3.974905	5.716412
4065	3	0.048276	6.079890	1.034395	-2.704212	0.794503	6.216754	6.443543	0.860810	-0.251527
4071	3	4.848260	4.487774	-2.344006	3.045668	2.457031	4.950430	4.608743	2.608038	2.729298
4073	3	6.502031	0.410911	1.015470	0.215224	6.458524	0.989396	-1.866844	0.722549	6.085635
4086	3	-0.695446	7.347150	0.940298	5.822195	3.368426	-1.274516	5.681273	0.223697	3.371312
4093	3	-3.182650	-0.138977	6.235226	0.427415	4.774120	0.639709	6.801794	-0.541654	-0.253929
4094	3	7.111469	3.490951	0.659183	0.407293	4.779870	3.388687	-4.446968	1.223257	7.697152
4103	3	-3.598378	0.234236	6.071258	3.470098	0.521804	4.180280	8.531805	-3.141939	1.560261
4105	3	-0.940315	2.798772	6.500833	1.479619	8.930470	0.155772	6.116666	3.590179	-0.592110
4106	3	-0.956607	0.490174	7.612603	6.666193	-3.385015	2.043548	3.046778	-4.056169	7.516718
4127	3	7.731785	-4.273231	1.372171	1.263510	-3.569574	7.864329	-5.176963	-3.556863	7.944687
4156	3	-2.403184	-0.875972	7.173690	7.779828	-1.628074	0.787701	2.920782	-0.894538	7.001865
4184	3	-0.890635	6.762631	2.789231	5.156833	3.025226	1.074523	-4.885185	0.612015	7.244214
4202	3	0.707798	6.168622	2.439289	-2.082044	0.967895	6.742400	7.328362	-0.071195	0.632455
4210	3	7.355213	2.195157	-2.720595	0.978830	5.943944	0.385113	-0.933893	1.412445	4.779283
4219	3	7.123722	1.772956	0.379528	1.783141	6.168026	0.595643	-0.761725	2.665922	4.848316
4230	3	7.981274	1.116822	0.165741	0.992153	-4.127938	6.263818	2.968576	-3.710597	4.513594
4233	3	-4.356003	-1.535639	6.812263	6.600056	-2.592718	2.673484	0.986930	4.790484	0.993834
4244	3	-1.562808	0.943980	7.344351	-1.511276	6.003968	2.764441	4.849245	3.262528	1.604067
4256	3	-1.843911	2.381040	7.154335	3.401535	-1.577477	5.559138	6.861460	1.915601	0.609587
4294	3	-1.490287	5.130656	0.174873	4.842637	-3.425688	1.236281	-7.905203	1.117696	6.561452
4304	3	0.066845	6.132006	-3.097409	4.482044	3.360806	2.784140	-2.837862	0.649233	5.380355
4310	3	8.412779	2.842743	0.737467	1.989973	2.056116	5.164351	-2.557040	2.168266	5.621496
4329	3	-2.149732	7.020152	-0.105947	3.960190	5.780396	-1.416053	-4.796059	1.107481	5.659653
4338	3	-2.166371	2.369180	6.806681	-2.105524	7.206259	3.691959	8.468904	4.062962	1.216167
4378	3	7.269697	3.384310	0.749289	1.110383	7.021273	-0.470215	-4.342141	1.765189	6.769950
4383	3	6.319151	1.604577	2.000203	-4.132892	0.946209	7.309613	0.170194	5.912991	1.373918
4417	3	-4.001439	1.898371	6.149333	-0.665298	4.612970	3.796475	6.257975	2.401284	1.242937
4435	3	6.369013	-4.269917	2.507719	-5.630081	0.290112	7.360264	0.725243	3.961472	0.860257
4447	3	4.900103	1.029880	-0.552339	0.222867	6.777067	-1.176837	-0.988156	0.846565	5.005219
4454	3	-0.910509	5.941799	1.302389	-7.079195	0.274789	6.006943	5.657098	2.390386	-3.576405
4485	3	5.288000	-1.785764	3.972778	0.348048	4.757122	0.791144	-2.268819	-1.746431	6.794588
4491	3	6.939184	0.380786	0.603545	-1.593678	5.010468	4.491713	3.063229	-4.345159	6.793926
4493	3	-5.202319	-0.625556	7.970507	6.359095	-0.820879	3.129548	0.927226	5.962448	1.692018
4499	3	5.773586	-1.465308	0.680793	-5.336638	-0.826490	6.135130	-0.684167	4.759406	1.155155
4502	3	7.384886	0.045375	1.893488	1.415453	6.644337	-1.680077	-3.796353	0.450537	7.205864
4524	3	0.810829	4.618803	1.949700	6.718225	1.235804	1.141338	-2.925492	-1.157166	6.999791
4527	3	-2.297801	0.879217	6.555399	-0.630044	7.292799	-0.047376	5.485657	5.093741	-3.757198
4539	3	-2.216248	6.243922	1.632976	-7.335071	1.193322	6.001075	4.915157	1.160438	0.145330
4543	3	7.626604	1.738346	1.549964	-3.769538	1.002015	6.121043	2.859459	0.982689	5.259094
4547	3	5.810052	1.764169	0.429158	-1.460636	0.815393	5.135869	0.291097	6.181334	-0.605570
4568	3	1.889734	0.336895	7.254677	6.354844	2.568395	-4.847284	-4.325843	0.394297	7.260611
4587	3	6.613407	0.013747	-0.592239	-5.397314	-0.494267	5.292317	0.536174	6.069517	-0.999386
4604	3	7.184628	0.645461	1.735066	1.763508	6.378745	-1.862902	-1.630551	0.693375	4.229722
4608	3	0.155262	7.312985	1.783682	6.457621	0.768471	2.692098	-4.898299	3.286594	5.420141
4609	3	3.408926	-0.708064	5.234740	7.237104	3.948840	-1.850697	-3.043123	1.919396	5.683778
4613	3	-1.639024	6.912343	-2.499800	4.069531	2.432312	-2.796381	1.572245	-3.383346	3.895387
4637	3	6.156427	5.196823	-4.983969	-1.253465	5.329239	1.342380	-4.789743	-0.955585	6.929572
4641	3	-0.744613	5.778227	0.845754	5.253182	-0.043481	2.456307	-6.231451	-0.596978	5.193622
4642	3	5.969936	0.696928	1.170027	-4.007924	-0.181791	6.197495	0.932574	5.010125	0.069272
4649	3	-6.356854	2.315184	6.743073	4.314551	0.975035	1.962231	4.418671	7.291223	-4.393728
4654	3	6.275897	-0.962508	1.816711	4.568094	-2.436453	4.349747	0.429510	-2.754697	7.240621
4663	3	2.963261	-1.560844	7.305944	8.158325	-0.089011	-1.095018	-1.364253	5.360679	2.909195
4669	3	-1.215930	7.087098	0.848305	-5.198801	1.246672	7.218912	5.739949	5.405564	-2.548954
4687	3	-7.156155	1.688134	7.381092	-0.957034	4.993969	2.577277	5.729019	-0.578731	1.379789
4712	3	3.672135	3.755681	0.830790	-3.107773	7.521215	1.600523	-3.700093	0.922814	5.987013
4725	3	-8.310788	0.307748	7.812725	-3.922250	5.877467	1.674390	2.444085	5.630235	1.686088
4737	3	-5.033763	-0.470517	6.482386	-0.818302	5.623056	0.721447	4.447476	1.951186	0.890681
4745	3	6.943708	2.181596	2.138723	-2.945718	2.688660	8.465006	-1.493985	7.786847	2.968358
4760	3	5.805627	5.056247	-4.248735	1.939650	7.325353	1.016993	-4.731578	1.511095	7.358451
4761	3	7.566550	-0.057228	1.222297	1.856088	5.571127	1.188304	-4.616427	-0.587148	7.217736
4765	3	-0.655516	1.176708	3.452812	0.310323	5.554787	-2.277851	6.869671	-0.444467	-2.483302
4766	3	-3.476831	4.701206	3.640915	-6.029778	1.778934	7.833999	6.881543	-0.958593	1.497081
4773	3	-3.021985	0.541864	6.007692	5.843938	1.274488	-0.086201	0.167447	6.929225	-0.510644
4776	3	1.366952	2.703734	7.597146	6.083239	0.840886	3.209472	-4.982240	2.717211	7.591294
4781	3	-6.196483	3.225626	5.894901	6.262545	2.862290	-0.272547	0.110680	7.707869	1.021821
4784	3	0.504789	-0.800920	6.623616	4.064501	3.901623	-0.281428	-3.619816	-0.800928	6.653540
4799	3	-7.201736	-0.721379	6.392803	4.780058	-1.275238	2.730655	5.359634	3.666670	-2.023472
4807	3	0.423069	5.923710	0.537778	5.318512	3.202733	-1.980784	-3.929331	0.166805	4.641340
4845	3	-2.904497	1.401475	5.102735	3.517863	-4.249418	4.900424	-2.839034	6.366874	-0.457368
4850	3	-0.319118	-1.131703	0.654693	6.253542	-0.215343	-4.308482	-0.316707	5.005102	-4.395595
4854	3	7.336029	2.663172	0.532461	1.346876	5.592158	-0.338923	-2.396385	0.830870	5.887816
4868	3	-4.117954	-3.248117	6.855712	5.288030	1.484223	1.407635	0.863343	2.995407	0.394271
4869	3	-1.902318	3.145520	7.940681	4.368732	0.750283	6.574603	0.893686	5.387362	2.658869
4930	3	-3.987762	1.129015	6.763238	5.787815	1.696701	0.884706	2.496885	-4.662409	6.725517
4948	3	-6.955817	0.781595	6.452573	-0.636519	5.529041	0.016923	5.727579	-0.130507	0.369466
4954	3	-7.088082	2.938964	7.118557	-0.799800	6.221400	0.711223	5.251094	3.993142	1.250730
4963	3	-0.171542	5.562058	-0.916755	6.337864	0.399040	-1.431146	-5.389427	-0.084192	5.082864
4966	3	-7.375033	1.709240	6.738753	5.538780	4.365378	-5.768744	5.491900	-0.818891	0.780351
4982	3	0.388356	5.395983	2.158238	-4.857246	-0.024802	7.966313	4.816947	1.689277	-0.014419
4983	3	5.380768	3.583243	1.440507	1.563621	0.927592	6.691252	-4.129108	1.022472	6.706958
4989	3	3.940599	0.407454	2.571530	-2.820777	0.198542	8.426600	-1.839259	6.005511	2.321893
5001	3	-7.727026	1.693024	6.232449	-1.027545	8.037831	0.302663	5.201562	5.892439	-1.658724
5002	3	-2.740208	1.312967	4.227567	5.786961	0.638081	1.019439	-0.652985	6.992237	-2.284116
5034	3	-0.520955	6.295490	3.201143	8.545390	0.926603	0.778672	-3.391197	0.144453	5.959745
5044	3	-4.455490	1.909102	7.714106	-0.005881	8.361134	-3.286480	6.321844	-3.475684	1.329814
5052	3	-0.962294	7.830605	1.138542	-4.338374	1.257104	6.239590	5.906218	1.279835	-0.375837
5062	3	-5.676587	0.583139	7.728681	0.580197	-3.234876	7.727917	-5.676548	4.224605	4.047676
5074	3	-2.163801	4.201782	3.248288	-4.071842	0.162400	6.546211	6.618824	0.267111	1.510387
5114	3	-4.208881	2.930669	5.354511	5.550780	4.026914	-1.870794	-0.808143	6.221448	0.417020
5115	3	-2.710194	2.330909	8.123682	-2.254608	6.596770	2.516670	6.494310	3.599047	0.702299
5130	3	0.745942	4.012091	-1.345789	6.705394	-2.098602	0.315662	-2.742654	1.422385	4.905858
5155	3	6.093638	2.652408	1.754233	1.787564	1.782282	6.009228	-3.803652	1.806019	6.010798
5190	3	1.318779	0.772337	8.344017	7.408169	2.890799	2.338796	-3.737895	0.800898	8.344779
5205	3	1.346518	4.503371	0.714551	-4.895294	-0.150977	5.197758	6.275098	2.687193	-3.880248
5214	3	-7.075896	2.221074	5.166653	-2.859826	7.330319	2.272768	4.837726	3.275925	1.277040
5230	3	-0.047595	5.386415	-0.419156	-3.388522	-0.868936	5.796773	6.113255	4.424106	-3.208337
5235	3	5.084066	1.784975	-2.182169	-1.384390	6.440030	0.289846	-7.148205	0.371950	6.476890
5242	3	-5.755499	-1.192442	6.540134	5.474064	1.620998	2.158234	-0.294205	4.893650	0.216006
5249	3	-4.024545	-0.410997	6.732567	7.212065	-0.813887	0.814500	0.647994	5.050220	0.227644
5259	3	0.401915	7.256090	-3.179605	-2.059329	1.089230	2.090906	4.988724	3.508083	-4.086605
5299	3	1.389703	6.016714	0.422607	-1.948876	1.246477	5.819338	5.582119	2.606425	1.292106
5301	3	-0.971999	6.444788	2.517284	4.763501	3.865936	-0.661023	-3.074034	1.253977	6.026731
5307	3	-6.551612	1.510249	8.371849	-5.899893	6.092455	2.554396	3.857737	4.716716	-1.015554
5308	3	-8.008494	0.811262	6.997546	-2.840408	6.324404	1.762131	5.036996	3.139060	-2.828282
5335	3	5.574765	2.318277	-0.465123	-6.768932	1.076440	5.533605	-0.660506	6.621981	-0.242273
5358	3	-4.400583	-1.343852	6.817267	5.320010	-1.528561	0.991922	-0.501468	4.913356	1.776268
5364	3	0.058797	5.927696	0.025844	6.371088	0.302315	-0.438903	-6.205604	0.107314	6.216530
5378	3	-2.262909	-0.531308	6.779838	7.924367	4.776597	-3.436870	0.342434	5.096824	2.649520
5385	3	-4.011661	1.506059	6.437633	7.342854	1.671348	1.259265	0.906859	5.460468	1.508197
5387	3	0.050005	2.369672	1.986688	-5.604836	0.189920	5.069209	5.535481	0.618844	0.022832
5395	3	-5.006283	2.322814	6.426256	-0.737725	8.461193	3.119777	5.302766	5.156772	-2.475686
5398	3	-4.577204	-0.164535	5.805862	7.247956	2.292117	-1.942793	7.152058	-3.901404	2.237960
5406	3	6.678427	2.953431	0.749483	0.085883	8.048371	1.365018	-4.227171	1.432208	6.770138
5409	3	-0.122627	6.374001	-0.325987	5.614102	0.583913	0.995351	-6.154117	1.816223	6.207963
5426	3	-8.708088	-0.647180	7.470165	-2.132815	5.655711	1.673764	3.704032	5.481238	0.766908
5444	3	-7.357013	-0.489841	5.908958	-5.803503	4.903148	3.084309	3.872368	1.493240	1.358333
5450	3	-2.519851	0.890044	6.097679	5.496106	-1.017288	0.845891	0.012528	5.751334	-1.199958
5499	3	5.410562	2.748760	-0.645190	-2.651239	6.182480	2.261315	-4.669253	1.159404	5.396972
5531	3	2.640983	0.902242	6.033903	-2.163975	1.529994	5.676508	6.319056	4.990150	0.028145
5553	3	1.638076	-0.880122	6.727144	7.195988	-1.703443	1.963215	-2.420178	-0.829048	6.748842
5619	3	7.354902	-1.433764	-0.269381	2.154893	1.927573	4.332820	-4.276008	1.951076	4.324563
5630	3	5.539294	2.323246	-3.519028	-5.358968	-0.011329	5.639671	0.908711	3.145713	0.461517
5642	3	5.724950	-0.158947	0.888123	-5.794823	1.968253	5.518174	-0.729454	7.295096	0.088171
5653	3	6.333439	1.258357	1.207417	2.143809	-1.547921	6.801902	-4.016279	-0.883600	6.822908
5656	3	5.069528	3.726003	-2.105587	-3.005759	5.976190	-0.712412	-4.532179	0.013187	4.590458
5677	3	2.019177	6.820873	-3.129115	-2.580203	7.947887	-2.490468	-6.853948	1.647734	4.072076
5679	3	-2.458961	6.744398	0.137441	3.632761	4.403163	-2.189238	-8.674626	0.305300	5.962757
5685	3	-7.482086	1.954321	6.627347	5.289117	-1.871569	0.508877	5.289623	4.616609	-3.940254
5688	3	6.039022	-4.804262	3.227813	-0.522582	-1.193110	3.235067	-5.216222	-2.152421	6.074648
5689	3	2.931823	2.015997	5.431594	-3.380214	2.204699	6.700656	7.033874	-2.811993	2.679821
5695	3	1.310334	-1.433018	7.266936	7.137082	-2.428608	1.410127	-5.056774	-1.432907	7.268521
5707	3	7.765663	2.210906	-0.433746	1.872452	1.906795	5.549804	-4.083715	2.210911	5.523659
5727	3	-7.564810	3.750232	5.681761	-1.917691	8.522887	0.718424	3.949046	5.954810	-4.488881
5734	3	5.514577	2.766754	0.570306	-6.138365	2.234948	6.974292	-0.095901	7.145950	-0.528527
5748	3	9.065625	-0.692914	1.676729	4.366881	-4.591559	5.101058	0.501640	1.845767	5.783105
5751	3	-4.967737	0.070086	6.330297	7.047821	1.517284	0.837960	0.109464	6.190365	2.806915
5752	3	-7.253319	0.096540	4.700590	5.810188	1.326560	-2.300207	-1.295806	5.920337	1.880983
5754	3	-5.555768	1.933446	7.255368	-5.544839	7.081654	1.903569	6.298757	5.146616	-1.331266
5757	3	-8.221594	1.466753	6.542773	-1.848926	7.530895	1.859018	4.497778	6.174151	-0.165083
5759	3	-1.510402	0.054662	6.285640	5.397159	0.439664	2.552640	0.661676	5.954586	0.571810
5769	3	-0.897452	7.526851	-1.263983	-5.812794	1.087908	3.957389	5.476711	3.211351	-0.872555
5778	3	-2.206988	1.395594	6.788315	6.230391	-1.791262	0.441363	0.835662	4.566172	0.681189
5780	3	-4.259460	1.195723	6.985141	4.951358	0.396230	3.225354	-0.942462	5.490240	2.577296
5787	3	-2.242910	3.052302	2.177905	-7.091181	0.697351	4.632804	3.997047	5.320330	0.758047
5808	3	6.529202	1.121504	1.026570	-4.980511	0.487857	6.950642	1.340777	6.621302	-0.456384
5825	3	-2.111324	-0.463081	7.310636	3.072497	-1.924463	4.486984	-1.673224	2.298525	2.856252
5841	3	3.307928	1.030467	7.828636	6.102311	3.151487	2.054705	-3.057124	1.597696	8.912512
5844	3	-4.940418	2.206254	5.727066	0.883004	6.323081	1.994841	7.375232	1.588285	0.346617
5847	3	-3.719000	6.216028	1.516649	2.510587	5.493113	1.693623	-9.366442	1.734889	7.195860
5862	3	-3.760952	0.392098	5.199428	0.556898	6.287324	2.153355	6.256199	1.554749	-1.220871
5863	3	-1.109135	3.311119	5.949788	6.811451	-1.989697	3.029048	1.310557	5.054824	1.508357
5864	3	-6.243775	2.107142	8.088753	-1.003495	6.422638	2.102698	5.278626	2.279416	2.316080
5874	3	-5.534141	1.752496	5.596276	-2.648668	6.809406	1.063116	2.420749	5.015320	1.145124
5878	3	1.214258	4.236476	-0.597655	-2.569803	-1.090517	5.279280	7.255115	-0.327294	-0.777429
5879	3	5.832575	3.879122	-4.015800	-1.873520	6.195897	2.104984	-5.700490	-0.333568	5.030980
5882	3	6.252520	4.109891	-0.264009	-0.090893	8.582058	2.390657	-6.255654	3.748237	5.575216
5893	3	-2.225650	0.804239	7.967668	6.867288	4.024944	-1.043774	3.346059	5.951894	2.876391
5907	3	-7.160317	2.440933	7.522100	-1.559731	6.827949	2.597592	5.150463	0.428427	2.073976
5922	3	5.376937	-0.057320	1.301591	-1.380784	1.301952	4.732234	0.649239	6.884311	-2.125751
5939	3	1.039842	6.589858	0.928446	6.669469	1.897776	1.630050	-1.393507	2.089588	6.225021
5953	3	5.605495	-0.009913	2.153750	-3.891255	-0.635958	4.603557	-0.598335	5.288662	-0.833286
5974	3	-0.176388	5.885336	-1.043305	-5.619085	0.631033	4.813105	5.093576	1.010818	1.896060
5976	3	6.542568	3.067017	0.924590	0.456916	6.926544	-3.998260	-2.249610	1.259685	6.632340
5979	3	-1.141044	0.226518	7.159190	6.807685	0.341446	0.948649	2.171643	3.800688	1.478508
6007	3	5.207235	0.923086	0.183636	-0.258958	7.234422	-1.378771	-4.645768	0.636055	6.152516
6012	3	-6.783122	0.363948	5.663131	-0.338016	6.396877	1.724116	6.169997	3.860741	-1.947725
6017	3	-2.411100	-1.235651	6.012985	0.000408	4.916525	2.924986	5.431068	0.257194	0.757466
6026	3	6.168574	1.807701	-0.182376	0.576177	8.309024	-5.185751	-5.821438	2.768512	6.054390
6030	3	0.269572	5.871223	0.420625	-3.915315	1.988705	6.396440	6.449169	4.170877	-1.016921
6038	3	0.631539	6.559882	-0.589399	6.134745	0.546809	-0.786584	-4.173865	2.670074	5.666521
6053	3	-0.996248	4.866283	-2.649802	5.625284	2.306574	-1.954963	-3.389461	0.544990	4.511632
6070	3	5.734452	1.043273	0.275917	-4.139200	2.207316	5.935436	-2.222162	4.929322	2.252201
6079	3	-0.942273	5.135578	1.219806	-2.653812	0.785651	4.404112	6.548847	2.452092	-2.048779
6083	3	6.170021	0.391183	-0.265295	-1.424401	4.569772	3.997931	1.475283	6.203545	-2.719850
6085	3	-4.466807	2.753698	5.928388	5.808047	2.229823	0.754961	-0.186084	8.269321	1.771382
6089	3	-5.658603	1.951899	4.865084	5.848248	1.720169	-0.233810	-0.844403	7.976473	1.094095
6097	3	4.026299	-0.832765	5.823886	6.292737	-2.537133	1.934740	-1.970141	0.667853	6.686734
6103	3	5.657914	4.006711	-1.814461	0.795370	4.619221	2.622254	-0.810492	2.894236	3.501180
6116	3	-4.066463	0.496469	5.292677	-0.842531	5.834584	0.313076	5.136713	-0.071237	0.868657
6122	3	-5.713512	2.676397	6.219700	-0.647971	7.078249	2.023544	6.107783	0.791297	1.089826
6127	3	5.699888	-1.639261	1.926185	-4.366665	-1.420472	5.614025	-1.881762	3.712023	3.447229
6128	3	0.885834	5.927520	2.654582	-4.050808	2.513218	5.400872	6.713828	3.384790	1.283682
6144	3	-1.606124	6.625596	3.341016	-6.128443	3.001472	7.010172	5.594802	5.070388	0.054139
6146	3	-1.231319	1.635324	6.611672	5.526181	5.623936	-1.219451	2.188043	6.605085	3.040288
6162	3	-2.399485	0.136883	7.968978	-2.239515	6.031371	2.666597	4.976813	3.799597	0.977905
6164	3	6.992090	1.951904	-0.096823	-4.656975	0.773136	6.680625	1.696714	7.120828	-2.661479
6175	3	5.867644	0.942596	0.352653	-5.140263	1.637184	6.729232	0.552251	6.681443	1.943467
6180	3	5.746316	-1.612129	0.357977	-3.768925	-1.681798	4.895797	-0.139535	4.374185	1.010727
6190	3	-4.801293	-0.941808	8.960828	1.385705	-0.943400	8.958220	6.403319	-2.515881	3.472779
6193	3	5.958071	-0.650717	2.674060	-2.129060	1.677630	5.167082	-0.359871	4.972758	-0.188814
6234	3	0.810084	8.251150	0.772718	-3.450950	2.331560	7.187757	5.843598	6.574572	-5.022036
6238	3	-2.867907	2.822034	7.523937	6.380342	3.746983	0.309947	-1.195184	6.282457	2.023869
6271	3	2.184939	4.285705	-1.582938	-2.588172	-0.803706	6.991098	8.367940	-0.380158	1.688086
6286	3	6.806378	-1.309684	0.319745	1.490099	5.633220	-1.032715	-0.655214	2.787590	4.028434
6308	3	7.900264	1.275953	0.054442	1.461357	6.735526	0.297012	-3.210323	2.506428	5.311517
6318	3	6.454155	-0.220567	1.288210	-0.049948	6.404822	1.223397	-6.075809	1.645165	6.377004
6319	3	-6.759021	2.121349	7.156686	-1.956990	6.119149	1.259158	5.926932	5.133573	-3.281029
6322	3	4.771011	-1.035081	3.915332	0.396148	2.780245	6.150761	-4.917855	2.782913	6.150629
6333	3	-4.643801	0.724107	5.533241	6.305831	2.747976	-4.531178	-0.023646	5.374616	0.890898
6334	3	-5.150746	0.240999	8.735524	6.201911	2.930191	1.953912	-3.452491	6.423221	3.182422
6335	3	4.890736	2.967898	2.030551	1.543402	6.772952	-0.881703	-4.049218	0.399153	5.620776
6340	3	1.323819	7.292039	1.863664	5.995448	1.508129	0.170037	-4.195599	1.908801	5.256855
6346	3	8.380858	1.499686	0.720230	1.730477	6.471736	3.242972	-2.647908	0.709051	6.835070
6347	3	-6.017220	1.547835	6.955985	-0.260155	4.747725	1.186397	5.205850	-0.898840	0.610893
6349	3	6.575284	3.870303	-5.159554	0.358615	6.959961	-0.812433	-5.849904	0.679671	5.305590
6350	3	8.159655	3.976706	-2.330356	7.330423	1.502020	3.205211	-1.334292	1.252772	6.998731
6352	3	-2.266614	6.757320	1.639498	7.313693	1.309574	-0.252111	-3.547009	0.270114	5.653409
6356	3	-5.266562	7.244518	-0.363485	-7.338510	1.713693	4.220046	0.672089	7.242569	-0.391178
6379	3	8.668280	4.231280	-3.849126	-0.048110	8.770610	1.241372	-4.070985	3.118013	5.558209
6385	3	8.543816	1.090597	0.624778	-2.408518	0.922637	5.718013	-0.553760	3.705673	3.749674
6395	3	-4.509202	1.384997	7.731727	8.400346	5.047270	-2.910535	8.338541	1.472701	2.637399
6397	3	6.608885	-1.382759	-3.522533	0.003313	-1.400492	2.328852	0.755258	5.052898	-1.319147
6445	3	7.092205	0.515061	1.293714	-4.936798	0.632625	4.806709	0.519491	6.066731	-1.896513
6447	3	-1.253107	5.645847	0.652519	-7.126050	-0.174451	6.417647	4.256695	4.542137	-5.811519
6455	3	-6.548494	1.477171	5.673217	6.156260	-0.390030	-0.249922	-0.367384	4.307587	-0.593870
6456	3	0.568723	6.011176	0.986227	-5.120493	1.935108	5.620629	6.035499	-0.367654	0.712044
6468	3	-1.308159	6.789780	0.722723	-7.662139	0.791485	6.472763	4.106559	4.972814	-0.962516
6472	3	7.772960	0.429403	-1.918623	1.900433	1.287250	1.286436	-1.624686	0.106383	3.385448
6487	3	6.478407	-3.129589	2.526281	-2.179533	-1.230236	5.791829	0.404775	5.185451	-0.580077
6495	3	-4.830753	1.795167	6.458526	4.884071	4.413286	0.348733	-0.069575	6.897097	0.026247
6503	3	-0.859369	4.147797	1.820654	-2.883636	-0.985822	5.884092	6.922296	-2.417135	-0.342013
6521	3	6.757479	5.913821	-3.655808	-2.741848	9.340957	1.842982	-4.992948	2.965517	4.878472
6532	3	3.332074	-0.553267	6.273921	-1.982167	0.276858	7.249950	9.187638	0.836530	0.129260
6533	3	0.643565	5.621708	-1.675048	6.251286	1.036393	1.735963	-0.698545	-0.137530	4.017582
6537	3	0.138147	6.352823	-2.193342	-4.146423	0.509376	7.586579	5.537737	-0.125266	0.996700
6548	3	0.869035	6.454620	-0.919388	-5.621556	0.266020	5.478534	6.919646	3.494891	-5.019427
6554	3	-0.803097	5.724515	0.161903	4.930819	2.963108	-3.783411	-6.534850	0.623295	6.168358
6557	3	-2.896555	6.563998	2.354383	-5.322305	0.813839	6.043908	5.925178	4.328192	0.780371
6569	3	-3.847488	-0.142223	8.093364	2.584817	-0.537240	7.913159	6.519689	-2.457540	3.144957
6571	3	0.945512	7.614081	-2.848640	6.980484	5.179060	-6.346210	-4.016790	1.579561	5.867617
6653	3	-5.997296	1.963725	7.052741	5.219600	5.286791	-3.373812	-1.392048	8.069026	0.813223
6654	3	6.178780	4.058074	-1.816197	-0.253676	6.623700	-2.230983	-6.684068	1.053938	4.447189
6655	3	-4.775216	-0.587840	5.114032	-1.574025	4.682788	2.157476	6.185109	-0.890125	-0.953732
6670	3	-0.340192	6.369133	0.956613	7.432753	3.095003	-1.771686	-3.865889	2.121890	6.197424
6687	3	-2.266484	4.217109	4.666384	5.279478	3.402061	0.330000	-1.731545	7.366557	1.326186
6703	3	1.528422	-1.440186	6.011979	7.220453	-1.532919	0.329620	-3.062296	1.147931	5.969278
6718	3	0.060438	7.676124	0.480458	-2.976905	1.536644	6.202693	6.403874	5.663022	-3.197983
6720	3	-4.340062	0.768728	4.465297	6.208278	-0.042453	1.128662	2.005113	0.893031	4.302393
6724	3	0.839505	5.665061	0.612480	4.986271	3.959213	-3.671247	-5.007021	0.419851	7.195541
6730	3	-2.211285	7.492586	0.346139	-6.922393	2.687797	6.508710	3.699151	6.409843	-1.156829
6744	3	0.619191	7.321415	1.550199	6.336689	2.385274	0.029443	-4.208048	1.224817	6.043892
6753	3	-4.958322	2.895216	8.755625	6.592909	0.767348	3.337998	1.564865	2.877355	8.778087
6755	3	-5.582613	-0.179956	4.885271	5.877508	2.854947	-3.873093	-0.352066	5.981708	-1.589397
6760	3	-4.078751	3.011597	6.781820	1.112609	8.220493	0.103280	4.814204	3.292742	0.711443
6771	3	-1.575854	6.374695	1.974728	-7.036651	0.781595	8.151011	4.476839	4.996341	-0.356076
6786	3	5.319172	6.104533	-2.040450	-5.268393	2.236839	4.485453	-2.075579	7.682100	1.003261
6789	3	6.619801	-0.709642	1.706229	-5.754920	2.200114	4.979047	-0.005152	5.854160	-0.292127
6791	3	7.999771	3.029866	-3.096614	5.668769	-2.448309	3.434831	-1.799546	1.557369	4.869186
6797	3	-3.696780	1.221581	6.487320	3.774041	4.894138	1.991731	-1.439960	3.805240	3.031638
6798	3	6.394138	1.624366	-0.501856	1.507852	4.160481	1.006621	-1.717932	-0.938845	6.589995
6823	3	7.511874	1.094220	0.671785	2.303229	2.625360	5.805409	-1.667152	2.958879	5.377315
6852	3	9.183496	2.226514	-0.933573	-1.164043	0.105461	5.455213	1.863437	2.409877	2.598659
6898	3	-0.346522	5.878501	1.423615	-3.410228	0.654053	4.841360	6.365956	3.734993	-3.564853
6904	3	-4.328241	1.541732	5.838828	1.094704	6.856785	-0.261631	6.058019	3.950518	-5.478212
6918	3	8.490784	3.099716	1.039941	2.791713	-0.838733	5.681006	-3.553812	1.708000	6.172248
6934	3	8.296700	-5.635680	1.256165	1.987937	0.115039	6.466527	-3.083544	0.119345	6.469750
6956	3	7.266327	0.627499	-0.628116	-1.068012	6.839776	0.792413	-4.342648	0.796691	5.115978
6958	3	6.336696	-0.773681	1.115571	-6.475051	3.054427	4.692698	-0.126436	7.525101	-1.229861
6982	3	6.136615	4.056725	-1.297755	-1.019795	7.730486	1.644747	-4.890961	1.985377	5.276999
6994	3	-3.601542	-1.448953	6.668812	4.799740	-3.197862	0.990493	-1.652049	3.097230	1.550362
7006	3	-1.254063	6.551281	2.495450	6.763904	6.617065	-3.884520	-6.299015	2.264589	4.464382
7010	3	-2.059958	2.786099	6.660313	4.538285	-3.513366	5.812473	-0.110778	5.789760	1.562367
7033	3	1.114461	4.590817	-0.129895	6.488026	2.162926	-0.780490	-2.079526	-0.649947	4.917018
7038	3	5.592625	2.357252	2.279248	0.471037	5.326899	2.642567	-1.353852	-0.656418	5.964332
7040	3	7.277709	-1.530323	1.109611	-0.943096	-1.581584	6.604070	1.111663	4.164522	0.301095
7042	3	-5.884333	-0.218453	6.389890	6.097397	3.907797	0.830195	0.353211	6.041920	0.654443
7043	3	6.675247	5.954553	-3.439354	-1.474703	6.279209	2.351391	-3.581233	0.649357	5.802819
7070	3	-0.897899	6.559932	1.018750	-6.183368	2.773735	4.851752	6.268756	5.329260	-4.893063
7071	3	-4.666521	6.219396	3.248538	4.881217	3.168753	-0.127120	-6.974490	0.917024	6.746944
7077	3	6.788029	5.413358	-7.136837	1.056667	7.886236	-5.934807	-3.286677	2.573103	5.053181
7092	3	7.168993	2.350959	-1.670496	1.382866	7.153983	-0.090694	-0.141566	1.613908	4.766921
7096	3	6.034416	-1.359452	3.404089	-5.621110	1.594118	8.856685	0.725671	4.941572	2.484587
7110	3	-2.738073	2.214992	6.867305	7.772339	1.838151	1.483406	-1.171653	5.244423	3.677586
7113	3	-3.721394	0.699318	6.634349	7.825916	-0.242353	1.320217	1.264585	5.584974	0.875417
7115	3	1.752328	4.835424	-0.624241	-0.351743	-0.799473	3.736772	8.012110	1.497177	-0.830847
7156	3	-3.103631	-0.269029	7.591003	6.484265	-0.653618	2.963555	0.794386	6.215248	0.924985
7169	3	0.011795	0.283189	3.195075	5.723300	1.895810	-2.540758	0.222639	4.990760	-0.812906
7171	3	5.309133	4.311741	-2.015099	0.288155	7.021547	0.044555	-4.621899	1.581526	5.715255
7173	3	6.986793	1.412872	-0.778828	-1.461722	6.369332	2.348877	-1.527981	-0.085371	5.592739
7181	3	7.048117	1.075238	-0.660172	0.963860	1.065558	1.940902	-1.930849	-3.169313	5.649991
7182	3	-1.294322	6.462598	1.223485	8.114952	1.008526	-1.213861	-1.824512	2.710022	3.863348
7189	3	-2.200721	6.267754	0.950357	-8.227675	1.033736	6.201409	3.867864	5.356688	-2.659323
7201	3	-3.104564	0.588881	8.300030	7.084846	2.940699	2.747380	-0.747314	3.176292	5.113819
7204	3	6.391103	0.785463	-1.593051	-4.892690	-0.495197	3.239234	-2.432662	4.519394	-0.066341
7216	3	-2.196363	3.327588	3.727255	6.053855	1.004702	0.073263	-0.557519	6.253005	0.386315
7234	3	0.533776	6.799480	-0.503438	6.886078	3.241264	-2.195895	-5.051507	1.678057	5.693444
7236	3	-6.879134	1.502468	6.805964	-0.849091	7.975003	1.610132	5.509698	3.547596	-2.018123
7242	3	0.924255	6.471287	2.813352	-3.872478	0.142725	8.134044	6.695337	1.640780	3.259028
7246	3	-3.556085	7.235751	2.399234	7.216669	4.815907	-2.987587	-3.584889	3.483498	5.676908
7255	3	7.731088	0.090732	-2.386666	-5.281428	-0.004720	3.969434	1.182588	6.467438	-3.346207
7265	3	5.894607	-0.632495	3.944491	-3.512557	1.377535	7.442848	2.609226	0.870024	7.464346
7292	3	5.976747	1.039044	2.738760	0.864297	7.988683	-0.108229	-4.703868	1.552711	6.408424
7300	3	6.009930	1.375001	-0.663964	-2.123652	5.121494	3.892323	1.792871	4.032885	4.657074
7307	3	5.509916	2.329616	0.238127	-1.656947	6.150710	2.639357	-6.874465	0.616433	7.201971
7308	3	-0.426966	2.152177	2.395739	6.209388	-0.031937	-1.284689	0.136778	5.380046	-1.159608
7313	3	0.194408	4.664315	-1.576698	-4.963283	0.757242	5.841260	4.953647	0.492378	0.298409
7317	3	6.568586	0.684577	-0.247377	-3.357035	2.106466	5.835856	-1.187314	6.142786	1.726181
7320	3	0.397599	-0.865916	6.525154	-5.187926	-0.859015	6.524689	5.869552	-1.053098	0.924996
7326	3	6.315038	3.988515	-4.210528	3.584276	1.607658	4.895231	-2.159592	3.019052	4.855654
7345	3	6.858413	-0.430632	0.249916	2.904503	-1.830717	5.641510	-3.132847	-1.543702	6.036588
7358	3	-1.591943	5.922961	0.898141	-2.679351	-0.478790	6.545758	4.601563	3.768398	-3.724802
7365	3	0.296202	-2.739170	2.297613	0.498247	1.219754	0.064203	7.006827	-1.492874	-4.132031
7374	3	4.848291	-2.318670	4.416168	1.278384	-0.448587	6.956407	1.395735	4.434217	1.080602
7393	3	-0.417391	6.650845	0.823238	-6.425697	0.198987	7.265153	6.192055	1.997324	0.689004
7398	3	-1.618821	3.426178	0.419499	-5.927192	-3.028089	6.975385	4.083055	2.198243	-2.930508
7403	3	-0.640426	5.988775	-0.815373	-6.608124	0.786433	5.625603	5.612346	1.355389	-0.324768
7414	3	-1.401870	6.926012	1.347534	3.501665	6.592051	-4.048537	-7.265593	3.113901	7.577059
7420	3	-2.643533	5.850669	3.553537	6.979747	5.376175	-1.850422	-2.651273	2.847725	4.960130
7424	3	-2.075361	6.964565	1.681567	-4.263783	3.138725	5.309642	5.700179	4.724477	-2.212698
7426	3	-6.815946	1.827934	7.561792	-0.505454	8.191650	2.450080	3.795765	6.412619	1.677875
7435	3	-5.526042	1.771334	6.452151	5.982513	2.152509	-0.471623	0.177722	7.944315	0.602040
7436	3	-5.304771	0.582689	6.715299	6.770355	4.380701	-2.553809	0.155455	6.309721	1.084835
7438	3	-5.001788	8.567795	-0.462257	-5.538240	2.283245	5.768387	7.284913	6.929480	-4.731531
7443	3	0.504607	5.660806	1.742987	6.298092	-0.253929	1.195387	-2.569615	-0.468230	6.723723
7459	3	-5.356818	6.980193	3.461668	5.998711	5.306439	-1.165049	-5.665636	1.215849	5.731815
7460	3	-4.959545	-0.342849	8.025348	6.997792	2.352683	-3.163326	0.655090	6.130681	1.894810
7462	3	0.974282	-2.913914	6.578727	6.102572	-0.191138	2.107545	-3.569168	-0.074942	6.566458
7472	3	1.021340	6.663238	1.564395	7.553062	1.272188	0.787352	-4.153707	2.157981	5.207878
7474	3	2.619962	-1.719064	5.813142	-3.272543	6.369728	1.043453	-3.431622	0.649594	6.436715
7495	3	-3.063234	1.142339	6.410692	-0.708815	7.250343	1.886491	6.336765	4.726749	-3.049195
7505	3	-0.416590	-1.117462	5.698027	5.780056	3.353573	0.549845	-0.183350	5.288329	0.991889
7510	3	6.726637	4.441322	-4.198365	1.992464	1.523117	6.339296	-3.017863	1.691010	6.083808
7524	3	-3.345822	1.237758	4.205213	6.474123	1.481169	-1.476195	-3.171420	7.258332	1.704623
7548	3	3.995879	2.250516	-0.696363	-2.051278	5.836724	0.380901	-5.818067	0.420512	6.474828
7560	3	6.831451	1.345032	-1.083596	-4.853064	1.555867	5.266238	0.211873	6.520773	-0.028762
7569	3	-2.190586	1.997254	7.013646	6.561904	6.621329	-2.711811	0.979902	6.921662	0.939715
7577	3	1.564017	4.077469	1.716149	-4.611312	0.238976	6.838682	7.268424	-0.212798	0.216906
7608	3	3.602150	-4.431212	5.811621	8.273047	0.775774	0.280596	-2.193284	-1.296955	6.231308
7614	3	2.047702	-2.833551	5.349311	7.503468	-4.941806	1.473056	-2.056783	-1.596422	6.165160
7625	3	-2.598949	2.154295	5.945856	-1.984296	7.662985	1.343511	6.482956	2.704227	-2.732703
7629	3	6.414230	4.787489	-4.997254	0.290759	8.698036	-0.294816	-6.189457	2.204205	6.339159
7639	3	-4.504135	0.048750	5.486683	5.649148	3.112072	-0.655954	-4.416836	5.613490	1.554237
7651	3	-2.060711	1.542526	6.656885	0.616086	7.159519	1.828749	5.360201	2.566146	1.667070
7659	3	7.242142	5.303520	-5.035680	-5.676967	1.401493	6.326508	0.896828	1.354560	6.284081
7673	3	-1.494736	6.638403	-0.217106	5.195341	4.413067	-5.547177	-7.436034	0.636886	5.778807
7680	3	5.283056	3.760233	-2.905087	-1.846081	6.562003	2.104092	-6.699947	0.568079	7.323257
7703	3	0.717790	0.315473	8.024701	5.024266	2.860515	1.655690	-5.381477	0.317980	8.042848
7716	3	-6.837406	-0.582162	5.970554	4.919059	-0.430280	1.437185	-1.257633	5.101059	0.269860
7720	3	6.266772	2.268613	0.141927	2.273047	7.847350	1.181443	-4.232352	1.688594	6.922219
7738	3	1.010744	5.995151	-0.698833	5.153421	3.388107	-5.061127	-4.974376	0.721153	5.684311
7763	3	1.645351	5.288130	2.845041	-0.808434	1.561480	6.553776	6.023071	2.300904	0.985122
7765	3	8.259863	-0.431573	1.121270	2.416464	4.965785	-4.011096	-3.134772	3.073094	5.877972
7780	3	2.768104	-2.209252	7.255352	-1.131864	-2.094678	7.259209	6.709650	-7.695126	2.319633
7818	3	0.005842	6.486486	0.033610	-4.362701	1.051314	5.826946	5.063987	3.833848	1.720807
7824	3	-2.659043	4.245557	2.492409	6.470340	-1.713780	-0.913332	-3.695219	1.783156	4.525096
7825	3	1.445468	5.604197	2.067764	-4.083791	2.461546	6.069375	6.576212	2.480832	0.206298
7839	3	-7.322045	1.860624	6.366176	4.796421	3.125579	1.537064	-2.856812	7.623278	3.051534
7849	3	-0.664053	6.175266	0.306537	5.848698	-0.120387	-1.339678	-6.245547	1.071071	4.953426
7851	3	-6.423756	1.381079	6.340521	-0.625765	6.961005	1.558026	4.431514	5.042023	-2.823034
7883	3	-1.329399	5.653058	2.732746	-7.051445	1.215392	8.242070	5.270778	7.090995	-1.030113
7893	3	4.100293	4.006802	0.508336	-6.413694	3.687050	6.024390	-5.373377	8.358675	2.705757
7904	3	-4.474631	0.192385	6.432274	0.236182	5.187693	1.164972	5.049300	3.779382	-0.119224
7910	3	-6.587363	1.533507	6.637466	3.807766	6.296086	-0.319838	-0.690286	7.243174	0.524224
7913	3	-1.025779	6.362044	-2.044655	5.549828	1.317496	-2.610797	-2.106902	1.752591	3.788776
7938	3	6.334780	4.380560	-0.501299	-1.168495	1.863180	5.833028	4.329829	0.016375	3.541625
7946	3	6.544646	5.651222	-4.924075	-0.789816	7.874685	0.248170	-4.289990	2.301294	5.148179
7947	3	-5.623146	2.437649	8.622227	6.672209	-0.068614	2.652799	-2.767435	5.921815	3.701063
7977	3	2.553151	-1.550215	8.809075	8.942232	-5.544865	2.693676	-2.445711	-1.532251	8.840513
7981	3	-0.947945	8.562530	1.991209	6.431197	6.664710	-2.393547	-5.086118	3.059209	7.679906
7993	3	3.933256	-1.501119	6.486314	-2.680300	0.376786	8.185681	3.934035	4.702227	1.001020
8010	3	-1.992503	6.094224	2.242074	6.938881	1.634253	-1.303148	-2.011144	2.332935	4.247769
8012	3	6.869592	4.542039	-1.359475	1.048759	5.934447	1.232438	-4.178577	0.211372	6.565730
8016	3	5.577860	4.044517	-5.335785	-1.225865	5.978284	0.905236	-3.061104	2.027086	5.843817
8033	3	-0.673124	8.253271	0.459816	5.734392	4.419994	0.628702	4.271928	1.170615	4.029249
8040	3	7.991282	3.980717	-1.631873	-0.617717	-0.043496	7.033356	1.833173	5.269101	1.412876
8041	3	-1.352204	3.423939	3.106476	-2.404087	-0.066248	7.180576	6.197028	3.670979	-0.431687
8052	3	-4.752763	1.046365	5.873333	6.138289	5.125792	-3.889256	-0.140054	7.252454	-0.257124
8056	3	-3.016110	-0.228636	6.292198	5.565126	0.159836	0.423669	-0.411865	5.353528	1.601991
8070	3	-0.991654	6.888595	0.001071	-6.527396	2.566588	6.062807	5.453435	5.007174	-0.704260
8083	3	-2.057510	5.358719	3.536656	2.435819	4.542312	3.974847	7.130267	0.560119	0.817044
8101	3	5.049598	2.152440	1.843601	-3.245491	-0.216426	6.453495	-0.664271	6.087093	0.863005
8103	3	5.619305	0.212470	1.877388	-0.923556	6.819359	-0.646073	-6.262902	0.965614	5.771081
8108	3	-2.855793	-1.061940	6.787022	6.904290	1.396969	1.679268	0.543583	4.466941	-1.847690
8112	3	1.258567	3.916976	4.311755	6.730605	1.465865	-0.278754	-3.323710	3.918975	4.311203
8121	3	-5.328104	1.270777	7.936277	5.367559	4.742140	-1.743604	4.431429	1.887151	3.277822
8124	3	4.642092	2.417215	-0.834422	-1.729461	5.548961	-0.951881	-5.668259	-1.016058	5.468063
8132	3	0.070303	6.831905	2.571327	6.893788	1.383961	2.305356	-4.641009	0.309035	7.840059
8135	3	-3.859707	2.719221	6.706846	0.284677	8.510450	0.725273	6.502252	1.699469	1.396414
8165	3	0.699408	0.636603	1.259153	6.725096	-4.251676	0.625916	-4.508095	-1.670440	4.370874
8177	3	-7.018581	0.430702	6.512666	-2.274377	6.102386	1.018277	4.407217	5.066672	0.321234
8196	3	0.711132	6.280117	3.503729	-1.805974	0.982185	7.290109	6.830007	3.998165	-1.097367
8204	3	-2.568715	1.277852	6.548470	7.187384	-0.183072	0.702382	0.947595	7.098311	0.053799
8217	3	-1.034942	-0.289361	4.001401	0.669183	6.040284	-1.287636	6.451289	2.650314	-4.937911
8219	3	-1.766875	1.719640	6.471093	7.562987	-0.420400	2.641226	1.353690	3.630174	0.619424
8232	3	0.735565	5.839787	2.810738	3.521718	3.601445	4.741417	4.532374	2.802755	3.913877
8233	3	-4.375896	7.312795	3.398440	-5.633433	3.441062	6.564605	3.797977	6.924906	-0.819967
8252	3	3.160520	-1.291149	4.913358	-3.256436	-1.283885	6.129163	8.435779	-1.332312	-0.476452
8268	3	-0.487104	1.215142	5.906232	5.825639	-4.813312	4.011572	2.088617	5.990161	-0.744039
8291	3	-5.680693	0.250347	6.319587	0.190145	5.819182	-1.662059	6.042355	-0.821284	1.579049
8306	3	-0.682576	3.991447	1.074634	-3.317434	-2.542538	7.228158	5.917510	-2.129326	0.734416
8315	3	-4.785497	2.044117	9.019154	6.568370	3.936977	0.661752	5.867867	1.327056	3.338788
8329	3	-5.900518	0.826633	9.493806	-2.251922	5.658307	2.902010	4.276827	3.662483	1.684217
8332	3	-2.353795	-0.694889	3.869162	4.801596	0.421272	-1.187833	-0.469296	5.732378	-2.235736
8357	3	-1.618962	7.394740	2.044906	5.041388	5.236235	0.483361	-3.335766	0.903973	5.645116
8372	3	6.229310	1.200465	-2.673125	0.440776	6.917346	-0.682826	-0.296582	2.417991	2.870343
8379	3	6.022014	1.847760	-0.140247	-6.262111	-0.398296	6.838047	0.220374	6.110994	0.597188
8390	3	1.350676	5.108976	1.305542	7.751317	0.897360	-3.979055	-3.158856	-1.490926	6.880082
8392	3	-2.646116	1.805072	6.230905	0.670861	7.020047	0.444975	6.925134	3.368360	-1.079388
8400	3	0.086815	1.268064	7.457148	6.458773	-1.481131	3.354676	0.982864	7.366994	1.058262
8432	3	1.512268	6.451178	2.577503	6.226782	4.894689	-1.304862	-4.066833	1.442298	5.404685
8439	3	7.761338	4.889748	-4.716128	2.517674	1.953066	5.318493	7.178508	2.482228	0.180410
8448	3	-3.121419	5.022574	3.145688	-5.589690	-0.905069	7.768707	5.289681	1.385177	-0.058250
8463	3	-4.491489	7.110402	2.782100	-4.583728	2.189394	6.434192	6.482333	4.250248	-1.161898
8468	3	6.016573	0.992564	-0.548474	-2.803330	1.197269	4.911447	0.281284	7.476665	-0.995400
8470	3	6.060201	2.539521	-0.290634	-0.404658	8.511337	1.363688	-5.135943	2.999274	5.660827
8472	3	-0.272075	5.983172	0.600581	6.105571	0.751430	-0.571441	-2.775546	-0.080599	5.260090
8478	3	1.170544	7.477252	-1.468955	6.163971	4.568424	-6.814378	-5.371452	1.391928	4.521896
8479	3	5.194218	6.480718	-2.634058	-3.018141	9.351379	2.531181	-3.856894	3.681983	5.276990
8482	3	-1.477957	7.912309	1.448815	-4.621248	2.019017	5.119477	4.963846	5.737157	-2.104062
8488	3	8.406774	6.311358	-2.861121	-1.445035	7.160664	3.556767	-1.445269	1.613365	7.755462
8497	3	-6.990642	1.344469	8.551113	-4.390923	6.024127	3.348517	5.162075	5.114970	-0.548446
8498	3	0.364741	6.138780	2.207438	-2.229479	3.098657	6.609335	5.258151	-2.667579	5.256136
8520	3	4.553950	4.277493	-0.041277	-4.537755	2.302944	7.719324	-1.613112	5.796855	3.530505
8545	3	-2.830091	6.842929	0.671788	-6.088354	1.381082	5.596983	5.124578	1.150724	-0.664814
8561	3	5.783289	2.148621	1.329722	-0.691190	6.558556	0.976116	-3.013281	0.872625	6.671514
8571	3	2.374459	0.020717	2.747682	-3.084637	-0.903914	8.673010	-2.283156	2.760411	3.075535
8583	3	-1.478490	4.525180	2.725509	-4.392613	0.330652	7.335913	4.399387	4.551945	-1.301123
8584	3	6.449058	4.247261	-0.808021	-3.841375	0.580733	7.228083	-3.285163	6.365602	3.233806
8587	3	0.612366	6.689597	-4.128990	6.924634	4.584206	-7.945521	-1.245485	1.604446	3.516996
8588	3	-5.059994	-0.053349	5.271646	6.051097	-2.393079	1.115739	6.076368	3.970437	-3.344524
8627	3	6.279915	1.556163	-0.378949	-2.325323	1.786649	5.715929	-0.164141	8.082992	1.759329
8635	3	1.112342	0.954102	7.432792	7.386112	-1.672684	0.965172	-3.724110	0.923683	7.479105
8642	3	4.158949	5.350840	-0.283514	-2.361957	5.761831	1.705819	-7.252031	2.421747	6.980733
8644	3	-4.677427	-0.129694	5.915723	-1.419650	5.950224	-0.584591	4.311672	3.887349	-2.348242
8662	3	-5.260181	1.965910	6.723116	5.427629	0.105396	3.012548	0.548559	6.683946	0.214167
8674	3	0.576449	6.590273	0.684854	-3.878203	2.534129	6.049031	6.840484	3.686951	-0.077009
8679	3	1.429401	0.887734	6.006450	6.390025	-3.465788	1.933463	-5.073884	0.888567	6.008939
8701	3	6.225438	0.741752	1.103735	-5.006077	1.085352	6.740422	-1.974446	6.221623	2.768598
8710	3	-0.807862	3.881214	1.070866	-5.415258	-2.204111	6.110262	5.930702	-2.431644	-0.227263
8718	3	3.379608	3.258467	-1.945409	-0.499817	2.669979	3.514503	-0.718184	2.559542	3.681765
8729	3	-0.972829	5.387524	1.266589	-4.505314	-0.342967	6.100837	5.179241	1.026949	0.690559
8751	3	-0.584291	9.770345	0.861237	-4.498394	3.778651	5.555540	5.722143	5.457880	-3.478913
8755	3	-5.750925	0.816011	7.822811	5.055838	2.501601	0.549834	2.617187	6.198164	2.432923
8766	3	2.560538	0.005240	7.527409	-3.986529	1.283676	7.877819	8.594308	-2.207823	2.554629
8769	3	1.420613	-0.588485	6.051832	5.162975	1.564055	2.022488	-3.630563	0.589886	6.047730
8785	3	-2.022494	7.395510	0.952094	-8.417288	1.880591	5.889578	4.415464	4.738413	-3.400247
8792	3	-5.569361	0.254387	6.397748	4.209914	-1.137182	0.904381	-2.173902	5.138114	1.343105
8814	3	-2.391413	-0.186286	6.520681	5.715961	3.716049	-0.570615	-0.467880	5.379947	0.795773
8817	3	-2.005146	7.694980	-1.116161	-6.020478	2.776498	4.135994	3.563711	5.894902	-1.990703
8818	3	6.136860	0.538935	1.173550	-3.165534	1.401815	6.452410	-0.428361	6.757860	1.401009
8847	3	-5.972424	5.218164	2.636234	-6.639673	-1.270106	5.578042	5.064084	-0.237224	0.809889
8851	3	-3.203980	-0.392307	4.054385	6.012987	-1.158156	-1.697870	0.902665	4.399234	1.821729
8857	3	7.107314	0.432779	-0.064651	-5.817259	2.134039	4.800749	0.751927	2.130457	4.777517
8870	3	-2.849992	7.233898	1.249303	3.702968	6.491903	-4.814587	-7.851897	3.610906	5.177209
8891	3	-4.004337	3.373549	6.566782	-0.906276	7.508675	0.536041	5.890988	4.388202	-1.079859
8905	3	7.090186	1.462182	0.981490	1.440587	3.705801	-0.336957	0.409447	-1.781532	3.654378
8912	3	7.176865	1.461559	-4.585101	1.007736	7.424032	-2.387093	0.705129	0.984594	1.432224
8935	3	5.664986	2.187038	2.294721	-2.480975	4.343644	5.035950	-0.881908	6.828766	2.535805
8944	3	-3.602545	-1.896094	4.977067	5.274838	-0.503731	2.818701	1.344529	4.013728	0.440251
8948	3	2.063763	4.864204	-5.066715	7.860546	1.586322	-0.591518	-3.286169	1.506245	4.887449
8959	3	5.923498	5.270511	-1.915191	-0.560002	7.049819	2.058907	-5.242135	3.194305	7.230712
8969	3	6.768846	4.249657	-4.305356	-0.502376	6.229758	1.841997	-6.278531	1.410795	6.452568
8980	3	-0.542308	6.981321	1.394124	-1.876162	1.049826	7.475363	5.882754	4.698991	-4.897874
8988	3	-2.555243	-0.529314	5.195058	-0.597062	5.266453	1.111824	5.699212	0.018214	0.475721
9015	3	0.584568	5.428454	-0.478697	-5.916528	0.430960	5.304228	3.470614	4.010802	-1.653783
9018	3	2.342656	0.318392	6.641190	-2.109615	0.147567	7.243008	6.415481	0.381224	1.027885
9031	3	6.441004	3.846985	-0.631431	-0.845577	6.781175	3.457821	-3.518231	3.084879	5.481710
9033	3	7.086467	2.478178	1.128116	-3.789048	5.529897	5.364032	2.602156	-0.479887	6.769044
9045	3	-2.108848	-0.066217	6.340758	6.538021	-0.227645	0.454236	1.034321	6.319429	0.237031
9052	3	6.825477	0.349054	1.715897	-2.240391	1.199189	6.072926	0.763395	6.024880	-1.402078
9055	3	8.001400	0.149133	1.461454	1.465252	1.707377	6.267977	-3.674708	1.762742	6.268905
9057	3	-3.277032	8.781665	2.606149	-3.872608	2.497555	6.670175	7.723509	3.966775	-2.610057
9070	3	-2.903654	7.587666	2.550987	4.610409	5.753934	-1.364639	-6.796255	2.189574	5.989770
9081	3	-2.410431	6.814489	1.675210	-5.976103	0.529449	7.218845	5.696526	5.049301	-4.480355
9086	3	-3.885806	3.084633	6.620308	0.691880	5.069753	1.746378	6.908537	1.738236	1.569787
9112	3	5.623950	-4.444267	2.452002	-4.257564	0.134547	5.417756	-0.313888	5.721115	0.640159
9115	3	-4.529204	-1.394763	7.527596	5.786511	-0.071032	1.364421	1.131285	1.855297	1.257510
9123	3	-3.858471	0.628170	6.443507	6.146958	1.258902	0.584010	-2.467854	6.006068	2.184188
9135	3	-2.256145	1.646251	3.574589	-0.342350	6.804437	-1.970709	5.719104	4.187581	-5.247870
9152	3	9.330779	5.053706	-3.175224	7.009445	-0.618194	1.857355	-0.807905	0.625733	6.917485
9168	3	1.303506	6.706534	-2.301444	6.180061	1.091959	0.640234	-2.817142	2.399292	5.671152
9200	3	-6.279826	1.734914	6.601978	6.081118	4.419248	-1.411099	-0.427253	8.153059	1.980705
9202	3	-2.066631	2.011420	7.943271	-2.066619	5.872748	2.175230	3.834550	4.274499	-0.610128
9206	3	0.111461	5.135218	0.631096	6.516539	0.812990	-0.718956	-6.363000	-0.081916	6.210786
9213	3	6.851453	1.812450	-2.305691	1.220596	6.517045	0.427609	-3.460061	2.835729	3.566811
9214	3	-6.032195	-0.526639	6.204046	0.373061	5.567283	-0.401121	6.125380	-0.353471	0.403156
9217	3	-0.092191	6.272897	-4.876482	-5.287558	0.602405	4.590183	5.484553	-0.386028	0.482880
9226	3	-1.633653	6.684499	1.156843	-4.062789	1.001863	4.906449	5.077838	4.771745	-0.926236
9227	3	-2.726601	6.185095	1.207015	-6.137926	1.147674	6.658371	4.156536	5.336214	-2.447287
9251	3	-5.246484	-1.286765	6.624248	1.095100	4.505012	1.568467	6.660969	-1.501606	1.016721
9259	3	6.058972	2.108497	1.130868	-2.410205	-0.163148	7.094077	0.329056	5.800647	2.016112
9268	3	-0.004528	7.044901	2.035644	-3.152037	0.770509	7.157475	7.240706	3.251059	-0.563505
9270	3	-5.324614	1.122148	4.561807	0.959342	6.153462	0.781341	6.394092	1.875993	-1.781526
9273	3	-2.770035	0.582901	6.828273	6.540764	4.428049	-2.218444	6.461800	-1.061271	1.354107
9276	3	6.732971	2.673858	0.526644	-4.100242	1.781673	5.368005	1.716832	7.941298	-0.737385
9279	3	0.628101	7.708619	0.215597	-4.147257	3.649514	5.612932	4.820405	5.114327	-2.490731
9292	3	-6.924993	0.128561	8.084214	-2.244620	6.426523	1.751620	4.579449	3.703229	-4.111363
9297	3	-1.178585	5.243039	1.556168	-4.144370	-0.838041	7.134300	5.884786	2.766358	-4.858507
9298	3	0.128061	8.065761	1.136672	6.096016	5.581426	-3.798776	-6.129069	3.662826	6.327592
9300	3	7.198276	4.424722	1.911513	1.695319	1.178574	6.490882	5.514469	2.695004	3.924586
9301	3	-3.808559	0.519775	6.648680	-2.890436	6.340974	0.777063	6.070729	4.393781	-4.959936
9306	3	-2.323082	1.483510	3.757984	4.918578	2.988355	-3.966791	-1.261090	4.270113	-0.075789
9308	3	-6.062537	0.608107	6.776991	-0.015389	6.718979	0.322230	5.988421	1.169471	2.249919
9339	3	-3.725385	8.788914	2.023955	8.782007	4.729340	-3.373576	-3.853271	2.330941	5.933867
9351	3	-5.527064	0.628773	7.491250	7.221562	1.818080	-1.776972	-1.563729	4.838939	3.079160
9353	3	-5.581956	2.116886	6.645816	-0.512182	5.197357	1.360761	5.954138	2.492748	0.921497
9372	3	-3.019336	-1.473840	7.165224	3.434255	-2.602010	6.463927	7.231575	-2.882312	1.713682
9381	3	-3.247472	6.540357	1.829766	-9.427996	3.878849	5.550299	3.247310	0.529190	2.107344
9387	3	6.796420	4.552654	-2.853937	-4.037715	1.741191	6.567663	6.669430	1.615671	2.507310
9393	3	1.621626	6.521292	-1.537654	-4.318806	2.677165	5.719559	6.474050	4.272037	-0.087900
9426	3	-4.753858	0.343849	6.121072	-3.835388	6.192870	1.048832	7.669805	4.381116	-5.368887
9435	3	7.648869	2.034937	-0.225041	0.052658	6.810731	2.107476	-1.699257	0.408999	7.518037
9447	3	4.088690	5.031868	1.591272	-0.595007	6.538415	1.358607	-4.540633	4.719457	3.554173
9451	3	-1.155152	-2.339600	8.459857	5.587002	1.675263	2.535322	0.723610	3.896846	2.269263
9452	3	-1.435580	6.006539	-2.793893	4.141625	3.181396	1.255234	-4.598823	-0.439285	3.749520
9454	3	0.180354	5.868140	3.954635	7.655237	1.737642	1.897122	4.044077	1.052652	5.589030
9480	3	6.242102	5.829158	-3.345362	-2.599967	6.223738	3.137245	-6.355515	2.853348	6.364048
9490	3	-8.818732	1.671829	6.971754	-2.400592	6.180865	1.775823	4.134353	3.905618	0.663975
9518	3	-0.624944	2.848806	6.066901	6.622200	2.144937	-0.202362	1.403087	8.326615	2.416445
9542	3	7.233059	0.975284	-0.693255	1.384898	4.568149	-0.995289	-0.100240	1.207125	4.682258
9563	3	-0.585593	5.897032	-0.686871	-5.374843	1.103099	5.029601	5.167849	2.591965	-3.072276
9577	3	-0.797854	3.120912	6.527341	1.378764	9.096694	0.224847	7.786752	2.618582	0.302167
9579	3	-6.386690	0.654249	7.761257	-1.744034	4.141026	3.257292	5.780347	5.010374	-0.472017
9581	3	-3.372601	0.944357	6.008132	5.673420	2.899690	-0.800793	-0.890452	7.532744	0.424842
9589	3	6.674146	4.540319	-0.877622	-2.563912	1.918847	5.560351	3.565579	0.985738	5.492831
9605	3	1.731963	1.182353	5.307909	6.903578	4.963240	-2.674909	-3.055172	1.430350	5.364042
9608	3	-4.415165	1.090702	5.385676	1.058542	6.629864	0.374008	6.802068	2.921943	-1.799893
9622	3	-3.527402	-0.084084	5.871122	-1.433640	6.145973	0.617540	4.997134	4.678606	-1.952471
9626	3	5.187106	-1.813549	4.346881	1.487752	0.430301	6.297689	7.920040	0.099817	2.667710
9654	3	-3.729078	0.791285	6.462447	6.995754	-0.372373	1.961780	1.446285	4.687548	0.595303
9662	3	-6.564746	3.036894	6.062617	-0.420464	8.894641	0.895812	5.864238	3.945108	-1.505221
9674	3	-0.991133	0.342733	6.658683	9.283536	0.413460	0.106067	3.165593	-4.108410	7.661453
9687	3	-4.736690	-0.806735	5.309627	1.462437	5.349577	1.096043	6.716834	1.813819	-0.286184
9706	3	-2.897169	3.342634	6.663904	1.268642	5.438782	1.856279	6.342249	5.457577	-4.599643
9724	3	-0.944171	6.337171	0.890168	-3.672770	-0.158606	6.543317	4.265557	3.606140	-0.923241
9731	3	-0.552803	7.926185	2.229993	7.307020	3.323446	-2.261882	-2.498413	2.232963	5.452413
9735	3	6.233484	0.066701	0.204954	-4.690488	0.760232	6.537037	1.802415	0.762378	6.211413
9784	3	-5.095422	-0.780766	6.251053	-3.128534	3.195446	1.339881	5.500507	0.666284	-0.388890
9794	3	1.439547	5.519983	0.712835	6.985961	2.617965	0.939231	-0.883558	1.930662	7.204327
9823	3	-9.491520	2.730360	5.129597	-0.123456	6.147078	2.493176	-0.069294	6.123887	2.498919
9842	3	0.311509	-0.410476	6.732431	4.129554	-3.225303	5.503633	1.918855	5.744562	1.959934
9843	3	5.361784	-0.740353	4.154223	1.282004	8.202690	1.814127	0.785486	2.842191	6.917862
9857	3	6.963002	-0.265576	1.433162	2.786621	-4.958001	4.621625	-3.656426	0.261832	5.236280
9868	3	0.184612	6.337582	0.474630	6.354195	1.385490	0.590044	-5.860471	0.016112	6.153387
9875	3	6.472674	4.198515	-3.900615	-0.728308	7.432627	1.843194	-5.104088	2.457953	7.950932
9877	3	-4.230340	1.140136	6.476315	0.030156	6.939720	2.069600	7.224212	0.960210	0.023630
9883	3	-4.474846	0.567857	6.362717	6.214665	-0.558912	0.217165	0.119345	5.658664	0.755131
9886	3	-3.527750	1.010241	6.222063	6.417721	1.427695	1.004050	0.182256	7.352260	0.401231
9897	3	0.908559	6.464511	-1.539185	6.331129	2.705677	1.906116	-4.307874	1.078587	4.922127
9928	3	2.822020	0.402552	6.858914	-2.767419	0.499334	6.863378	6.516162	1.009012	0.786886
9938	3	-3.157559	3.525344	6.313418	0.094832	8.621087	2.173767	6.313806	4.634271	-2.074801
9941	3	-1.109044	5.580853	0.849930	5.728646	-0.366920	-0.292406	-3.919727	0.166903	4.299695
9952	3	-1.405282	5.859653	1.434815	-4.879160	-0.602402	6.952382	3.927231	4.656992	0.643759
9968	3	-2.633158	7.038950	2.801999	-5.980624	1.078208	8.360905	5.066366	3.854538	0.248955
9980	3	3.185538	-1.631540	6.275152	5.950430	-2.138652	1.327027	-0.739364	-0.111869	6.309745
