73	5	0.620156	2.410641	7.901267	0.104030	6.021942	-2.245935	3.879546	6.569730	6.012138	-1.646704	2.211638	6.564038	5.742180	-0.820824	2.013426	6.465223	6.016925	-1.791658	2.713701	6.566582
167	5	2.761443	7.412150	2.009995	-1.009231	7.837368	0.332088	3.734624	5.066363	7.788266	0.772338	3.531829	4.980642	7.116168	0.166102	6.961934	4.859184	7.611949	-1.559494	5.825766	5.093120
294	5	3.748330	1.582071	3.089363	-1.654814	3.932277	1.426972	3.107780	-1.678727	4.473285	1.232803	3.014517	-1.627491	4.513821	1.994114	2.652123	-1.317744	6.199615	1.264637	1.892317	-0.554287
397	5	5.268953	-1.405093	4.507294	3.469650	3.712702	1.201904	2.223272	3.253852	5.281764	-1.580082	4.120139	3.470429	3.829625	1.183864	2.181502	3.283535	5.287262	-1.688916	2.876581	3.470765
415	5	5.306521	1.268226	5.179643	5.854008	6.398666	-0.313728	4.001024	5.967046	6.396453	-0.127111	3.769347	5.978980	5.254913	1.075405	5.495904	5.829190	6.374850	0.064813	3.585014	5.984966
443	5	7.142102	-2.126683	3.641532	7.385402	7.142102	-3.653248	4.167119	7.385402	7.142088	-2.399178	6.446131	7.385375	7.142086	-2.327496	6.477132	7.385372	7.142100	-3.445926	5.621155	7.385397
476	5	2.522765	6.963592	-1.369269	2.354469	7.542462	1.664701	-1.581865	2.407611	8.460145	-3.403247	-5.962143	7.947708	8.077330	1.352113	3.355099	2.454541	2.603000	3.697657	4.487786	2.355257
477	5	6.520966	-0.909347	-1.216681	6.282701	4.580195	3.929230	2.339432	5.012477	6.693475	-1.137604	-0.335328	6.287669	6.650588	-2.905916	2.245281	6.278087	6.801035	-2.052515	1.676646	6.286681
545	5	6.809768	-1.965711	1.880398	7.922468	6.812087	-3.445076	2.356789	7.922471	6.809168	-3.109032	3.635050	7.922447	6.805985	-2.401906	3.221889	7.922421	6.803777	-1.834360	2.638415	7.922404
588	5	4.111229	0.101481	1.152558	3.341258	2.674754	0.967380	6.270196	2.536927	4.715901	-0.258729	2.081581	3.496627	3.945292	0.342189	1.285504	3.284943	4.825181	-1.845284	4.683989	3.324353
598	5	6.934650	-3.573967	2.023421	8.310140	6.934560	-3.195126	3.895359	8.271821	6.934600	-3.336850	3.360656	8.282216	6.933982	-2.420672	6.058393	8.249842	6.934579	-3.257965	3.661932	8.276191
653	5	8.040695	1.324439	2.641356	4.907961	8.029405	-0.048766	3.063334	4.919363	8.059476	0.891450	2.482088	5.002201	8.014090	0.138530	3.294877	4.830711	7.994612	0.656305	3.602946	4.753235
759	5	3.948787	-0.486127	3.768124	5.566949	3.995625	-0.703847	3.455238	5.569183	3.926070	0.107364	1.744393	5.564791	4.040319	-0.908043	2.957186	5.570676	4.084856	-1.025092	2.172183	5.571729
769	5	6.597308	0.767620	-1.229818	5.008175	6.515763	0.853619	-1.899789	4.940229	3.448434	1.734996	4.764692	0.560617	6.352581	1.013644	-2.617433	4.772813	6.054282	0.834468	2.045275	4.841334
810	5	7.389302	0.303221	1.962360	2.046829	7.336249	0.669459	2.239468	1.691301	7.283834	0.648060	3.884769	1.567203	7.361973	-0.357177	5.174169	2.176703	7.405189	-1.032614	3.485664	2.648443
991	5	7.308210	-1.805209	2.681895	6.457870	7.307362	-1.229959	3.056316	6.179455	7.310614	-1.246012	-2.882658	6.525964	7.309366	-2.771139	1.662448	6.685634	7.308386	-1.928440	2.556210	6.503486
1102	5	-0.832173	4.439971	6.154315	-2.321228	-0.831438	4.256664	6.333097	-2.338406	0.879127	5.646090	2.971228	-0.416239	-0.816391	3.674104	6.737562	-2.388185	2.013981	0.969142	7.056114	-2.548338
1212	5	-1.544100	4.380938	7.264198	-0.986340	3.680868	0.537594	1.421881	4.394919	3.249478	1.116763	1.617242	3.832235	2.837958	1.240564	2.416032	3.355423	2.707972	1.108358	2.771777	3.268518
1252	5	4.167073	1.586644	1.710177	3.811455	1.192215	6.293312	2.212234	1.056705	1.038353	6.035504	3.949301	0.405911	1.038317	6.545988	2.676202	0.259551	1.038297	6.131456	3.836654	0.377106
1305	5	0.172006	0.085183	3.983333	6.443119	0.115157	0.859294	3.692408	6.431006	0.191832	0.056630	3.849444	6.444421	0.124159	0.866327	3.569417	6.433345	0.092388	0.695299	4.187380	6.427719
1426	5	6.435437	0.112168	0.491458	3.866258	6.072143	1.329116	0.076634	2.202548	6.412475	0.353590	-0.859003	3.671702	6.131551	0.218675	4.919864	2.644496	6.114777	0.248094	4.969637	2.587791
1455	5	7.030972	0.391600	1.093104	8.065044	1.256296	3.444415	7.731103	2.892339	6.459031	0.826386	2.361556	7.508286	7.114625	0.983450	0.387771	8.222814	6.951260	0.409285	1.366489	7.966592
1466	5	5.322093	3.893878	2.589817	5.872691	5.478296	3.499219	1.679324	6.020649	5.732564	0.986726	3.910440	5.497823	5.346450	3.865371	2.360349	5.896868	6.285681	0.568417	2.396094	6.549996
1501	5	9.050924	0.107164	2.719735	2.428318	9.088802	0.304782	2.210760	2.691606	9.073916	-1.306065	3.115328	3.001008	9.046801	-0.070317	2.873411	2.487236	9.096199	-1.488783	2.805656	3.082255
1543	5	7.933955	-1.378267	-1.453496	6.532944	7.818441	-0.072560	6.566290	4.040647	7.938734	-1.636299	-1.008902	6.645501	7.828544	0.185227	5.927589	4.485131	7.827337	-0.300924	6.653217	3.991577
1619	5	0.432675	6.753701	1.078195	-0.244934	4.899839	-2.388878	4.668756	5.889232	3.589663	1.610572	5.405983	-0.107006	4.397468	2.328138	2.946284	4.198937	4.485566	1.954003	2.939598	4.455131
1675	5	7.241081	-1.931322	6.160988	1.586025	7.931111	0.826870	1.817512	1.227340	8.186612	-2.895180	3.980101	2.207327	7.127295	-1.649093	6.238593	1.473644	4.969086	2.650361	2.286897	-3.150250
1715	5	6.678540	0.734341	1.807834	5.116886	6.688498	0.298229	2.248728	5.229148	6.738312	0.551511	0.836656	5.201856	6.692167	0.707382	1.605168	5.131830	6.663378	0.370047	2.945221	5.183629
1768	5	6.719376	-3.443828	4.732788	7.087361	6.719390	-3.222049	4.638148	7.092305	6.719370	-2.589871	4.362131	7.101898	6.719011	-4.221408	5.072166	7.057982	6.696012	-4.646541	5.647079	6.927942
1826	5	2.273692	1.444078	5.100347	5.203562	5.343316	-1.216704	4.132822	6.468795	6.002058	-1.928326	2.273171	6.611795	5.256177	0.071665	0.855806	6.521656	5.734409	-1.773047	3.497221	6.553425
1868	5	4.765180	-1.680660	1.880229	8.208681	4.765168	-1.785674	3.331301	8.208654	4.765179	-2.611485	2.899496	8.208668	4.765170	-1.563789	2.680750	8.208662	4.765174	-1.512411	2.262641	8.208671
1873	5	6.779636	-5.138616	2.842121	5.940311	6.238906	0.893382	6.945332	1.017708	6.768042	-4.211660	4.296065	5.940193	6.786002	-4.810657	0.866103	5.940355	6.775274	-4.835502	3.485051	5.940278
1961	5	7.010223	-2.158068	3.968606	4.383746	1.805710	5.373597	2.141813	-0.040800	7.008271	-2.886890	5.123377	4.383744	7.003953	-2.003770	5.785915	4.383739	7.000502	-1.577671	6.023746	4.383733
1969	5	1.555619	7.189953	0.235393	-0.356499	5.333623	2.995942	4.554165	2.190442	6.028308	1.155965	3.826554	5.610677	5.855957	-0.257825	4.355350	5.709336	5.185417	2.350421	4.892545	2.174157
2068	5	2.938119	-1.334251	3.018394	5.745454	4.659762	-1.983707	2.440349	5.750761	4.114037	-1.195838	2.212599	5.748109	4.327824	-2.228050	2.665995	5.750238	3.472696	-1.717618	2.899719	5.748174
2076	5	4.301892	1.484984	1.350663	7.123055	4.278675	1.555884	1.353140	7.094077	4.256338	1.615133	1.356845	7.068223	4.009995	2.039784	1.410942	6.846329	2.586958	1.543949	6.984314	4.180638
2247	5	6.589466	1.242282	3.516992	4.075262	6.560297	1.320514	4.201146	4.021327	7.315508	-1.900642	-4.645326	7.559981	6.579849	1.630895	3.644156	4.056959	6.570276	1.625939	3.945214	4.040997
2274	5	6.843003	-4.337625	-5.699353	7.544071	6.699459	1.040656	-1.948333	1.778125	0.443222	7.000909	-0.513547	1.777100	0.509654	3.378491	5.414234	1.777101	6.842047	-0.176660	3.416973	1.845099
2316	5	6.463132	0.215232	1.603898	5.383807	4.729060	1.574377	4.609162	4.225511	6.323646	0.374813	1.448533	5.338748	5.809595	0.783500	1.394381	5.075813	4.412936	0.560738	6.131660	3.753609
2320	5	5.495623	-0.104674	3.979755	6.632284	5.602737	-0.844790	4.713299	6.676955	4.039872	1.343120	4.931812	5.955248	5.192063	0.393796	3.791197	6.546399	5.427047	0.053316	3.889500	6.611671
2399	5	5.476794	4.873491	2.311933	2.879483	3.560424	4.644338	6.037807	2.879402	1.560757	7.621098	1.394236	2.879401	4.937645	5.983727	2.537090	2.879423	3.631724	4.784781	5.925466	2.879402
2428	5	6.251762	0.243589	5.403711	2.621931	6.505933	0.803711	2.622976	4.222121	1.015456	7.528811	0.623002	0.324119	6.516301	-1.281142	3.266580	4.755363	6.496260	-1.505382	3.739670	4.551101
2445	5	5.529652	1.018674	5.606247	2.529645	6.076504	0.591322	4.264969	3.256390	5.470834	1.832478	4.695966	3.051388	3.071808	3.146782	5.521883	2.659962	6.055248	0.731616	4.219606	3.251053
2544	5	4.912955	-0.467405	2.787825	6.289799	5.363172	-0.981075	2.732441	6.305766	5.207056	-0.822764	2.776231	6.301699	5.828518	-1.307363	2.448016	6.313411	5.772633	-1.311537	2.510466	6.312817
2581	5	7.068104	-1.755343	-5.395142	6.650893	4.799947	0.340974	2.660061	4.899336	4.947919	0.819758	1.148306	4.809320	4.360001	2.062931	0.486720	2.049195	4.469003	1.869446	0.139371	2.500203
2706	5	1.081855	1.531118	4.197349	2.999870	0.174794	7.148490	0.588105	0.314143	0.957814	1.736817	4.291066	2.954656	1.097532	1.940672	3.949121	3.022726	1.368968	1.431406	3.820996	3.110283
2785	5	0.319142	4.891949	0.673820	-0.234752	0.467705	0.971442	5.230235	3.724637	0.746843	0.987881	4.170139	4.320641	0.705454	1.089459	4.211221	4.241651	0.506144	0.828964	5.158579	3.980681
2826	5	7.202893	-1.054819	0.214911	6.136023	2.145732	6.430451	1.402258	2.553476	7.106289	-0.812543	-0.103122	6.135855	7.277760	-4.048291	5.524940	6.135581	7.289394	-4.718539	1.986986	6.136127
2839	5	6.955169	-4.696288	5.225454	5.774275	6.961627	-4.877566	4.924171	5.774348	4.128436	4.861066	1.104413	-0.441767	6.913815	-1.536949	3.083947	5.774228	6.906621	-3.136051	5.936853	5.773824
2877	5	5.279460	1.327419	3.419429	9.015908	5.477313	1.016422	4.502531	9.021949	6.274705	0.833932	-1.294484	9.572046	5.448114	1.426758	0.005207	9.149712	6.586813	0.427240	-1.914416	9.604183
2944	5	4.416799	0.542909	3.372554	8.947289	4.448999	1.176371	1.393424	9.125072	4.454391	0.477903	3.247093	8.966226	4.405325	1.237416	1.433510	9.117414	4.546081	0.410897	2.628098	9.035096
3061	5	3.393272	0.240064	7.540866	3.406253	3.936224	-0.220738	1.481506	5.306758	3.685138	-0.941087	7.723451	4.862995	3.643772	-0.731446	7.725948	4.650832	3.970534	-2.923601	3.211941	5.981408
3115	5	5.411268	-1.294611	2.962520	6.625149	5.143667	-0.485544	2.927707	6.504199	5.260948	-0.367555	1.916328	6.580515	5.274516	-1.029165	3.351229	6.568992	5.487348	-0.617012	1.133006	6.691774
3258	5	5.944766	-2.003711	5.558674	7.171871	6.013475	-1.895499	4.639893	7.182755	4.987671	0.511016	5.207685	7.148101	5.966934	-1.684673	4.516847	7.183375	5.528579	-0.336310	4.010186	7.182803
3324	5	7.729102	0.235229	4.527958	4.605292	7.730068	-0.478870	4.797969	4.687145	7.731904	-0.171159	4.091158	4.717484	7.731711	-0.269893	4.186128	4.722281	7.730621	-0.481711	4.610842	4.706328
3404	5	6.581666	0.945921	1.964262	5.355960	7.664234	-2.826732	-1.843646	6.758530	6.685595	0.944232	1.390964	5.468582	6.725324	1.043694	0.891810	5.487408	6.699719	1.196760	0.682079	5.431158
3434	5	5.023945	1.683470	4.314118	4.049631	6.206982	-0.923712	3.226073	5.357682	6.515797	-2.496039	3.684268	5.369710	4.795590	1.628427	4.760021	3.610243	4.323310	0.655995	4.582781	4.364517
3442	5	6.357188	-3.277577	3.097045	7.866355	3.542682	0.145228	5.849538	7.611324	0.049462	1.842761	1.696901	7.298773	6.326508	-2.013591	4.424229	7.816529	5.814428	0.073365	0.847279	7.870012
3453	5	6.598729	-4.130233	3.747969	4.695299	6.565236	-1.106415	-0.224724	-0.288579	0.559504	5.271834	-0.219874	-1.086341	6.598644	-2.836865	5.325362	3.780600	6.598684	-2.311548	3.553412	4.234910
3492	5	6.700346	-2.164959	3.058891	5.824494	6.654991	-1.341687	4.551161	5.422887	6.714702	-1.684266	1.747197	5.905137	6.707621	-2.071427	2.586015	5.886575	6.715760	-1.298228	0.793359	5.835019
3495	5	4.841860	2.559444	4.090163	4.867934	3.069597	6.967970	2.932811	1.658846	5.414386	1.473771	3.574082	5.399734	6.192518	1.398818	0.112468	5.696855	4.074372	3.805324	4.115562	4.066056
3529	5	5.860060	0.321298	5.891412	-0.558029	5.871167	-0.112300	6.144920	-0.315180	5.883949	-0.493123	5.934775	0.503554	5.900188	-0.901600	5.378519	2.117999	5.858694	0.392219	5.769779	-0.565291
3574	5	5.122405	-1.743244	2.555773	6.604283	5.118145	-0.913395	2.643579	6.589304	5.117531	-1.354894	3.021876	6.583864	5.126007	-1.514654	2.003950	6.619783	5.121704	-0.803665	2.273499	6.599647
3582	5	4.927365	1.248170	3.393009	2.550675	-0.447679	6.473310	0.422439	-3.011437	2.520718	2.504387	4.548240	-0.026981	2.101850	1.653254	5.675238	-1.422703	1.808696	1.755790	5.646073	-1.588482
3701	5	4.896081	-0.403471	1.961748	3.109797	5.284127	-6.627097	5.750227	6.029311	5.101867	-1.720398	2.785585	5.542586	5.284134	-6.679079	5.811222	6.029247	4.996743	-0.941092	2.247921	4.290914
3717	5	-4.307484	1.093810	6.471783	3.815327	-3.989610	4.069475	0.389463	5.196337	-0.018832	-2.169024	2.622862	7.023823	-4.251725	5.646605	1.372296	2.877442	-4.294654	3.862151	5.990923	1.647081
3792	5	3.907132	0.052727	6.171263	8.142975	6.599648	0.253576	1.843790	9.093651	2.583713	2.280319	6.909546	7.446329	2.731252	5.388927	4.268067	8.050666	3.507255	0.213411	6.353856	8.028921
3937	5	1.811066	6.338752	0.456978	-0.505747	3.921802	1.050494	5.343189	0.703983	2.757319	1.561305	5.717124	0.476182	3.984275	1.035016	5.288521	0.714909	2.890886	1.722779	5.229737	0.480278
4034	5	5.233279	-0.103071	2.403610	3.753459	5.268476	-0.847747	4.183761	3.730945	5.041023	-0.363155	5.144847	3.665630	5.238304	-0.783253	4.418829	3.721290	4.298334	0.797580	4.418411	3.481117
4045	5	-0.184809	6.726414	-0.175943	-0.585759	4.263225	2.033878	5.890265	-0.585764	6.167832	-3.926599	-0.910655	5.436826	6.166681	-1.891779	5.232157	0.003030	6.167849	-8.035490	5.217888	5.475163
4106	5	5.618750	-1.770386	4.917596	5.034031	3.977009	4.625796	2.493064	2.777980	5.477031	0.986394	0.448342	4.998335	5.273509	1.522895	0.503297	4.824680	4.130498	1.283457	6.700324	3.361773
4128	5	6.250681	-2.444914	6.614198	7.304713	6.269304	-1.575491	3.164298	7.479040	6.251946	-0.627406	2.522876	7.310812	6.238017	-0.363050	2.357152	7.224481	6.266444	-3.394713	6.339013	7.444977
4143	5	8.516356	0.449881	1.243378	5.385753	2.526740	4.813588	-1.974784	4.601156	8.386873	0.605742	-3.632189	5.275783	2.553948	3.959767	3.480578	4.607511	8.790727	-1.326083	-8.175122	6.818678
4150	5	6.500076	-1.512373	0.893522	6.258350	6.382898	-1.097779	0.380493	5.893808	6.594212	-1.676430	1.953529	6.377206	6.095575	0.414390	0.898573	3.976542	5.738508	-0.344412	5.083267	2.270195
4160	5	5.522020	1.220867	0.176132	5.378260	5.702454	0.813729	-0.376033	5.477997	4.689056	3.087239	1.542695	4.859897	4.629287	3.215048	1.584405	4.819290	5.631026	0.975437	-0.155677	5.439038
4182	5	4.467448	2.536623	3.985105	3.711346	4.740634	1.917183	4.251338	3.709006	4.559167	2.041829	4.247719	3.698078	5.778983	1.411360	3.917153	3.845282	5.093621	1.738379	4.197839	3.738664
4298	5	6.012439	-2.216649	3.956392	6.471302	5.966575	-1.870005	5.827835	6.471216	5.867340	-1.261322	6.837177	6.470686	5.979111	-1.961795	5.474266	6.471249	5.989291	-1.820734	1.965425	6.471296
4353	5	5.997004	0.929297	3.434319	0.035249	7.504718	-1.575198	-0.706404	4.558249	5.008921	1.257464	3.704744	-0.205679	5.920007	0.784081	3.610026	0.021930	5.082920	1.090042	3.824451	-0.187871
4360	5	0.289831	6.251968	1.658281	4.728878	6.631290	-4.042905	3.244046	7.447795	0.025327	6.223443	1.754137	4.705543	6.535228	1.044722	0.820228	6.430296	6.623933	-3.888391	4.326401	7.377790
4379	5	0.848592	4.671873	7.035309	0.523497	7.351976	-1.090338	1.912675	6.065442	7.351746	-0.222475	0.578878	5.897375	7.351771	-0.967965	3.892154	5.998940	7.350624	-0.037950	4.651118	5.685893
4433	5	5.165217	1.402803	2.603140	4.320488	5.346517	0.929311	1.256516	5.934759	5.289313	1.698039	1.071067	5.498169	5.360568	1.015406	1.021338	6.016890	5.310833	0.945644	1.605960	5.696980
4457	5	1.271458	1.663260	5.515361	2.798195	3.567584	-2.879298	5.601047	7.645750	3.403951	-2.334018	5.819690	7.536134	0.523919	3.234966	2.860988	3.458762	3.907553	-4.638520	4.094588	7.923967
4487	5	4.059148	1.546699	7.640151	3.990412	6.079151	-3.883779	4.987208	5.448864	5.022418	2.517040	1.346689	3.934192	6.079364	-3.906673	4.637156	5.451527	4.013769	3.327318	5.341032	2.797102
4532	5	6.336986	0.559579	-0.913547	4.874960	7.469095	-0.455755	-0.273733	5.174279	7.314743	-0.247916	-0.591212	5.128340	1.471604	1.615239	4.968296	3.306493	2.930999	4.984796	0.265531	-0.023031
4604	5	6.835408	-1.323978	4.541950	6.135537	6.737375	-1.198357	4.755211	6.047475	6.690162	2.137566	3.046327	4.714835	6.527797	2.560043	3.186572	4.400460	5.079170	3.620385	4.550230	2.647761
4638	5	5.171768	-0.546952	3.821205	6.496864	5.180659	-0.612086	3.651263	6.496978	5.191433	-0.294570	3.017954	6.497119	5.161289	-0.399969	3.937846	6.496703	5.167614	-0.199702	3.523297	6.496762
4642	5	2.418755	4.172002	7.480379	2.062367	6.623564	-0.337324	3.038123	6.968112	6.692392	-0.393336	2.902513	6.968179	6.873208	-0.535170	2.381714	6.968377	5.913071	0.097934	4.022791	6.967396
4670	5	3.509021	0.083234	6.668096	6.176562	5.922112	-2.342186	6.121455	6.771585	5.545173	-1.868721	6.236042	6.745628	3.598860	-0.554232	6.545821	6.506752	6.751814	-5.633356	5.096298	6.803377
4690	5	2.193700	5.352000	3.535137	3.948773	3.015889	1.885776	6.779437	2.557454	1.804640	2.205365	6.888866	2.179065	4.242369	1.518150	6.430852	3.502334	5.857993	0.777695	2.305887	6.081227
4720	5	6.075571	0.303402	4.688123	6.146142	5.937361	0.500833	4.830189	6.057210	6.153689	0.203141	4.584090	6.191657	6.188532	1.728970	3.567149	6.127761	6.291827	0.146733	4.333042	6.264268
4738	5	2.923724	0.635868	4.808569	6.299390	2.911335	0.641267	4.845989	6.278546	2.723635	0.885618	5.254052	5.927159	2.645133	1.120603	5.285283	5.774067	2.692089	1.359667	4.895500	5.903340
4779	5	6.422175	-0.123225	5.293050	5.023373	6.430053	-0.213419	5.019745	5.199308	6.411503	-0.081811	5.555981	4.844561	6.415532	-0.090642	5.464642	4.907825	6.420705	-0.113663	5.334051	4.996160
4831	5	6.414764	-1.661059	4.369065	5.676666	6.412556	-1.833044	4.489850	5.679963	6.408007	0.554891	0.999828	5.039545	6.422664	-0.603805	3.468853	5.535254	6.422075	0.169972	2.065351	5.234863
4850	5	-0.607589	3.367814	8.824373	3.646215	0.009210	7.321914	3.450459	3.061417	-0.481532	7.072773	4.227421	3.062222	4.572550	-2.205059	6.231248	5.939839	2.302141	0.157438	8.202261	5.760772
4931	5	0.562281	0.390714	2.092157	6.093616	0.719454	-0.133070	2.021234	6.902333	0.619488	0.251995	1.977882	6.516045	0.523256	0.425243	2.338647	5.599699	0.538973	0.430193	2.201329	5.838541
4934	5	6.547414	-0.992268	3.792388	5.341035	6.324107	-2.733732	5.221112	5.278275	5.793364	-1.485167	5.612827	5.111440	5.694929	-2.211849	5.735301	5.150139	5.903530	-2.449660	5.561444	5.198113
4937	5	6.453907	-0.343139	4.621548	5.963779	6.871728	-1.083997	0.905233	6.334202	6.470145	-0.024638	3.721025	5.941870	6.861444	-0.871078	0.040881	6.328149	6.555767	-0.012015	1.988547	6.060690
4967	5	7.301789	0.747142	2.023766	6.403163	7.125640	0.229404	4.391091	6.295146	7.271008	0.067189	3.450854	6.369356	7.126071	1.108439	1.515525	6.318207	7.058548	1.197422	2.512392	6.279064
4976	5	6.964243	-0.435674	0.416731	5.803658	6.959565	0.747237	-0.502444	5.459049	6.958985	0.680892	0.666657	5.405846	6.963410	-0.060149	-0.107485	5.754655	6.960642	0.524937	-0.629335	5.568912
5023	5	1.092270	5.147782	6.515765	0.109247	2.192439	1.116983	6.395852	4.992370	1.208807	2.323851	6.664754	3.521234	2.079809	1.187743	6.432982	4.930166	1.853150	1.349573	6.502424	4.775700
5029	5	5.410388	0.120621	3.612412	6.160607	5.340683	1.257855	6.173394	5.371399	5.387424	0.350061	4.516413	6.056945	5.363375	0.700219	5.418403	5.857564	5.361833	1.710184	6.143254	4.913056
5095	5	5.599880	0.916921	1.469427	3.907904	5.480091	-1.498326	3.937828	4.697389	4.963553	1.262991	4.077480	3.217902	5.014508	0.812638	4.778666	3.205753	5.374985	-0.916126	4.385254	3.910612
5106	5	4.598279	1.853747	5.191033	2.742126	5.688427	0.098110	3.444061	6.714624	5.682796	0.162549	3.500236	6.698208	5.574603	0.826630	3.620213	6.565609	5.723030	0.906980	1.916954	6.934908
5152	5	-0.857766	1.904495	8.648713	2.389716	1.154615	-1.657137	4.083358	5.810180	1.166974	-1.787398	3.833037	5.849804	1.074197	-0.511191	4.166776	5.550556	1.067615	-0.622943	4.476869	5.517590
5161	5	6.379613	-1.533795	4.273356	6.739649	6.379719	-3.356679	5.247952	6.739043	6.385291	-3.427615	5.068886	6.741886	6.299928	-1.879740	5.897905	6.674119	6.363782	-1.025744	4.058220	6.729020
5166	5	5.142607	0.537373	-0.497334	6.592238	5.003776	0.703274	-0.830304	6.554362	5.228713	0.369101	2.285680	6.603336	4.943692	0.363990	4.208537	6.498031	4.840219	0.426066	4.485139	6.465710
5181	5	5.627936	-0.433758	3.218296	3.381808	5.571095	-0.383925	3.335020	3.380160	6.151235	-0.108788	-0.009312	3.392146	6.082296	0.013495	0.064980	3.390044	6.230928	-0.836853	0.889571	3.394240
5274	5	5.227761	-1.490284	4.648074	7.376787	5.228247	-1.571977	4.510597	7.405623	4.617909	1.814666	2.681000	6.899113	5.226627	-1.336393	4.881751	7.323566	5.122554	0.874736	2.438819	7.254466
5320	5	6.491383	1.432750	3.522246	1.270878	6.392892	0.928177	3.736798	1.270998	6.588053	0.602355	3.734885	1.271276	6.375586	1.274775	3.640984	1.270895	6.448619	1.401864	3.558432	1.270880
5401	5	7.416878	-3.571917	4.066510	6.813653	7.388835	-3.057233	5.207444	6.813513	7.393833	-0.778771	3.045647	6.813656	7.362456	-2.704099	5.664278	6.813378	7.353215	-2.611052	5.782107	6.813330
5526	5	7.374227	-1.146157	2.679233	6.689620	7.382833	-0.826521	2.271440	6.695279	7.357319	-1.300722	2.831237	6.685243	5.759748	1.329965	2.265144	5.475985	3.924364	-0.042848	6.407938	5.091109
5547	5	6.202501	-4.187424	3.835657	4.769439	6.322755	-3.769798	3.298201	4.769216	6.124228	-4.135692	4.034806	4.768842	5.517229	-3.045120	4.819053	4.751186	5.977238	-3.893383	4.305701	4.766746
5604	5	4.765276	3.399108	8.254657	0.874360	8.649576	0.215622	7.649950	5.552800	8.703086	-0.270733	6.549188	5.617224	8.682222	-0.058820	7.217114	5.599392	8.719201	-0.479498	5.445357	5.626560
5611	5	6.040483	-1.640694	3.536591	1.355052	5.985988	-1.394356	5.160577	1.306294	5.840855	-0.914530	6.273014	1.228853	3.313803	1.116912	7.025571	0.715252	5.926032	-1.166613	5.783864	1.269223
5639	5	8.623272	0.789741	-1.339151	6.851817	5.401202	2.101984	6.381344	4.021177	8.712571	0.024577	1.470214	7.129586	8.721566	0.235598	-1.967941	7.083285	8.641183	0.719070	-1.424744	6.888192
5661	5	6.621638	-0.324286	4.081730	6.278789	5.835528	0.970234	5.160054	3.574906	6.241563	0.843675	4.667537	4.301650	6.622699	-0.350671	4.090602	6.298337	6.358352	-0.273585	5.327382	4.288991
5837	5	6.541002	-2.445642	1.303451	7.386773	3.032624	-1.183675	5.365647	7.113266	4.692760	0.845839	2.259958	7.168555	6.401617	-3.617034	2.503107	7.365032	4.091825	-2.295404	4.813808	7.228012
5860	5	1.504485	-0.903763	6.617122	3.347438	0.861329	2.227723	7.807762	1.202787	1.572819	0.290584	3.453045	3.537823	1.549335	-1.208922	6.465387	3.579436	0.210754	7.208422	2.441309	-0.248714
5882	5	1.836194	4.165295	1.242536	0.140254	7.445111	0.750591	4.385398	0.140257	7.505045	0.816191	3.847564	0.140258	7.520233	0.575838	3.941504	0.140259	7.478321	0.870388	3.953324	0.140258
5919	5	7.107076	-0.196449	-0.162231	6.136938	3.029458	3.283546	1.024777	2.200567	7.053829	-1.410402	2.153250	6.977350	6.064911	1.690771	-0.186566	3.789709	2.236708	3.480058	1.202234	1.932691
5938	5	7.197338	-1.782968	-3.513271	6.835810	1.572231	5.262865	2.756590	2.735802	1.592857	5.143909	2.748027	2.806482	2.143019	3.243462	2.610782	4.210556	3.538816	1.542467	1.970019	6.156616
6192	5	1.738036	1.397706	5.446342	6.784416	6.293274	-2.180860	4.237027	7.115550	4.304948	0.267938	5.933493	6.871571	6.316118	-1.727075	3.050995	7.189279	6.266706	-1.840558	4.489824	7.092366
6315	5	4.288509	-0.473117	-0.220633	6.930552	4.263403	-0.433626	-0.312673	6.909492	4.561924	-1.038248	1.067893	7.075663	4.618544	-1.446475	1.532792	7.065447	4.171859	-0.289382	-0.519137	6.827464
6434	5	8.940197	-0.750526	4.290164	1.594390	8.940667	-1.215172	4.118553	1.588621	8.941951	-0.112578	2.436494	1.607522	8.941494	-1.893666	3.410804	1.588232	8.942680	-0.843838	2.095046	1.619181
6452	5	5.808624	0.216524	-0.265914	0.330792	5.754575	0.172890	-0.170184	0.319247	5.047887	1.200714	1.192183	-0.302642	5.890458	0.469717	-0.562414	0.335887	5.114942	1.316222	1.014249	-0.318475
6458	5	5.774634	0.545363	6.412409	2.942546	3.427340	4.993965	3.364302	2.421074	4.829527	4.300626	3.076924	2.760134	5.852562	0.372590	6.198104	3.001651	5.815192	0.456872	6.303305	2.972362
6477	5	4.000650	1.929672	7.958137	-0.971767	8.503231	1.172319	3.875676	2.585187	8.523665	-0.977333	4.981895	2.842304	8.402595	1.219281	4.235719	2.360047	8.360467	1.170551	4.545879	2.278565
6484	5	6.345737	-1.233547	-5.296965	6.252949	6.006323	0.623378	-2.255572	5.940201	6.016315	0.256374	-0.066157	5.876156	5.432155	2.144402	-0.975396	5.844267	5.842439	-0.090751	1.712658	5.756400
6518	5	-0.494689	4.303785	0.249229	0.329123	4.985778	0.014614	2.842155	1.734670	4.961072	-0.195726	4.296164	1.317655	4.995501	-1.933470	3.858402	2.103773	4.997720	-1.814335	3.492080	2.246783
6554	5	6.314659	-0.117350	4.122573	5.382384	5.597154	2.304172	1.470780	4.913158	6.413346	-0.624358	3.892703	5.613718	6.547397	-4.245586	2.327080	6.435813	5.802759	1.129754	4.401370	4.800536
6617	5	6.535463	1.972022	3.341355	3.869919	6.280590	2.298352	3.465845	3.381372	5.578599	2.138578	5.168057	2.340810	6.228297	2.352797	3.506543	3.287965	6.763997	1.561472	3.354978	4.355879
6619	5	5.645342	-1.029053	2.672657	5.034932	2.732321	-0.711137	5.028939	4.993853	1.337902	-0.199180	5.592057	4.969311	0.751929	0.379351	6.249796	4.910619	3.113486	-0.289323	1.110085	5.038119
6738	5	6.078528	0.949151	5.237653	4.185289	5.653089	1.507866	5.341565	3.442835	6.172313	0.287396	5.235779	4.834312	6.057239	1.002387	5.245580	4.115230	3.510152	1.742914	5.884826	1.444938
6744	5	4.728249	1.195466	1.649410	6.164355	5.021897	0.469821	3.829203	6.696347	4.765413	1.140579	1.591176	6.226367	2.829762	5.226429	3.380476	3.932678	4.297335	1.953945	2.109168	5.513497
6780	5	0.142646	5.138828	0.382002	1.010393	2.733204	1.189639	5.079797	5.175537	0.796869	2.663361	4.579885	3.333279	3.040283	3.211069	3.197227	4.798894	1.768510	3.839574	3.520044	3.449004
6910	5	2.479505	7.512126	1.795283	-1.761514	2.514142	3.460066	7.330245	-1.760625	5.881342	-1.211906	4.619752	4.479338	5.880525	-1.242261	4.866151	4.478365	5.881152	-0.670314	4.344786	4.479879
6939	5	6.159060	-4.346801	2.647783	5.960156	6.160158	-5.377581	1.381599	5.975138	6.073843	-2.263730	2.956640	5.885014	6.153028	-2.630345	0.484909	5.974878	5.926923	-1.699432	3.026466	5.837265
7085	5	6.693235	-1.611598	5.052553	3.903286	6.707823	0.124943	4.315779	3.821738	6.698896	0.535595	4.166609	3.709586	6.606571	-0.877477	5.400588	3.641911	5.511105	2.039030	5.152538	2.839167
7093	5	0.986141	5.322212	1.149477	1.640927	3.200135	0.319065	3.542315	5.179051	1.482927	2.244153	4.649611	4.189876	5.145655	-0.820750	4.772362	5.330483	1.563160	0.456233	5.265202	4.437123
7109	5	2.201659	3.670173	2.774366	-4.203805	1.381203	4.113760	3.130590	-4.245934	3.285479	1.883001	6.132040	-4.124101	1.359519	3.535058	4.626551	-4.248631	2.025775	3.777165	2.822549	-4.216145
7175	5	2.334256	3.821127	5.682460	1.570037	4.631288	1.500886	6.347920	1.251895	5.725851	-0.345062	0.772498	5.903610	4.590815	3.222816	1.459377	2.548081	2.273014	3.756836	5.823221	1.544577
7188	5	6.530544	-3.548989	3.543774	7.477052	6.530528	-3.274664	4.023117	7.476474	6.530512	-2.656097	1.763501	7.476753	6.530540	-3.463142	3.711050	7.476875	6.530502	-3.035258	4.237273	7.476017
7267	5	4.371317	-0.067309	4.324176	1.646779	4.869026	-1.412749	3.477876	1.721734	5.048903	-1.349219	3.196484	1.729590	5.133049	-0.254190	2.772465	1.733539	4.997745	0.585349	2.667494	1.720483
7285	5	1.726831	4.571258	2.760940	4.563078	4.442235	-2.083147	5.374577	6.734784	3.939720	1.467535	4.675569	5.083116	4.398229	-0.891504	4.304286	6.595119	4.006257	0.240333	6.929922	4.917704
7329	5	5.778726	0.123759	0.810592	5.553680	5.800246	-1.831433	2.796347	6.293261	5.800618	-1.869965	2.428875	6.397096	5.681358	0.865453	0.986011	5.211859	3.406671	1.033003	6.986485	1.406042
7504	5	6.485431	-0.345738	5.440484	4.205588	6.247447	0.867089	0.078887	4.075016	6.844735	-2.326196	3.049367	6.520802	6.852590	-2.099932	2.323421	6.649029	6.658537	-0.273788	-2.374298	5.026978
7556	5	4.493265	2.640810	3.751446	4.475817	4.390354	2.798150	3.868889	4.434577	4.596825	2.464191	3.654016	4.514650	2.646344	1.392210	6.924671	4.150533	3.095535	2.118973	6.762951	4.023640
7621	5	0.338571	6.188463	2.135834	3.547403	0.340937	6.125266	2.052905	3.761293	4.229625	0.209965	6.212852	6.057710	4.365802	0.039586	6.085037	6.140585	2.741290	1.601339	7.090506	3.807560
7671	5	1.697399	4.913461	6.837714	5.309547	5.258393	-0.714195	1.682215	8.227550	5.231218	-0.615016	1.977725	8.216577	5.218112	-0.760935	4.839659	8.174651	5.219238	-0.575394	2.116808	8.210100
7712	5	4.619401	-1.173470	3.134010	5.173551	4.598022	-0.492750	2.010354	4.455490	4.589013	-0.220652	1.862841	4.203174	4.402796	-0.553064	5.634074	2.088082	4.563879	0.450174	1.874443	3.638587
7789	5	5.539684	-1.548335	4.067221	6.853566	5.430887	-1.261551	4.685277	6.840809	5.048089	-0.390621	5.048911	6.803720	5.472897	-1.398716	4.563397	6.845410	5.543237	-1.414705	3.753609	6.854508
7807	5	1.761771	6.166657	2.091853	-0.789390	5.666879	1.514501	5.575867	4.024134	5.652970	1.683400	5.387845	3.897851	5.893719	1.106144	5.024354	4.962338	5.865884	1.689470	4.262747	4.703378
8024	5	4.642201	1.396647	2.891824	6.204172	4.728894	1.292627	2.711990	6.239442	4.970949	0.378583	1.344740	6.535178	4.974357	0.282875	1.719782	6.555958	4.976782	0.163640	2.269280	6.573174
8036	5	6.760750	0.008011	3.827995	6.378706	6.602778	1.098362	5.038310	4.840971	6.610644	0.228871	5.072401	5.597099	6.530002	0.545765	5.774517	4.581862	6.722166	-0.025422	4.183603	6.247348
8230	5	-1.123603	5.447363	1.509459	0.503938	5.305590	1.037029	2.709591	4.454246	5.010913	0.213596	4.596955	3.414957	4.515322	1.350269	5.119714	3.722955	4.858633	2.076500	3.194924	4.089463
8319	5	0.151914	6.603558	1.346135	1.598373	6.743049	-2.309172	-4.735996	7.279862	5.743925	1.881455	4.682951	3.582182	5.717317	1.562676	4.796547	3.569586	5.614607	1.851264	4.962929	3.539458
8367	5	-2.480015	6.393860	1.517550	-0.664218	2.603641	2.165393	4.055845	3.999381	2.719293	-0.956990	5.446589	4.362451	2.884120	0.781009	4.266342	4.381929	2.780860	-1.102606	5.290725	4.398530
8394	5	6.324275	-1.561218	-2.883427	8.279596	4.591912	0.952598	1.127313	7.478482	4.524492	1.027292	0.869563	7.454283	4.755567	0.674502	3.428667	7.394976	4.492743	1.063774	0.808707	7.440268
8481	5	2.222105	-0.547971	3.856902	7.005773	2.222549	-0.935686	0.489207	7.083879	2.221997	-0.342450	3.594946	7.013102	2.222327	-0.242573	0.804627	7.048722	2.222538	-1.310260	1.382895	7.076298
8482	5	3.726626	1.919702	6.854422	2.527211	4.926517	-0.801905	6.689203	5.669378	5.648590	-4.536275	4.454948	5.953173	3.253931	2.742383	6.059458	2.604493	3.269415	2.682394	6.127672	2.556917
8511	5	1.959047	-0.630010	5.680007	5.253495	3.566461	-0.480343	3.605098	6.575036	3.784650	-2.745692	4.418990	6.798806	3.602373	-2.269569	4.958956	6.368960	2.521826	-0.913413	5.603053	5.463434
8522	5	5.960944	-1.184318	3.569817	6.888535	5.738573	-1.774434	4.110993	6.819737	5.635025	-1.774028	4.216293	6.801941	2.638518	1.851849	5.238148	5.930062	5.864836	-0.634648	3.253372	6.915615
8629	5	4.065272	2.549099	7.052121	2.226845	6.233602	0.317395	5.155352	6.372908	6.200283	1.008238	1.727961	6.225282	6.192572	0.508949	5.501747	6.249799	6.056257	1.353075	1.872801	5.801259
8636	5	2.140522	2.361010	2.115647	0.202804	3.301075	0.267387	2.369206	1.120114	2.053982	0.844027	4.985769	0.026296	3.289726	0.645903	1.948334	1.090248	2.355671	0.434045	4.718967	0.205297
8638	5	8.938563	0.097415	3.038063	5.479654	8.936662	-1.315163	4.342401	5.440456	8.988904	-0.107934	2.552931	5.773534	8.966452	0.060122	2.765293	5.637574	8.927350	-0.924487	4.446815	5.372694
8659	5	5.971506	-1.419918	5.977054	0.898897	5.968871	-1.309788	6.208274	0.444877	5.966640	-1.243789	6.347136	0.154263	5.968400	-1.294642	6.240763	0.378558	5.974573	-1.985514	5.431074	2.400963
8663	5	5.607460	0.448351	1.450449	2.968778	5.855050	-1.027036	1.712257	4.621357	5.485218	0.290497	3.115455	2.844356	5.934946	-2.054608	0.307896	5.942869	5.289077	0.824735	3.346213	2.507766
8707	5	6.977726	-1.093919	2.716714	6.146339	6.900865	-0.940825	2.763656	6.014872	7.026623	-1.193827	2.691196	6.230750	7.119361	-1.389304	2.656296	6.391231	7.178755	-4.654991	5.695804	6.678303
8710	5	6.207559	-1.445627	2.571779	5.711787	6.161349	-1.187414	2.208144	5.675441	6.160505	-2.743221	4.015018	5.605131	6.142505	-1.102357	2.104708	5.655676	5.445822	-0.430679	5.915065	3.908686
8759	5	2.912847	1.886209	3.747832	5.354093	1.156089	2.377723	4.052765	4.579995	1.742407	2.666675	3.582013	5.138198	2.866911	1.853920	3.805076	5.274085	-1.994060	6.822900	0.905913	2.403556
8791	5	4.835257	2.175180	3.986885	3.982275	4.847321	1.470135	3.324562	4.267625	4.833411	2.089377	4.307635	3.919315	4.834347	0.949051	4.242655	3.932876	4.839114	2.182642	3.509643	4.099557
8903	5	3.411903	6.837204	0.280104	-0.842413	3.132292	6.841915	0.666810	-0.842414	3.618993	6.830715	0.232865	-0.842412	3.821775	6.820366	0.194309	-0.842410	5.185009	6.381154	-0.095831	-0.842095
8913	5	5.791713	1.369223	-0.114327	5.018366	6.122550	0.240887	-1.643965	6.247259	5.901790	1.094363	-0.589681	5.380869	4.786079	2.015867	5.317002	2.860801	6.058612	0.553144	-1.590069	5.985483
8939	5	2.813901	6.452861	1.358572	1.678381	2.674934	2.877542	4.632730	2.301213	2.692795	5.276791	2.514806	0.169503	2.712251	6.070450	2.008226	0.203007	2.671332	-0.293130	5.207048	5.904967
8942	5	6.200768	0.806800	0.656764	5.029332	6.906123	-0.182008	1.728923	5.102269	7.009858	-1.056108	2.705991	5.100529	5.596411	1.384951	0.966990	4.837857	6.141338	0.863824	0.638544	5.017689
8982	5	6.255337	-0.269769	5.518144	6.492886	6.395277	-1.153571	4.307341	6.614647	6.423165	-1.375405	3.572829	6.672387	6.330587	-0.635826	5.088971	6.539153	6.303569	-0.486230	5.278782	6.519313
9015	5	2.365992	1.818907	7.277812	0.314356	7.649692	-3.848957	-0.424144	6.711589	2.365991	5.793742	0.778543	0.243096	7.818708	-7.880480	6.124209	6.711958	3.446949	-2.210083	6.211649	6.677661
9059	5	7.094315	1.367685	0.527718	2.088261	7.417617	-1.459773	2.959268	3.158999	7.029909	1.407087	0.735957	2.054258	7.362634	-0.404203	4.296942	2.782245	7.209767	1.266999	0.211696	2.175262
9398	5	5.094912	-3.468993	3.660973	6.040260	4.975106	2.080879	-0.459806	4.833582	5.207847	-4.886266	3.238015	6.119919	5.146450	-0.473007	-3.057023	5.910452	5.104965	0.061857	-2.861216	5.704014
9519	5	8.102622	-1.992210	4.617167	4.745651	8.102148	-2.113235	4.715672	4.748625	8.097311	-2.316027	5.009504	4.747920	8.102224	-0.689518	3.543625	4.549708	8.103081	-1.314686	4.094893	4.699861
9628	5	-1.223817	1.989298	6.892188	1.354707	-0.757825	1.695913	6.886063	1.930321	-3.418430	4.251660	6.514016	-1.007329	-2.209544	2.670049	6.864803	0.068189	-3.602617	5.622153	2.687221	-1.041065
9635	5	6.826946	-1.418184	2.711923	5.930951	5.771240	-1.529055	5.961060	5.888389	6.660358	-1.295884	2.485481	5.917849	1.671716	3.749586	8.299507	3.670709	4.736954	-1.082769	6.256332	5.838107
9674	5	6.902576	-0.666793	0.543821	0.454847	6.934924	-1.135013	0.259073	0.567801	6.918287	-1.326251	0.719419	0.486369	6.881686	-0.792524	1.003922	0.385424	6.893980	-1.188971	1.137697	0.379662
9702	5	6.076110	0.171170	-3.411799	6.283346	6.046119	0.224231	-3.783367	6.282238	5.644720	0.941147	-3.209119	6.236431	5.976625	0.346944	-4.085168	6.278995	5.190706	1.130828	4.453083	6.094521
9731	5	6.459081	0.333437	5.359763	2.735402	6.408345	0.362342	5.361813	2.732665	6.569801	0.530384	5.102573	2.730455	6.339287	0.412565	5.353718	2.728222	6.582844	0.272994	5.342524	2.741330
9732	5	6.456374	0.006916	0.083120	7.989919	5.815231	0.607305	4.720704	7.629765	6.475869	-0.586607	3.059459	7.920395	5.771336	0.642779	4.752311	7.621413	6.127654	0.798076	-0.204693	7.860704
9737	5	1.685980	2.860526	2.881366	0.141781	4.455259	1.951655	2.934343	2.931046	2.562412	2.733245	2.835839	1.596956	4.283230	1.909534	3.106302	2.705559	3.748186	2.384371	2.837900	2.507961
9751	5	5.597798	-2.344658	5.043332	5.417188	5.597798	-3.099187	4.523623	6.229913	5.597798	-3.316403	4.349024	6.320638	5.597798	-2.488348	4.950322	5.679444	5.597798	-3.253391	4.401537	6.297752
9787	5	-0.672120	-0.214006	3.640136	6.516257	-0.671869	-0.757843	3.084613	7.090770	-0.672126	1.215330	2.309767	6.994790	-0.672027	-0.907336	3.435067	6.844416	-0.671945	-1.012431	3.362346	6.917256
9814	5	5.340056	0.582951	0.735972	3.595792	5.415231	0.961768	0.353969	3.770504	5.273687	1.441447	0.885917	3.350488	5.369165	0.560929	0.630271	3.672083	5.383125	1.569593	0.261836	3.659408
9850	5	4.382741	-0.305443	5.387593	4.942851	4.682417	-1.178977	5.215805	5.252198	3.425787	0.340285	5.465001	4.617870	3.727959	0.217060	5.460100	4.689164	4.705684	-1.307812	5.172542	5.307038
9869	5	5.269036	-0.877956	3.279194	6.561304	1.273233	2.433181	5.414248	2.285588	1.355824	2.276033	5.676183	2.243891	5.167447	-0.796658	3.395792	6.538887	3.920456	0.128179	4.522163	6.085247
9949	5	5.432542	-0.330131	6.774518	5.993229	5.774177	-2.460211	5.791429	6.746208	4.380595	3.544115	5.380414	1.953040	5.272480	0.304724	6.973075	5.111306	4.966615	1.294600	7.045246	2.307411
9967	5	1.703497	0.333470	6.285036	4.675528	2.665635	1.783535	5.544507	4.556211	3.266741	-1.592267	5.577303	5.756098	2.615410	1.775065	5.653125	4.448626	1.744930	0.507826	6.326060	4.330781
9969	5	3.195588	6.309563	2.270511	0.800388	3.196955	6.346787	2.203111	0.800388	3.640324	6.398519	2.092824	0.801582	4.660008	6.248025	1.999618	0.815484	7.975160	-1.567216	4.001311	0.831707
9981	5	5.787999	1.611158	1.035377	0.236482	4.486627	2.350567	5.115950	-1.269465	5.917544	1.410110	0.948204	0.964095	6.128766	1.015799	0.738516	2.469906	3.347556	4.038400	1.602026	-1.281402
