3	2	5.966280	-2.537488	8.034322	7.710808	-2.624937	2.425113	6.179353	2.811228	4.137638	7.842260
4	2	1.381327	5.184930	3.136032	2.360580	6.403364	7.078313	1.384765	4.589641	3.051256	4.392029
5	2	2.234837	9.373504	1.685330	0.467115	-0.361746	6.193790	-0.755171	7.642480	4.661997	-5.354851
8	2	0.657497	5.231107	1.558358	0.409772	7.292850	6.812896	-2.215460	6.988478	6.779483	-0.828463
10	2	2.157680	8.271090	-1.357073	-3.108251	-1.764093	7.227087	-0.177613	4.445676	2.894865	2.269368
11	2	0.657990	12.064772	1.130108	1.155066	0.661568	0.672911	6.752807	1.236335	1.155147	7.055047
12	2	0.913746	9.607572	0.785356	0.457438	0.762205	4.851404	-2.536426	7.336468	6.142467	-4.125127
15	2	1.160537	5.458982	4.592734	-1.880656	6.363552	7.215632	0.257656	6.752935	3.315108	0.152142
16	2	8.926977	-5.517091	8.019315	6.667237	-5.551047	2.761729	5.902660	2.395440	3.641910	6.340626
19	2	6.254967	-5.075135	8.288111	5.624229	-4.415224	0.788233	5.569319	1.668211	1.298771	7.779428
25	2	1.847687	11.335975	-0.267933	0.947437	-1.056455	7.401801	-3.539599	6.011540	6.043553	-7.335278
27	2	5.383682	-0.312871	5.416715	4.940170	5.559592	0.283604	9.419565	2.261660	0.114739	0.922797
28	2	1.734280	10.077133	-0.413813	1.617420	-2.459560	8.124192	-5.005663	6.075284	7.850470	-8.959134
31	2	-0.523242	5.150052	0.513824	0.681930	8.837639	4.397985	-1.255026	6.259252	7.049700	3.315562
32	2	7.779695	-2.616271	7.338418	6.865057	-2.463398	1.901915	10.293159	1.516780	2.058456	1.634929
34	2	7.154430	-3.698918	4.826394	7.929042	-5.402409	0.952600	10.110209	-0.103071	1.521464	-0.682623
37	2	2.992808	3.927098	1.748917	3.040262	8.064457	6.581167	-0.937535	7.170626	7.293098	-2.334704
38	2	1.727007	9.623850	1.647281	1.283451	-2.613637	7.086348	-5.685872	7.314990	6.531642	-5.333403
40	2	2.967441	5.800785	-1.311861	3.684027	6.499580	6.868860	-1.736315	5.294310	6.516010	-3.117033
43	2	0.370854	3.618337	2.794932	-0.196825	6.973829	-2.794401	9.345477	1.506493	-0.197795	0.608778
46	2	7.134213	1.148731	3.114907	6.541719	-2.234560	1.941551	6.617824	2.262651	1.324235	0.846008
47	2	-2.900468	9.144548	-0.689834	0.265939	0.203223	-2.900468	5.403700	-0.596542	0.280981	5.584960
50	2	2.509155	3.021642	2.307710	4.833549	4.284091	6.874434	-3.419542	5.240865	6.346422	-5.123161
52	2	6.942346	-2.362349	6.023285	7.126204	3.930494	6.910675	-1.628571	6.005557	7.126202	-1.606214
53	2	-1.500934	9.083650	5.251005	-1.209092	2.712245	4.427655	0.529451	6.541056	5.058838	6.164133
54	2	5.320461	-4.786970	6.358431	8.889253	-3.244664	0.029566	8.652378	0.333985	3.045719	0.579455
55	2	-0.216891	5.492481	0.125636	0.080479	3.922947	6.359719	-0.735179	6.666589	4.881247	-6.904011
56	2	5.835278	0.027192	4.094868	4.385477	-1.459918	0.873238	4.784317	2.701849	-2.100266	3.922699
63	2	8.516811	-8.931636	4.883884	6.568266	-5.315952	1.884678	7.049497	-0.748815	0.491596	1.172630
73	2	4.464357	-2.376990	6.945253	8.516702	-4.640829	-1.350060	8.786080	1.425958	3.452274	-0.354798
74	2	-2.680642	5.494176	1.288871	4.659151	7.382151	-2.679782	2.153812	3.543342	7.083477	4.649724
76	2	3.538252	4.186552	-1.540533	6.434591	6.587721	7.794058	2.695760	0.806442	7.487166	4.138728
77	2	1.973277	11.621178	2.187008	-0.883820	-1.676438	5.996853	0.455121	7.274275	4.329075	-5.556015
89	2	2.703658	10.242799	1.140442	2.461594	-0.667246	2.841457	5.841482	1.161918	2.527523	5.356973
92	2	1.552186	10.435267	1.480927	1.326136	2.332592	6.745284	-5.827043	6.713779	6.232577	-3.235979
93	2	0.317257	7.861069	1.940839	1.675587	6.713431	5.907089	2.050012	7.291309	1.676101	4.573860
95	2	0.686058	11.962256	-0.389638	-0.155284	2.786851	0.686058	9.893225	-0.389638	-0.155284	6.766333
98	2	6.453183	-0.742247	8.377148	4.667359	-2.624869	3.852980	2.503073	2.581483	4.098596	8.218767
99	2	2.936650	6.952638	-2.659525	3.262982	7.132254	7.441983	-0.475514	3.271915	7.171181	-2.763809
102	2	4.274830	8.027238	0.136832	0.531247	6.546947	8.295300	-1.800708	6.677298	6.919276	-4.495528
104	2	1.123304	4.952238	4.314356	2.884018	8.789279	7.339932	1.061526	5.975197	5.056139	4.298016
109	2	4.825231	5.133405	0.154002	0.988736	-2.472379	6.796777	-4.658562	5.891430	7.584890	-8.055726
110	2	0.883017	5.608592	-0.326543	3.389218	0.369166	0.954428	1.982089	-0.271749	5.875512	4.021246
113	2	4.630000	7.356441	-0.815109	0.714724	-0.770983	7.735993	-2.008000	4.967571	6.373235	-3.877018
114	2	9.423540	-3.238954	8.729107	5.595315	-6.602831	4.501092	2.849063	7.430396	4.782947	4.169678
115	2	-0.084829	4.174523	2.927811	1.910296	6.270789	6.223592	-0.633819	7.243924	6.720220	-3.425530
118	2	6.283993	9.438850	0.379871	0.283215	0.347367	6.284242	7.116358	0.393662	1.115260	6.949193
119	2	2.390611	5.707629	1.760235	3.267677	8.276903	6.336077	-0.858884	7.156213	5.901815	-3.612274
122	2	6.358103	-9.575914	6.677151	6.603090	-6.230163	0.030522	6.017227	2.981662	0.193124	-0.972295
123	2	2.225814	5.770018	1.855751	1.799670	-0.542997	6.844388	0.296854	4.732816	6.756408	-3.588548
127	2	7.483893	-7.113097	6.304131	8.452719	-4.506802	3.818638	7.058554	3.954966	3.330681	7.461568
128	2	6.352559	-7.708110	4.520065	6.769330	0.310413	0.221395	5.124347	-1.493065	1.208694	5.725345
130	2	4.274876	-7.572718	3.238463	9.028436	6.053023	4.271979	-5.656482	3.235499	9.028436	-0.469632
131	2	0.107910	8.235165	-1.306315	2.182812	0.111660	5.635067	1.447159	4.215608	8.314424	5.051954
132	2	0.784555	4.517079	7.940757	-0.060144	2.269881	6.782564	-2.663622	8.855218	6.564066	-4.285294
137	2	-0.571797	9.196767	0.113925	-0.952619	-0.698607	5.071006	-1.239104	5.319907	5.615348	-5.125513
138	2	4.492472	-2.141137	7.557278	8.790901	-4.863713	-1.085305	4.294887	1.182694	4.044223	3.022071
144	2	7.041237	1.204958	1.009084	4.133420	0.214849	0.610201	6.062387	-1.652911	-2.013270	1.952039
147	2	2.651912	5.965497	0.591407	0.575971	6.674799	2.651437	11.276850	0.478671	0.352975	0.899304
150	2	6.159995	-0.186188	7.613714	7.374073	-3.936369	4.811889	8.167427	3.651857	0.949013	0.140072
151	2	6.383901	-2.386709	7.146283	6.440769	1.877080	0.002479	4.007343	1.863602	4.342868	7.453392
152	2	3.829688	5.877742	-0.434223	2.854837	6.103884	3.773570	8.326057	-0.506030	1.555380	-0.407161
154	2	-1.255928	2.934142	2.594872	5.121320	4.779267	2.237158	0.296942	8.275453	6.230224	-4.985298
160	2	6.783718	0.743773	4.223058	6.646465	3.075743	1.406559	4.797151	0.579438	3.321659	7.580544
165	2	1.331760	9.262624	3.949305	-2.628349	-0.630993	1.331760	7.347940	3.949333	-2.628349	5.320958
166	2	3.626487	-0.582826	7.124315	8.343941	-2.609230	-1.278736	4.667308	4.490350	3.042399	7.633539
168	2	0.926775	4.621441	-1.788347	-2.695068	5.839816	6.414311	1.079341	4.138636	3.840663	3.137226
175	2	7.841064	-2.035240	3.970188	6.326449	-3.004595	4.774061	1.975304	2.810667	6.303105	3.650282
176	2	3.613572	6.341681	1.740135	3.307242	8.739896	6.995463	-6.295927	6.252118	7.244110	4.878220
177	2	1.563101	10.565889	-2.517329	0.097832	0.909605	1.946671	5.521684	-2.516908	0.097880	6.178427
178	2	3.421106	5.115498	-0.662167	1.177477	8.501395	9.493817	1.227076	2.057374	2.631685	8.477907
183	2	-2.852970	7.447878	3.114748	0.153448	1.506944	2.726140	1.764093	5.253931	1.879432	5.932502
190	2	1.895304	5.250539	1.356344	3.157690	5.970536	5.267921	0.521076	7.222996	5.119392	-6.022231
192	2	1.554710	5.511205	0.455338	3.467339	6.844722	6.328803	-4.439137	6.845784	9.252284	-5.982176
194	2	3.347210	3.661278	2.598336	2.747919	7.251869	5.957938	1.682492	4.022426	5.545034	3.645011
197	2	7.569170	1.279311	1.118498	5.616194	4.694297	7.601581	-2.984090	6.729564	6.228138	1.610802
199	2	8.594297	-0.150453	7.015173	6.023720	4.304235	2.748104	3.438816	3.364578	2.448622	6.113724
201	2	1.050631	11.318261	2.681892	0.730917	2.908068	6.960610	-0.325141	8.092469	6.952702	-0.658226
203	2	0.193699	10.554554	2.870321	1.073346	-1.185091	6.089662	-5.683316	6.835624	6.772760	-5.965248
204	2	2.547505	4.619231	0.581211	2.473247	6.583511	5.781512	0.976651	4.688799	5.844399	3.683746
205	2	2.669884	5.668384	4.053504	-1.414707	7.369789	8.842992	-1.854579	7.160480	5.035324	-3.527772
208	2	3.512027	9.953762	3.578472	-0.173971	-1.394887	3.512027	6.869581	3.578478	-0.173967	4.964129
209	2	2.418190	4.826267	3.581026	2.622850	5.803249	7.895531	-7.219075	8.372609	6.799413	-4.527669
210	2	-1.954594	9.361911	1.360431	1.285674	1.637860	-1.954594	4.471944	1.360980	1.441906	6.623127
211	2	0.585007	4.632702	-0.779545	-0.983429	5.539040	6.118123	2.150495	4.212395	-0.038346	2.713964
215	2	5.187509	-1.762930	7.374660	4.784470	-0.890482	5.022317	1.350024	7.368937	0.803924	6.136278
217	2	6.107813	0.581386	6.734107	4.780952	3.318549	4.041653	4.591485	0.656805	1.389761	6.109511
218	2	5.429109	-1.446093	7.137701	7.226438	-4.936737	-0.953186	5.816400	2.662141	4.057838	1.720466
219	2	7.310363	-2.334719	4.940242	5.637948	0.351014	1.793576	4.670089	0.087869	-0.315319	6.930894
223	2	7.430832	-3.874545	7.148581	3.745213	-4.141587	1.130730	9.501492	1.291907	-0.186954	0.280136
227	2	-0.964003	8.238040	2.869741	-1.177394	1.998037	5.199090	0.530696	6.547851	4.935107	5.616787
230	2	-0.228680	10.891657	0.872944	1.666096	-0.322114	5.967351	0.899901	7.236175	5.663499	-3.691672
233	2	6.572691	-5.581896	6.527399	6.853409	-5.367530	4.146385	5.571530	1.453614	2.731263	0.081876
235	2	3.099567	7.807969	3.473344	3.267057	7.172843	6.873597	-5.597346	7.354568	8.444995	-3.634002
237	2	6.785231	-0.145087	7.320546	5.837673	-1.440071	0.907391	9.502610	1.368059	-0.647473	0.954762
241	2	4.834680	9.779665	-2.781465	0.932166	-0.789346	4.990902	5.592414	-2.175960	0.932965	5.790196
242	2	5.361553	-3.626950	7.052853	6.372049	-2.233049	-1.031899	6.924007	3.510030	2.187227	1.679756
246	2	-4.912242	9.418181	4.500084	3.706721	3.668148	0.909867	0.783445	7.866567	8.791538	1.459344
249	2	3.624719	6.151952	0.974867	1.143556	7.644373	7.654147	1.957204	1.622928	3.608955	5.795478
251	2	-0.887589	4.151627	4.316952	0.776760	5.234353	4.248183	-1.281904	7.636465	6.521832	-1.411861
254	2	-0.515040	9.102357	0.367457	0.703653	-1.982607	5.288222	-0.261982	5.827192	6.645730	-4.346499
255	2	7.153297	-1.892060	7.229639	7.239344	-6.362558	4.776617	5.980615	3.522830	1.790484	-0.707475
259	2	4.182385	2.572367	1.091408	1.645620	4.690825	6.267433	-1.935011	5.433537	6.561342	-5.032911
264	2	6.441640	-3.125612	3.172081	6.320149	3.296087	6.427904	-2.603800	3.172081	6.320149	-0.426012
266	2	-0.992718	7.581839	2.195162	-0.355611	2.248306	5.296245	-7.860694	7.270771	5.810518	-4.400464
269	2	0.722016	5.840587	-0.038963	1.749716	6.327809	6.778286	-3.902123	6.163723	6.702782	0.977469
271	2	-0.658541	8.681636	-1.172703	1.631801	1.903734	1.728776	3.295117	2.419763	1.741291	7.297733
272	2	3.081254	9.481379	0.402353	2.859631	-0.958447	6.872658	-2.695004	6.868933	7.646621	-7.406245
280	2	-0.626533	10.601988	2.756376	1.718742	1.351967	-0.587493	6.889611	2.756376	1.750948	5.652747
281	2	1.770778	4.662758	-0.166243	0.847882	6.332613	6.727104	-6.826070	6.305918	6.069146	-2.397070
284	2	7.982046	-6.966029	7.673795	7.362497	-5.192980	2.419431	9.291154	1.969341	1.142711	1.362150
285	2	6.288342	-5.559126	6.588146	7.129735	-4.316060	2.485394	9.651048	0.738382	1.390978	2.176364
286	2	3.405934	10.447010	1.541670	0.178094	-1.316971	8.163209	-0.325248	6.579173	5.388371	-3.849226
287	2	0.681268	3.140523	1.974839	5.379957	8.286758	6.746135	-3.660824	6.765459	5.675365	6.018248
290	2	0.115150	7.204333	0.304837	2.463023	6.769610	6.456445	-2.510027	4.880115	6.347767	6.070127
291	2	1.652147	12.130169	-1.198411	1.837262	-1.762255	7.013456	-5.479906	4.664299	8.170219	-7.071419
294	2	-0.430117	7.945290	3.068853	0.522831	2.694647	6.158390	-5.166404	7.564556	6.631239	-3.746953
296	2	-0.876233	9.528246	2.718865	2.149759	0.298678	-0.876233	8.172165	2.718865	2.149759	4.536553
298	2	0.083087	3.906819	7.227461	1.599792	0.221959	-2.816417	10.013405	3.486038	1.599766	0.327481
299	2	1.755062	6.896520	1.973815	1.285061	-0.170243	7.018604	-4.889255	6.319839	5.083031	-6.441222
300	2	0.335840	7.189950	2.810393	0.752672	0.548210	6.800249	-4.017450	9.023959	6.648227	-4.077465
301	2	-0.750351	8.016574	0.666635	2.308807	1.572837	5.723873	0.375356	6.585990	5.701819	7.596604
302	2	6.914050	-6.747928	6.917358	9.464519	0.447541	6.914050	-6.746669	6.917358	9.464519	-5.372636
304	2	5.447167	-1.002924	7.475973	7.288291	-6.810925	1.258151	9.534140	4.262844	2.536015	-0.286634
307	2	1.372522	8.525956	7.713884	0.297092	0.023776	7.855665	0.156686	8.549283	5.694789	-6.424487
308	2	4.117109	9.138747	2.849565	2.270045	0.775603	6.804442	-5.816045	6.861242	8.174428	-5.090515
309	2	0.092233	6.534597	3.137636	4.882713	5.748729	5.239764	2.968784	7.338504	5.306467	4.457324
310	2	2.134691	4.595985	3.584694	1.174525	-0.681431	7.582210	-0.410710	6.700992	3.617296	-5.814562
311	2	1.294127	2.558205	6.163005	2.490511	-1.126210	-3.232520	5.854384	0.465913	-1.846322	-0.759160
313	2	0.166588	9.873253	2.922790	0.660083	0.548899	6.613740	2.589319	7.193711	5.563598	0.537017
314	2	6.994749	-1.339326	4.411011	6.816974	-4.585892	1.217220	9.815414	1.561042	1.483098	0.577494
315	2	-2.032821	4.325124	5.924043	2.376984	6.939090	3.570233	1.104039	7.945087	4.490858	6.194654
317	2	6.701655	-2.589503	7.142426	8.542564	-2.913322	1.408959	9.318533	1.863424	5.398661	0.680534
321	2	2.752967	6.175798	2.942983	1.331439	6.577751	6.662259	-1.865476	7.108638	7.670843	-5.725088
322	2	1.920681	9.448930	1.541554	2.448919	0.561052	8.336326	-1.476201	5.291180	6.711232	-6.080869
323	2	0.277873	10.602902	2.334923	-0.689914	0.424739	2.960170	6.076065	2.334923	-0.667954	6.561372
324	2	-0.455544	11.332605	1.866025	2.520540	0.391386	6.021740	-0.580445	6.703290	7.809634	-6.873721
326	2	5.058912	3.767779	-2.948088	4.548697	6.667364	5.975192	1.585550	-1.152993	5.645919	3.129367
329	2	0.144374	10.198576	0.725362	0.668578	-2.944460	6.440201	-2.179297	5.696530	6.284040	-6.070989
330	2	7.786393	-4.045055	7.995253	5.426902	-3.829900	7.648752	1.580785	5.779521	2.497820	-2.870535
331	2	1.081633	9.419810	-1.697293	3.557709	0.796441	1.081678	5.699678	-1.581085	3.558334	7.124379
336	2	1.747058	5.285272	3.565582	4.630505	8.680220	5.067721	0.687988	6.736280	8.018704	6.647817
338	2	1.326898	7.633869	0.586641	5.394722	1.409514	6.501981	-7.384830	5.874803	8.152513	-4.733449
340	2	7.121807	-5.887126	9.287013	6.985912	-9.593609	0.483057	7.598397	3.312748	0.375455	-3.968793
347	2	-1.302603	11.354787	0.097973	0.640132	-1.523778	-1.302603	9.562721	0.097973	0.640132	4.337796
349	2	1.394926	10.269869	0.826484	-0.777604	-1.319210	6.437709	-2.225796	6.548614	5.211561	4.245483
350	2	7.192489	-11.329513	7.154371	8.158877	-7.921322	1.223973	6.564526	0.515715	2.626557	-1.992446
352	2	1.616995	4.876142	2.273838	0.631155	5.605961	6.208709	-0.023502	6.054515	2.660662	4.319601
355	2	6.469994	-2.744319	9.272621	8.413567	-4.427318	1.293318	7.046763	2.955856	3.911151	2.287911
356	2	3.005728	8.102939	0.700819	-1.481292	2.092577	8.074749	-1.940905	6.369642	4.960821	-2.036927
357	2	2.241744	0.185074	3.611771	8.223676	6.338197	2.946763	-1.647123	7.729768	8.225512	4.573853
360	2	0.978488	6.984235	-0.570686	6.072800	-0.305513	7.359792	-3.309500	6.002686	7.840834	-6.636917
362	2	6.780669	-3.224696	1.759423	6.387463	0.178592	0.370150	6.141244	-3.900210	1.982821	4.228565
366	2	1.476859	4.846018	-1.276467	3.391428	6.998172	2.871257	3.628019	0.324675	5.373741	6.631742
367	2	2.789120	-1.319832	7.273472	6.737774	-2.840127	2.787522	1.360005	4.145661	6.678036	-1.382586
370	2	6.559813	2.725222	0.598171	-1.371095	5.871682	1.323224	12.660395	-2.766513	-2.795081	0.596433
371	2	6.719412	-5.238997	4.862697	5.936595	-9.005527	4.969245	9.048542	-1.210002	-0.685319	-2.825435
374	2	4.322668	8.174319	-2.400635	0.825871	5.775442	4.322236	10.609936	-2.400636	0.603873	-0.620150
376	2	4.043270	0.782930	6.788521	7.077245	2.209116	-1.588793	9.217400	0.886918	0.928151	5.253399
380	2	1.733995	5.431695	0.964513	3.163734	5.530592	7.283522	-4.370381	7.464709	7.417695	-4.324203
383	2	7.229817	-1.996708	2.759418	4.685137	1.891133	6.856792	2.172096	1.916413	4.620195	-2.540092
385	2	-1.241634	11.412829	3.094062	-0.018487	2.610903	3.504206	2.308391	7.409698	-0.018125	5.553871
386	2	6.904840	-6.630334	3.651882	8.331788	2.140740	6.904840	-6.627605	3.651882	8.331788	-2.805585
395	2	8.638858	-3.224444	6.126612	8.089673	-4.646231	5.529471	5.870773	3.217304	1.548277	0.229366
396	2	4.936777	-9.331506	8.363993	6.726128	0.876044	4.936777	-9.331451	8.363993	6.726128	-4.893527
398	2	-0.178356	8.686942	-1.454832	2.645178	1.209750	-0.178356	4.442695	-0.703894	3.196685	5.844013
400	2	0.980914	6.984588	-5.549585	0.326635	6.011765	6.917847	2.109739	-0.002447	6.712984	4.968652
402	2	1.422400	8.603970	1.327605	-0.333710	-4.237930	5.631923	-4.716933	7.296835	6.240062	-10.130691
404	2	1.476172	3.823562	2.676842	3.916310	7.105984	0.289116	10.177973	-0.317369	0.689191	1.636803
405	2	2.796650	10.285013	2.084701	-0.004855	3.121375	7.251603	-1.381011	6.756831	6.555211	-5.881331
406	2	-2.052623	5.010149	3.447160	1.405441	7.779951	4.397853	0.247055	5.344050	6.343576	5.522734
407	2	-0.635627	10.098077	1.952973	-3.587268	0.268290	-0.635627	6.393434	1.952973	-3.587267	6.658869
408	2	4.678710	8.920386	2.220025	0.238965	1.904613	8.624911	-6.458098	6.976168	6.341022	-0.987158
409	2	1.572275	8.855097	-0.274587	-0.713291	-0.452478	8.084579	1.802015	2.893564	5.819213	-1.186168
410	2	6.882924	-0.590495	6.594952	5.314345	-5.549861	6.035293	2.705607	4.146963	3.695858	5.115877
414	2	6.141325	-1.030301	8.412102	8.334962	-3.459304	2.008662	5.139749	4.298977	2.907266	6.047338
415	2	2.953412	4.641603	2.360246	-0.193668	7.249782	6.131912	1.011085	6.684670	4.223918	4.501395
416	2	0.140232	3.060566	0.753377	1.514192	6.079311	6.213994	-0.835470	6.809009	5.434527	3.920410
417	2	4.489686	9.876544	-3.300296	0.428130	0.848481	4.511967	5.533865	-0.499861	0.428130	6.838558
419	2	1.148111	8.328440	2.612304	2.303106	-3.770506	7.501331	-2.770733	7.442658	7.263947	-8.015696
423	2	1.456798	6.592401	8.569021	-0.085966	0.490001	7.037885	0.473007	8.754158	4.116557	4.449599
430	2	0.220421	9.089099	2.460861	0.915893	-1.849792	6.823519	-2.785911	6.690229	6.533760	-3.079056
436	2	4.643057	-5.102517	9.098814	7.755234	-3.261076	-1.953076	9.503557	3.189245	3.081821	2.484464
438	2	7.681286	-4.858794	6.947420	8.685973	-1.812721	1.174210	5.214196	1.657540	2.853455	5.635204
440	2	1.822302	5.285903	3.691712	1.366581	8.212893	7.917722	-2.335522	7.611044	7.744416	-1.926118
443	2	7.505502	2.176264	5.978991	3.643188	-3.488109	7.560887	1.996538	6.043055	3.785633	2.808911
447	2	4.786125	-1.099533	6.892462	8.809547	4.932960	-1.292864	5.782161	1.525245	2.748938	6.563949
451	2	2.558643	8.633501	4.015485	3.078686	7.967836	6.443372	1.728169	7.886650	7.261183	4.823499
453	2	7.522853	-1.081143	5.201746	7.382436	-6.260211	4.833589	9.056560	-0.023863	2.842312	0.279364
456	2	-1.115677	10.572272	0.719268	3.863998	-0.563458	3.536672	3.003184	0.719616	6.307156	4.911453
457	2	0.133067	9.809544	0.193116	0.568660	1.885676	0.137457	4.130597	0.193149	0.681003	6.997231
460	2	5.686084	2.787160	4.399015	2.437242	6.623754	5.281447	9.126742	1.474548	1.247293	1.592941
461	2	6.758948	-6.331768	6.194951	8.510033	-2.386628	1.094464	11.112148	0.354096	3.126416	0.593875
462	2	8.408893	-4.162114	6.463691	5.095882	-2.052776	2.380810	7.616664	0.014446	-0.249419	2.241264
463	2	6.713226	1.087436	8.673374	3.083362	-1.101219	0.869701	6.671768	4.035511	1.021248	3.917158
464	2	0.221477	10.309514	-2.036534	0.865541	0.136503	6.628332	-4.189217	4.295790	7.142311	-4.774574
466	2	2.506540	4.115270	-1.423578	0.738363	4.954866	2.292663	9.378364	-1.526681	-1.958533	0.008538
468	2	4.285048	-3.307306	6.767081	7.314786	4.850871	0.329607	4.642751	0.589227	1.542434	7.234237
469	2	6.461962	1.211588	7.241146	1.442692	-5.788727	6.485803	-2.469311	7.358416	6.571423	-6.101512
471	2	6.988793	-7.410117	6.706696	5.955342	-2.551172	0.378680	6.403024	0.430893	0.720496	0.882929
473	2	-0.997161	2.182381	4.473187	-0.612732	5.223684	4.803104	-1.151456	7.733065	4.791744	1.621542
474	2	7.828743	-0.821208	4.653207	7.093843	-1.293697	5.129867	5.095840	1.639530	0.781133	7.246977
479	2	8.702432	-0.224416	7.514294	6.708377	-0.262741	4.124868	6.430978	2.467757	1.978417	9.059954
482	2	6.074631	-1.133591	7.142474	8.212430	-5.863676	1.596916	4.554722	2.108404	4.216720	5.396390
484	2	3.763449	10.223962	-2.482939	-0.721476	2.264269	8.586237	-1.223737	4.022199	5.682617	-4.489089
486	2	0.266175	6.760829	0.696502	1.429994	3.503008	4.996186	-5.030709	7.006551	6.513742	-1.696527
488	2	9.156088	-3.453678	7.046686	5.843929	2.726114	4.364024	4.750017	3.669571	3.831277	6.206942
489	2	6.311421	-3.273421	7.470845	6.738668	-2.661222	-0.295003	9.561066	1.446434	0.285508	0.298816
490	2	4.990732	6.904174	3.823495	0.870071	7.555296	8.487331	-2.105507	7.055018	5.660414	1.643974
491	2	5.104361	6.766982	-0.454282	2.852483	6.828644	8.346446	0.345943	3.218499	6.469832	1.492149
493	2	1.946881	11.706295	0.035311	3.067965	-0.601016	1.946881	6.746544	0.036294	3.069049	5.537007
494	2	6.741725	-3.181137	8.480946	6.651752	-6.814291	2.944791	9.071087	1.909062	4.702645	-1.104621
495	2	1.710300	6.977420	0.358524	-0.890759	6.950984	8.136777	-0.736420	6.473632	5.058732	4.209144
497	2	2.112891	13.005308	2.709024	2.624113	2.171901	6.785260	-0.584040	5.930117	7.888416	-0.422205
499	2	0.553443	4.660991	-0.364192	1.649320	6.543361	6.553698	-1.924990	6.165947	7.585694	-6.337248
500	2	7.674704	-5.870178	6.786471	6.506347	-4.719284	1.851512	4.333719	1.486021	1.639516	0.631580
508	2	1.196155	9.385538	1.185290	0.458245	1.302814	1.196161	3.943824	1.672105	2.121900	7.708579
512	2	1.190410	8.974258	1.617291	0.024286	1.104514	1.859460	4.253222	1.742319	0.341442	5.841169
515	2	1.679792	7.706628	0.701630	1.118202	4.406579	6.475867	-3.598802	6.681037	6.685063	-6.285231
516	2	9.162608	-3.778460	5.466969	7.715610	-2.375683	3.893605	6.443867	-0.144948	1.123413	4.134385
519	2	2.833233	4.136857	0.885869	2.346584	7.951971	6.465545	-1.201069	3.442680	6.739126	-3.306372
528	2	0.229023	11.138171	0.565061	3.083626	-0.068217	0.229023	7.900583	0.565903	3.084209	5.872520
529	2	7.525370	-2.726336	7.838794	5.864384	-6.853706	3.568369	4.072026	2.595405	0.663948	-0.801173
530	2	9.079134	-3.971323	5.731661	5.914568	-3.590019	4.711763	9.198222	0.745395	-0.699052	0.268832
537	2	1.645788	6.843989	2.155887	3.099584	5.014951	6.067440	-5.601335	7.233942	7.480493	-2.994065
539	2	3.627525	3.447103	-2.687562	1.964043	7.341893	4.806298	-1.249485	3.170215	6.964470	7.071291
543	2	2.930756	10.285427	0.480334	3.696029	-1.474547	7.421406	0.045748	6.402302	8.279540	-7.587201
545	2	0.366257	5.505588	1.900136	-1.166689	6.979258	0.364790	9.867512	1.898492	-1.167398	1.382410
546	2	8.050512	-1.027965	7.199824	6.643004	-6.969508	3.673350	9.697681	0.754110	0.398566	-1.106206
548	2	2.702408	4.499287	0.504614	3.980383	5.665699	6.564292	-0.970086	6.525851	7.218174	-1.517980
550	2	3.771610	10.346635	0.969539	-0.436450	-0.185276	7.551463	-2.140302	7.317734	5.148460	-5.756451
551	2	4.024773	7.867866	0.976665	5.055537	6.660800	8.234575	-1.192570	6.601055	9.657575	-3.785891
552	2	1.301742	11.481496	1.360010	-0.878654	1.701659	1.301742	9.150860	1.360010	-0.878654	6.774832
553	2	5.575765	1.379178	6.838262	6.842716	-0.301450	5.636748	-0.179149	6.948093	6.868870	4.368739
557	2	4.887197	-2.756647	6.008820	6.590810	-3.485262	4.012421	1.944720	3.322734	6.296319	-0.246413
560	2	4.399804	3.559005	1.642859	-2.895417	4.892405	5.828306	0.943905	7.082178	2.071747	-5.612648
562	2	-1.302039	10.755533	1.435889	0.568208	0.601593	1.126468	4.896417	2.664601	0.568541	5.435847
565	2	5.945154	-5.339024	6.973814	7.277711	-2.857368	0.347669	6.237873	4.305221	1.196675	2.051808
567	2	-2.778131	4.691549	0.840821	1.209623	6.663268	1.836131	1.143015	7.247797	6.637552	5.493333
569	2	1.831122	5.251260	4.674800	2.979502	6.535319	7.547118	-1.929319	7.700492	6.716681	-2.407536
570	2	0.607810	6.402957	-0.324531	1.422820	-0.351786	6.989947	-3.017394	3.553031	6.919314	-6.112751
571	2	1.842589	4.477556	-0.434609	0.321202	0.816704	6.703131	1.148589	4.004988	0.321385	5.936558
572	2	7.763669	-4.036341	6.447027	4.255242	-0.468183	7.742241	0.131656	0.117736	3.992049	-0.349665
578	2	-0.421214	5.492016	0.913087	-1.628997	5.209823	5.233965	1.770203	0.915119	-1.336304	5.063054
580	2	2.378939	1.392323	6.495693	6.896002	-3.271291	2.143627	8.854566	2.365447	0.737906	6.506613
591	2	7.467805	-1.900910	6.602468	4.311494	-5.205797	4.603210	6.083536	2.887715	-1.162392	-0.334176
593	2	-0.980021	10.128458	0.545319	-0.479075	-0.620753	-0.769863	8.999721	0.545319	-0.479050	3.058198
597	2	0.264886	8.039465	1.082900	2.481692	6.217438	5.707146	0.451463	6.456227	7.055998	2.059219
606	2	8.054623	-3.786967	7.933964	5.509222	-2.598903	1.521835	8.247398	2.605025	2.054054	-0.260683
607	2	8.989050	-3.434521	7.561888	6.862758	-7.717049	2.725626	6.198880	1.205855	0.759124	-1.901887
609	2	2.193747	12.295645	0.741175	1.417405	1.154044	2.325124	8.423973	0.741204	1.417405	6.146870
610	2	-3.108397	6.442628	4.159736	3.172384	7.249243	3.077713	0.075859	8.005011	7.862211	5.462182
611	2	3.865078	4.994715	3.809573	3.894778	6.473796	6.188359	1.265149	6.180550	5.688216	4.923924
612	2	2.833463	10.328510	-0.533757	-0.540627	0.376431	8.682311	0.388233	5.792415	2.383153	-4.785297
614	2	-0.336010	4.038965	-0.022319	0.386230	7.669401	4.060501	0.953108	4.644748	5.968132	7.413955
615	2	7.816043	-5.072029	7.060651	4.038416	-5.411212	1.408542	9.299955	2.834841	-2.362465	-0.138035
619	2	0.078937	7.264289	-0.834063	1.996302	7.081517	3.587302	0.331344	5.370887	6.166786	4.672526
620	2	-0.074413	10.748825	0.454628	1.545734	1.094928	0.197636	6.129923	0.624640	3.110350	7.728483
622	2	0.888975	8.167467	-0.830405	0.675383	-2.264566	7.508155	-1.847190	5.669117	6.211460	-8.207373
626	2	5.680915	-0.608464	8.307486	6.921908	0.804113	3.206156	4.578384	2.085875	5.095327	5.382622
628	2	0.232339	7.008871	0.725958	2.286832	9.037827	5.894913	-0.843101	5.115175	7.752508	-0.875673
636	2	-0.368618	8.678918	4.413159	-1.695284	1.115058	6.250028	-3.168021	8.737404	4.579742	4.751859
638	2	0.692710	11.139085	2.671043	0.649599	-1.244426	0.692710	7.910588	2.671044	0.649690	4.677975
639	2	1.057539	5.253145	-2.580515	2.705336	5.072425	-0.003315	11.507113	-2.580545	2.705336	0.959745
640	2	7.843961	0.005463	6.294809	5.045466	1.515515	3.820217	3.798636	4.737724	2.351363	7.024042
642	2	2.255823	5.210424	2.048561	3.691706	5.891273	7.985852	0.490621	5.911064	5.930368	-3.309038
643	2	0.478854	6.709935	-1.110636	0.586597	0.336602	6.897793	-3.781687	5.399563	6.801928	-1.904410
644	2	6.493756	-4.312098	7.946685	6.922350	-1.721653	2.111412	2.994740	7.028483	3.346471	0.904478
645	2	8.126504	2.264935	4.928504	5.367066	3.301503	3.848555	10.666184	-0.133531	-0.000046	-1.185735
646	2	0.183089	6.057714	0.801689	3.537249	6.674380	-0.148822	9.285040	0.801687	3.535710	0.200632
647	2	1.353837	8.294547	-2.309144	1.646629	-0.634650	1.354450	4.472035	0.254804	1.727759	5.179669
649	2	8.090874	-4.958683	4.640369	6.403860	-4.129512	8.000935	1.201157	-1.872481	6.384995	1.112506
651	2	7.227614	-3.714392	6.301809	7.589558	5.217991	3.315416	6.517336	2.697353	1.297602	7.802092
652	2	-1.638935	10.722633	2.022913	0.971452	0.899257	-1.638173	8.024388	2.022913	1.003508	6.862665
654	2	6.069260	-2.296224	6.401169	8.299737	-4.543485	2.444444	6.919882	2.528507	1.828531	-0.684480
657	2	8.376010	-3.541164	6.972773	5.321223	-5.229851	4.042124	7.526442	3.322639	4.449959	0.363501
659	2	-0.904373	9.476787	-1.884784	4.547542	-0.626060	-0.807642	4.474749	-1.402986	5.248776	5.305887
667	2	3.904239	9.259944	0.096150	0.030631	2.289871	4.629051	2.954829	4.188738	0.190592	6.800118
673	2	6.853262	-4.724132	6.646064	7.047638	-5.338178	1.552233	3.107002	5.961067	0.854227	0.191878
674	2	3.025310	-1.472302	7.536821	5.044093	7.124413	-3.493721	9.349124	3.376259	-1.133814	1.308748
675	2	7.290256	-4.696647	7.342634	7.428215	-3.302358	3.630353	4.044242	1.897253	1.571325	7.062760
677	2	8.536536	-0.129353	4.427042	6.482388	-4.902749	6.004031	4.961216	-1.211020	1.241488	-0.834318
678	2	1.428188	4.625016	0.841263	-2.715803	6.569515	6.575665	0.310344	6.397281	3.337189	4.010344
679	2	0.203403	10.023600	1.327763	-0.427526	-0.662754	0.862727	6.997676	1.327771	-0.427470	5.570108
681	2	5.983549	-6.834783	6.290175	8.783859	-6.433840	0.380993	9.038128	0.798684	4.661068	-1.244422
685	2	5.238234	-5.052699	8.237906	7.556626	-1.950938	-1.185898	5.094385	3.768259	1.184716	1.554968
687	2	6.779376	-7.013590	6.818902	8.565279	-5.401424	5.242262	7.726612	2.162269	2.020166	-0.330349
689	2	1.413473	4.264420	1.035221	3.470886	6.456967	4.725171	0.056770	6.729412	5.919343	-1.870095
690	2	7.826266	-2.214813	7.727277	6.560246	-0.614618	2.157568	7.331810	1.954363	2.331854	8.568208
693	2	-0.285300	6.482631	2.168115	1.649408	6.446695	5.244373	-2.702764	6.809916	6.919178	-0.667490
696	2	7.440938	-0.553078	5.158071	6.267457	-1.445448	1.156332	5.302572	-0.641855	1.428054	6.999473
701	2	8.877766	-2.346979	5.209058	3.766200	-4.472687	3.509058	4.869526	0.893557	-2.520954	1.659669
703	2	1.261977	5.457165	2.131864	-0.861418	7.314847	1.269004	2.010058	6.206683	2.796148	5.044485
704	2	1.779643	8.312510	0.335010	0.800180	8.955239	6.335149	2.200485	6.948146	0.800276	5.773154
705	2	2.053244	4.355341	4.566062	0.269733	7.400605	6.501766	-3.861194	6.563743	5.702048	-4.107057
707	2	5.902701	-6.135049	6.081338	3.925252	-5.748593	-0.044873	7.061496	0.540890	0.598631	-0.396882
709	2	9.283435	2.157321	0.688842	-1.476063	5.477094	4.610213	8.270838	0.684465	-1.476355	0.179510
711	2	1.519657	10.765182	-0.515766	0.415228	-0.832439	6.425024	-1.902774	4.948160	5.143879	-3.966850
713	2	6.631040	-1.741972	6.951633	2.969302	3.645772	6.630899	-1.668115	6.951633	2.968998	-2.789628
714	2	2.406546	7.506760	0.014611	2.933765	1.411782	2.518335	4.304577	2.345297	2.933860	6.006372
715	2	3.756199	-1.682528	8.597079	9.111616	-3.186931	3.002529	2.209349	7.464408	3.822690	4.316922
716	2	9.500979	-3.205337	7.603681	7.358653	-3.653262	2.920260	4.519212	1.206139	3.030576	7.951384
717	2	5.555706	-3.862103	7.194986	6.442954	-4.396485	3.680017	4.597201	1.332796	2.585938	7.926160
722	2	6.892708	-4.443497	5.611412	5.395890	-4.994832	0.930767	6.908464	0.194211	-0.769441	6.151985
725	2	4.959974	7.947076	2.394070	-0.454365	-2.620407	9.429340	-3.636203	8.946361	3.375936	-7.301405
726	2	4.009871	3.271262	0.537208	4.059724	7.638019	6.349315	-4.564417	6.616487	7.049937	-2.233828
728	2	9.294202	-3.727299	7.058038	6.546593	-1.018399	3.190386	8.139218	0.513107	0.589805	0.953540
729	2	5.703005	-2.295952	6.461031	7.005197	-2.103615	-0.653541	9.209162	2.994666	1.544349	3.091437
731	2	6.719893	-2.255667	7.052552	6.141561	-2.792125	0.201952	11.096615	0.558893	4.114962	0.909988
732	2	1.351341	8.617479	2.693253	2.729880	2.385605	6.741330	-2.406855	7.593695	5.820813	-2.828404
738	2	2.063594	9.821623	2.412130	1.480187	-2.188757	7.764654	-2.893278	6.678907	8.107950	-7.065806
739	2	0.970923	5.077394	1.526734	1.503244	8.374681	7.184281	-0.685852	7.148249	7.829100	-3.132705
741	2	0.330244	9.687063	0.365645	0.109116	-1.071459	6.524983	-4.520610	6.494169	6.088157	-5.219342
742	2	5.778059	1.945339	0.185209	3.873159	6.369507	6.161132	-1.164303	6.133205	6.178974	-4.514045
743	2	-1.860085	7.219211	0.636444	1.657044	1.214890	4.291331	0.773633	7.088661	7.918415	-2.401581
744	2	6.183452	1.856962	4.746074	2.771577	2.770253	0.087569	6.862000	3.647759	2.428847	5.774243
745	2	0.312435	10.368273	-1.305105	0.954694	3.677932	0.312418	10.411866	-1.305105	0.952857	-2.961132
746	2	1.809757	8.522943	3.635789	0.515077	0.075757	7.146381	-5.696104	7.312013	6.888750	-3.588198
747	2	6.552749	-2.621268	9.129280	6.286189	-7.583156	0.439286	9.198624	4.788146	1.455235	-1.163066
748	2	5.645890	-1.645504	5.371874	5.139423	-5.796601	5.645910	-1.662560	5.372411	5.139483	0.453200
751	2	7.426238	0.968700	4.917367	6.054537	-2.956523	4.879681	10.402375	0.743965	-0.050772	-0.733812
752	2	0.839544	8.711550	4.026164	1.183080	-1.664239	7.099475	-0.141633	7.562064	2.242683	-6.583740
754	2	3.957892	5.756277	2.039174	2.236236	4.809037	6.838662	-1.059044	6.223290	7.039717	-7.100273
756	2	6.390813	-1.518933	6.420354	7.926225	2.901318	6.390761	-1.312535	6.420354	7.926122	-2.264518
758	2	1.026737	-1.220852	6.416983	8.565773	-5.154771	-4.582262	4.946109	4.462736	4.785249	0.451674
760	2	6.838829	-5.424779	6.167061	8.649813	-4.441782	1.001612	6.034871	1.188512	2.241329	7.114253
761	2	5.062963	-2.620966	8.195172	7.017753	-4.949524	-1.494119	5.179447	2.469060	1.555206	8.105350
762	2	6.982034	-4.480367	6.453162	8.936461	-5.999179	1.882108	9.123635	1.722366	4.232533	-2.335363
763	2	5.006834	4.205078	-2.686292	1.532600	-0.145596	7.113972	0.877403	2.789086	5.066777	5.257444
764	2	-2.201381	9.550095	-0.018542	-3.546215	-2.575617	-2.201376	8.816507	-0.010058	-3.546215	3.441695
769	2	-1.475978	8.401296	1.879260	1.319890	6.243061	-1.769311	11.308574	1.319739	0.781130	-0.072700
770	2	8.173891	-2.056121	6.294163	6.577001	-9.663363	3.354392	8.936948	0.799788	4.941805	-3.870656
775	2	6.602417	-4.360932	8.032416	8.119631	-4.704849	0.370184	9.272788	3.741449	2.797157	1.038852
778	2	7.349729	-4.859152	7.076266	8.748999	-4.539551	2.206513	5.475751	2.996231	2.742266	6.209806
784	2	6.604949	-2.032903	6.414171	7.976664	-3.359728	0.306813	10.424554	0.167971	1.927346	1.854328
789	2	0.436004	8.264207	3.405909	-3.439145	4.811519	6.537547	-2.962011	7.643403	2.877698	4.255789
790	2	5.184146	-6.125639	7.969989	8.004573	-8.894459	-1.382673	8.034325	1.457159	2.159272	-2.501295
794	2	1.121808	10.696960	1.264930	0.635748	-0.701895	1.121824	4.298488	1.570274	3.078806	4.350773
801	2	0.356568	5.919280	2.903988	-0.285101	6.733122	4.316116	-0.192065	6.551614	3.668714	5.202819
802	2	0.371615	9.303488	3.468604	0.302708	1.475855	3.978982	1.232120	7.937413	6.487116	4.291097
806	2	5.941334	-4.284368	8.372906	7.193790	-5.453341	-0.179371	6.106581	2.389559	2.046273	6.371354
808	2	2.524860	5.051679	0.182597	-0.647201	6.809988	6.653565	-1.645262	6.127482	5.512565	-4.108563
811	2	-1.870989	11.050324	-2.139964	-1.659847	0.012931	-1.142812	7.732455	-2.139964	-1.616089	5.464385
812	2	2.257372	7.006658	-0.538018	0.772860	0.516961	8.022594	-5.688359	5.750005	6.777273	-6.104278
813	2	6.553008	-0.297618	6.856404	6.009192	-1.615533	6.638058	-1.332491	6.873626	6.056674	4.457305
817	2	-1.467532	6.207918	4.619430	1.927578	6.725014	-1.467992	9.350181	4.619430	1.927578	1.600600
818	2	2.234353	8.314472	2.036539	0.574247	4.572439	8.315000	-1.684794	6.391748	6.810053	-3.697180
819	2	7.969881	-4.189976	7.205990	5.889029	-0.812322	2.937587	7.125183	1.031647	-0.108951	7.558133
821	2	1.883442	5.868054	0.290891	-0.700959	6.803645	2.986229	2.150813	3.663694	2.889289	5.139432
822	2	4.170153	-2.070773	7.792768	7.418841	-1.408356	0.970099	5.451321	2.138624	1.425798	8.773694
824	2	4.344350	-0.266611	9.079749	8.557010	-1.200132	4.344360	-0.919504	9.126460	8.557070	3.887897
825	2	6.664439	-2.418784	6.456070	8.526634	2.235664	3.052840	7.537466	0.718376	3.298144	7.601829
827	2	7.353298	-6.351190	7.688554	8.746639	0.684410	1.802706	4.418862	2.237483	3.429271	7.138557
830	2	5.008519	6.764542	-1.447501	1.396993	8.228448	6.784833	0.612015	1.893519	7.863218	4.263989
833	2	0.503381	2.208820	4.411648	3.285597	5.316942	6.326934	-3.358881	5.106396	6.714548	2.863090
835	2	6.998656	-3.705467	7.974612	5.946113	-5.174529	0.714292	6.528018	1.694954	2.701209	1.441373
837	2	4.124382	11.124499	-2.124207	1.655060	-0.596924	4.124382	10.584964	-2.124207	1.682806	3.432254
840	2	-2.107116	11.637247	-1.733689	2.442197	1.749290	-2.107116	8.514234	-1.730898	2.442197	7.510271
841	2	6.412243	-0.105546	2.315449	5.224814	0.518328	0.393067	10.864941	-4.222883	-0.707984	0.829444
842	2	3.654134	-0.435828	6.351425	7.906314	-1.667197	-0.593162	6.450856	2.670636	2.918566	6.642220
844	2	-0.466816	8.157525	3.240797	1.064710	-0.890227	6.078664	-1.345739	7.745409	5.776998	-3.496001
845	2	5.972634	-0.780342	7.991794	6.228567	3.287670	5.972290	-0.674836	7.991665	6.228546	-1.459223
847	2	7.465726	-5.845821	8.455605	5.711412	-6.355936	3.720391	5.690370	1.947016	1.992160	-0.164110
853	2	-1.789038	5.058233	0.640910	2.902573	8.763513	4.618643	-0.023561	7.026487	6.032595	8.661573
854	2	2.890836	5.847719	3.741649	1.565072	9.593778	6.359548	1.516513	6.427495	7.666100	3.792563
855	2	0.835257	10.265959	-0.733549	0.799819	-1.377181	5.653725	-5.622050	5.656788	7.063042	-7.374667
857	2	0.925744	4.871732	1.280973	6.837890	0.130659	7.361811	-0.232356	4.202712	8.008156	-4.485726
858	2	-2.590881	6.590928	0.681606	0.629218	6.562821	3.898087	-0.127218	5.228497	6.491328	2.398248
860	2	6.191768	8.741956	0.894100	1.986064	3.053557	6.191768	6.506618	0.894641	2.370212	6.692392
862	2	-2.239263	4.171588	-1.739272	-3.099765	9.299520	3.748083	0.602315	4.713268	-2.550093	9.233406
863	2	7.242142	-6.717836	6.453553	7.922456	-2.044657	3.441375	4.389733	0.003353	3.111173	6.187645
866	2	6.219384	-4.949351	6.620743	7.362538	-5.754571	0.981223	8.687251	0.283986	2.681417	-0.187117
869	2	4.650206	2.416354	4.316965	3.197934	4.880927	-0.786807	7.609090	0.858224	-0.627023	0.723154
875	2	0.943866	10.067294	-0.656267	3.204912	1.249401	2.732487	6.590093	1.254519	3.205561	7.533405
876	2	7.492197	-2.429119	8.998353	7.088934	3.848709	2.416902	4.012433	5.630214	1.761221	9.800602
877	2	3.059409	4.916889	4.911755	1.173411	6.350953	1.635150	10.663223	4.911746	1.173355	2.374732
879	2	8.784626	-2.833605	8.309748	8.414551	-4.486388	2.688029	8.795295	1.925246	3.092054	5.361477
880	2	0.933553	3.310204	1.636056	3.632980	8.112340	6.137310	-3.494157	5.883208	5.853749	4.850552
883	2	1.004073	8.559897	1.590822	3.056456	4.126784	1.004073	9.903975	1.505790	3.048348	-2.441742
884	2	-1.011233	7.335633	-3.309549	-3.029584	2.103273	-1.010961	4.479227	-3.169693	-2.170067	6.679354
886	2	1.416810	4.177662	1.643830	1.146244	5.968228	5.035163	-1.699277	5.082217	6.341957	-5.996076
891	2	-0.537839	10.552296	0.360645	-1.826513	0.127941	-0.537805	8.524427	0.360645	-1.826050	6.535130
899	2	-0.384521	11.873713	-2.838009	1.289703	-0.023898	0.159934	9.627155	-2.838009	1.375879	4.710510
902	2	2.426366	0.044782	6.906863	8.151347	-4.612210	6.241842	-2.121638	7.088612	8.416080	-4.963737
909	2	7.055023	-10.254247	9.820996	6.340757	4.929286	7.053882	-8.494863	9.820996	6.340756	-0.519469
911	2	1.622302	8.930041	0.514232	-2.680072	-2.683442	6.105315	0.664875	6.808576	3.476533	-7.141588
912	2	-0.368254	9.516943	1.160305	0.005675	2.294821	6.164161	0.524664	6.429451	5.850627	5.225961
913	2	0.079943	6.370861	2.424342	1.338460	6.706804	1.948182	0.834714	7.326825	6.740958	5.296001
914	2	9.495752	-8.451565	5.583923	7.001126	-6.874542	3.978832	4.989627	-0.044924	3.733630	-0.435982
917	2	1.190001	7.162892	5.614827	2.081667	3.816712	1.190001	8.204688	5.614827	2.081664	-1.989270
922	2	1.058676	9.915978	-1.586909	2.044152	-1.206429	1.058677	4.526279	1.426536	4.102540	5.275893
925	2	0.796239	8.744005	2.473060	4.268723	4.459229	6.474229	-3.345306	7.660734	8.036472	-4.256299
927	2	-0.422118	9.129652	1.725211	1.443973	-0.216061	5.015266	-1.568013	6.717750	7.713143	-6.332971
930	2	1.988568	7.459029	0.173641	-0.693367	-0.288674	6.380590	-1.663758	6.072372	5.165558	-4.681678
931	2	1.027275	11.763765	4.251842	0.452915	-2.401750	7.470589	-2.943684	6.186072	6.639577	-7.248583
932	2	2.111049	4.430957	4.901264	1.740137	7.464515	7.474908	-5.122894	8.314770	6.251370	-3.847143
933	2	0.179218	9.839596	0.688818	0.028445	-0.443640	6.750044	-6.429941	6.104074	6.320285	-4.695662
935	2	0.625298	7.547792	2.938701	2.132340	5.110788	6.232423	-2.575336	6.814301	6.257619	-5.782263
936	2	5.415665	1.801698	6.231680	7.964530	3.358723	3.173466	6.067246	1.901308	5.740402	7.104934
937	2	0.479974	10.484043	1.036294	1.305291	-0.281378	6.632239	-5.516141	6.318084	6.643872	-4.481826
943	2	-1.409613	9.724529	0.001867	0.616665	-0.246028	-1.408875	8.160731	0.129030	0.616752	5.170937
947	2	2.783930	2.224238	4.909388	3.173319	4.306364	6.587589	-2.589472	4.954506	4.082124	3.141673
949	2	7.609868	-3.782024	8.424214	7.817247	-5.057297	3.555897	7.350838	3.630149	4.753137	1.562254
953	2	1.270895	10.864420	-0.057523	0.058166	-0.499814	1.407897	4.956554	0.148220	0.070197	6.041682
954	2	8.370756	1.854352	2.046312	4.782949	4.720895	8.479304	-1.860508	7.546418	6.268619	-4.454835
958	2	1.291924	5.359543	3.209322	-0.792904	6.670352	7.105044	-1.654531	8.628077	1.273137	5.231278
963	2	4.132517	3.398674	4.559760	2.912075	4.702017	6.339158	-3.333867	6.427683	6.104875	-6.922217
964	2	8.109006	-6.235693	6.738943	4.825829	-3.120323	2.066251	5.414783	1.251690	0.680100	5.948332
967	2	6.505361	-4.784098	6.722892	6.026659	5.952676	6.453489	-2.283880	6.721461	6.026638	0.676546
968	2	-1.456767	6.391490	4.077530	2.432950	6.550747	5.105416	-0.668207	9.784014	7.390125	6.532801
971	2	8.239175	-4.735154	5.823168	5.635381	-4.154745	2.978457	8.113861	1.709654	1.229248	1.053258
976	2	-1.886813	6.063679	1.939172	-0.978163	5.884520	-1.887363	8.782800	1.939078	-0.983166	-0.416054
979	2	6.130741	-1.450566	8.014664	6.956688	-3.418102	0.274383	5.876586	6.103208	0.483973	6.813805
980	2	2.341401	5.319899	-0.899492	0.516831	6.733894	7.988861	1.471088	4.199998	6.432497	4.039558
981	2	3.836383	7.956200	0.258296	2.231895	0.470977	6.507848	-5.325797	6.782402	7.494392	-5.125552
987	2	7.442822	-1.449828	4.501479	9.930346	-2.416819	1.045110	10.464983	3.325895	4.101451	0.653487
988	2	4.447978	-0.106554	6.744271	5.909869	4.162892	-1.288778	7.037931	2.096147	-0.478460	6.452529
990	2	6.007417	-5.255735	7.807424	8.406050	-5.162570	1.142975	8.550013	1.911033	1.828663	0.699031
995	2	1.655003	7.207538	-4.363552	-0.618021	0.186171	1.899069	4.081935	-1.887851	0.160134	6.735784
996	2	9.278383	-6.838509	8.245050	6.871863	2.490858	2.856753	5.786617	3.331163	3.462759	7.850384
997	2	-0.568557	7.831996	0.529095	2.912309	-2.297332	5.862407	-1.136085	3.700070	7.472033	-8.617643
999	2	7.413735	-1.851685	7.237595	1.916994	5.784091	1.660648	7.467468	0.742736	-0.811919	8.916623
