18	4	6.608237	-4.208356	0.907515	-2.019637	6.331353	0.810119	-0.563673	2.600857	4.103234	-2.444391	-3.793928	7.230212
34	4	-3.201940	-2.993914	6.011406	8.200946	-3.090334	-0.433808	6.466759	2.680307	-6.242048	-1.129551	5.797985	0.124888
92	4	-5.765725	-5.443133	4.584887	-7.172941	0.941981	4.167007	-5.813943	6.177712	0.730374	2.442548	-5.723253	1.361074
107	4	5.281556	3.508165	-4.198535	7.020122	-2.987362	-0.120263	-2.164544	6.567658	1.718680	-1.214094	-6.399342	6.254719
112	4	-4.644489	-3.314699	5.941310	-3.730648	6.707661	-0.233304	6.529578	-2.055063	-0.082690	1.565539	-3.582377	5.361039
147	4	-5.203396	-1.764487	5.302952	1.507772	-4.959629	5.087992	3.305241	4.657432	-2.078578	-8.392614	6.903364	1.553528
149	4	9.049384	-5.719700	-0.694260	-2.191320	-5.329061	5.887252	-1.469602	6.055965	0.569488	-2.897450	0.832646	5.880149
161	4	-5.140287	-2.712274	8.403410	5.821615	3.678192	-2.037206	6.330752	-4.527318	1.793877	1.006442	-3.794236	8.321020
170	4	-3.685764	-4.128649	7.129022	6.791866	-2.024096	0.646362	1.355273	7.726706	-4.669754	-5.553840	7.811176	1.089951
180	4	-7.399631	6.528574	-0.121017	4.140254	-3.296482	-2.035826	-6.395040	-3.642957	4.662231	3.748990	0.940257	-5.776906
221	4	3.191521	3.330514	-1.611550	-8.417074	6.139242	0.877473	-5.433273	-3.401203	7.047764	-0.217354	-3.501649	6.427930
237	4	-9.561253	-3.594460	6.032032	-12.125255	1.635283	5.468387	2.996794	-3.746030	1.177472	0.716280	1.427411	1.694073
240	4	-3.015723	6.995103	0.813558	0.173848	7.017622	-3.218140	3.783049	-3.975021	1.112122	2.686047	4.454088	-4.658712
244	4	-6.223844	7.099903	2.485796	-2.745022	-3.457419	7.236417	5.213643	1.903654	1.078947	6.378702	-4.214015	2.462904
245	4	-3.411822	7.188818	1.134325	7.066760	-4.287364	0.934445	-3.363690	-3.565349	7.376645	2.422512	4.970089	-5.287051
250	4	-9.561936	-3.334371	7.399863	-10.191029	0.799454	7.347426	-4.017859	5.882123	0.945953	2.552146	4.314820	-1.905378
251	4	-1.140497	-4.923816	5.552762	7.157354	-2.819925	0.549713	-3.024135	6.412138	0.025221	3.010897	4.477428	-5.286988
259	4	5.926465	-7.143388	-0.251727	0.305362	5.581089	-0.299173	-5.817649	5.584924	-0.298756	-0.089078	2.413727	4.347887
297	4	-3.133701	-2.397407	5.862825	3.706611	-1.572957	0.595689	-8.674027	7.430184	2.400076	-8.536156	2.428043	5.410984
317	4	-4.462622	5.802800	0.005117	-3.973980	-2.947732	6.577020	6.692967	-3.887364	0.628569	2.179153	-5.868121	4.668320
328	4	7.287026	-2.362983	-0.689314	-2.334642	7.247900	-0.336867	5.596261	1.946038	-4.465917	-2.852481	-3.840329	5.874703
331	4	-6.629150	3.041382	4.635677	-5.322516	-1.849462	6.873336	4.745068	2.455128	-1.146364	6.708325	-2.942908	0.815093
339	4	-4.432850	-5.539948	6.173820	1.074343	-11.298505	5.171505	8.038144	-8.204551	0.578781	-8.535711	0.676184	6.049494
340	4	-9.504191	1.901740	4.711519	-6.268305	-4.690738	5.938707	4.145551	-2.871299	-0.362995	-5.668918	6.994887	1.459094
368	4	-5.809910	0.617544	5.204531	-4.226778	-4.992784	5.314106	5.251398	-10.442255	2.545150	-3.295207	4.303759	-0.958206
384	4	5.382265	1.738186	0.400347	-4.605462	-5.168673	5.995294	5.617706	-5.083272	0.540024	-4.716549	1.508016	5.914084
417	4	2.686088	5.178527	-0.060815	-3.426895	6.942348	2.882720	6.903404	-2.867788	2.571498	1.513527	-2.160378	7.889431
446	4	1.707436	4.434937	0.488271	-4.601057	5.912980	1.134684	6.883440	-4.328248	2.698409	1.685214	-3.050332	6.206634
448	4	-3.972351	7.536237	0.070409	-4.775729	-4.796320	6.502682	6.266688	1.757425	0.363399	6.541352	-4.029289	0.857239
523	4	0.191199	-4.479509	6.932979	-2.181313	-3.014237	7.037391	5.987405	-5.078434	0.944012	-4.727284	3.649651	4.382284
579	4	-0.091261	-1.284249	5.830294	6.227862	-4.963513	3.109331	2.911273	2.933296	0.693222	-2.066651	4.273721	2.576887
596	4	5.959108	-5.116712	2.631835	-3.392732	7.771229	1.354378	5.223128	2.411271	-2.997975	-3.933453	-2.849520	7.174381
616	4	6.627054	-5.564317	-1.213575	-6.442293	6.855853	-2.134521	6.072198	0.965554	-1.769409	-3.315414	-5.718324	4.361381
633	4	4.290757	-8.598008	3.393077	-2.155195	3.623418	0.901606	-3.040258	-6.161900	7.245885	3.869136	2.051431	-2.583768
671	4	7.794878	-5.182950	0.524349	-4.139440	-4.600959	5.706393	-3.092842	6.785441	-0.874090	7.052163	1.071215	-0.398931
694	4	-10.037857	6.525846	2.598920	-5.903122	-4.199120	6.797639	3.324274	-2.553548	0.774562	4.148399	2.107012	-3.423350
744	4	-4.656221	5.861356	0.278386	5.584752	-2.944921	1.809869	5.141186	1.017210	1.606006	0.371128	-2.300468	6.463740
760	4	2.018240	7.290862	-2.904325	-4.343620	-4.225869	5.137591	-4.509785	8.119100	-0.572161	6.979087	-4.363719	-1.350519
833	4	-5.269047	6.960393	1.084221	3.977099	-4.943627	0.796914	-5.693339	-1.811151	6.420454	2.848763	2.284194	-1.618089
854	4	-5.624353	-1.712281	5.150140	-6.928826	9.176409	-1.371936	4.020546	-2.335324	-0.795313	0.130513	-1.710549	5.147011
895	4	1.314085	-4.390307	6.791344	-6.755030	2.846729	4.263055	5.228389	-5.141839	0.812663	6.370565	0.349495	0.291170
902	4	-4.474332	5.061210	2.559639	8.050962	-6.185545	2.403082	-4.226505	-5.866759	8.048663	1.984292	-11.209099	7.579274
921	4	7.330637	-5.849144	1.083868	-5.645858	2.675757	4.209385	-1.925737	-2.974940	4.315603	-4.990193	5.269345	2.429591
967	4	-5.541314	7.382567	0.932609	5.058075	-2.778223	0.738224	-4.297264	1.569959	6.241130	-3.209683	-3.818294	6.797790
971	4	-4.384765	-5.240155	7.866238	5.296214	-4.368518	2.299450	-5.011454	3.916538	3.402915	4.797200	2.101238	-0.952078
1002	4	-3.225185	-4.650435	6.727037	6.491399	-1.761640	1.900939	1.421285	3.814618	-0.151178	-4.821784	6.403316	0.551689
1026	4	-6.462241	-3.045950	6.923753	-8.796422	6.151178	3.504630	5.170383	-2.644357	0.778873	4.524496	1.717993	-0.262763
1051	4	1.043807	-3.938659	7.179467	-2.566613	-3.646188	7.855069	-8.591845	4.311241	5.132377	6.086217	-4.222744	1.662328
1053	4	6.515686	-4.685543	0.702893	-1.885979	5.597299	1.336543	0.588007	4.960966	1.095631	-2.321208	-3.423981	7.146947
1065	4	-3.250432	4.137775	3.352605	-5.694354	-3.954215	7.718242	6.460048	-4.736915	1.821876	5.182973	3.630592	-1.789997
1107	4	-7.648231	6.266373	2.135740	5.417402	-5.328782	1.839715	5.552516	0.869389	1.470961	-5.885142	-3.371624	7.703996
1110	4	4.935651	4.467193	-3.153851	-1.512761	6.656480	1.625433	-2.987478	3.234526	3.899789	-1.924867	-0.713939	6.467540
1114	4	6.849990	-5.831778	1.767541	-5.124061	4.252870	0.544793	1.480221	4.110518	-2.333366	-4.097648	-5.100304	5.087524
1118	4	-3.839724	-4.039437	7.375450	-5.102560	1.649890	6.587454	3.932980	-5.097656	0.871900	-5.584901	4.679410	2.588826
1173	4	-4.193104	8.684267	1.388362	-3.653409	-0.932124	6.798585	7.524840	-3.789042	1.916875	1.445832	-3.518513	6.148333
1178	4	1.722034	6.717228	-2.707618	7.835620	-5.266713	2.105193	-3.967921	6.545338	2.518829	6.141290	1.478491	-0.378843
1216	4	7.910507	-4.773250	0.583488	-2.497727	0.080588	5.753287	-3.185637	6.072408	-0.519107	-2.422527	-4.183769	5.791579
1231	4	-1.195083	-1.988525	6.365673	-3.573655	6.903338	2.931372	3.330274	3.648241	-0.061756	6.652010	-2.114899	0.340428
1232	4	7.779213	-7.851744	2.704626	-3.085660	-6.135870	7.185717	-2.071951	4.383918	-0.500010	-4.379878	0.182890	7.238970
1272	4	-3.870811	5.984897	2.157910	3.269361	3.872433	-1.863235	6.247415	0.828709	-1.370377	6.575432	-4.805359	-1.375253
1273	4	-7.033330	-5.568023	7.762276	4.463216	-11.494903	2.819256	-2.402748	3.308289	1.597275	2.607258	2.552660	-1.624589
1280	4	-6.107734	7.020383	1.365907	5.749541	2.522516	-2.316667	-4.064177	-2.722525	5.116911	7.526102	-1.704053	-0.965757
1283	4	7.959885	-2.908857	-0.374394	-1.522048	1.053661	4.237849	4.438085	-7.414266	2.311307	2.472496	5.096376	0.424989
1307	4	7.597083	-4.302048	1.633814	-5.622707	8.025608	3.268075	1.899653	7.359678	-2.491573	-8.051114	-1.235755	7.758349
1318	4	-6.611876	5.900720	0.196017	-6.502244	-5.790239	6.380683	4.513166	-5.234594	1.135672	4.568166	0.535393	1.086922
1325	4	5.345997	1.990396	-7.004043	-2.492914	7.152412	-3.218582	6.459647	-1.902539	-2.734487	0.100756	2.005311	-1.222754
1331	4	-5.489432	7.148525	0.421149	-1.236210	5.454370	0.288184	6.050043	-8.405939	2.369199	0.036846	-6.250397	5.855669
1337	4	-4.974565	5.943641	4.057494	-1.073114	-2.786648	6.795926	7.931529	-2.210963	1.877012	6.021887	2.661512	0.276986
1366	4	-5.657560	-5.568996	7.219818	6.608098	-2.574070	-1.146214	1.809124	4.984828	-5.487121	-4.419080	5.911579	0.809148
1401	4	7.575047	-6.087281	-1.235336	-2.158259	4.848451	0.003316	-2.835050	-1.501296	5.286457	2.142142	4.092499	-5.983042
1402	4	1.072844	4.491535	-0.305181	-4.855216	8.330719	-0.100515	-6.604534	-2.858066	6.261660	5.945427	-2.601363	0.728574
1412	4	7.659582	-3.992020	-1.789992	3.723271	2.208804	-6.594683	-2.427925	7.810416	-1.641720	-3.794671	-3.292475	4.643950
1433	4	-5.177141	-6.208350	6.607433	4.173131	0.492140	-3.577633	-4.388845	-0.455723	4.926652	-6.007853	5.467121	0.026693
1456	4	8.058176	-4.644558	-0.043983	-2.726640	6.837001	0.221880	-2.146716	-5.078962	5.923844	7.694982	0.141376	-0.084724
1520	4	7.044197	-5.807778	-0.832657	-3.002210	1.114926	5.428477	-2.913496	-4.088199	5.447363	-3.782285	3.413871	0.123082
1529	4	5.027493	-4.585716	1.571255	-5.385800	-2.394663	6.625638	-3.513905	6.499920	1.093529	2.401945	5.273866	-2.556735
1582	4	-7.681077	7.006547	2.993735	-7.290013	-1.112157	7.159855	4.625567	-4.015123	0.854190	4.636375	1.512507	-1.020834
1598	4	8.077069	-3.660998	0.561702	-0.936858	-3.201231	6.677703	7.346247	2.884104	-4.037511	-3.947905	5.644434	2.066415
1600	4	-5.490523	-5.887749	5.795259	-5.921657	-0.499831	5.578566	5.636708	-0.417722	-0.118237	6.079601	-5.812619	0.102524
1605	4	-8.025538	-6.654349	5.606307	-8.228818	4.930221	0.283108	4.662044	-4.258972	1.100368	4.594348	0.969588	1.180011
1607	4	7.336469	-4.479359	-0.410394	-5.626719	-4.778400	5.833506	-10.349851	3.263770	2.133617	5.967041	1.733593	-3.954045
1608	4	7.768285	-3.792148	-0.433143	5.773301	2.805601	-1.734731	-4.704231	-3.081267	5.559236	-3.401995	6.196285	1.767773
1618	4	3.157515	-4.316810	3.987626	-2.116098	6.214089	0.192099	-0.984432	-4.248766	5.497917	5.247832	1.867569	-2.957869
1621	4	-4.017242	-5.311183	6.568394	4.908493	-4.176927	0.294942	-2.463106	6.117380	0.510443	4.645266	2.042453	-0.886789
1643	4	-6.283886	-2.361677	4.287804	4.674071	-5.526853	-1.205935	-5.301335	4.267064	-0.676263	0.053021	4.217835	-0.692054
1650	4	5.568125	-8.099848	3.209271	-4.695563	4.016541	3.691847	0.858530	-4.279540	6.103598	-3.001268	-4.486297	6.580709
1658	4	-5.643819	-5.160848	6.563228	-3.896911	1.271671	4.900665	6.808380	-8.184543	2.046604	3.342549	4.682653	0.213711
1671	4	5.896662	-3.867749	2.027338	3.064480	4.354311	-4.073447	-3.360704	-5.036924	6.895385	-3.723970	5.953343	0.709944
1685	4	-7.151935	5.512036	3.303098	-0.198520	6.592220	2.134217	5.164776	-3.019734	0.420894	-5.925757	-3.322429	5.081160
1691	4	-5.767659	7.682533	0.982256	2.712549	4.406813	-1.229365	-6.799884	-1.933753	7.369704	5.428884	-2.754531	3.176778
1699	4	6.366404	-11.011618	3.322002	-7.385230	1.587405	6.711610	-3.091712	-4.407354	7.217522	1.690138	6.037516	-1.505264
1702	4	-0.564785	-4.549874	4.785531	5.650733	3.235458	-3.666702	-2.231957	6.805005	1.029196	8.446712	-2.269574	0.115191
1735	4	-5.317734	-1.486833	6.195845	-9.627213	6.007127	1.486287	2.757297	-3.270062	1.426152	1.818813	4.477768	-2.874376
1750	4	1.056019	-3.449906	7.899474	-2.621916	3.338430	3.039452	-5.449177	-2.642609	8.043261	4.066751	5.584531	-0.653324
1781	4	-7.260199	-2.893414	7.900736	2.318936	2.343971	1.159588	-4.399141	7.908306	1.811541	3.844543	-3.724493	2.701367
1792	4	-5.616374	7.280841	0.427405	1.269764	-3.447550	6.675199	-4.410876	-2.448027	6.733127	-0.038121	7.242452	0.426761
1793	4	6.495847	1.829391	-0.332388	3.126097	-1.569774	5.660919	-3.602656	6.310452	-0.079314	-3.019162	0.523728	5.719493
1806	4	-4.514650	6.668526	1.356115	7.020014	-1.902592	1.105275	0.698722	6.362333	-3.075233	-5.026192	-2.930189	6.005341
1809	4	6.487508	-5.902451	-0.717749	0.416210	6.767885	-5.046875	6.362849	0.759889	-1.351357	-4.431697	6.578425	0.251713
1847	4	0.402655	-5.287972	-0.494222	6.616382	-5.302308	-0.496717	-2.971849	5.872336	-0.142553	-4.357850	-5.701461	4.907561
1849	4	6.409060	-5.762995	2.676812	-3.130789	5.737136	2.235683	2.577214	3.315050	-2.214220	-3.994541	-4.449579	7.351373
1862	4	-3.063893	5.463042	1.013887	7.536687	-4.762890	2.575996	6.471614	2.244959	-2.975533	2.956189	4.640637	-2.991246
1881	4	-3.173983	9.356325	2.825847	5.849704	-2.407421	1.527781	-5.739814	-2.972494	6.769641	4.173127	5.158103	-2.415896
1892	4	5.831624	-6.580317	1.273547	-6.177771	-4.851035	7.268686	-6.379279	3.347761	0.910993	0.312057	-5.038506	7.257655
1894	4	-4.505539	7.005567	1.844312	-3.804368	-2.048994	6.791348	2.462614	-4.516351	5.585974	6.428355	2.514939	-1.341288
1903	4	-6.740316	1.514322	6.208507	-3.488781	5.433495	1.389230	6.525918	-5.380501	0.627522	0.206650	5.421717	1.304255
1904	4	6.180554	-8.074333	0.827782	-4.344127	-3.539881	5.703680	-3.530049	4.521579	0.028296	1.876643	-5.832447	4.124741
1940	4	-1.588226	-0.587912	6.595446	7.117071	-2.295261	1.281146	3.788360	3.989344	-1.857566	-2.345847	7.424123	3.442100
1944	4	6.526078	-3.718392	0.300322	-5.306895	6.010538	1.426033	-4.850505	-5.153007	5.976713	6.166300	1.067881	0.197671
1949	4	-4.852550	6.523294	2.368244	5.943173	-5.967147	0.705427	-4.248709	-5.561518	6.539599	1.626401	-9.638345	4.421482
1973	4	-4.783663	7.116984	1.494090	7.659316	1.272238	-0.408052	1.635495	7.282554	-3.824925	8.064133	-5.110497	0.213442
1996	4	-5.230269	6.501432	1.942093	-7.065531	-1.970673	7.224181	3.952954	-0.985356	1.634317	1.333996	5.804595	1.081172
2052	4	-2.649172	-6.622845	5.838247	4.243745	2.772844	-1.742063	-4.317076	5.457542	3.243125	5.363859	-3.886836	0.843315
2074	4	4.537550	3.547038	-6.614442	-3.802550	6.952363	-2.161816	6.446919	-2.709200	-3.154907	-5.156921	-3.762941	3.536253
2087	4	3.692911	3.583531	1.625474	-3.281892	6.908310	2.287543	-5.958559	-3.973198	7.309740	3.273499	3.390268	2.226797
2095	4	-7.439674	7.194939	1.128677	-2.937376	-7.555697	6.262759	4.322740	1.239808	0.096536	4.807999	-4.301255	1.472959
2099	4	-3.010949	8.149071	2.120618	-2.966191	-2.562121	7.975484	6.295416	3.371156	-0.740993	7.653121	-2.603278	3.156579
2108	4	-5.531466	-2.410573	6.518144	3.673515	-1.076389	2.300442	-5.890976	8.186088	-0.026766	0.457224	8.065747	-0.561393
2114	4	-3.424760	-3.076433	7.733277	-9.643103	8.294882	2.564556	-4.912010	2.265404	6.400975	3.162688	-8.656336	4.491242
2115	4	-6.875208	8.070893	0.419549	-6.427743	-4.847008	6.971977	-0.060001	-11.197321	6.789241	5.692952	-4.701251	0.577228
2168	4	-2.762477	3.561862	3.280420	2.302893	5.221075	-1.266165	-6.114392	-0.938586	8.280653	3.938508	-4.457586	3.789546
2182	4	5.291477	-3.689576	2.872085	-0.185078	-3.080912	9.049416	-9.674172	1.971258	7.928723	-7.379896	6.027868	3.592410
2208	4	-8.389846	-0.722046	7.837105	-13.670695	1.917782	6.603602	-7.550630	6.398515	1.998651	3.353462	-1.866753	1.362752
2239	4	4.220938	-3.756259	3.264716	-4.763836	8.012658	0.523906	-6.540743	-4.363884	6.619409	3.435267	3.072502	-2.828174
2255	4	-8.631051	6.975900	2.456072	5.293882	-2.558478	-0.280886	-3.429444	-0.579706	5.545513	1.627535	-1.369010	5.215616
2258	4	6.474456	-8.389314	0.397828	-2.703118	3.257167	1.623073	-2.135471	-5.476501	6.534099	2.221692	2.559619	-0.164665
2269	4	5.205453	1.895612	-2.185213	-6.385881	-4.402402	5.277765	6.138774	-3.859421	-0.865737	-3.839229	4.888086	-0.338797
2295	4	-2.949032	-5.982453	8.267600	8.327083	-5.804006	3.185131	-3.345606	5.955979	1.969533	2.491289	-12.009267	6.732764
2299	4	9.698431	-4.769232	2.268581	-2.378284	0.882898	7.240305	-1.559962	7.578371	2.927035	8.737045	1.197283	2.210763
2320	4	-5.513076	-1.107524	6.539596	3.366244	4.774765	-3.122699	6.388983	-3.743614	0.211829	-0.123358	-1.417616	6.625461
2323	4	7.888258	-4.692946	2.906007	-1.638305	4.272569	2.282532	4.193137	5.760119	-2.230909	-1.920330	-0.058116	6.274330
2340	4	3.940665	-0.079012	3.056652	-3.847349	0.000846	8.376651	3.909217	-5.881484	3.131384	-3.845850	-5.699203	8.456451
2342	4	6.816325	1.985785	-2.042306	-4.668379	-5.426142	6.854338	-3.065088	2.791777	2.369622	6.251733	-8.505220	2.218975
2346	4	-2.173195	6.201081	1.229300	6.825293	-2.414511	0.013436	1.906016	5.804456	0.349963	-3.089148	-6.051961	6.524334
2352	4	-7.619589	-2.127289	7.711312	1.374219	-13.324764	7.652198	5.899868	-7.538813	2.087343	-6.188401	4.318738	1.087375
2354	4	4.100714	-5.733604	1.278784	-7.137199	5.871253	0.217268	4.610626	1.551754	-0.034158	3.895210	0.600861	1.448090
2365	4	6.400723	-5.493502	1.757752	-4.435845	-7.237387	5.346467	4.989087	2.776429	-1.586720	-2.935382	5.491459	-0.677966
2375	4	4.349302	3.903133	-4.791194	-6.065730	-5.353360	6.638061	-2.643497	6.961521	1.057220	5.852287	-3.321307	0.610917
2382	4	1.276680	6.347340	-0.406823	5.108906	-10.915814	2.944038	-5.223897	5.045552	1.531292	-4.571487	-6.136404	8.072420
2400	4	7.224449	-4.921812	-1.209038	-4.298925	4.631925	-1.445994	-2.823977	-3.844632	4.909002	2.331036	3.529597	-3.018157
2408	4	6.660074	-3.422828	0.921282	-5.711849	-3.350628	5.953820	5.519028	1.775767	-2.411233	-4.176185	7.449277	1.857466
2413	4	-3.636041	-2.821892	5.247973	2.478456	-4.447760	4.622036	-5.016861	1.202188	4.622052	-6.960431	8.007377	0.189006
2414	4	4.293375	2.931888	-2.917769	-2.488112	8.918180	0.768841	5.281136	-3.659997	1.124509	-1.683645	-2.991582	6.993956
2429	4	6.133829	-3.935285	1.939549	-2.475460	6.051850	0.995708	-5.085321	-4.238688	5.448751	2.870752	3.606238	-1.286174
2431	4	-8.331355	3.316402	5.303656	-6.224964	-4.065985	7.081276	2.812798	4.022877	0.720429	5.066272	-6.206464	1.202437
2497	4	5.903503	-4.709001	1.669102	-6.557337	8.484066	0.687768	-3.801024	-2.011849	7.006212	4.964737	2.120029	0.326369
2508	4	-2.510968	-3.515389	6.114689	6.644089	-5.225035	0.883310	-3.301205	6.135221	0.019210	6.566398	0.822945	-5.243427
2533	4	-9.850685	5.104080	4.255469	-8.633410	-3.394827	7.065211	3.586442	-5.333194	2.276595	1.992506	1.711015	1.701400
2534	4	6.463041	-3.831233	-1.480697	-3.127134	8.069481	-0.840912	-2.054827	-3.226090	4.677220	1.601727	6.494002	-3.660408
2568	4	-2.185682	-3.138845	6.968606	5.896779	-1.828982	2.919685	-4.028608	6.857335	1.532722	4.020348	3.927311	-0.389025
2598	4	-4.224002	-5.663725	5.362075	6.490452	-3.600092	1.926323	-2.733128	7.050207	-0.540218	4.009570	2.942494	-1.704841
2617	4	-2.732428	-3.428286	7.117465	7.122852	-3.213005	2.283137	-4.143097	8.201458	2.155370	4.530787	3.026982	0.293940
2627	4	7.869269	-1.202250	1.954439	4.358762	3.453861	-2.825028	0.071611	-3.455104	8.221068	-0.681955	7.095817	3.298381
2663	4	6.170289	0.932818	-0.022979	-2.277093	0.302117	5.847095	-2.266593	6.272302	0.265840	-1.889451	-5.955320	5.859441
2699	4	-6.907673	0.740949	7.307293	-4.964871	-5.580351	7.309217	5.586017	0.416729	1.562959	6.716128	-5.907470	1.563444
2706	4	0.710345	-1.570104	6.964976	-7.054299	4.597820	3.195654	-5.814640	-1.714300	7.685102	6.740996	-5.126735	1.806570
2709	4	7.103933	-2.591588	-0.774909	-5.601771	7.910652	-0.273785	0.768248	7.739800	-1.109224	-3.580092	-2.939022	5.845899
2734	4	4.198281	2.107624	-1.110617	6.794598	-1.244787	0.042609	-3.532608	-3.173244	5.726384	0.884640	-3.424939	5.717927
2739	4	5.733020	2.193592	-0.406530	7.248086	-4.944556	2.438840	-3.329932	-6.222148	7.888114	-2.922067	4.507599	2.478068
2740	4	-2.052567	-5.209216	5.763507	-5.315842	4.853816	2.631967	7.302494	-3.725510	2.777352	7.469665	1.184388	1.740738
2747	4	7.420717	-0.322778	-0.443005	-0.348629	5.974747	-0.528681	5.458019	-3.932202	3.633525	3.674170	3.823246	-0.660532
2755	4	-6.271798	-5.714130	8.014315	-0.110460	-5.720511	7.880478	3.746792	3.447801	-2.887935	5.754686	-7.932902	3.309003
2781	4	-8.462187	-1.905926	6.730328	6.449150	-5.679200	2.482232	-4.804009	5.181023	1.374785	1.540356	5.719465	0.006118
2838	4	-3.797843	0.667701	7.336402	-2.845349	5.109057	1.065312	7.370042	-1.836100	1.440995	2.422864	4.812016	-4.777532
2840	4	-5.342867	-1.997944	7.474244	-3.937872	6.126766	1.295590	5.516357	-4.134813	1.270787	4.391607	2.482062	-1.304473
2849	4	0.543434	-5.355527	5.479699	-5.607477	6.219571	0.189370	5.848454	-5.209880	2.383952	-4.570076	-5.330060	5.862908
2882	4	-4.143811	0.561833	6.018628	-3.822313	6.776410	0.279975	-3.858677	-3.296290	6.256897	4.559257	-7.248204	2.776884
2883	4	7.308311	-7.501882	2.725403	-5.201319	-4.645459	7.187217	0.961920	4.581060	0.099476	-9.959978	2.541771	5.973600
2932	4	-1.781355	6.131007	1.476305	8.109389	-3.664041	0.561829	-1.470489	-2.973365	5.657171	1.969136	4.474314	0.424459
2940	4	-3.429450	-5.143174	5.481492	-4.336734	5.331196	1.156396	6.283434	-6.837021	1.080035	-4.972369	0.983775	5.469072
2944	4	5.045997	3.163871	0.057725	-2.398306	-2.896855	6.331966	-2.062087	7.013939	-0.201389	3.588314	-6.258159	6.323831
2949	4	5.911024	-5.616226	3.051267	-4.990819	7.805394	1.688403	-5.658421	0.926557	7.557395	0.755723	-3.732648	7.326073
2950	4	8.332949	-2.550853	-0.952008	-2.899402	-6.656054	5.269476	4.088309	4.147532	-6.327336	-1.157627	6.195016	-1.174303
2955	4	-2.609090	-5.867782	6.600057	7.897443	-5.411485	1.598269	2.488598	-7.495051	5.038586	-6.639713	5.415940	3.258282
2958	4	6.620349	-1.311499	2.935170	-3.416858	2.541625	7.096769	-2.544515	-2.680166	8.026192	1.306907	7.374892	-1.833453
3003	4	3.406432	-2.978253	4.345123	-4.606876	5.972567	2.746463	6.076748	3.560789	0.499691	-2.714298	-2.976431	6.784339
3005	4	-6.463064	3.298388	3.935368	7.739324	-4.302130	1.622975	-4.362988	7.390474	1.156076	1.714125	6.805922	0.742866
3010	4	-1.213113	-4.466588	7.062115	3.986337	-4.593582	1.706326	-6.455839	7.637967	1.968209	-3.356383	1.486430	6.984484
3016	4	4.861698	-3.434093	-1.061428	-7.599282	7.436157	-1.475711	-5.100237	-2.216983	4.804238	1.242249	-2.712912	4.784888
3028	4	0.503499	-7.085166	7.199903	3.223455	-6.164522	4.067536	-4.793519	5.966559	1.907827	-5.579899	-2.904774	7.568614
3037	4	0.841512	-7.868315	6.844793	-4.887726	-2.629471	6.849432	-7.528040	5.760057	0.943369	4.208155	-5.981426	1.303382
3040	4	-3.820815	5.758525	0.185175	-3.451616	-5.763908	6.752595	4.142177	-7.413613	1.265790	2.040154	4.560117	-5.076489
3049	4	-4.897506	-5.070988	7.842234	-4.454221	3.955607	2.781903	3.693107	-7.292684	3.096294	-4.996824	0.669170	7.721663
3063	4	6.184645	0.563770	1.761983	-3.291305	6.150645	2.938820	2.053533	5.107810	-3.638025	-2.533054	1.734187	5.315896
3080	4	-4.870007	-7.932238	5.183400	-6.304780	4.360438	-1.404824	5.079262	-6.094488	-1.121023	0.259086	3.262452	-1.411136
3113	4	7.113537	-5.329598	-0.724342	-4.761256	-6.873930	5.510863	-5.865803	5.436557	-0.371023	0.638428	5.254818	-0.521122
3123	4	-7.644680	-4.241881	6.356803	4.789968	-7.819552	0.134786	-10.014636	1.508010	6.110700	-5.488012	3.931411	0.276788
3145	4	6.471185	-4.768800	-1.063194	-4.344678	6.870930	-1.116806	-5.170188	-4.085499	5.369065	1.364263	6.661331	-7.068921
3174	4	6.869800	-6.986456	1.323022	-5.344725	5.862235	-0.113927	-5.267307	1.280611	5.128931	-5.223122	-4.751110	5.437393
3203	4	-3.160203	-4.791024	5.989182	-2.664818	7.689873	0.391102	6.844618	-3.370090	-0.367308	4.979843	2.695170	-2.942415
3243	4	-5.026889	5.197392	2.214537	0.802169	5.664252	1.561708	6.791945	-8.045016	2.910545	-5.439779	-2.806784	8.353582
3254	4	-4.549580	-4.760826	6.435242	-6.368520	7.148813	0.334613	6.338046	-4.086375	0.748938	5.123726	1.712424	-4.376747
3270	4	7.991523	-3.352483	0.131763	2.843531	3.040430	0.181237	-6.463493	7.322994	2.446581	0.652035	6.090516	1.728036
3285	4	-1.602429	-3.665111	6.407612	-3.181745	7.474608	2.279944	6.507501	-4.262877	1.788822	2.509443	3.286373	0.418381
3296	4	-2.118246	-5.024396	5.327314	7.297086	-4.271848	-0.179373	-3.269794	6.506511	-0.784220	1.039298	6.489783	-2.122197
3297	4	-6.700613	-5.625636	8.480066	-6.697217	-0.327205	7.400397	5.807333	-0.130677	1.114239	5.780126	-5.664640	2.401867
3300	4	-4.660917	-3.801987	6.381228	-4.896765	6.853103	1.688990	7.860052	-2.624692	1.127885	-4.648456	1.767515	5.175650
3305	4	-3.424586	7.675762	-0.275850	2.951911	5.818519	-4.435626	0.979537	-5.104819	4.126308	-5.264145	-4.346378	4.653136
3317	4	7.392792	-4.361806	3.286339	-3.356826	-4.617943	8.140774	-3.189738	6.066118	2.860290	2.751178	2.503295	-0.102560
3339	4	-3.774189	0.375939	6.187323	-3.388402	-4.023011	6.521253	1.390533	-6.312171	5.946260	-4.013761	6.382413	2.989104
3352	4	-5.155715	-4.090542	8.064534	-5.191285	5.419139	3.813663	6.817908	-5.075402	1.648129	5.875735	2.088786	-2.553447
3360	4	4.621645	-4.987549	-0.032682	-7.370118	-5.583743	5.401845	-5.321770	4.456600	-0.284175	0.457775	4.072763	-0.448676
3376	4	-4.372946	-6.920580	6.953475	7.760955	1.162857	1.801425	7.844871	-4.862128	1.844553	-3.857044	5.066332	2.288020
3378	4	-5.295585	7.278762	-0.104501	1.883004	2.651493	-1.170249	1.077935	-3.875997	3.731365	6.177617	-2.550002	0.461658
3387	4	-3.778631	5.810939	0.352287	-2.886505	-6.970800	6.275580	7.966853	0.868627	-0.584530	8.595001	-5.502221	-0.336007
3456	4	6.573221	-4.097454	-0.018011	-3.370107	6.570732	-0.192501	-4.419266	-5.758090	6.415634	1.370620	6.294740	-4.728383
3468	4	-6.481033	7.519258	1.401951	0.183801	-3.667209	6.757919	-0.094800	6.944655	1.401689	-6.243385	-2.881088	6.758754
3473	4	0.356635	-6.557402	6.875052	2.830234	4.182922	-1.447944	6.819576	-2.147166	1.010297	-6.170850	-6.237483	6.903423
3497	4	-3.628735	6.695829	1.059709	7.070187	-0.304416	2.054547	5.527835	1.759442	0.690060	1.903848	5.820871	-1.097213
3500	4	3.768394	3.571663	-5.367769	6.200303	-1.674642	0.469157	-3.520868	-4.905251	6.806448	-2.613374	5.876030	0.183274
3518	4	-3.822234	-2.724148	5.505616	7.082389	-6.314932	-0.377741	-2.805695	6.062417	-0.597896	2.575678	4.242176	-5.619955
3525	4	-5.334668	7.735438	1.625874	-4.241635	-0.689571	7.566032	5.193601	-3.249498	1.986569	4.436304	2.369475	-3.610269
3540	4	-3.533646	7.394748	1.036901	7.515942	-1.675557	0.965523	-3.899234	0.364865	7.471789	1.251908	5.495480	1.063208
3548	4	5.959864	-10.308349	1.829160	-5.130245	5.533695	0.767495	-6.580534	-7.106982	5.815590	1.075271	5.785283	-3.214359
3599	4	-2.755466	-2.522405	7.447247	3.583246	-5.466325	5.304041	6.950311	-7.749492	2.774308	-3.687280	3.573975	3.926889
3613	4	-7.921338	-0.025107	3.190497	-5.423172	5.021291	1.798412	0.422627	4.973124	1.792537	4.711003	-3.906318	1.779141
3628	4	-4.122359	8.682152	2.444076	0.582706	-4.508200	8.258397	5.635118	-1.880926	2.733026	-2.735102	-3.560926	8.456674
3684	4	4.643032	3.942364	-5.650484	-3.022907	7.057100	0.642285	-5.973859	0.842127	6.951541	-5.466604	-3.535362	6.963692
3689	4	-5.507110	8.099810	0.804852	1.296279	-3.057825	6.390670	-3.289589	-2.700329	6.574164	4.083427	-0.542123	0.343259
3751	4	-2.808226	-5.248412	8.704606	-3.327307	0.987676	8.164265	4.306886	2.363277	1.062404	6.821656	-6.597446	2.185985
3772	4	1.255114	-6.777791	4.942775	-10.176527	6.500309	1.344097	1.896361	3.738116	-3.296154	-4.957035	-5.337933	7.579646
3815	4	1.841700	-10.995471	5.649423	-4.501932	-5.507905	7.288305	7.700744	-5.110655	2.165619	-4.012801	5.125505	0.698571
3816	4	-7.442311	2.920950	6.475888	6.200501	-2.035977	3.065757	-5.892269	-2.463424	7.671737	5.288711	3.407545	1.620583
3830	4	-5.622840	8.699124	2.801681	-6.728476	3.413036	6.469543	0.565860	-3.789490	8.076242	-2.242378	-2.590288	8.084914
3843	4	1.638062	-2.749528	6.057930	-5.353300	5.787699	1.813127	8.154032	-3.605169	0.542155	1.869927	5.471192	0.899240
3847	4	7.087397	-6.773372	3.254365	-5.341431	4.008805	4.217428	1.413348	-4.276904	6.788047	-3.191425	-3.621700	7.208730
3882	4	-0.264190	-4.974210	5.671703	-0.775720	6.279422	0.387796	-5.607294	6.317088	0.390183	6.139486	1.152139	-1.870502
3885	4	3.578268	3.966963	-5.900889	-5.719778	-2.678293	6.209581	6.760792	-1.358470	0.046540	0.299490	-3.111547	5.914886
3887	4	-6.679305	1.483026	6.644261	-5.742763	-3.509012	7.150198	5.657455	-2.008005	1.679834	4.576996	2.986360	0.185372
3901	4	6.336887	-5.147544	1.523165	1.486918	5.678327	-2.390316	-1.319780	-3.735683	4.717335	0.979503	-6.313778	4.317318
3921	4	4.077847	4.947519	-4.869025	-5.039444	0.652830	5.128846	-1.143403	5.603570	0.965009	-2.325156	-4.701951	6.838971
3931	4	-0.500886	-4.391008	4.659167	7.729223	-3.945105	-0.725482	-4.679712	6.850286	2.388868	2.231375	5.816643	-2.798353
3937	4	-6.350126	6.462344	0.739262	3.004611	4.079643	-4.615225	4.857533	-3.488384	-1.162582	-4.710525	-5.992529	5.138322
3938	4	-10.509276	6.023823	-0.790584	-11.276468	0.881964	4.693284	2.379022	-6.104304	2.811891	-8.039237	-3.805050	4.796845
3951	4	-2.524804	-5.773861	5.227394	7.258301	-8.338759	-1.070769	-9.284448	3.838689	1.836400	-2.583051	0.252388	5.105577
3967	4	-5.631884	5.058888	3.206443	-3.629821	-2.412618	6.896518	5.445529	-3.105545	1.207898	-8.640335	2.717418	4.864789
3981	4	7.633680	-7.250040	1.114924	-3.922445	-2.959603	6.600139	-1.762647	4.302536	1.039934	2.347769	-8.134701	4.835541
4007	4	-7.759852	1.544009	7.114034	5.364543	-8.163444	2.647262	-6.284058	-4.994866	8.647590	0.096878	-5.412051	8.633966
4023	4	-3.394056	-2.811248	8.066182	-7.540199	6.250949	2.660224	-6.958336	3.152711	5.546455	1.848892	-4.010257	6.723727
4034	4	6.320667	-5.154281	0.760425	-4.685417	7.263751	1.013825	-2.189868	-4.166068	7.010885	-4.037531	1.917827	6.168099
4054	4	4.752863	-2.010542	3.089974	-4.175551	-1.964424	6.857232	-6.287155	6.408954	1.790343	0.057952	5.954484	1.753890
4058	4	2.878336	-5.634133	5.943346	-4.960603	3.489951	5.470729	2.777990	0.416681	5.797529	1.382526	2.714608	4.426771
4062	4	-5.987698	-4.613583	6.893695	-11.056790	1.886056	6.118601	-4.707115	7.028868	0.632264	6.690352	-6.136984	0.415579
4068	4	-5.825624	-5.337337	6.680457	6.097315	-5.086537	2.022339	-3.240648	6.756308	0.777181	3.381100	2.839893	-3.288877
4080	4	-5.206942	6.517261	-1.507854	-4.411993	-0.044916	4.626678	7.795866	-0.294232	-1.215161	1.351590	0.420443	2.722853
4135	4	7.641791	-6.747949	4.685005	7.238502	1.703699	1.388329	1.552173	7.349803	-0.328675	-3.017478	8.493085	-0.233040
4164	4	7.247904	-7.758644	1.783255	-2.744526	-7.490517	6.564963	1.061948	5.137705	-1.339374	-4.909813	5.458814	0.276415
4173	4	-5.355447	-5.668685	7.804524	-4.842303	6.231311	2.043589	0.716465	6.188733	1.998960	6.301043	-4.050811	1.404417
4205	4	-6.149175	-3.495638	8.884062	-6.123488	2.927538	6.305870	6.062217	-8.086894	3.187336	-3.010321	4.387836	3.202697
4237	4	-4.884466	6.927168	1.467709	-4.493774	-4.932408	6.889295	5.954292	-2.977218	0.403645	-5.986622	1.231628	6.644347
4238	4	1.257087	6.333318	-2.459287	4.386538	-6.749822	3.094669	-6.649104	0.410742	6.759584	-4.536796	6.524984	0.010533
4265	4	-3.504965	-3.023304	7.251145	7.034339	-4.781406	0.867083	2.356710	-6.524200	5.177512	-3.217037	6.246812	1.578895
4271	4	-6.870360	7.324019	1.285089	4.037748	2.769164	-2.067744	3.439914	-2.915455	2.072976	-2.225161	-3.063235	7.628223
4275	4	4.974067	-3.711979	3.147437	-4.839313	-2.501669	7.620376	-2.127289	7.396360	1.632253	5.214446	2.424903	-2.070367
4282	4	-3.963393	5.620116	-2.786057	7.542351	-5.157048	-0.241777	-9.729447	0.915245	3.074441	-4.427392	-3.370954	3.814852
4291	4	8.162266	-0.492991	0.776442	-3.320091	-7.133014	6.394377	8.132604	-6.599492	1.001503	-3.318720	-1.088482	6.348239
4304	4	6.734059	-4.388940	-0.101967	-6.092824	6.142856	0.908924	6.683712	1.422176	-0.869179	-4.409923	-5.791687	4.746760
4339	4	-6.541178	7.089091	0.420620	4.327502	-3.741026	-0.181262	3.200792	1.050231	-4.754875	-6.093193	-3.781227	6.100553
4364	4	-7.696060	4.768454	-2.158422	4.588490	-6.998072	-0.081666	-1.915684	0.270723	-0.874492	-2.006993	-6.950572	2.523240
4369	4	5.027939	-4.062077	0.648917	-4.744209	-4.915673	5.218662	-0.550454	4.167440	-0.181627	2.861382	3.961439	-2.148540
4380	4	6.227337	-2.339499	0.955269	-4.426329	-3.728922	6.916688	-2.282880	6.422910	1.690779	4.051420	4.146577	-3.049315
4402	4	-7.287154	0.970002	7.129004	-4.680664	6.726958	1.044239	-1.050555	-4.645376	7.139546	3.462141	-4.339197	1.862306
4403	4	7.250190	-5.939306	0.036783	-4.070025	-4.722157	6.559576	-4.529866	1.374211	5.149728	6.723114	1.532814	-1.574545
4419	4	-4.391026	-4.264108	6.102022	-1.222657	5.521473	0.400912	6.730650	-3.933319	0.871186	4.134184	2.529830	-4.676057
4454	4	6.532676	-6.117457	2.146681	-4.287781	-5.698753	8.386484	-5.184054	2.869909	3.337045	1.281981	6.013355	-2.901406
4456	4	5.105146	-4.863737	0.115620	4.501191	1.470525	-1.935867	-5.790902	-4.201749	5.507504	-5.792185	7.392174	0.194376
4457	4	6.059499	2.588592	-5.856630	-2.975308	6.458461	0.302826	7.042481	-2.306204	-1.927876	-3.808848	-3.461957	6.134745
4458	4	-6.048879	-5.355061	6.940685	-6.692964	5.351404	2.493589	6.234234	-4.658118	1.522725	6.059074	0.989504	1.504893
4471	4	2.859737	3.168669	-3.667998	-7.644302	-2.386893	6.468386	-2.986082	3.284818	0.055998	3.894438	-7.640714	1.048396
4490	4	5.886453	-1.612356	-3.423376	-5.608966	-3.303020	6.079957	-3.352935	6.569705	0.916201	3.018056	4.627288	-5.163945
4494	4	-4.512270	-4.446336	7.594714	7.437324	-6.378878	1.275492	-3.963230	5.519135	1.827358	-5.136933	1.873474	5.508252
4525	4	5.855597	1.618773	-5.104797	-5.026803	-0.423258	5.867544	-3.466393	6.450062	0.980892	-5.078536	-6.081749	6.796046
4534	4	6.176602	-10.528788	2.621103	-6.887196	-7.329406	6.839325	-2.664387	5.117211	0.589424	3.809073	2.889439	-3.073853
4535	4	-1.257872	-0.437858	6.516960	7.267879	-0.316799	1.208459	7.097506	-4.060084	1.736207	-1.249163	-3.802776	6.992079
4536	4	-1.180501	-9.185751	6.541534	6.831806	-6.050787	0.651767	-5.350868	6.712985	-0.060875	6.788987	0.345202	0.645459
4547	4	-1.902058	-2.668594	7.748301	5.776070	-3.794205	1.550101	-3.471027	6.203954	1.182050	2.524671	-6.024218	5.013722
4552	4	7.467602	-5.929094	0.781406	-0.908073	-4.245680	5.372171	-3.261699	4.912464	0.384429	2.275241	3.752418	0.279056
4571	4	-0.426627	-2.322903	2.996053	6.233140	-4.862095	-2.818310	-2.827029	5.092681	-3.427353	2.388416	3.978849	-4.854234
4575	4	-0.970401	-1.593221	2.249602	5.691733	-5.830465	-1.174148	-3.705424	-3.631715	4.027328	-4.525374	5.810443	-2.427396
4582	4	5.625181	-2.247574	0.442070	3.008248	3.544128	-5.097374	-0.539380	6.614323	0.387507	-3.100803	-2.320059	6.054187
4595	4	-4.175440	-2.016468	7.079936	-4.383488	8.617067	1.407898	6.615225	2.118189	-0.569906	8.054737	-1.979204	0.896468
4610	4	8.237541	-3.242002	1.746112	-1.071989	-2.422550	6.296480	-2.144732	7.450067	1.303904	5.855067	2.519894	0.307803
4633	4	6.286315	0.744964	1.376802	1.337266	4.769897	-3.323563	-4.439004	-3.158145	6.660214	-2.897401	5.340740	1.332897
4641	4	-3.129907	3.125506	3.732426	-5.905881	-5.342787	8.006437	5.293593	-9.802974	3.634439	-6.012552	1.378447	7.101387
4674	4	-4.890353	-5.632631	7.028368	7.261712	-3.583393	2.662433	-3.944883	6.379388	2.334731	2.314720	2.989467	0.421099
4784	4	-3.369435	-7.108049	6.137472	2.485411	3.983211	-4.320593	2.456763	-1.573847	1.332274	-5.197135	4.741927	0.373972
4808	4	3.168591	5.355717	-5.546539	-5.044675	-2.232054	4.959770	-3.047988	7.759716	-0.815106	8.639947	-3.542902	0.218189
4817	4	-2.607585	1.540357	6.945493	-4.087021	7.748414	2.700781	-2.619944	-1.931162	9.164690	3.474720	-4.522992	4.095368
4820	4	-4.496487	-3.062710	5.859967	2.752732	5.700626	-3.395438	-5.708095	7.382779	-0.268723	1.929962	-2.535258	3.628514
4830	4	-6.341860	-5.896544	8.303655	-5.672168	7.172780	1.838695	2.863601	-4.242434	2.193038	3.344720	2.228193	1.173296
4842	4	-2.402274	6.519063	2.046205	-5.597393	-5.956836	7.706985	5.589835	-4.078726	1.306725	4.386522	2.289748	-3.733858
4850	4	-4.986776	-3.127484	5.750338	5.724207	2.826390	-1.238888	7.213163	-8.366730	1.114306	-4.041284	3.248010	3.282652
4862	4	-6.013844	-2.087932	6.864723	6.442862	-3.273607	0.858417	-2.522173	6.537564	0.481271	3.317910	5.448240	-5.522678
4877	4	2.578781	6.403205	-2.634891	6.242692	-1.116752	1.053472	-3.639768	9.119707	-0.994187	-1.698151	-2.231869	4.845604
4887	4	-2.447243	-2.782526	6.350915	3.136675	5.232028	-3.127102	-5.102174	5.450651	0.393567	2.696794	-6.862032	3.714263
4889	4	6.676641	-3.557473	-0.667652	-2.003313	-5.376649	5.123224	6.252868	0.191386	-0.673060	-5.256772	4.784926	0.981461
4916	4	4.008550	-9.372896	6.198125	-2.497516	-4.259838	8.992556	-4.422087	1.928841	7.285077	-4.648856	6.878243	3.064777
4921	4	-4.328160	5.939923	-1.687094	4.807982	-6.790610	1.195483	-4.075829	-5.727092	4.902534	-4.038789	0.342207	4.839344
4965	4	6.507943	-4.513775	1.414623	0.371922	5.776533	2.877198	-4.801801	-5.666619	7.173391	-5.859463	6.466952	2.923988
5005	4	-4.519882	6.098804	1.549155	-5.956213	1.807641	4.977490	6.964370	-2.096894	0.041728	6.851174	1.111091	-0.527885
5006	4	-4.199876	-3.492819	6.814755	-2.341524	8.746159	1.091403	4.737492	-5.138942	2.964451	2.887642	2.591494	1.981285
5015	4	7.357837	-3.002129	1.332847	3.940754	3.335162	-3.651438	-3.368039	-3.725044	6.984313	-4.353350	2.486769	4.580505
5035	4	-5.899873	6.633814	0.190121	-2.133418	-3.518649	6.215684	3.353091	-6.032065	1.898194	3.072470	-0.222859	2.522480
5065	4	-2.485675	1.236670	8.141379	6.796376	0.057859	2.351378	-3.823262	5.740777	1.810216	6.795306	-4.703077	2.352435
5084	4	7.280657	-2.569461	-1.919555	-0.300729	8.376393	-5.614391	3.867698	3.614767	-4.301760	-2.671294	-1.532743	4.025971
5086	4	6.988468	-4.013488	1.939565	-5.151911	-2.692017	6.391378	-6.669838	5.023876	4.104093	1.821417	5.238190	0.862507
5093	4	-1.656783	7.494614	1.317344	-2.996019	-3.564406	7.920532	8.346920	-3.503042	2.227376	3.198533	5.389300	-2.798693
5170	4	7.057884	-7.019726	-0.425816	-5.656869	5.147716	-0.940626	-2.695810	-3.516604	5.376256	0.920140	2.950405	0.194934
5179	4	-6.778426	7.199118	2.396287	6.130720	-1.339200	1.528816	-5.775954	-3.154848	8.067579	0.007512	-3.522608	7.454062
5199	4	7.008495	-4.723631	1.445315	-0.772833	7.277953	1.245200	-3.699446	-2.470296	7.067333	3.744893	3.336637	-3.458025
5217	4	-4.708060	-4.907554	6.584786	-5.429983	7.066153	0.100328	5.373281	-5.362691	1.722752	5.366398	0.832778	-0.631601
5229	4	-4.177475	-7.111463	6.458542	6.672516	1.000180	-0.387473	-9.525245	4.769676	1.375345	6.278638	-4.439235	0.192979
5243	4	-4.354903	6.880336	1.169709	2.023217	-5.402944	5.233335	1.957252	4.002368	0.261219	-4.689143	-2.551224	5.958156
5257	4	-4.718943	-4.750584	6.502619	-3.447996	6.106919	0.697927	6.254870	-4.102922	0.564379	-2.969839	5.094236	1.448328
5260	4	-6.638060	6.485886	2.367236	4.862744	2.054170	-2.209298	5.490473	-2.270496	1.995151	-4.985607	-3.882428	7.107928
5278	4	4.257516	2.275162	1.774947	-4.889786	0.024293	6.836870	-1.587854	-4.585027	6.097994	-4.451205	6.564360	3.021293
5334	4	0.676394	6.630656	0.324575	3.656233	-6.425737	4.105962	-4.615535	-2.626539	9.378125	-7.004173	5.731574	2.749129
5359	4	-4.889726	-4.540876	5.795864	-7.109544	6.010806	1.144264	5.910775	0.553008	1.166554	5.924133	-5.779350	1.811060
5361	4	-3.474140	4.885564	0.683231	-4.411766	-4.794016	6.911059	5.188733	1.712388	-1.769497	4.539632	-6.680701	4.458125
5365	4	-4.986273	3.476657	2.054799	-7.313473	-2.738574	6.125937	4.986121	-2.124488	-0.449093	-0.701331	-2.936928	6.102096
5399	4	7.622811	-5.187873	0.516708	6.858662	1.411435	0.435822	-4.209857	6.447550	0.946103	-2.400738	-2.815017	6.621546
5440	4	-7.536203	0.643602	7.532740	2.591580	6.712161	-1.734064	-3.973110	6.725099	0.920688	-5.335209	-4.970941	7.535754
5475	4	7.933849	0.398428	1.780835	2.822833	4.149190	-0.104332	-1.593182	6.701327	2.254329	0.042430	-1.743401	5.782166
5476	4	4.548207	-7.875625	4.152071	-4.580316	-5.800928	8.524573	-5.159016	4.763933	3.777441	3.495641	2.826522	0.956636
5501	4	6.139175	-5.745931	2.026614	-6.196183	6.633429	1.245261	-3.252153	-4.702973	7.206687	-4.160297	1.163429	7.175158
5536	4	2.137535	6.582767	-2.814017	-6.000021	-1.268416	6.352211	-4.254794	7.511491	0.112074	6.477980	-2.552468	2.023435
5562	4	1.188618	-1.958565	7.340791	-4.346027	-1.049934	8.266696	5.987603	-1.438139	2.523991	-2.802895	5.081449	2.304344
5591	4	-0.064717	-5.408357	7.346401	-5.550446	-5.079432	7.429823	-5.320432	3.470608	1.514362	0.223290	3.069959	1.368231
5595	4	2.858255	3.425257	-0.273661	6.274004	-3.768739	1.518512	-4.976774	-4.723958	7.818477	-6.475450	2.177514	5.854190
5605	4	5.995262	-4.165726	0.144223	-6.626061	5.404181	2.484472	-5.213265	-1.902675	5.200419	0.140709	-6.860486	5.180729
5624	4	0.268242	-7.183461	5.708117	4.159225	-5.225150	-0.175859	-4.200659	-5.487907	5.714135	-3.754637	5.285490	0.539684
5626	4	0.711648	-0.813591	2.773223	-2.926676	-0.998293	2.918873	2.065266	2.064682	-0.251907	6.617918	-4.638714	0.803430
5636	4	5.701775	-5.650569	1.979355	2.829034	3.027280	-0.736814	-6.089109	-4.954230	6.590723	0.202079	-7.885214	6.579206
5677	4	-3.614530	-3.759782	7.360064	7.132801	-3.370062	1.803798	5.786137	3.017966	0.133654	-4.146312	1.722970	6.315728
5697	4	-7.549812	-2.353189	6.622881	-3.490894	9.812569	0.491039	4.957207	-2.982531	0.533219	2.836317	3.211661	-1.447490
5701	4	-1.113363	-4.505605	8.603776	6.140890	-5.495737	3.596422	-4.536222	6.551409	2.720014	6.723482	0.078124	-1.569812
5714	4	-2.981728	-4.001967	7.594796	6.297348	-4.478451	2.101094	3.973162	3.527999	-3.659565	-2.367163	8.035018	1.497960
5730	4	-3.801160	6.374748	1.831206	3.306745	4.145730	-2.164848	-5.205431	-5.591638	6.939225	6.100519	-2.492435	0.553751
5754	4	-1.601360	6.551807	0.770103	6.338710	-3.115844	-0.648898	-4.223987	0.350344	5.736559	-2.436389	-3.550881	5.901404
5770	4	1.772764	-5.975344	6.427800	-1.323855	2.307139	6.440334	6.084138	-6.490932	1.688529	5.261510	1.363454	0.943946
5800	4	1.162005	6.046393	-4.252842	5.906553	-6.350490	-1.058434	-2.542536	-4.714049	5.178019	-4.044424	6.436427	1.274238
5822	4	0.408202	-1.960406	7.820385	-11.643868	5.020668	7.517254	5.729050	-7.115263	2.639877	-5.372494	-1.563080	8.462762
5846	4	-5.988722	0.851676	5.451779	6.017391	-6.900348	0.959093	-5.730610	-5.648718	6.053938	0.669246	-11.053170	5.992173
5848	4	6.142351	3.008132	-3.006051	7.310632	-3.659651	-0.127786	-6.867758	7.110178	3.371990	-4.382951	-3.269077	6.247488
5864	4	-3.522319	5.893309	0.410402	7.007412	-1.315242	0.501861	1.566512	5.577376	0.178554	-4.883343	-0.459041	6.494419
5867	4	-5.917908	-5.081642	6.107113	-6.644888	6.152492	0.420564	4.211697	-4.358980	0.450811	-11.882350	1.307799	6.051283
5882	4	-3.893999	-2.592592	5.693036	6.016957	-4.886301	2.101563	-4.384207	5.914278	-0.071716	1.175442	2.902171	1.482008
5901	4	3.057892	5.173042	-4.545419	-2.619403	7.082941	0.163791	-2.599061	-4.493462	6.228946	8.036340	-4.090944	-0.174653
5902	4	5.151421	1.986247	-2.884358	5.922996	-3.996433	2.007491	-5.098583	-4.515795	7.383215	-5.922140	6.796537	2.174610
5942	4	6.175660	1.494178	-3.612053	6.992085	-4.169957	-1.428768	0.405454	7.388414	2.179163	-6.035100	7.943900	2.197206
5946	4	4.573606	3.166366	-4.684973	-4.736133	-4.466562	6.468688	-4.841735	7.632431	-0.030546	6.808284	-3.162163	0.285847
5947	4	-1.127269	-5.509750	5.641272	7.811180	-3.134266	2.170528	-3.090935	7.385903	-0.773324	4.525890	2.690860	-0.803192
5974	4	-4.451479	-2.053614	5.813979	-1.985772	6.475085	2.515095	6.044987	-1.794113	-0.688079	2.752461	3.178290	-3.471068
5991	4	8.305503	-7.448198	2.028473	-3.092280	-2.863890	7.296286	-3.524323	3.185829	3.691404	2.171882	4.500532	-1.756124
6012	4	2.778783	6.309969	-2.653319	-3.814669	7.235495	1.802982	-6.074031	-2.214441	8.437652	0.897241	-2.595555	6.494106
6032	4	-5.649007	-5.089811	5.328800	6.190314	-6.694526	-0.849442	-4.796213	6.114954	0.322556	1.876809	5.287524	-3.236609
6040	4	-4.544148	5.210896	1.505400	-3.404592	-5.211511	7.952701	7.268804	-5.986210	2.236993	1.647261	4.093419	-4.182076
6052	4	6.258627	-1.514274	0.229760	-1.962915	5.397448	1.959669	-3.696661	-1.626365	5.869689	4.890121	1.578809	-1.243551
6066	4	4.808788	3.295259	-1.607701	0.854881	-3.544244	4.994362	-5.469889	-3.446756	5.233139	-5.115630	2.818638	4.164773
6077	4	5.938917	-2.994218	0.668051	-5.413415	7.730163	1.093279	-3.193860	-3.061780	6.781191	4.227010	2.804338	-3.467106
6097	4	8.453631	-3.665694	2.243588	4.685502	2.442790	-1.760176	-5.270218	5.634386	3.347413	-3.973759	-5.283477	7.597381
6108	4	-5.686801	-1.516210	4.445402	-7.763118	6.138951	-0.841220	-1.593359	-0.293474	-0.346322	3.800294	-6.073312	-0.156979
6130	4	-0.571726	6.724121	0.352893	-5.662854	6.801396	0.457355	5.999637	-5.167701	-0.078198	-5.930034	0.667861	5.327163
6199	4	-6.018660	5.234176	1.120163	3.993968	-6.665826	1.571152	-5.512080	-5.989270	5.219210	5.619598	0.145860	0.520277
6205	4	5.882493	-7.255923	0.973068	-4.340911	5.066116	0.055633	-6.784541	1.095310	6.147912	4.319694	-0.929406	0.973342
6212	4	-0.339051	7.126344	0.543082	-6.563942	7.142790	0.693626	5.167050	-4.671243	1.500777	-3.787998	-2.208899	4.894805
6238	4	-4.614425	6.833346	0.990970	-4.426418	-6.000290	7.516154	7.030629	1.263113	1.131726	7.088567	-4.720753	1.572694
6258	4	5.287528	-5.568124	3.097515	3.124021	-10.774032	5.711615	-3.437301	-4.974713	8.055844	-7.821682	6.102474	3.493189
6335	4	-1.281746	-3.977291	6.487254	-2.400306	3.426165	4.443196	2.229126	5.533247	-2.072690	4.736804	-5.159675	-0.041993
6342	4	6.819667	-5.958584	-0.601699	-2.608867	-0.340259	5.619626	-2.530768	-5.892956	5.925298	6.805655	-0.540391	-0.891750
6349	4	3.551946	2.642331	-1.217448	-6.020776	6.747337	0.595149	6.875312	-3.798230	2.508070	-1.022910	-1.978139	6.782578
6365	4	-2.283092	8.217624	0.954116	-1.820293	-1.921035	5.093999	6.678591	-4.042951	0.315424	4.246698	2.022296	-2.297693
6371	4	2.850946	-8.613715	6.610287	4.318407	3.224692	1.441724	-2.635773	2.335853	7.286392	8.704930	-5.829748	3.115056
6380	4	5.400726	-6.382345	-0.191481	-5.013553	-5.616788	5.493964	1.417194	-9.178911	5.356692	-5.438121	3.984574	0.891270
6405	4	5.614651	-3.682997	0.316414	-2.195649	-1.605111	6.794236	3.073757	2.435690	-0.305799	-1.074449	5.670467	2.597070
6445	4	8.210219	-3.394207	1.447070	-1.948490	-3.276200	7.927093	-3.299888	7.033903	1.476461	1.830736	6.177019	-3.048864
6451	4	-2.552886	-4.214769	6.451371	-6.758213	5.160544	2.519607	5.137686	-3.214251	-0.204066	-1.543632	0.875251	2.546305
6458	4	1.224532	7.949028	-3.033858	5.659381	-3.332837	-1.759609	-5.338780	-3.151454	4.592501	4.638200	2.105312	-2.606067
6462	4	0.233100	7.797649	0.809492	7.075311	1.335653	1.966559	1.439179	-0.681449	6.190292	-8.740582	2.498389	4.981512
6470	4	5.055716	3.098918	-2.869408	6.487896	-2.189849	1.883784	-1.539422	6.555052	2.325978	-2.272431	-4.232938	7.118713
6488	4	-4.336236	-3.801366	7.090546	3.565923	-3.484707	2.379589	-8.119694	0.825588	6.233850	-2.761051	6.224749	2.302133
6531	4	-6.314661	-4.052338	6.504668	-4.465551	5.624468	0.391152	6.393523	-5.640177	1.700353	4.481398	1.154596	0.355224
6532	4	3.165152	4.109979	-0.787264	-3.542690	6.223893	0.550827	-5.780835	-5.679777	6.592532	6.246439	-4.038221	2.644418
6534	4	6.839641	0.961402	-2.229286	-3.444145	7.047379	2.683127	7.853483	-4.119495	0.532554	-3.020811	-4.172414	6.208342
6537	4	-5.098844	-3.967085	8.220106	6.436542	-4.773843	2.377636	1.445412	-9.437922	8.270139	-6.439210	6.324246	2.649055
6555	4	-3.956685	0.829673	4.896912	8.314063	-8.147745	-0.000525	-2.714965	-4.319884	6.117104	5.339509	1.787197	-3.995384
6565	4	7.855032	-3.272255	1.145111	3.499772	3.155763	-1.847033	-4.116238	-1.648119	6.862100	-2.918962	6.433207	0.990356
6566	4	-4.681663	-0.837423	6.515869	-4.928090	8.201708	0.583402	6.039750	-0.596802	0.780524	0.014634	-1.498890	6.531583
6601	4	-1.110171	6.752853	-0.538659	9.247705	-2.319746	-1.692558	-1.870309	-2.354301	4.579871	7.492363	3.491818	-6.536225
6607	4	-3.662183	-7.505379	7.119395	-5.567993	4.150982	1.187858	-3.624208	-1.550794	7.068401	3.521370	-8.512927	1.723908
6613	4	-3.619213	-4.803042	7.715789	6.257895	-3.487254	1.180927	2.741084	5.407926	-1.317828	5.810074	2.039152	0.315192
6622	4	5.441609	3.028555	-3.403185	-2.221526	8.559178	1.939627	4.598027	-3.529626	2.000980	2.037694	7.613679	-0.275460
6637	4	-4.657597	7.644210	2.013434	-7.126614	1.798615	6.462912	2.604667	-10.054383	5.188735	6.805043	-4.259679	1.130960
6638	4	5.717036	-8.024887	-0.076975	-2.994126	4.862822	0.487690	5.667338	-1.460463	-0.044438	-2.713523	0.912970	4.748523
6647	4	-1.590419	6.910562	2.329513	7.431328	0.948329	0.117703	-1.670203	-4.493076	6.865972	8.071186	-4.880335	1.044283
6671	4	5.454619	-5.102193	0.519110	-5.843182	-7.914654	6.590653	5.400691	1.298747	0.127907	0.433650	4.365395	-2.467820
6674	4	7.435241	-4.492325	-0.471166	-3.611189	7.862582	0.285884	2.838172	5.107402	-1.723994	5.874635	1.676167	-4.580408
6729	4	-5.903458	-1.843001	6.878334	-9.251452	5.864072	3.286847	3.962938	4.063147	-1.775454	-7.002803	1.551105	6.170136
6752	4	6.085481	-3.345648	1.889206	-3.921726	-5.462681	7.762445	4.783457	1.725517	0.959108	-4.188137	5.828486	1.240168
6766	4	-6.029980	6.084783	1.808908	4.746150	3.115533	-2.219993	-3.090869	-2.808526	7.371349	3.683526	-6.564304	3.039830
6774	4	5.894378	-1.476850	-0.403153	-0.198830	7.180061	-4.796877	-7.724661	2.002000	4.815273	-6.491723	6.759190	0.954847
6823	4	-4.140464	4.802849	2.535218	-7.089382	-1.371519	7.750042	4.974106	-1.639600	1.532289	4.087473	2.548231	-2.847732
6848	4	-7.657299	-3.466711	6.926810	-5.672241	6.173628	1.684211	3.992447	-6.388960	2.130174	0.439217	5.901531	1.320735
6858	4	-9.200997	-5.405007	6.462507	-5.335533	4.181677	2.420064	-9.842113	0.787613	6.361080	2.964272	-6.998795	0.225363
6913	4	-3.702367	1.814802	7.710020	9.050382	-5.791276	1.825776	-3.292575	6.344463	2.039798	-1.920125	-3.188590	7.988424
6917	4	7.407992	-4.243193	1.121471	-3.596960	-2.602659	7.407191	-4.569605	6.226662	2.366868	6.825184	2.040252	-3.868489
6935	4	-4.112529	5.065902	-1.995260	-4.495829	-2.959234	4.419060	5.744910	-5.431536	-1.921960	-2.505433	-0.458387	2.132547
6955	4	3.300767	5.227730	-3.321651	0.286404	6.502799	1.169551	-1.483242	0.468745	4.610093	-2.053178	-2.971294	5.286903
6960	4	-4.180128	-1.450422	4.061196	4.267301	2.320051	-0.300697	-4.090348	1.465042	3.228429	-6.143369	7.384279	-1.024946
6993	4	6.275830	-2.709773	-3.841825	-3.008214	7.071884	-2.687718	3.476261	3.632445	-7.898034	-5.123155	-2.385207	2.686764
6999	4	-3.980762	-5.082691	6.125826	8.278217	-1.311401	1.368864	2.177924	6.609428	-2.576020	-3.832800	6.460689	-0.185174
7007	4	-5.663191	-3.760302	6.932768	-3.968611	9.013707	1.546691	5.907723	-2.800061	1.376885	1.174539	3.667703	0.612644
7063	4	-1.278169	-0.589844	5.670409	7.943126	-2.102964	1.219479	-1.310027	8.614258	-0.738568	3.103574	7.349153	-5.237434
7070	4	-4.608800	-7.044120	6.589150	6.331893	1.026083	-2.535141	6.985826	-5.088883	1.200029	1.377073	-7.127348	5.110920
7110	4	6.520215	-4.884369	2.425984	-3.932629	-3.991849	4.981303	-5.628568	7.043015	-1.260432	2.671866	2.536602	-2.352127
7134	4	-4.873259	6.494714	0.261806	-5.204951	-3.683061	6.540110	4.008554	2.793877	-0.489368	-5.796364	0.530061	6.498621
7159	4	-2.763355	8.648170	-0.603825	7.210635	-3.264327	1.576255	3.369940	-2.375673	4.156452	-0.110048	-0.225737	5.420094
7191	4	-6.961326	6.616223	-0.029113	-5.695131	-3.617954	6.481647	0.428504	-3.620873	6.464507	5.054536	-3.715186	1.456773
7195	4	-0.136560	6.231548	2.409055	-5.794915	6.823353	2.414897	-4.730886	-4.521838	7.353878	0.938484	-5.567232	7.243815
7229	4	-4.905553	6.390529	-0.610793	-0.121747	6.364013	-1.376751	6.418782	-3.599649	-1.719930	-4.481079	-1.543684	4.209699
7230	4	6.174909	-6.236259	3.592324	-4.028123	6.913927	0.422897	-2.390829	-2.195620	6.632669	1.740878	5.550189	-0.089594
7258	4	6.128845	-4.268797	-0.478619	-6.625278	-4.023797	5.943903	3.897597	2.283163	-1.725267	-6.502881	6.182557	0.215756
7284	4	-6.424809	-7.120724	7.400607	5.587618	-4.410603	1.360156	-5.049034	6.037782	1.091837	4.060097	2.158585	1.020856
7288	4	5.020922	-5.194567	0.351692	-6.082186	-4.423456	5.279699	-6.061682	6.127242	-0.658507	-5.893757	0.648858	5.066258
7302	4	8.202666	-10.152774	3.397891	4.728834	2.088444	-1.033592	0.382775	-5.486841	7.829792	-0.200932	1.215316	5.416741
7332	4	-5.845419	1.613280	6.499286	-5.700236	-3.486343	7.816927	-6.525405	5.976892	1.237410	4.595469	-5.086787	2.143893
7333	4	-5.152224	8.741375	2.126296	3.852286	2.738218	-0.721224	-5.858359	-3.326588	7.569104	5.894051	-3.348339	1.261591
7357	4	-3.721844	-2.950491	6.272674	7.841486	-4.522810	0.604951	2.075031	4.569027	1.641516	-5.090617	6.131154	2.498037
7447	4	5.750231	0.551066	1.122150	-3.466692	6.606283	0.997200	6.060670	-5.558711	1.524568	2.047590	-4.440996	5.297636
7448	4	-7.949548	8.727929	1.564903	-5.411799	-0.333875	7.068870	2.898766	6.963392	-3.423083	-0.854930	-1.007824	7.042690
7449	4	-4.118223	-4.667344	5.718043	6.934653	1.881504	-1.406614	0.060611	7.355970	-1.039931	6.691771	-4.528626	1.690502
7476	4	2.740194	5.724148	-2.238764	-7.656881	9.096582	3.242017	8.560277	-1.276445	1.984514	-3.874081	-1.134710	7.476986
7487	4	4.917938	-3.644898	2.210097	-4.848396	8.986016	-0.578990	-2.458864	-2.197270	5.097922	4.216724	3.015302	-2.914496
7507	4	5.903255	-2.740593	2.287286	-4.557693	4.341406	3.120978	2.777877	5.545137	-2.224833	-0.287963	-2.721909	7.321689
7540	4	-3.368019	-5.087428	6.262351	7.789780	-4.308395	0.394382	2.339387	5.146745	-0.694894	-2.968963	6.586462	0.616816
7573	4	-4.483055	1.839670	6.886545	2.050352	6.676896	-1.453028	-2.841820	6.003491	4.293299	-4.209031	-4.110999	8.087620
7615	4	-5.612021	-2.881923	6.526665	6.969667	-1.461267	0.159652	-5.462539	5.443758	3.394526	-7.753828	2.630175	5.370526
7632	4	7.772763	-3.883403	0.772314	-4.175259	-3.288542	6.214378	-6.671129	4.419395	3.176718	1.608700	4.457737	1.439361
7641	4	5.044912	-5.148236	0.486507	4.977605	0.059686	0.438813	-5.286237	-5.050073	6.257283	1.063523	-4.883433	5.828399
7651	4	-7.850735	-4.640875	6.136073	0.028389	7.235327	-6.649723	3.916720	-4.085961	-0.109025	-5.251212	7.235052	-0.405246
7669	4	7.497896	-1.187078	0.001734	-2.197974	-1.444344	5.379531	4.452222	5.145065	-5.533275	-3.290815	6.807925	-0.623348
7702	4	-1.492337	9.043313	1.447616	2.661988	4.065671	-0.152340	9.079594	-2.623845	0.813995	-1.732755	-1.151941	6.538444
7708	4	5.349408	1.487930	-1.495519	7.949732	-5.099697	1.801110	-3.064863	5.968567	0.679147	-4.798035	-3.792382	6.873162
7723	4	0.490307	-6.553680	7.475942	5.246805	-6.951828	1.559807	-10.569045	3.342435	5.232821	-5.910472	-4.918356	7.634010
7772	4	-5.743694	4.339807	1.669901	-2.943363	-3.987445	6.453331	-7.357685	2.202087	4.878439	5.032530	-3.951100	-0.009923
7777	4	-5.581727	-0.718004	7.479109	-5.569384	-5.144825	8.228893	6.131988	0.086100	1.007875	6.133188	-4.699471	2.766488
7795	4	-1.829256	4.548322	-0.046244	6.801290	-5.742374	1.170054	-3.530933	-7.334635	6.283733	2.556814	3.459763	-2.706559
7826	4	2.477525	5.508676	-4.387802	5.075513	-4.229928	-0.057498	-6.733272	7.432237	0.657362	-4.703491	-4.147228	4.987695
7829	4	4.568702	-4.176350	1.593466	2.609660	4.671928	-4.929366	5.069562	1.766401	1.041773	-1.359854	6.830812	-0.056731
7844	4	6.564917	1.409997	-2.897458	-5.047571	7.942161	0.447836	4.670305	-7.917683	3.420453	1.064231	4.792844	0.148842
7845	4	5.925038	-9.525286	3.765124	-2.571410	-4.660613	8.102230	-5.227244	3.915968	2.993120	1.580272	3.366908	-0.925541
7869	4	-4.013484	7.275302	2.164886	-5.764373	-3.826691	8.638236	4.368005	2.632258	-3.023481	5.240410	-3.400231	3.171786
7916	4	4.313849	-2.180296	-0.948666	-6.765400	2.785994	4.313176	-2.202335	-1.806828	5.655313	-2.218994	7.963296	1.303161
7920	4	5.245966	-8.297192	0.483029	-6.147921	-5.856576	6.475115	-0.110853	4.503544	-2.508178	-6.669652	3.570411	3.456789
7937	4	-6.273975	-5.737876	6.374496	6.616998	-3.562565	0.191479	-8.192676	6.430187	2.357041	1.340859	5.790340	-1.558313
7975	4	5.238115	-0.215003	1.065706	-6.176434	-0.732473	6.777010	5.236973	-6.253458	1.445299	-6.181846	-6.062480	7.050097
7987	4	-4.602364	6.367262	2.347542	1.632882	6.141779	-2.242000	7.115495	-4.782001	2.108780	-4.521379	-3.506939	6.969429
7991	4	6.568719	-5.546527	1.332654	-5.379423	1.225592	5.119485	-4.888418	7.898864	-0.217656	-3.466694	-3.027199	5.526260
7993	4	5.614513	-3.396344	1.078352	-6.535494	7.360148	-0.168060	-5.626183	-4.693142	6.156062	-10.871314	1.930018	5.900120
8004	4	6.108948	1.071872	1.156020	-3.859109	5.170582	0.161555	6.441502	-4.219436	1.161404	-1.575099	-5.895661	6.661862
8005	4	1.023510	-9.608832	6.178593	6.993998	-6.054059	2.250856	-4.820242	-4.240479	6.849414	-3.225748	5.822746	2.387038
8043	4	3.672713	3.062503	0.537442	9.573570	-1.594870	1.875534	-1.508485	-2.227862	7.045235	-1.733733	8.667758	1.886696
8070	4	-3.074218	-1.533578	8.649727	2.453048	-3.305552	6.649386	-7.420531	5.754963	4.111253	3.205758	3.444259	1.716250
8131	4	0.673659	6.343857	-2.693980	-4.231759	-5.500568	5.641061	6.319458	-4.019481	0.411334	-3.479896	6.898844	-0.763003
8152	4	-4.749492	5.064892	2.302858	5.033702	-8.231475	3.962963	-2.901199	-3.186859	7.874364	3.218310	1.744536	-1.339007
8183	4	-2.018972	6.646084	0.714372	2.892019	-2.224855	2.168823	-5.311548	-5.365696	6.797300	2.890371	4.207048	-3.774801
8190	4	-5.903383	3.937811	2.840438	-4.908558	7.961332	1.003008	-3.637647	-2.617327	7.055162	6.297800	-3.206376	1.201783
8200	4	-4.683597	5.245801	1.141146	4.661460	-5.106221	1.570257	-5.142378	-3.927632	7.584013	1.080133	-10.214562	7.550172
8215	4	-5.843566	-7.761165	6.870255	0.145538	-8.034980	6.860832	-6.998749	4.870870	0.693165	-0.923080	4.803349	0.693020
8292	4	-3.730825	-8.046388	7.241862	2.726383	-11.122472	4.801088	6.681632	-7.744411	1.237909	-6.564711	4.465597	2.264861
8318	4	-6.049235	6.562595	0.282546	-5.478037	-5.965223	5.807395	6.091068	-4.963074	-0.120860	6.081270	0.918696	-0.367802
8319	4	4.742461	0.804793	-1.305161	-7.757058	5.859870	0.623518	4.776490	-4.529664	0.715556	-3.717207	-5.478993	6.399345
8325	4	7.476995	-5.700173	3.163410	-3.769912	-4.708142	7.677069	-4.011690	6.298127	1.188555	1.758559	-7.276579	6.093113
8339	4	-4.732495	-4.980152	5.585775	6.806277	-4.317732	-0.345890	-4.873187	3.634408	0.558313	-5.489949	0.727084	5.479748
8340	4	-5.818217	-5.807003	8.364083	3.613941	-4.403679	2.359159	-5.671155	6.425421	2.352239	-0.134759	-5.807643	8.359653
8348	4	-4.975597	-3.090260	5.564612	-6.694922	5.060148	0.794091	5.933238	-7.066962	1.435399	-0.360266	5.641478	-0.068033
8350	4	-4.383219	4.977795	0.752877	8.206356	-5.645311	2.123698	-4.487289	-4.085114	7.369169	2.231939	3.479201	-2.054950
8390	4	-6.102580	2.263484	5.027976	-5.685272	-3.426160	6.177902	5.943103	-3.583647	-0.103458	5.927237	0.548277	-0.617601
8406	4	-6.868334	3.996058	3.453800	4.355812	1.021968	-2.010949	-5.194084	-5.178696	7.712109	6.369214	-4.728136	1.188476
8466	4	-3.649174	-4.828244	6.917228	-4.797550	7.015636	0.859117	6.814992	-8.963880	2.716497	1.176657	6.776224	0.645759
8467	4	-1.122037	-3.582888	7.692290	4.209798	-7.575354	4.987959	-3.295794	6.604668	1.963836	-4.211993	-0.994892	7.910937
8470	4	-1.956545	1.947493	4.000213	-0.799565	6.734382	0.973191	-3.999459	-2.359954	6.315059	6.794858	-2.166182	1.826397
8502	4	-3.693802	8.253477	0.860490	-4.126823	-3.282924	7.044019	2.314575	6.152297	-0.446176	2.995959	-4.317223	4.898025
8508	4	-6.113832	-1.912381	6.153986	1.025445	3.907821	0.725226	6.421545	-4.712292	0.772198	-4.308942	7.040343	0.429451
8631	4	-5.958370	5.951222	1.494236	-5.007285	-1.945139	5.881583	5.601525	1.510413	-0.599046	5.857865	-3.739568	0.060883
8658	4	-7.859029	3.598549	3.379696	6.571346	-5.752331	1.013615	-3.652916	-2.045824	6.323537	2.907042	-6.338868	2.952726
8660	4	-6.841330	6.371442	2.918146	4.731596	-1.029934	1.000767	4.360241	-4.131777	2.934005	0.844569	-4.970383	5.865061
8722	4	6.733976	-6.686518	-0.275617	-3.849816	-3.878694	5.285793	-0.419007	4.254472	0.131007	2.873851	2.471822	-1.911338
8728	4	-5.525554	8.543174	2.425711	-0.106326	-3.860631	7.570160	-5.479213	-3.402168	7.576327	-0.152173	8.143109	2.420279
8760	4	5.329437	-5.374836	2.126080	-7.141101	4.133554	3.627590	-0.867004	-3.486054	6.576324	4.001877	1.046570	-0.337280
8764	4	2.188101	-3.888020	6.440026	7.640675	-4.189919	2.580512	6.588682	2.074760	-0.060537	0.595659	2.434110	4.731943
8767	4	8.165863	-4.438568	0.081043	-4.612441	-6.579577	6.489347	5.547551	2.271758	-0.252475	1.768910	-7.545790	5.830275
8768	4	-4.047449	-4.169682	6.096744	6.247236	0.491016	-1.093568	6.858714	-4.781694	-0.389288	-4.888039	1.090173	5.142835
8778	4	4.367718	2.606797	-0.623870	-3.812508	6.815878	1.795528	-1.923670	-5.151036	6.658626	6.851104	-3.404911	1.960366
8816	4	6.021486	-4.704292	-2.317406	-0.045609	7.300204	-2.435602	-5.850000	7.617660	-2.301780	-4.782194	-0.730964	3.912770
8853	4	-5.116014	0.948207	6.352366	4.939425	-0.514880	0.719979	-4.460133	-5.202938	6.962730	5.215552	-7.285223	0.976003
8874	4	7.977084	-0.545407	-0.526448	-2.156389	7.985356	-0.101062	4.287155	6.028074	-5.055380	-2.382522	-4.228408	4.880704
8899	4	3.103409	2.528755	-4.421814	-6.012166	6.531102	-0.602156	-3.512629	-4.197979	5.799048	7.090325	-3.645174	-0.629489
8915	4	-3.358536	-3.166806	5.086105	-3.987488	6.656093	-1.398089	5.663413	1.688260	-4.406828	6.589868	-4.414507	-0.908102
8924	4	6.135382	-3.930071	0.094981	-5.493802	-5.764202	6.106504	-7.260739	4.178562	2.940631	1.041160	-6.252141	5.989503
8931	4	-3.303167	-2.862048	6.259644	0.716633	6.995731	-0.860998	6.827696	-3.183499	0.559352	-4.576652	7.076655	0.088684
8945	4	7.805528	-4.077836	3.720567	-2.646456	-4.517782	9.424683	-3.836567	6.611885	3.475997	3.794932	2.967104	0.243509
8950	4	-0.121516	-7.296216	6.389671	0.031293	4.633736	0.441252	-6.385378	-7.278142	6.809530	-6.230001	4.648152	0.899212
8959	4	-5.784152	5.381058	-0.114795	6.944059	-4.357128	-2.720829	6.937444	0.523896	-2.746539	0.465211	5.337363	-0.351414
8985	4	-7.353060	6.584795	1.334188	-2.445880	-4.548635	7.540659	5.271570	-6.091236	1.293707	-3.891877	1.626756	7.270228
8995	4	-5.345974	-3.825996	4.017975	5.029649	-6.631241	1.406468	-5.159573	4.307474	-1.649056	1.597554	4.074905	-2.359158
9009	4	5.774448	-6.238962	1.132605	-3.086418	-5.139201	7.050853	-3.844289	0.287412	5.900121	5.775927	-0.205731	0.207694
9018	4	-8.879269	7.126607	1.143395	1.870499	5.962061	-4.223662	-4.049725	1.126542	6.282677	-3.978260	-5.054983	6.588023
9030	4	-3.586129	7.343305	1.206940	-2.347362	-3.258898	7.047156	5.853510	-1.793077	0.461495	1.740089	6.616902	-2.735585
9067	4	-7.382082	7.066851	2.872833	-7.321704	1.494756	6.324603	-5.428823	-5.127356	7.308734	3.413526	3.504036	0.174622
9068	4	7.801965	-5.678533	1.746859	-4.457924	-2.655315	7.943179	-7.092828	2.533778	6.719410	1.797334	-3.812229	7.161274
9072	4	2.521940	5.073374	-4.059546	6.226049	-3.879877	1.678828	-1.019042	-3.862222	8.004931	-7.854415	2.118632	6.018046
9101	4	-1.343265	-5.147737	6.486464	6.388554	-3.635186	1.136955	-3.018695	5.720642	2.116498	0.915109	3.497284	2.279511
9125	4	-4.391835	6.448134	0.998524	-4.161383	-1.884065	6.235145	7.189343	-0.454179	1.633076	2.541653	5.553053	-1.003087
9143	4	-7.443686	0.128082	5.370173	3.749525	-0.809900	1.160240	-6.600769	6.259713	-0.449795	-4.907927	-3.843450	5.372567
9162	4	5.944161	-3.343942	3.081657	5.275495	1.926597	2.246394	-1.089356	3.349129	6.126254	-3.765937	7.973408	3.110862
9179	4	-1.909229	6.384217	1.760063	5.958394	-2.121624	2.121367	1.664620	5.879920	1.120596	-4.835113	0.052532	5.519855
9203	4	6.368814	-2.355279	1.448776	-5.920875	-1.186197	7.739006	-6.662874	5.577094	1.931832	0.019584	5.752668	-3.123591
9218	4	-3.587967	5.975944	-0.308325	6.557550	-5.035278	-0.616502	5.854741	0.955778	-0.640231	-5.884606	-6.063781	6.024658
9230	4	3.576973	2.653130	-3.622579	-5.135103	7.276065	2.210659	6.521448	-3.343284	0.060578	-5.695287	-4.096951	7.711977
9258	4	-5.831786	6.666038	-0.462563	5.961284	0.192834	-2.285591	-4.107929	-5.762052	5.198281	5.945378	-6.373164	-1.220863
9260	4	-2.116549	-1.910423	6.952806	-3.635843	3.283217	2.870492	5.341316	2.540408	-1.577669	8.309017	-6.304932	1.551694
9290	4	-5.184233	-7.358270	7.510059	-5.680522	4.459325	2.525439	0.474749	-7.418232	7.393321	6.670968	-6.689700	1.221410
9320	4	9.213981	-3.446982	1.511394	-2.309921	8.143544	1.421312	-2.237574	-3.014326	6.989602	8.547047	2.005411	1.109059
9323	4	7.032602	-6.418744	-0.702058	-2.643150	-5.306382	3.144842	-3.207414	5.562835	-1.037157	2.212953	5.197522	-2.587694
9353	4	-4.099282	-0.171530	7.585218	-0.451756	-6.475698	7.595679	-3.606305	5.477860	1.985884	-4.030954	-6.476759	7.601288
9355	4	-4.271463	-2.078178	7.216782	5.346141	-2.358770	1.746181	-5.550004	5.859678	1.064596	1.486155	-3.422010	7.083330
9364	4	6.830527	-3.865264	-0.412136	3.585447	3.417548	-3.148733	-0.273042	-6.638318	6.134344	-3.383785	1.295584	5.864763
9374	4	-4.056820	-5.595942	7.851902	4.828734	-5.547262	1.785038	-7.674951	6.099598	1.791393	2.372700	-6.952396	6.603183
9379	4	4.460399	-5.097522	3.455625	-8.067648	2.096714	5.943306	-1.736903	-3.992631	6.549452	-7.238848	8.090297	1.326158
9415	4	9.281201	-2.240822	-0.702015	-2.061814	-4.265002	5.655059	-2.165250	6.267554	0.438075	4.434568	3.610397	-3.029054
9445	4	-4.661725	-8.169011	8.581132	0.252414	-8.240039	8.580106	-5.407744	3.542747	1.940892	4.885205	-8.367557	2.788322
9457	4	8.454101	-4.988245	1.251387	-3.367266	-1.282800	7.376087	-3.765656	7.270167	1.085684	1.998196	-3.129252	5.371985
9461	4	1.708693	-7.739030	7.201878	-3.917116	-5.652718	7.960217	-9.148287	1.640865	5.728333	5.868182	-5.948964	2.638801
9473	4	-4.553948	-3.347906	6.046246	-7.820162	6.090430	0.469178	5.039926	-4.705748	0.030953	4.979844	0.414291	0.025122
9476	4	-6.411326	5.209564	4.984245	2.857705	-7.885525	6.542737	6.327562	-4.093678	3.238696	-2.796819	-4.183019	8.463758
9500	4	-5.020745	-4.191689	6.503518	1.622390	-9.541657	6.078212	-5.252704	6.403696	1.243917	-5.425162	2.033820	4.104052
9518	4	-5.353685	5.975453	1.014766	3.624185	-5.690460	2.541080	-4.059185	-6.102243	7.403247	1.040694	-7.617475	7.295330
9545	4	7.839369	-3.287466	1.821519	-5.117590	8.236671	0.039106	-4.452820	-2.776583	6.616415	1.425370	7.649670	-1.179153
9549	4	-4.368137	8.609749	0.076929	0.969643	8.574430	-0.809782	-4.745486	-3.363379	6.207243	4.145181	-7.540213	2.766234
9636	4	5.248534	-2.577090	0.663320	0.764486	6.727183	0.423039	-1.020827	6.985596	0.573082	-2.975266	-5.006387	7.104243
9646	4	-2.999843	5.157918	3.658393	5.241640	1.746719	-1.456520	-5.702843	-4.179590	8.814751	6.367056	-4.996708	3.203105
9689	4	-5.715008	-3.971195	5.937328	3.013784	3.721570	-6.298856	-3.275194	7.071967	-0.462208	5.796056	-4.309312	-0.549655
9695	4	6.648031	-3.137908	0.164301	-3.358466	6.257614	1.044847	0.777346	6.220177	-1.174545	-3.188518	-5.767879	5.978898
9705	4	-6.111948	0.780428	5.830234	-5.742100	-4.284102	5.968902	5.665768	-5.020263	2.221430	-5.090868	5.187469	0.181832
9717	4	3.751751	4.534876	-2.296896	-4.384300	-2.270287	6.467691	6.942238	-1.333971	1.662889	-2.420303	6.492118	0.624942
9785	4	-6.379313	6.087577	2.029298	-1.694736	-3.833012	8.028724	4.410224	-1.606413	1.445829	5.118882	4.791840	-4.374540
9803	4	-5.695212	-1.972960	6.653808	-3.250559	7.689519	0.642526	4.282414	3.899345	-5.264278	6.730197	-2.988035	0.694386
9864	4	5.382486	2.781303	-4.404941	-1.518324	6.899932	0.885711	8.036260	-5.128910	0.993741	-2.241069	-3.493817	6.291715
9878	4	-6.250765	6.218891	0.911854	-4.223900	-4.706791	7.078135	6.177331	-3.711980	0.469420	2.344545	3.440760	-5.689924
9966	4	-4.787299	5.922696	1.104572	4.415617	-0.095704	1.981714	-8.058320	-0.332577	6.949915	-8.046619	-6.483034	7.024712
9980	4	-5.090290	-3.650153	7.897111	1.848529	6.909443	-0.716265	-8.191855	1.690666	7.330098	5.992222	-4.076137	1.824620
