14	1	7.811505	-11.554568	9.706141	5.241341	-0.390992
63	1	6.598460	-5.450425	4.904373	8.626372	1.073015
88	1	9.545408	-10.635326	6.109703	9.490134	-4.208425
89	1	-9.510472	8.033281	-1.734100	-1.368438	7.530611
94	1	8.386391	-5.764779	6.525645	4.968985	1.602360
95	1	5.861877	-11.009986	8.026634	5.973442	0.975185
96	1	-8.746173	6.224924	-5.323617	-0.252530	7.960583
103	1	6.294470	-9.338651	8.098811	6.824310	-0.579097
104	1	-11.698113	8.091708	-3.942458	1.286564	6.239016
109	1	6.642307	-10.986186	7.634306	6.746594	2.869390
131	1	7.040207	-11.679084	6.380827	5.442286	1.074286
140	1	-7.187636	8.778995	-5.190425	0.358149	4.264761
149	1	-10.182961	7.834894	-7.366082	-0.995315	8.878634
163	1	6.695834	-8.259487	7.173711	6.235227	-1.870605
166	1	7.629838	-5.868045	5.965737	5.957704	0.944106
171	1	-8.887208	8.473156	-6.245695	-0.830969	7.348015
181	1	-11.320328	8.280418	-3.382953	-0.751682	5.167385
191	1	-9.476074	6.778702	-2.229305	-3.355905	6.918524
195	1	-7.703848	8.477648	-5.108373	-1.488427	6.711578
204	1	6.058178	-11.103976	6.363331	6.888172	0.724125
207	1	-11.761657	6.941945	-6.804905	0.890959	6.563065
219	1	6.650501	-5.393232	6.334769	5.780913	2.147877
225	1	8.799302	-9.310377	4.738073	6.577270	-5.338945
229	1	-10.000887	5.274029	-9.247132	4.096256	7.075401
231	1	8.862279	-11.902284	7.512115	7.558812	-0.587806
246	1	-7.604868	7.604178	-5.273238	-1.268459	7.059237
265	1	6.634838	-8.027202	6.548968	6.654739	4.524701
281	1	-5.281436	8.398914	-3.534578	-1.393924	5.229581
295	1	6.942672	-7.557011	6.648955	8.674970	-1.092610
318	1	-8.396331	7.995480	-3.514068	-2.366418	8.023929
327	1	-4.247923	6.925564	-2.674315	0.725212	4.459491
333	1	-9.517929	6.160763	-2.592306	0.631676	7.624193
334	1	6.081024	-5.580646	2.869757	5.993295	1.919105
341	1	0.255115	2.473382	-8.320792	-0.764036	-0.788370
360	1	-8.153315	6.864061	-8.196548	-0.352901	5.221735
374	1	8.352404	-12.639630	8.039385	8.193959	-1.067879
398	1	6.084479	-9.658358	7.255557	5.654854	-2.444244
399	1	-10.776430	7.749368	-9.953376	2.456707	5.680900
403	1	-10.144641	-7.269214	6.877984	6.800334	8.240356
408	1	3.543292	-9.990966	8.795948	7.248237	-2.469368
433	1	4.178150	0.707523	-4.306871	6.254566	-1.970843
440	1	6.186147	-7.150713	6.600446	7.056311	1.932008
441	1	-6.673740	6.402437	-3.995817	0.305002	6.621263
443	1	8.262869	-7.208801	6.962485	6.240978	1.653475
453	1	5.094837	-8.499845	8.649645	7.908811	0.622883
463	1	5.109668	-10.892554	7.506534	6.568287	2.310948
465	1	-7.685762	6.670419	-8.048641	1.594040	7.091474
466	1	0.100010	8.052207	-6.850730	2.019482	7.016231
479	1	-7.274801	8.761243	-7.672000	-1.755531	7.668421
497	1	-9.451288	8.324779	-7.009583	-1.031413	6.009292
508	1	-9.920217	7.240191	-1.649657	-0.870993	6.483001
522	1	-5.079596	7.096944	-2.984787	3.569786	5.641453
530	1	-11.307438	8.855671	-0.581172	0.496284	6.546190
550	1	7.167267	-8.057000	7.949035	6.628776	-0.616868
552	1	8.602933	-12.890749	5.716414	9.542718	0.408813
554	1	-9.952004	7.747962	-2.317324	0.300556	5.796078
558	1	6.115257	-4.487151	4.607624	7.477896	0.699260
575	1	7.700027	-13.118656	7.958373	7.546003	-0.178237
579	1	7.355227	-1.554131	4.139414	6.300848	-0.746160
582	1	-12.189925	7.955889	-1.776550	2.102453	2.928529
583	1	-5.387405	-0.894348	8.042877	5.122996	8.365381
594	1	-6.137829	6.454243	-9.427571	1.799533	6.348866
602	1	6.010035	-9.234285	6.884284	8.656342	-0.812430
603	1	-8.736157	6.696873	-7.516851	-1.830217	5.506100
609	1	-12.440407	7.444803	-4.648246	1.506031	7.967678
621	1	-10.850176	-3.683957	7.742113	7.953798	7.399492
629	1	7.921150	-8.410350	8.855242	7.317302	1.631413
632	1	7.416287	-12.342089	6.940234	6.601210	-3.190799
634	1	5.309982	-7.323405	5.092039	7.624176	2.408615
635	1	-2.634907	7.442140	-6.897864	-0.857684	5.165004
643	1	9.087984	-14.255606	9.179156	7.742856	-0.028801
644	1	6.766577	-4.662988	8.724608	9.036349	0.678279
648	1	8.709651	-6.212090	7.278457	8.061336	-1.766930
651	1	-7.856818	6.048697	-6.675076	3.434156	4.134417
657	1	-12.371016	7.345418	0.605955	-1.358706	6.134520
659	1	7.098711	-5.832569	-2.891702	6.069146	2.635948
660	1	6.037734	-10.220448	8.505523	6.207990	2.571555
664	1	7.318906	-10.486305	5.664165	7.011348	-4.682631
672	1	2.689596	8.126350	-3.236266	0.011541	0.938032
689	1	-7.920635	7.728161	-8.151539	1.703848	5.230574
690	1	-6.710571	8.020800	-4.579516	4.168254	5.595307
703	1	-7.868214	7.433110	-1.471115	0.333158	5.398667
708	1	-2.840583	-0.154152	7.865819	4.789561	8.282352
712	1	-6.972056	8.727547	-1.866226	0.589701	7.807056
713	1	-5.710044	8.853081	-7.137146	1.123104	5.416068
741	1	-8.506060	5.783916	-6.445510	-0.509050	9.045500
761	1	-5.472273	-0.016158	-3.364199	6.681241	6.933954
765	1	-9.621539	4.975524	-3.088817	4.616262	8.459098
770	1	-11.234756	5.344815	-3.134362	2.005009	8.717471
775	1	-11.231657	9.340492	-8.166335	1.019412	6.488815
782	1	-10.633277	6.607145	-4.265501	1.259424	6.153419
794	1	6.783826	-7.577744	7.649311	1.647438	0.912087
796	1	-3.835358	7.691302	-5.864664	-2.652202	5.510288
798	1	6.870985	-11.864076	6.795225	5.629961	0.710146
799	1	6.605768	-12.366826	7.204078	6.524903	1.504203
806	1	-3.988290	8.821137	-5.852304	2.749419	5.069507
808	1	-5.288994	-5.891024	5.059192	7.810468	5.560082
813	1	-12.066823	8.318924	-7.066845	0.832383	4.804104
815	1	9.045004	-10.435657	6.122288	8.683386	2.048591
816	1	7.507510	-12.804790	6.834783	6.351410	0.132975
817	1	7.173770	-14.010260	7.303127	8.074243	-1.013301
820	1	-9.762959	8.231626	-8.744179	4.104233	7.951111
829	1	-9.355096	6.291528	-5.825450	1.373273	7.585889
832	1	8.162534	-4.117610	1.968043	6.510952	-0.058150
849	1	-8.619341	6.285493	-6.122455	0.310116	6.710892
852	1	7.276957	-8.166875	8.738471	7.047961	-3.658350
861	1	5.179168	2.597206	-6.638210	-1.311973	0.736804
873	1	5.854018	-10.193913	7.324974	6.041855	1.882705
886	1	8.173873	-10.972960	8.301170	8.009453	3.188531
899	1	8.934781	-11.088641	5.904264	7.029422	1.730469
904	1	-12.504029	6.923088	-2.157505	-0.064512	5.892745
909	1	1.449864	7.935911	-4.091907	-3.379297	0.798646
916	1	8.316618	-6.731546	6.461837	6.413547	1.014896
932	1	-6.894536	8.655918	3.877251	-1.306346	3.328883
939	1	-8.757435	8.712618	-9.071091	-1.224967	4.414841
941	1	-12.781694	4.932296	-2.590864	-4.172903	7.772048
946	1	-5.674229	-8.567115	9.492508	7.450140	6.038533
954	1	-9.290274	6.114592	-3.871021	1.675175	5.604986
955	1	-7.128157	7.764688	-7.738436	2.678283	6.365263
968	1	-5.256236	0.639722	5.017383	4.341233	6.588029
969	1	-9.434611	7.220420	-6.196106	-1.254779	8.384578
973	1	-8.522378	7.426412	-4.801412	0.116010	4.476161
982	1	9.035863	-15.656769	7.502683	7.162266	1.522216
983	1	8.613858	-10.568430	7.132124	7.298018	3.443646
994	1	9.090276	-8.128381	7.211187	8.121736	-0.095688
1004	1	8.871781	-4.139388	-2.035430	6.339314	1.819173
1011	1	8.504175	-13.993142	7.927946	6.748381	2.357066
1022	1	6.821736	-11.474706	9.243575	7.658311	-2.764848
1025	1	5.406772	-10.129126	5.401538	6.772144	1.428248
1032	1	-13.143520	7.906045	-5.016957	3.491333	8.553830
1036	1	-7.283231	6.953220	-4.718478	-1.109495	6.910545
1044	1	9.375584	-10.251645	6.219929	7.568855	-0.971692
1052	1	-10.740834	4.502006	-4.979902	2.181824	5.666843
1064	1	6.848215	-4.366045	9.655210	8.008509	2.304044
1066	1	-10.313815	7.478762	-5.449772	1.399667	9.262192
1074	1	8.705065	-9.848696	7.047643	6.134221	-0.213100
1080	1	-9.453539	2.676138	5.115267	4.476220	6.013508
1104	1	-13.352623	6.476289	-5.146433	-2.467283	7.203086
1109	1	6.341018	-12.060924	8.188243	6.780371	-4.425771
1110	1	-13.281453	7.589347	-5.767587	1.359613	7.250267
1123	1	-6.470060	7.288006	-5.306875	0.394762	6.511914
1132	1	-9.530602	6.978229	-4.650881	4.127721	6.607248
1136	1	7.662937	-6.508852	6.850775	6.816069	2.306448
1158	1	5.971858	-6.873459	6.956209	7.805950	2.720743
1165	1	-3.098024	9.200092	-6.970173	-1.135598	6.497915
1167	1	-3.368835	8.214593	-8.130307	0.710503	5.782795
1174	1	8.299583	-12.522299	7.128916	7.129486	-1.169285
1178	1	-6.953753	8.096274	-2.491110	0.329533	8.432119
1179	1	-12.877502	6.912741	-8.026061	-1.242192	7.156501
1183	1	-12.177476	8.005531	-4.020295	-0.178010	5.782026
1194	1	-11.701041	6.586390	-6.923106	1.090589	5.934775
1195	1	-5.212710	2.164528	6.880515	-2.124328	7.017088
1206	1	8.171190	-11.406456	6.297378	6.424390	-1.126718
1212	1	8.255924	-8.191030	6.786396	8.943567	-1.702912
1213	1	-11.142765	6.551149	-8.107885	0.738025	5.613121
1219	1	-6.738044	5.995818	-6.350020	-4.497857	6.258980
1230	1	6.621833	-8.104131	9.101926	6.868614	1.283701
1236	1	7.309119	-6.177918	7.662045	3.974716	0.792674
1240	1	5.974620	-8.968265	6.544655	6.554857	0.287490
1257	1	6.747574	-7.112077	6.925724	4.785933	-3.008707
1267	1	-8.442039	8.593833	-4.541258	2.130409	6.735689
1270	1	6.924823	-3.830666	8.874893	4.719441	1.019881
1280	1	-12.732055	7.492054	-5.341004	-1.063451	6.582863
1281	1	5.456706	-10.107703	8.154233	6.926961	-2.549513
1291	1	7.177213	-9.366528	9.200618	7.047252	-2.656098
1293	1	0.215951	-2.845653	9.163085	6.047117	5.242166
1297	1	-9.013900	9.185702	-6.617824	1.114690	3.833694
1319	1	-13.395010	6.497092	-4.066397	-1.471713	7.850341
1325	1	-10.786488	7.064517	-5.014867	-0.548323	6.072940
1327	1	-11.273292	3.682920	4.382131	3.404666	7.791435
1331	1	-9.018003	6.150340	-9.576402	1.402719	8.829051
1339	1	9.290877	-7.233771	5.926646	6.500638	-0.950787
1346	1	-15.161222	8.171132	-7.532397	3.186069	7.507189
1348	1	7.233697	-8.689100	5.761055	8.955092	-3.283058
1366	1	-10.319850	6.518718	-3.993730	5.169884	6.096257
1379	1	-5.529450	-2.863458	6.691173	8.926123	7.834049
1381	1	6.847741	-9.705173	9.560860	7.792646	-2.349269
1399	1	-15.055727	7.010344	-4.444212	-1.094991	7.153710
1401	1	-9.195600	6.186990	-4.560360	0.039006	3.011962
1405	1	-10.079687	7.113050	-4.678246	0.851672	8.505019
1410	1	-7.433213	7.899809	-3.588447	-2.589017	5.809687
1418	1	7.683816	-9.082450	6.651705	5.662703	-2.001551
1422	1	-9.641901	6.915266	-3.187690	0.234303	6.170797
1450	1	-4.256111	6.780069	-1.859978	-2.055645	5.507448
1459	1	-10.758749	8.935576	-3.339828	1.058876	6.915441
1462	1	7.207824	-8.074429	8.310274	9.032823	0.163658
1470	1	-6.157675	7.830929	-6.613057	2.290670	4.965353
1474	1	-3.629780	5.183269	-0.534124	-3.080022	4.579747
1479	1	-8.584322	9.697507	-4.750745	0.994308	7.269757
1482	1	8.529768	-3.809915	6.403350	5.572213	-2.064437
1491	1	-9.386643	4.185097	-5.624370	5.461581	2.545267
1492	1	-11.797022	8.652691	-2.355999	-1.443839	7.229099
1493	1	5.538414	-10.088861	8.265924	7.468944	0.981533
1504	1	7.322555	-13.324694	8.438147	7.304393	0.632829
1514	1	7.976844	-6.138391	5.260940	6.505376	1.132488
1517	1	-3.317871	6.748380	-7.538351	0.561542	7.931981
1518	1	-14.157220	8.510128	-9.430055	0.741110	8.932147
1519	1	6.810065	-3.637114	-2.077630	6.139741	0.343038
1524	1	6.329855	-11.565282	7.253867	6.139468	-0.893281
1539	1	-11.324398	5.597784	-8.297103	1.308178	7.659269
1549	1	3.589024	4.236130	3.317828	0.941235	2.227329
1553	1	9.371876	-7.941902	7.678904	7.460074	-2.431097
1559	1	-7.288123	-0.087537	-1.527158	6.633345	8.159029
1561	1	1.340004	5.474629	-3.997104	-1.227465	2.664634
1562	1	-6.481529	7.268301	-4.604398	4.807786	5.547863
1570	1	-7.095955	7.445676	-4.267892	4.232070	5.656298
1590	1	6.502656	-8.861328	8.895833	6.549034	0.437463
1594	1	6.665059	-6.666141	8.336591	5.555125	-0.793484
1599	1	7.733776	-13.406293	5.734803	6.714777	-1.002937
1601	1	8.784105	-7.282609	8.778215	6.277165	-0.450163
1606	1	-12.889112	4.997490	-0.130850	2.696242	5.836588
1609	1	6.247714	-13.572039	7.002387	5.413183	-1.266983
1610	1	6.898360	-9.658520	7.775126	7.515553	-0.631754
1611	1	-8.993581	7.661735	-2.514447	-1.347154	7.803074
1618	1	-10.412849	6.606371	-6.102322	-3.915980	7.286147
1624	1	-7.185048	5.644689	-8.187260	0.625594	5.974320
1629	1	-15.913510	8.809620	-3.023743	-0.285994	7.800061
1630	1	-15.740574	5.935821	-5.904909	1.563063	6.502079
1637	1	-9.295793	7.206854	-6.890546	-3.161132	6.386601
1648	1	-8.727555	9.097627	-7.303001	-0.842354	8.862427
1650	1	9.402156	-10.342558	5.860327	6.902302	-0.099552
1657	1	6.609207	-10.516863	5.993425	7.711635	-0.028647
1664	1	6.828862	-9.191281	7.045359	6.260039	-0.977811
1667	1	-12.909341	9.765885	-4.212232	1.825567	5.264499
1668	1	3.613262	4.051680	-6.017812	-0.570843	-2.225638
1670	1	-9.856127	6.177958	-7.162552	1.467776	6.271473
1677	1	8.600852	-13.705331	6.451381	7.607656	2.317195
1683	1	-10.791052	7.596698	-4.672851	-1.514799	8.107973
1694	1	-9.409061	6.341390	-5.304079	0.772559	6.976124
1698	1	7.561716	-9.545321	6.247808	8.669401	0.368181
1699	1	-10.759735	5.998924	-4.638538	-0.242125	7.334454
1702	1	-7.557357	6.670328	-5.565072	-1.771434	5.532827
1703	1	-6.083900	8.188734	-5.488103	-0.493286	5.448512
1714	1	-9.506014	6.686158	-2.957766	-1.125057	8.394907
1716	1	8.038949	-7.688659	5.093704	7.206168	0.755465
1721	1	5.757541	-6.919274	6.539878	7.437164	-0.261859
1722	1	7.337118	-12.272248	5.110117	8.922683	0.377129
1729	1	-11.539260	6.147103	-8.451858	1.226756	6.705160
1733	1	-9.458010	4.310164	-5.144906	4.027935	6.016037
1739	1	5.796520	-8.279760	8.153731	4.856653	1.136599
1741	1	7.531532	-10.530902	7.353616	6.462162	2.259160
1743	1	6.669945	-9.160301	8.044538	7.689693	0.672609
1745	1	-13.257589	4.766903	-4.184269	3.039557	6.770907
1750	1	-14.597243	3.907103	-5.919072	-1.563411	8.824678
1752	1	-9.734219	4.485159	8.451836	5.279586	8.144249
1755	1	7.057371	-10.791109	5.390463	9.166978	4.263540
1756	1	7.422583	-12.153876	7.025407	7.111007	2.025387
1767	1	-7.787955	9.041750	-3.489903	2.743670	8.203236
1770	1	-9.415870	7.172181	-5.973919	-0.956398	6.825073
1784	1	4.947777	-10.795208	5.679778	7.476097	-0.299195
1786	1	6.877525	-12.552582	6.479788	5.509494	-2.601864
1787	1	6.943350	-11.135440	7.867516	7.785476	2.369620
1795	1	-10.170807	7.628142	-8.899646	4.046252	7.801388
1798	1	6.512122	-6.195170	8.930742	7.129412	2.375306
1801	1	8.114919	-9.108353	6.519076	4.587974	-3.059463
1804	1	6.900725	-14.523259	4.359755	8.104819	3.389965
1811	1	8.544499	-8.979367	7.849577	8.375374	1.606823
1812	1	-10.960035	4.408886	-7.694954	-0.251677	5.765261
1826	1	-11.655174	7.441627	-5.403263	-1.900309	6.476097
1829	1	7.658666	-5.442713	9.382777	6.154532	4.030529
1833	1	6.648351	-10.465110	7.904525	6.909470	2.004080
1848	1	-10.944683	8.676945	-3.975745	4.921349	5.767089
1851	1	-8.444427	7.616221	-9.973134	-2.026642	8.123394
1852	1	8.779991	-11.351497	7.202043	7.447539	0.813021
1856	1	7.488192	-10.002017	7.593010	7.674654	1.753549
1857	1	4.993242	-8.092979	6.510162	6.854267	1.168932
1866	1	6.327286	-7.875118	-0.719931	6.770366	1.800848
1875	1	7.645811	-4.530206	6.119510	6.199859	0.713031
1876	1	6.504661	-11.128739	8.390120	7.018774	2.271012
1881	1	-11.030762	6.696123	-4.842894	-2.903602	7.520818
1887	1	5.553767	-9.632754	8.564995	8.220529	0.605870
1892	1	-10.340405	8.017915	-2.988652	-0.772441	7.067002
1894	1	4.200432	-8.589478	5.061357	5.071483	2.488130
1895	1	6.472302	-12.891356	6.668410	6.963174	2.000424
1896	1	9.647771	-4.550582	1.197722	5.951296	1.415635
1898	1	4.044571	-8.129011	9.619604	4.915519	1.576719
1911	1	5.897759	-7.669925	7.379704	8.787755	1.509737
1922	1	5.293655	-3.565587	-2.467884	6.730591	0.668788
1923	1	5.235960	-9.809033	8.377589	7.625525	3.554825
1931	1	7.001788	-11.139808	8.124269	5.466643	0.377062
1939	1	6.699841	-10.886066	4.897125	6.764233	-0.297675
1944	1	6.147785	-10.337095	7.947134	7.970342	4.705835
1956	1	-11.691424	5.317134	-5.982353	0.696194	6.390292
1959	1	9.156100	-10.222531	6.346890	8.582473	-3.469932
1962	1	-13.512241	7.450650	-9.289701	2.815404	7.508347
1963	1	-10.801273	7.693903	-8.687351	-0.242667	6.698232
1968	1	7.469896	-10.185733	7.929486	8.924311	1.881547
1971	1	-8.816849	6.367193	-5.257031	2.263668	9.543693
1972	1	6.665810	-12.789743	6.200432	8.378275	2.147616
1975	1	4.696496	-8.481584	7.435874	6.681651	-1.082202
1979	1	-6.636066	-4.796638	7.180489	6.161398	6.706373
1984	1	-8.312095	6.990809	-4.958309	1.140535	5.724576
2004	1	5.627819	1.332700	-0.506254	1.784899	-0.852241
2006	1	-12.025673	8.227181	-8.937966	3.105063	7.028714
2021	1	-8.902985	3.183557	4.720704	-2.112660	7.742459
2024	1	6.325484	-5.780490	7.095034	7.243902	1.678483
2033	1	6.881194	-6.532668	6.849502	4.842080	0.299150
2035	1	-10.660389	7.766824	-7.653515	1.811081	5.892420
2047	1	-10.422471	7.731768	-5.683903	-0.250156	6.348607
2048	1	8.523961	-5.868500	7.677123	6.459259	1.422009
2054	1	-9.874790	5.926556	-4.256200	0.525115	6.559091
2062	1	6.685389	-13.037293	7.429353	7.024907	1.333476
2097	1	8.123208	-7.171452	6.295622	4.039586	0.623478
2105	1	-12.049112	8.070291	-4.474680	-0.499845	6.090042
2106	1	-9.334837	7.176047	-4.950827	1.987201	7.566649
2126	1	-15.607592	3.265281	3.577827	2.107982	7.339918
2138	1	-6.457776	6.515014	-8.057293	1.494370	5.916669
2140	1	-10.949977	7.621365	-3.745114	2.608519	4.063603
2147	1	-5.869061	-1.746592	6.996390	5.654869	3.243703
2151	1	7.445770	-10.180835	6.006940	8.695849	0.811888
2156	1	-12.169672	6.942518	-8.998633	2.788393	5.543122
2164	1	6.763748	-11.303142	7.125871	8.116180	-0.116094
2178	1	8.545536	-4.355663	6.696743	4.547009	-1.427959
2193	1	-7.703727	9.740304	-1.865903	-3.407571	7.359890
2202	1	-11.946920	6.702439	-6.443814	2.157610	9.458895
2214	1	9.355272	-9.094954	6.843163	8.114899	3.319002
2220	1	-10.008328	7.019693	-7.389058	-0.421262	6.101337
2226	1	-3.735154	8.056087	-4.505779	0.824977	3.378121
2227	1	6.736998	-7.365750	8.078913	6.989761	-0.732094
2230	1	6.017413	-6.382879	6.432427	7.026399	1.205134
2235	1	-3.550627	-7.764348	8.068276	7.215275	6.840166
2238	1	8.185045	-5.661635	8.889374	4.515436	-1.956234
2244	1	-10.484036	8.025561	-4.226485	1.097141	4.744956
2246	1	6.839980	-12.770305	7.340360	8.529353	-3.506319
2254	1	-5.276005	5.241527	-2.660243	-0.071330	6.628343
2261	1	-11.223142	5.747578	-6.540294	2.861363	9.859241
2271	1	-6.478804	7.169425	-3.224762	1.907807	8.798979
2292	1	8.483443	-11.689610	8.037963	6.623103	3.035874
2297	1	-14.139536	9.025526	-2.406540	-1.810254	6.860447
2307	1	-11.715819	5.831274	-4.699528	-0.764855	7.494250
2328	1	-8.794543	5.861988	-6.541576	1.076287	3.666862
2335	1	6.840908	-4.437583	1.980457	6.980923	0.751628
2349	1	-6.510195	6.907607	-4.251991	1.294058	8.719550
2351	1	7.369463	-9.794251	7.933621	2.188204	0.502963
2353	1	7.796886	-7.680278	7.437719	7.004003	-0.374211
2358	1	7.229352	-9.483170	8.101661	6.445594	1.538569
2365	1	-10.500861	9.666668	-8.132732	1.437425	8.078480
2366	1	-10.283589	5.927013	-3.634345	1.303804	6.871960
2401	1	8.082736	-8.484038	5.853954	5.532556	-0.617784
2405	1	-10.745840	4.268713	-6.429480	0.490299	6.753636
2406	1	3.293239	-11.972684	8.584879	6.910638	-4.974759
2407	1	-9.031031	7.572114	-8.168424	-3.638471	8.960591
2408	1	-9.741825	7.883686	-4.856319	0.314769	8.679826
2425	1	-13.656117	8.092036	-6.435801	2.526652	9.863630
2427	1	-7.220613	8.146978	-5.033727	0.675921	6.220403
2428	1	-8.207335	5.051772	-2.035024	2.411892	7.121145
2432	1	6.306068	-10.902089	6.775175	6.306904	3.180204
2439	1	8.287432	-9.005641	6.764715	8.023021	-2.024208
2440	1	7.032199	-3.626505	7.360017	6.485734	-1.206478
2443	1	8.977508	-3.318554	3.076858	6.552624	-1.009836
2459	1	-11.067496	5.461156	-0.947128	1.552334	8.047811
2468	1	-6.775855	6.067911	-1.406278	-3.062469	1.554507
2469	1	-12.532266	7.957314	-5.043729	1.178410	7.147395
2473	1	-16.719097	5.896545	-5.313972	0.774960	8.032224
2478	1	5.817823	2.091121	-5.938009	3.597749	0.175783
2480	1	6.488715	-7.498778	3.301576	7.243479	-0.776168
2481	1	-8.708182	6.132241	-9.550596	-4.056494	5.638625
2485	1	-11.642369	6.213667	-3.434919	-1.125136	6.915244
2498	1	-7.864299	-7.871211	7.246090	7.627400	6.834120
2501	1	-8.878947	6.688433	-7.566738	0.972934	8.327148
2503	1	-14.483697	-0.474449	6.941914	5.114357	6.624764
2514	1	-14.958699	6.029459	-5.611258	1.154157	7.542928
2517	1	6.698513	-8.911609	7.951595	6.568535	2.037545
2518	1	-9.546290	5.597180	-7.163012	3.800106	8.264970
2523	1	6.279426	-3.856488	6.337520	5.630455	1.084241
2527	1	-5.733016	8.312340	-4.532647	-1.522776	7.264561
2530	1	-10.150574	8.036547	-7.525177	0.504231	7.172810
2535	1	-9.911402	8.313435	-4.617123	0.567657	6.916155
2539	1	-12.099790	6.611756	-0.052009	-3.017185	8.964433
2543	1	-7.710626	8.396557	-6.282627	2.471291	7.090030
2547	1	-5.237676	9.071903	-7.398955	2.470079	6.339598
2555	1	6.928625	-9.902164	7.043610	5.866586	-0.509340
2567	1	-7.871501	7.517972	-5.450746	-2.788374	8.569290
2579	1	-9.224641	6.525365	-2.804298	1.272118	8.326785
2598	1	-7.241785	-4.371642	5.569845	3.566700	5.575325
2609	1	8.290850	-12.781412	8.771706	7.408940	-2.100667
2611	1	-9.854079	3.398978	-7.997841	-0.012502	5.179574
2614	1	6.814334	-9.523003	5.580623	6.837932	0.465966
2623	1	7.528898	-10.687869	8.147992	7.027153	-1.382273
2635	1	5.598889	-8.068259	-4.058333	6.432514	1.886172
2638	1	8.811788	-11.053657	6.084083	6.624387	-0.566687
2645	1	7.171780	-7.038728	8.021556	6.897662	0.417211
2649	1	0.073015	8.321240	-5.922303	-0.416384	2.099569
2656	1	5.427613	-9.451807	9.487947	4.704462	4.039814
2667	1	-8.060460	6.512535	-8.350894	0.933208	8.477676
2673	1	-7.349265	6.569434	4.455397	0.110111	8.156598
2677	1	-12.180968	3.785833	-4.508231	6.850815	8.364751
2678	1	7.999771	-3.280090	6.447692	3.967873	-0.065414
2682	1	-10.028704	7.489449	-5.585049	-0.636906	9.569701
2700	1	-8.323648	8.812881	-6.344251	-3.228078	6.542553
2708	1	8.397636	-10.816035	5.525019	5.984746	0.342398
2718	1	6.965894	-14.541916	7.875723	6.323869	0.800016
2719	1	-7.849148	7.508342	-8.236449	-2.006219	6.599880
2736	1	6.946741	-11.153105	8.553798	6.486579	0.785792
2739	1	-10.360685	8.941604	-5.561028	-1.298381	7.775206
2752	1	6.593957	-2.989531	7.120886	5.298525	3.185065
2756	1	-7.354939	7.632129	-6.765261	-1.418061	6.537450
2774	1	-13.733792	6.997772	-5.916255	0.895731	6.232647
2776	1	6.508988	-4.166724	8.376581	5.770424	-1.155149
2779	1	7.323427	-8.051459	6.265383	5.543685	3.066172
2782	1	6.569825	-9.836207	8.089119	8.500314	0.575322
2786	1	-11.464130	6.533177	-7.395297	0.087484	6.772782
2798	1	5.011815	-13.119488	9.330917	6.102769	3.233120
2800	1	-6.274655	6.729904	-7.738584	3.446132	4.835339
2816	1	6.613579	-6.158972	6.625687	5.045235	-0.487519
2828	1	7.909683	-8.564599	5.905377	8.329671	-1.649919
2855	1	5.860744	-9.502359	5.207864	8.341739	-0.539213
2861	1	8.085812	-4.867940	-3.811911	3.487917	2.443478
2866	1	-7.881121	5.214540	-6.565580	2.101807	6.990186
2887	1	-12.152479	7.191626	-3.922062	-1.156714	6.732499
2890	1	7.778312	-10.362832	7.114473	6.701544	2.101313
2891	1	6.536028	-9.270969	8.253033	4.423776	-0.607573
2895	1	7.254117	-7.024536	6.316752	6.450370	2.083382
2897	1	6.986432	-7.333770	6.579317	7.013812	1.403186
2898	1	6.130138	-8.052197	8.605574	5.933565	-0.823912
2901	1	6.186050	-9.174856	6.700132	6.615056	1.308885
2910	1	9.238251	-11.868145	6.881664	6.308348	-3.961658
2911	1	-9.300630	9.086265	-7.176158	-1.365239	6.758680
2924	1	8.651095	-5.744264	-2.315976	7.089181	0.310330
2927	1	-8.469992	9.344320	-1.221547	1.668178	6.695820
2929	1	-8.387573	6.901534	-4.443461	-0.061132	7.548735
2931	1	7.172785	-12.712187	9.287810	6.522248	3.751468
2935	1	6.077214	-4.116749	7.536226	6.724068	-1.110471
2938	1	-9.007215	7.104349	-6.339320	4.366200	6.533426
2948	1	1.203329	5.458971	-5.225640	-1.440779	2.767107
2953	1	-8.890247	9.875666	-5.096535	3.260482	8.141315
2957	1	6.843328	-4.173041	-3.043430	5.068822	-1.523977
2966	1	7.773297	-9.378713	6.703891	6.627874	-4.163044
2968	1	-9.013003	8.663865	-5.233857	-0.134187	4.508877
2972	1	-10.607854	7.499321	-2.846793	0.657486	7.530604
2973	1	7.926299	-6.993686	6.609687	9.451921	-0.702061
2978	1	-5.571856	7.178901	-2.919470	4.415000	5.447907
2980	1	5.169110	-16.035077	8.223407	7.391651	4.470470
2991	1	-11.373798	7.775038	-3.159093	0.019617	8.952732
2998	1	-14.875316	8.125363	-3.346613	-0.887652	8.562942
3011	1	6.744217	-11.878305	6.318824	3.909550	0.914643
3018	1	6.945201	-8.863186	7.690449	6.568522	-1.012219
3023	1	8.280513	-0.586257	8.086294	3.499076	0.235003
3041	1	7.361785	-10.913574	8.756020	7.197718	-1.686933
3048	1	8.141161	-12.442547	6.696139	9.265449	0.222101
3051	1	-14.636896	7.429418	-7.371662	0.617222	8.515851
3053	1	7.085111	-10.743828	7.033302	9.407067	0.260484
3071	1	-11.144592	8.231526	-3.004108	-1.721716	6.923877
3084	1	6.311773	-8.796222	7.063159	5.915622	5.632786
3087	1	8.495096	-5.427168	7.657474	9.823271	-2.160783
3095	1	-4.572739	-6.600193	9.345995	6.743430	6.856621
3096	1	-5.599772	9.059538	-4.445079	-1.986900	8.584549
3101	1	1.858008	-9.511377	6.859173	7.994308	2.016201
3116	1	5.429424	-0.006633	7.654695	8.067503	0.961020
3119	1	8.375815	0.275156	0.260635	-0.706969	-0.254337
3121	1	8.751990	-12.217139	6.949064	8.841891	4.605607
3130	1	-8.948576	7.001875	-9.470159	0.029525	2.940674
3138	1	-7.548641	6.604433	-5.136236	1.856546	1.681340
3142	1	5.261007	-9.717844	6.671395	7.277496	-1.919577
3163	1	8.030606	-6.416694	-2.708908	5.729546	-0.646372
3194	1	6.967250	-3.101559	7.285748	3.268708	-0.374335
3199	1	4.983932	-10.338574	8.341966	6.942340	3.688107
3203	1	6.787099	-8.960194	7.793778	7.033401	2.185707
3207	1	5.923988	-13.262487	6.832800	8.589391	2.838709
3213	1	-11.384243	6.858404	-7.791161	-0.910811	8.356896
3217	1	5.763646	-8.670210	8.568533	7.660325	-1.515272
3230	1	-12.608143	5.877322	-4.636574	1.017935	6.067127
3238	1	-13.883624	7.321036	-8.058692	-1.378411	5.234551
3259	1	7.984970	-2.040966	5.980463	4.598275	-0.070208
3261	1	-8.378936	6.711121	-4.944739	0.522910	6.114096
3264	1	-9.261528	7.948770	-8.037978	1.035441	7.266573
3266	1	-5.433580	6.601518	-2.721060	0.019570	7.761915
3278	1	-8.263547	-1.605595	6.759007	7.124741	7.430802
3284	1	7.006759	-10.056857	7.215478	6.703910	1.926661
3286	1	-15.049840	8.300892	-7.159807	0.008619	8.279942
3289	1	6.929257	-6.612471	6.963967	6.671089	-0.066679
3295	1	6.907707	-10.727282	8.002809	7.888278	-0.911473
3310	1	6.263735	-6.396865	8.467963	6.307300	-2.835422
3311	1	7.267003	-10.163470	8.279422	6.515366	-1.735613
3312	1	-7.617625	8.437511	-3.386592	4.046956	7.435556
3319	1	6.158993	-4.705865	6.356150	6.202925	2.362696
3344	1	-12.194641	8.614874	-7.087838	2.273871	3.991886
3346	1	5.015388	-2.244296	-0.780022	5.122390	-2.664948
3352	1	6.384929	-5.200941	7.019264	8.696952	1.689505
3359	1	6.364794	-12.443667	6.446156	8.288262	-0.174348
3368	1	8.506245	-8.501031	6.768863	4.669033	0.608633
3369	1	6.441858	-5.662231	7.422028	8.818145	0.998895
3373	1	-9.978759	6.232593	-8.357924	0.212003	6.558977
3379	1	8.328651	-8.973207	8.309541	6.212494	1.978454
3385	1	-8.079929	5.446890	-6.658827	2.557230	6.397319
3386	1	7.120114	-6.703068	6.743398	5.826319	0.215529
3394	1	-10.420495	6.947843	-6.250238	1.038910	6.814760
3399	1	-6.381174	8.218644	-4.159690	3.365760	3.104343
3404	1	-10.389897	6.404241	-4.210696	1.223925	6.656770
3412	1	5.654689	-10.153388	7.116084	9.037952	-1.642866
3424	1	-8.100003	7.510425	-2.969971	2.620903	3.733214
3426	1	8.049141	-12.041948	8.588719	8.238692	-1.227968
3431	1	6.513106	-0.282385	0.120663	6.542836	-0.720960
3440	1	9.127409	-12.400796	8.364820	7.728588	-0.942490
3452	1	-10.381837	7.803033	-3.701305	-2.536816	4.697906
3456	1	-11.559390	3.773193	-0.068110	-0.997844	8.537760
3477	1	-10.836989	7.327524	-3.961670	1.115297	6.937244
3479	1	-10.508855	7.967188	-7.359399	1.195971	7.112839
3483	1	-12.136168	6.482539	-4.801991	-2.050707	9.049859
3488	1	7.283657	-7.324399	7.960241	6.918634	-0.472567
3506	1	6.713134	-2.986561	-2.313054	5.835578	3.212759
3508	1	-12.464133	3.930242	-6.084443	4.084158	6.318090
3509	1	-8.993100	6.438639	-2.428498	-2.739071	4.114671
3510	1	-7.124244	6.284043	-3.309060	1.409373	8.991609
3517	1	-11.790070	6.756906	-3.831903	-2.082791	6.608325
3520	1	-10.090787	6.388283	-4.197031	-0.808927	7.572335
3526	1	8.221288	-5.288839	-2.484756	6.760931	0.948878
3529	1	-8.611068	6.137559	-5.647288	0.227470	7.454198
3541	1	-5.640077	-4.462747	8.493661	7.187738	8.005989
3549	1	4.446964	1.871388	-5.793203	1.001965	1.024879
3560	1	-9.543849	6.410846	-7.232368	2.445814	7.544519
3562	1	7.739362	-4.516471	7.079869	8.719187	4.441540
3567	1	-6.775421	6.046293	-4.658154	-0.901449	6.217270
3569	1	-9.043770	7.670231	-5.942045	-2.096121	7.333219
3572	1	-11.445849	8.222879	-5.371389	2.973555	6.108177
3574	1	9.250139	-7.507312	9.018667	6.600225	1.083146
3585	1	7.560872	-11.533382	5.389912	8.052629	0.535298
3627	1	-14.117819	6.191147	-3.618581	0.898333	8.176765
3630	1	-9.560544	-9.168952	8.176592	5.701825	8.516078
3631	1	6.973633	-4.577718	-2.053123	8.030531	-1.869006
3633	1	6.490331	-8.163827	6.753135	6.319144	0.432410
3641	1	8.359911	-14.176613	6.515162	6.259753	1.379423
3649	1	-13.644728	7.315223	-2.447982	2.502249	7.807321
3653	1	5.815679	-6.390432	9.653705	5.171125	-0.708928
3659	1	5.065961	-6.852928	8.346279	5.882364	-0.060210
3660	1	7.582178	-9.581140	6.617050	7.079815	-0.078590
3667	1	-11.417625	5.738075	-6.251067	1.599850	8.338918
3670	1	-8.435510	-5.413553	6.874587	6.253379	5.174726
3674	1	-6.910270	6.550819	-6.675461	0.689696	6.779068
3675	1	-12.457877	8.322512	-2.797189	3.078698	8.635724
3676	1	5.777151	-11.059262	7.424299	9.433220	1.097551
3681	1	-7.474967	-2.142802	5.629910	7.087272	6.770400
3693	1	-4.867833	6.139429	-6.480853	1.176842	5.510610
3704	1	-13.724872	7.535256	-5.950593	-0.322121	6.687945
3724	1	6.603769	-3.241701	-2.921430	8.245440	1.870750
3739	1	7.608200	-7.720255	7.570798	4.539308	2.940784
3757	1	8.505228	-10.622870	5.226462	6.525995	-0.222453
3769	1	-6.930131	8.372277	0.012028	4.774089	6.147449
3785	1	7.648396	-9.730548	7.244788	6.004730	0.363548
3790	1	-14.992033	6.660042	-1.241111	1.258520	7.206267
3796	1	-4.504169	6.490754	-3.284691	-0.134481	7.422484
3797	1	-9.031041	6.994438	-4.218825	3.889055	3.948887
3801	1	-9.990406	2.595933	-3.770310	4.437114	6.056663
3812	1	-6.702955	-6.399613	7.231969	9.075265	6.738080
3820	1	6.706875	-14.026685	6.118970	5.267697	-2.566968
3827	1	6.987294	-7.501007	7.811865	9.683535	0.841021
3828	1	7.453262	-11.504273	9.018127	7.519146	0.762187
3834	1	-9.529731	4.076093	-5.537086	3.387035	4.776780
3848	1	-2.500121	7.133424	-3.443089	0.841441	5.750072
3850	1	7.464160	-13.375046	7.193331	6.122663	3.587112
3862	1	-0.757582	8.218785	-4.539586	2.214629	4.945063
3869	1	8.074409	0.482757	-1.746882	3.278513	2.667562
3871	1	6.510531	-7.339918	6.463329	6.174090	-2.086164
3880	1	8.170017	-8.854155	6.818041	6.717120	1.851364
3881	1	-11.563675	6.069622	-6.786264	1.778547	8.834455
3910	1	6.385166	-13.223160	7.140978	7.386663	3.889308
3921	1	7.277536	-8.920426	6.640664	4.438638	-2.041218
3923	1	-9.378884	6.696077	-7.605480	3.540783	7.208678
3934	1	-15.713327	4.619082	-3.058356	1.133320	4.543796
3942	1	8.613799	-2.524890	8.245912	8.727682	-1.595841
3958	1	-9.979576	6.990862	-6.576036	-1.720282	2.403600
3974	1	-11.898842	7.472706	-7.087156	1.886179	6.159947
3980	1	-1.834451	6.511200	-5.932839	1.418071	4.900587
3984	1	6.215784	-12.948409	4.982444	5.164139	-3.312523
4000	1	-9.454818	7.779167	-2.588170	-0.036404	7.235306
4007	1	-10.317097	5.255745	-2.441541	2.747638	6.810265
4010	1	5.041792	-1.744660	-2.168229	6.662224	-1.929917
4028	1	7.564688	-12.710586	6.711156	6.991648	-0.051499
4048	1	-10.479232	4.769094	-6.270461	0.672616	7.756790
4050	1	-2.461340	-5.970126	6.550121	7.159779	7.623093
4055	1	-13.359188	8.377713	-5.328957	1.103960	9.396606
4061	1	-11.685091	8.430661	-6.688659	0.098383	8.856279
4062	1	7.406074	-12.023643	8.904858	7.134858	-4.394450
4068	1	7.981281	-3.840048	-2.007393	6.363870	1.568964
4073	1	4.800707	-9.570021	5.335740	6.634322	0.701038
4075	1	5.332418	-9.507001	4.503021	6.720127	-2.090010
4077	1	-13.443151	7.062437	-4.218913	0.983673	9.082812
4084	1	8.181273	-8.521290	7.258541	8.673194	-2.924164
4089	1	7.016776	-4.308565	-1.961582	8.402906	0.992270
4091	1	6.349165	-7.828980	6.802446	6.430857	-2.416897
4097	1	-16.334221	6.233966	-10.077487	0.178779	7.115116
4099	1	1.326380	7.608754	-3.008960	2.721961	4.219535
4116	1	-2.210099	-7.043115	5.523453	3.920349	5.031014
4120	1	-4.746439	7.569438	-3.205799	-0.239322	1.167252
4123	1	-11.763597	7.724568	-5.900184	-0.723534	8.575908
4124	1	8.419827	-11.390919	9.393068	8.501473	0.200360
4145	1	-8.984655	9.147017	-2.506791	-1.241136	7.039729
4146	1	-13.379919	8.308810	-4.780428	-3.621188	7.383072
4153	1	-6.244926	7.311288	-8.451060	-0.617578	5.935152
4164	1	-13.870439	5.873085	-4.379837	-2.938043	8.673401
4176	1	6.558703	-9.997656	8.036525	9.265989	-0.014685
4191	1	-7.480370	8.362760	-4.158805	0.112947	2.900550
4194	1	-3.279497	-2.412441	4.379493	8.270184	6.504803
4196	1	8.553721	-10.163221	7.722536	5.941561	-0.126724
4199	1	4.877260	-8.906264	6.271510	5.648864	-0.847116
4206	1	-9.594714	7.544017	-6.440723	3.536902	9.189145
4219	1	-10.278860	4.833049	-8.483850	0.698202	7.777422
4223	1	-3.168162	8.604636	-5.449324	2.130066	2.419632
4224	1	-10.922277	7.562657	-6.226350	0.462223	6.161856
4242	1	7.275981	-7.978017	6.573875	6.049308	-1.068279
4254	1	-8.679820	9.258674	-3.616711	-2.151530	8.314504
4258	1	7.122388	-6.894779	8.128000	4.458730	1.379080
4264	1	-8.415166	7.083307	-5.971365	-0.433524	5.767438
4271	1	-10.191221	6.240504	-2.869066	-0.106677	9.787242
4272	1	-14.146736	5.971843	-6.210498	0.704378	6.954168
4274	1	6.894712	-5.518367	6.341846	2.827788	-1.502305
4275	1	6.401909	-14.601421	6.430549	9.674892	-1.268597
4295	1	7.111361	-11.816323	7.148519	5.761707	-1.483464
4320	1	6.759425	-9.032424	8.228532	7.525937	2.457656
4327	1	-11.533149	5.796582	-4.512953	0.121683	6.107476
4332	1	7.236366	-10.647338	6.705622	8.094144	-1.872672
4335	1	-7.990322	8.676751	-8.022708	-1.136583	6.657482
4349	1	6.294376	-11.014320	6.770759	7.254777	0.256478
4362	1	-6.586531	6.114863	-3.589174	0.343080	2.047267
4364	1	-11.594232	5.555697	-6.424330	-1.117385	7.811615
4385	1	-7.788199	7.082198	-4.260973	-0.966265	7.208190
4389	1	-9.099411	7.400758	-5.212038	-4.156209	2.750207
4397	1	-12.914069	5.829448	-10.761295	1.590946	6.979685
4404	1	-8.434365	7.023560	-11.534807	-0.289495	4.431766
4406	1	6.733929	-3.911730	8.479947	4.162036	2.586824
4409	1	-7.915657	6.921447	-6.039451	-1.989401	5.500383
4410	1	6.688283	-5.779114	-2.785921	5.323197	-2.034321
4414	1	1.950202	4.205028	-7.235265	-2.762924	-0.040130
4422	1	-11.581828	6.346248	-6.086407	2.954870	7.069836
4423	1	7.812034	-5.391986	-0.592673	8.742304	3.287214
4428	1	7.668585	-8.457699	7.479298	4.922046	-0.225753
4439	1	8.741285	-4.913197	6.895928	2.792302	-0.219806
4442	1	6.444052	-11.766529	6.316528	6.071418	1.176485
4447	1	7.837211	-9.408066	6.760291	6.993902	-0.174250
4452	1	-4.987527	6.578599	-9.242354	-3.280872	5.565074
4494	1	7.569405	-9.854300	7.371792	5.882253	0.996373
4505	1	-9.016577	8.005332	-5.732150	-1.677460	3.174230
4510	1	8.169002	-3.714234	9.282701	6.779217	1.287759
4517	1	-2.677183	-1.668398	7.192696	7.333462	5.815544
4518	1	3.229027	-6.580491	7.387767	6.876637	4.875094
4521	1	-13.086068	6.333735	-2.774387	-2.768679	6.773594
4523	1	9.377316	-9.626660	4.669867	7.998025	-0.796862
4525	1	-10.092651	5.681123	-5.258710	-1.734855	7.269508
4535	1	-9.225235	5.944297	-2.866739	1.827329	7.753645
4538	1	-11.675153	8.393247	-1.997759	1.930985	7.879751
4546	1	3.378528	6.381350	-1.917509	0.225965	1.418254
4550	1	-6.155482	4.557465	-2.989684	0.444657	3.965400
4555	1	8.023385	-14.089764	7.608143	8.027849	1.349840
4566	1	7.524474	-12.468015	6.597402	7.622725	-0.948544
4570	1	5.450685	-9.140808	-0.206104	4.749521	-1.410115
4576	1	7.860701	-6.099274	8.986424	5.277168	1.464414
4580	1	-7.049885	7.648920	-6.069231	-3.701376	6.571615
4582	1	-7.301285	7.276343	-8.172404	1.346699	6.411892
4584	1	-7.813440	6.511268	-3.323430	0.611508	8.822871
4585	1	-7.897665	7.528985	-9.297109	2.152235	6.113378
4596	1	-5.253776	6.255970	-7.488207	-0.866962	2.584225
4597	1	-7.274752	6.687040	-3.476861	-0.635563	6.303155
4601	1	7.467081	-14.773710	7.291437	6.686959	0.473941
4604	1	-11.124644	7.727823	-5.654019	0.324992	5.633926
4609	1	6.457825	-12.272923	5.373296	7.142046	1.116338
4624	1	7.268617	-8.992095	7.425704	5.822396	2.566770
4644	1	-11.049963	8.135899	-4.839976	3.370544	8.836550
4664	1	-8.347059	8.928963	-8.999373	2.466759	5.286985
4668	1	-6.237844	7.049592	-6.641812	-0.570903	6.472390
4675	1	-10.477955	6.787515	-5.465431	3.679250	6.421256
4687	1	-9.868245	5.502292	-4.860065	-3.126641	7.384234
4696	1	-10.648523	7.632472	-6.951624	-1.245109	7.295652
4699	1	-12.798685	7.707728	-4.288385	1.835447	7.739142
4700	1	9.159505	-11.716872	6.915759	5.824769	2.003371
4704	1	-6.650751	6.993662	-8.235520	-2.632302	6.510624
4706	1	8.907338	-4.949613	6.707943	7.532087	-0.331666
4708	1	-9.567388	6.904011	-6.670228	-0.086451	6.673649
4709	1	-14.075001	6.672073	-5.449058	2.393824	7.959409
4710	1	7.163178	2.552559	-4.019616	1.858540	-1.385829
4714	1	-12.903476	6.472178	-2.837616	3.048182	6.569711
4726	1	-12.079914	4.209650	-6.560605	3.774986	9.258604
4728	1	-7.392150	6.011802	-1.427471	-5.337511	4.126436
4746	1	-13.712439	6.459300	-4.442821	-1.473532	6.915117
4748	1	9.313875	-3.813033	-3.442350	5.231039	-0.273363
4750	1	-6.922918	7.407389	-2.946759	1.328962	8.081583
4752	1	7.494355	-10.540732	5.325825	7.561487	1.870701
4762	1	-12.416651	5.116072	-1.338782	1.586537	5.881999
4764	1	-11.485585	7.808625	-1.408573	2.013512	5.638034
4768	1	5.675875	-12.342449	9.610081	6.823111	1.456671
4779	1	5.672173	-3.702474	8.661818	7.292294	-0.327113
4781	1	7.135741	-11.834158	7.567400	6.501876	-0.547169
4788	1	-4.440689	9.058687	-7.364108	0.125705	5.329968
4791	1	-11.437542	8.132797	-7.703645	1.336591	7.866646
4794	1	-3.433345	-2.956977	7.789211	5.933850	9.185044
4797	1	-11.997217	8.347391	-5.598766	-1.661614	6.941498
4799	1	-0.485435	-5.554547	9.056021	4.961528	5.877563
4807	1	6.229739	-5.820618	7.672098	7.687514	-1.079030
4833	1	-11.760431	8.764568	-4.141768	0.435761	6.809374
4840	1	-11.464997	8.875021	-7.418262	1.175073	5.814764
4853	1	7.732983	-7.358088	6.702984	7.864146	1.920267
4869	1	7.149811	-11.137983	7.075256	7.999862	0.375373
4878	1	5.380505	-8.803200	7.913618	7.911543	0.957220
4880	1	-9.692854	8.805748	-5.351645	-1.651577	7.505834
4891	1	-9.246899	6.338031	-6.835717	1.251637	6.819674
4892	1	8.127967	-13.149894	7.448313	6.385818	1.523295
4894	1	6.175315	-6.825901	9.122584	9.310398	-1.288594
4899	1	3.208026	-12.691718	6.928359	4.508256	7.272237
4916	1	-8.841038	6.057946	-3.859003	1.336955	6.315583
4917	1	-6.215887	7.966205	-8.722966	1.380084	2.766673
4918	1	-5.612785	9.471144	-3.329882	1.338127	5.512404
4928	1	6.957698	-7.238727	8.302742	7.381270	-0.869376
4929	1	-3.956897	5.854752	-8.031196	1.689172	7.342863
4939	1	6.261841	-11.970687	8.517693	7.250850	-0.003045
4971	1	-6.448423	9.044606	-6.144226	0.121673	8.219788
4978	1	7.289424	-8.342482	5.071576	7.927367	-1.738918
4985	1	-12.505609	6.349822	-7.726501	-1.006248	6.353301
4986	1	-9.744525	7.022349	-6.896176	2.995542	8.964280
4993	1	-7.888594	6.743992	-5.709527	0.260512	7.582511
4994	1	8.336090	-6.252727	9.032633	4.408190	-0.263585
5002	1	5.482338	-7.535700	6.866985	7.776512	3.453547
5005	1	7.560053	-7.023437	9.215011	6.741961	0.600198
5015	1	-8.049518	6.993870	-7.292638	-0.078316	8.979650
5046	1	-8.732512	7.385078	-5.324153	1.991373	6.888078
5054	1	-11.311940	6.977825	-5.644759	-0.892964	6.164813
5056	1	-6.229909	9.482463	-5.281407	1.244989	6.898976
5059	1	-12.359637	7.296776	-4.277806	-2.269244	7.089241
5061	1	-11.748932	8.477843	-7.010279	0.125336	7.774310
5078	1	-8.296289	4.100374	-7.252726	4.006431	8.611058
5082	1	8.181843	-11.663201	7.678744	8.824013	0.197370
5091	1	-9.035863	6.337612	-6.067386	1.558926	9.450173
5098	1	-10.548773	3.844538	5.631086	1.180414	6.964394
5116	1	-13.108378	6.689568	-5.891795	0.501950	6.992320
5117	1	-10.766827	7.258301	-4.642236	-1.430574	8.853548
5120	1	5.498267	-9.819596	7.074025	6.436290	-3.131389
5129	1	-7.523060	5.250190	-9.413917	1.864413	7.986040
5147	1	7.463955	-10.376811	9.373297	6.656330	2.146519
5157	1	6.170095	-11.609177	7.009871	6.277091	1.116375
5158	1	-6.961775	6.962945	-1.442620	-0.765225	6.424621
5165	1	-14.563933	8.850590	-4.774671	2.114136	6.458910
5176	1	5.493805	-15.010416	6.466641	3.815367	4.370375
5178	1	-10.879409	8.585599	-6.346234	-2.956721	6.793345
5180	1	-15.119882	7.361559	-2.466931	-0.605925	6.863187
5197	1	7.518828	-6.955115	6.933800	5.084508	-2.869247
5199	1	6.272792	-5.717279	6.710647	5.699237	-2.004539
5206	1	5.974136	-9.338682	8.386028	7.493878	3.439824
5209	1	-7.538891	-1.786438	5.803908	5.084034	7.123488
5211	1	-6.421910	7.503198	-5.293760	2.301892	8.746317
5215	1	-12.258216	6.011903	-5.776063	-0.527090	5.913436
5223	1	-11.649113	6.745575	-7.977703	0.346761	7.997971
5233	1	-12.611878	8.555937	-7.660455	-2.154368	9.015251
5241	1	6.928784	-12.307512	6.795251	6.971247	2.477756
5255	1	4.712933	-8.874440	6.604422	7.006818	-3.795666
5262	1	-9.276813	6.764050	-6.889096	-2.075391	6.812828
5270	1	-10.866513	7.729142	-5.939510	-3.038638	6.356306
5285	1	-6.395821	7.723562	-5.762339	1.866080	6.472526
5290	1	-8.474163	9.619119	-1.822009	0.194097	5.005983
5291	1	7.322903	-11.376390	5.831936	6.496814	-1.264713
5293	1	7.918122	-5.620825	5.615430	5.790708	-0.819962
5319	1	6.957910	-14.683824	8.226174	6.704749	0.633432
5320	1	7.986199	-6.959741	7.023116	5.871387	-0.027395
5324	1	5.660952	-7.716553	7.241119	7.041732	1.331524
5331	1	6.567954	-2.953526	3.519777	6.518561	-0.445124
5334	1	-8.893529	8.047949	-6.237043	-2.391051	6.306625
5336	1	-8.552741	8.178127	-7.074875	2.272815	6.264520
5347	1	7.134582	-3.271941	6.740445	6.280121	0.049306
5349	1	6.017646	-11.374702	7.478967	6.684654	1.956543
5355	1	-11.197812	5.858461	-7.733292	-0.038072	7.598036
5358	1	-9.212637	8.561872	-7.069115	-1.263519	7.570687
5369	1	-12.224324	7.257636	-9.041487	-1.234466	9.389496
5371	1	6.242638	-10.967744	6.863247	8.735683	-0.273454
5378	1	-6.566167	6.882136	-7.345585	1.479178	8.432888
5384	1	-11.911646	6.103558	-6.955903	-5.539273	5.322226
5387	1	-7.875198	9.113321	-3.452498	0.262503	5.778547
5388	1	7.087933	-6.475863	5.775166	9.396050	1.437520
5389	1	6.432357	-5.274762	-2.945457	6.715042	0.575234
5390	1	-5.762732	8.044609	-5.324781	1.610688	3.409906
5410	1	7.234207	-11.688090	7.745971	6.552428	0.121098
5419	1	-9.593251	7.331826	-2.406961	0.286506	6.692474
5442	1	6.854243	-12.622300	6.709947	6.059100	4.849298
5444	1	-6.807677	8.954515	-5.154910	0.510678	5.578358
5462	1	6.248856	-11.558545	6.183752	9.388182	-0.414872
5463	1	-7.365489	6.932432	-3.324194	-0.514596	9.129593
5466	1	4.707173	-6.275850	7.569303	6.689937	-0.811728
5479	1	-5.133838	6.733061	-10.436213	-2.208234	3.588894
5484	1	6.646764	-13.384727	7.418409	9.560712	2.666548
5485	1	9.164733	-10.696062	6.500683	6.323714	1.261665
5511	1	7.782436	-9.626103	6.714975	6.876618	-0.846475
5520	1	6.813400	-9.000932	-3.088052	6.405491	-0.643490
5526	1	5.708084	3.506788	-6.412156	1.531463	0.453391
5531	1	-4.775894	8.482646	0.995393	-2.103835	8.880911
5537	1	6.713148	-2.484749	7.327784	-0.251107	0.276567
5539	1	8.726023	-9.551506	7.501228	7.404739	1.700130
5570	1	-9.502064	6.469550	-6.652745	0.972699	6.901080
5577	1	-8.148379	7.897720	-6.587302	2.110726	7.376366
5582	1	-9.544163	7.816536	-1.874304	-1.402782	7.956832
5585	1	-7.374509	7.184768	-4.855188	1.603897	5.127621
5599	1	6.629397	-6.513639	8.602289	6.662227	-0.173765
5600	1	-9.802071	6.557851	-4.784057	-1.400430	7.849781
5603	1	5.894744	-7.852163	8.348580	5.748405	-2.479233
5608	1	8.769538	-8.242641	-1.575984	7.185564	-0.826148
5615	1	-12.565132	9.544378	-8.148766	-0.151621	6.780492
5618	1	-11.704626	6.121219	-1.582307	3.030410	7.700812
5631	1	6.200375	-10.157093	7.490128	6.874056	-4.348531
5637	1	8.986015	-4.426607	7.384038	6.783623	2.855275
5640	1	-9.473866	5.852841	-6.035694	2.306791	8.951522
5648	1	-7.826692	6.863140	-5.023632	0.770602	6.023340
5680	1	-11.513267	9.070683	-7.288881	-0.916798	7.305479
5684	1	-6.185884	6.475601	-7.556425	1.029078	6.411480
5686	1	6.669323	-3.987999	6.342422	5.906081	1.743667
5697	1	7.597474	-10.184611	6.626453	4.852955	-3.465217
5703	1	5.990427	-11.494310	7.680812	6.658855	2.152669
5718	1	8.959221	-4.962282	9.324981	4.638973	-0.356492
5724	1	7.748489	2.095568	-4.643034	1.923686	1.353416
5728	1	7.287006	-10.405693	7.639585	6.693019	-0.268217
5740	1	-8.937838	4.507164	-8.584499	0.488889	6.378401
5741	1	-6.284098	9.053202	-1.360192	0.438594	4.496317
5745	1	-9.681170	7.410894	-7.660453	0.102872	5.076088
5766	1	-5.695856	7.768291	-3.429120	-1.117616	6.555026
5767	1	-7.335635	7.330648	-7.130981	0.932523	5.142627
5771	1	-5.546871	6.255630	-6.394124	2.043755	3.856827
5782	1	6.173174	-14.389821	8.856526	7.126827	0.549544
5785	1	7.248199	-13.347367	9.008113	7.891675	1.159954
5786	1	7.967301	-10.370809	3.585961	6.386709	1.713670
5795	1	8.417357	-6.739647	7.387325	7.244257	-4.072328
5805	1	7.055718	-4.426414	6.408091	9.224133	-0.390778
5808	1	7.099294	-9.595609	6.631402	7.271707	2.250953
5826	1	-4.144361	6.332068	-6.369435	1.455900	4.870754
5833	1	5.688538	-6.064339	8.321079	4.785513	-1.045590
5850	1	-14.791113	3.194931	-1.540102	2.613342	5.176917
5854	1	-9.492187	8.953510	-5.327686	-0.216651	6.456235
5865	1	5.558574	-10.793921	8.099713	7.172250	-1.201875
5871	1	-10.737852	6.824257	-2.313307	2.358631	6.655080
5882	1	-10.206588	8.412939	-8.543446	1.505299	6.888041
5908	1	-9.072877	6.736404	-8.548573	-2.972236	4.425290
5909	1	5.845464	-9.028377	7.195544	7.118005	-0.306503
5911	1	-13.828753	7.027639	-5.528939	-1.014762	9.756369
5918	1	4.419766	-8.775177	6.528235	5.807292	6.873948
5932	1	-8.946267	9.723485	-4.069241	0.869644	7.887519
5938	1	6.747170	-3.484440	-1.359175	5.017134	0.794416
5941	1	6.107234	-4.087094	9.780256	5.735327	2.053444
5957	1	4.963287	-6.227334	7.333580	6.413075	-1.646799
5960	1	-10.159469	6.669400	-5.320918	1.234237	6.956566
5961	1	-13.389221	6.059703	-6.823633	-1.009053	6.759278
5978	1	6.231581	-8.129492	8.880548	6.268516	2.085137
5996	1	-13.250917	8.787104	-11.558254	-0.019540	6.633050
5997	1	8.823975	-4.030502	6.976514	3.996515	1.386050
6000	1	-13.112580	8.337338	-5.414233	-0.899819	6.935909
6002	1	-9.708144	5.775579	-6.734333	5.734661	8.076182
6003	1	-6.948765	4.986733	-6.075061	-1.840052	6.502194
6012	1	8.531479	-8.708665	7.626832	7.648210	0.922124
6014	1	3.964903	-8.691163	7.102079	6.126871	0.943371
6023	1	-8.149123	7.240344	-8.768677	-1.607451	8.712485
6025	1	-12.514612	5.613717	-9.043668	3.406067	9.678238
6026	1	6.687500	-6.553017	0.162030	7.892881	2.610285
6032	1	-4.902851	-8.258539	7.908573	7.992341	7.968334
6038	1	7.243924	-13.671375	6.905514	4.748426	2.345773
6045	1	-11.542837	6.636315	-5.054537	-0.109642	6.488713
6056	1	7.492608	-6.559910	6.659175	6.476947	3.460433
6058	1	-14.794130	7.943514	-5.767542	1.484266	7.651897
6063	1	6.182116	-6.448907	7.943429	6.772557	0.325881
6064	1	-7.328509	8.275781	-3.970305	-0.318695	5.946166
6065	1	8.158194	-7.915215	5.490354	6.365557	-0.260862
6067	1	-8.204559	8.462204	-5.929778	4.800693	7.437838
6075	1	5.460680	-7.223426	5.147282	9.145784	4.572655
6082	1	-6.785409	1.258050	6.803936	3.853292	6.515183
6084	1	-10.851352	6.922851	-6.056165	-2.758067	6.741677
6088	1	7.967008	-8.899422	7.673350	7.909937	1.296215
6097	1	7.889711	-9.162718	6.903219	5.742015	-1.256454
6099	1	-12.773831	8.980784	-3.488812	0.250147	5.887553
6104	1	8.860502	-7.832640	5.455748	6.996770	3.251766
6109	1	7.906288	-3.001129	0.716865	7.389877	2.098487
6126	1	-4.096521	8.123000	-7.029355	0.977315	6.367883
6141	1	-12.110315	7.273491	-7.685255	-0.750180	7.322524
6147	1	8.085960	-9.962554	8.608598	5.062431	-3.699670
6148	1	7.794160	-14.586383	6.057642	8.445424	0.071783
6158	1	8.428359	-1.665686	-2.419541	5.390907	-0.512160
6160	1	9.549188	-9.815509	7.802076	6.921227	-3.939212
6176	1	7.859782	-4.032920	7.304427	2.339885	1.648453
6180	1	7.086609	-7.902228	6.766469	8.218220	0.751644
6193	1	6.650375	-8.131909	7.442634	7.451145	2.146720
6194	1	7.780367	-10.727726	9.035906	6.618987	-0.240296
6202	1	7.412743	-12.740028	6.987571	6.022537	-0.574205
6211	1	-12.916964	6.117177	-4.623122	-0.739585	8.166275
6213	1	6.423783	-8.071357	5.657847	5.051271	-4.021556
6235	1	4.215891	-9.110999	5.840017	7.264737	8.017871
6240	1	6.277404	-8.422929	6.786190	7.459859	3.840450
6251	1	8.449230	-6.046962	5.352324	6.866615	0.435194
6256	1	6.413512	-8.540223	9.087667	7.250299	-1.704740
6267	1	7.176045	-4.514575	7.761386	3.624349	-0.391410
6272	1	-9.587393	8.093240	-7.892684	3.175902	8.373315
6281	1	8.009152	-6.412102	7.690705	4.477656	-0.331480
6287	1	6.374710	-8.966995	8.417592	8.090459	0.092626
6297	1	6.225295	-5.673873	6.509548	4.428912	0.626562
6316	1	6.103257	-6.895825	7.310248	5.346104	-1.330732
6318	1	7.240980	-6.647625	6.796955	6.015166	0.508252
6324	1	-9.891538	7.580792	-4.903488	0.970691	9.179494
6328	1	7.982898	-5.938281	5.277840	7.678369	-3.294392
6329	1	-11.195646	7.913734	-6.222307	5.239654	9.796394
6333	1	-10.718171	8.355350	-3.489528	2.735892	8.024087
6348	1	-14.693170	5.985944	-6.747072	2.833968	6.827545
6349	1	9.318535	-7.352883	4.205365	7.005496	-1.860037
6355	1	-3.691664	7.182229	0.355077	2.999443	6.097343
6362	1	8.189733	-10.201741	7.673483	8.519339	0.821963
6369	1	7.751249	-10.663057	6.605492	5.597334	0.064686
6373	1	5.621300	-8.480614	7.445096	7.250704	-0.649585
6379	1	-7.147970	6.839433	-0.313160	-2.270406	5.750652
6381	1	6.303371	-6.330147	3.856744	6.305617	-0.578115
6382	1	6.106807	-7.943717	7.816314	1.945117	-0.102685
6397	1	-11.418740	6.512958	-3.763408	-0.119866	8.921348
6399	1	-6.265054	6.669339	-4.858547	1.432890	8.283101
6423	1	-11.959430	6.245900	-4.728891	1.347013	6.606149
6439	1	7.184894	-8.742164	6.345819	8.099270	1.378930
6450	1	-8.257792	2.371505	6.854370	-0.405597	6.215294
6451	1	5.529716	-10.184455	5.288428	8.807322	0.642035
6456	1	1.785712	-1.399907	7.296570	6.484864	6.040029
6462	1	3.456117	-12.709414	6.988730	7.589291	1.457229
6465	1	-11.188694	7.234172	-2.935751	1.483893	6.784385
6469	1	-12.406772	8.498386	-0.889535	-0.908195	6.890190
6473	1	-12.871030	7.811724	-6.254546	0.271182	7.588537
6478	1	-10.774737	6.228401	-6.398029	2.878243	5.678569
6491	1	5.215795	-7.483550	6.228086	4.727980	-0.443298
6493	1	-12.346084	6.205101	-6.696683	-0.009875	7.885501
6494	1	-9.536769	6.116723	-4.308935	2.381128	6.628374
6497	1	-6.319277	8.869071	-2.002035	0.856041	6.999557
6523	1	-9.910399	7.296260	-4.153356	1.846383	7.094423
6524	1	7.241903	-13.029841	7.374115	7.524419	1.288825
6530	1	-9.016694	5.870742	0.182237	-0.465136	5.733190
6532	1	-9.221268	-5.390589	7.538249	7.727702	6.674648
6534	1	7.147488	-6.874186	6.334394	8.560414	1.178295
6548	1	-10.352448	6.249435	-2.530505	-2.537706	7.827670
6558	1	7.928389	0.090780	2.308646	3.360966	0.981825
6559	1	1.800135	2.517598	-2.739634	-2.993084	3.031021
6571	1	8.359542	-8.058846	6.770374	6.434944	-1.976274
6577	1	-7.100128	4.432442	2.882296	0.228431	7.678549
6618	1	6.931303	-2.681998	6.637445	7.243269	0.444782
6621	1	7.955247	-10.646588	9.325354	6.559694	0.460806
6622	1	-5.849898	-4.059719	9.595816	7.028483	8.773461
6628	1	8.002540	-4.125661	7.199202	5.197609	-0.053471
6633	1	-4.303375	8.987888	-4.283493	-2.817520	4.161288
6638	1	-6.157775	8.048083	-7.583319	-2.328408	8.436111
6639	1	-7.255270	7.270454	-3.848963	-0.963416	4.389356
6645	1	-8.630760	6.558153	-4.792716	0.964718	6.193943
6650	1	7.885014	-6.675178	-4.802349	3.320682	-3.402198
6666	1	-9.298871	9.146534	-5.742864	0.333657	7.430092
6675	1	5.049004	-14.334112	7.214730	6.576971	-2.700041
6688	1	-10.399997	7.608446	-1.906415	-0.800868	6.641202
6691	1	8.026170	-1.689877	-2.739257	5.528755	-0.685314
6692	1	-9.986373	8.513232	-3.839555	-1.471669	5.985851
6711	1	4.432473	-0.861212	-2.129677	4.961627	-1.773870
6717	1	7.008312	-7.695838	6.514622	5.010066	0.744476
6718	1	-9.741411	7.135370	-3.529067	-1.367256	8.768997
6721	1	-13.573877	8.381268	-1.330163	0.981634	7.068760
6724	1	-0.737639	6.902289	-2.442363	-1.242034	7.786892
6729	1	7.964897	-4.214071	7.406626	3.072897	-0.475474
6733	1	6.720361	-12.217775	8.605926	6.098333	0.710607
6734	1	8.137005	-8.351562	7.758727	7.041124	-0.523182
6742	1	-4.184529	7.245572	-6.533033	0.910008	5.344144
6748	1	6.039354	-12.161253	7.443015	6.271703	-1.899910
6750	1	8.483917	-7.824037	8.988913	7.646332	0.136515
6755	1	-7.975173	7.460703	-2.092118	-1.683151	6.905135
6758	1	-12.174575	6.486601	-2.214920	1.863692	7.457544
6761	1	-7.574795	9.008174	-3.827532	1.666034	6.647069
6763	1	-8.602825	6.181809	-2.658076	1.759174	9.121042
6764	1	7.526148	-5.435598	7.048801	6.199943	1.225258
6769	1	8.221253	-8.370801	8.832402	6.238633	-0.777505
6774	1	6.675650	-4.112656	-3.264444	7.095481	-0.215003
6781	1	-13.666426	7.989041	-4.999043	-0.456872	6.142662
6783	1	6.478013	-10.643845	7.379130	7.460207	0.941949
6787	1	7.712375	-15.101832	5.137561	6.458594	-0.476657
6789	1	6.433877	-11.034588	6.556516	7.175163	0.066082
6798	1	-9.707912	6.552180	-6.452746	-1.491586	5.305419
6837	1	6.846193	-8.860880	6.576066	7.573035	1.215050
6841	1	7.004175	-9.223202	7.193287	6.871798	0.738223
6854	1	8.743932	-6.889847	6.910569	7.239044	-2.303687
6856	1	-8.720034	8.857447	-5.121867	-1.663409	6.092642
6863	1	5.715100	-8.578766	6.509469	7.520137	-2.392407
6867	1	-8.006669	8.798453	-2.638422	-0.455509	8.434820
6869	1	-7.958508	6.983511	-5.356252	0.644583	6.899470
6875	1	-11.399233	7.210333	-5.294256	-1.353272	7.836862
6877	1	-10.555734	8.245274	-4.150543	0.273379	6.797636
6886	1	-6.826969	7.839250	-5.267547	-1.087102	5.030193
6887	1	-10.244247	6.883086	-6.865935	0.459090	9.233935
6892	1	9.056824	-10.130918	6.770116	9.387661	0.661425
6905	1	7.600481	-7.872076	7.613328	6.791015	-2.064890
6911	1	8.116897	-12.465498	7.410722	8.232497	-2.278904
6916	1	-6.954636	6.904715	-5.744028	-2.387750	4.501454
6920	1	0.562267	-6.193576	8.164390	4.560572	6.456973
6921	1	7.583666	-8.125978	5.117217	8.231973	0.370773
6927	1	8.460887	-8.349536	6.926151	8.992721	-1.115854
6937	1	6.930980	-5.627075	6.843978	4.197106	2.369002
6938	1	-6.431578	7.971704	-7.583167	1.763787	3.427751
6939	1	-6.574147	7.811689	-8.922245	-1.077017	6.749076
6949	1	-13.290527	5.184918	-10.439754	-0.274095	7.316118
6995	1	6.907475	-6.406101	1.997183	7.278333	2.611152
7000	1	-7.902987	7.867728	-5.718925	-1.497343	4.944768
7004	1	-10.778612	7.654425	-6.569050	-0.203551	6.857340
7005	1	7.322021	-8.998833	6.915333	6.200032	4.703401
7006	1	-6.654602	-3.195966	7.456665	5.841672	9.128055
7031	1	-7.734710	6.742888	-9.293966	2.083793	5.571217
7054	1	-10.980124	7.962951	-4.104069	-2.750703	7.973131
7069	1	-6.098029	5.753133	-7.329234	-0.825983	4.200032
7070	1	-13.174581	6.930028	-6.147114	2.260013	8.074195
7076	1	6.359128	-9.954309	6.095753	6.219067	1.328210
7087	1	9.787979	-1.425668	4.792158	5.537385	-3.894944
7095	1	-7.005965	7.385803	-2.374224	-3.047615	4.709190
7102	1	-12.412322	4.713009	-6.654129	-0.617546	7.957985
7105	1	3.515638	3.584927	-5.500032	0.293183	4.557300
7121	1	8.303888	-7.847037	8.964346	5.152163	0.857923
7131	1	5.708401	-5.501942	-4.955508	5.581284	1.426865
7144	1	-10.542234	9.740081	-2.941443	0.950163	6.329697
7146	1	7.153314	-8.895428	6.650812	7.112526	-2.710593
7150	1	4.527851	-6.498944	8.141073	7.165264	2.146501
7158	1	-13.776509	5.502579	-4.074919	2.357941	7.718178
7171	1	9.503647	-12.563436	5.764215	7.698941	0.988693
7178	1	6.072190	-8.873117	6.768465	6.489871	1.265745
7179	1	-8.983453	6.605039	-5.284073	1.169181	6.398235
7195	1	-7.942579	6.718875	-6.961960	2.134145	6.351483
7202	1	6.730766	-6.336987	-1.551006	9.320253	-1.082154
7241	1	-12.489754	7.204719	-6.272403	1.527482	6.151175
7243	1	8.007786	-2.906246	-2.652816	8.109896	2.989580
7263	1	-8.795776	-4.197275	6.765887	8.803138	7.774867
7267	1	7.363164	-12.035969	7.938550	7.312586	0.473684
7275	1	-12.354280	8.611658	-6.319673	2.368152	5.933328
7278	1	6.220605	-6.724607	6.256537	6.273780	0.142363
7284	1	6.182212	-9.990380	6.342654	7.566970	2.450416
7289	1	7.623018	-10.691334	7.782234	9.471961	6.608103
7293	1	6.519446	-10.814678	8.254828	6.946441	-3.100055
7305	1	-12.158467	6.960116	-5.694131	1.004592	7.879960
7319	1	-5.943478	5.248000	-7.022623	-0.137830	5.352576
7327	1	7.308889	-12.751927	8.068561	7.105124	2.979321
7337	1	-11.190213	7.615017	-6.576173	-2.357864	7.617015
7338	1	-7.705862	8.786397	-5.360826	1.926990	6.458135
7354	1	9.164807	-5.681983	3.320281	6.869705	1.948088
7360	1	-12.905960	6.262309	-5.387025	-0.217135	6.664541
7363	1	5.655620	6.948721	1.681805	-2.771622	-2.528365
7365	1	5.447912	-9.104180	6.082128	6.672176	0.395649
7393	1	-13.794167	6.786033	-2.360946	-2.105962	7.821113
7398	1	-9.483907	6.021301	-5.494893	1.821041	7.984404
7400	1	6.332110	-11.579879	6.995626	7.897087	0.596565
7406	1	-9.351307	8.038379	-4.568184	-0.678695	4.784772
7407	1	-11.071845	4.530132	3.544694	0.920100	7.798725
7408	1	7.338131	-10.663347	9.502257	4.724743	1.936181
7410	1	-13.986373	8.141781	-9.596295	2.071043	6.210507
7412	1	6.721637	-8.814498	9.733945	6.664266	-0.414760
7426	1	-9.842981	7.852617	-1.862569	5.191313	6.720342
7428	1	5.606391	2.715230	-7.083050	-0.197295	-0.666802
7430	1	6.447646	-9.895949	8.940482	7.896960	-0.012745
7431	1	-14.560198	5.952200	-6.560242	-0.422801	6.601279
7433	1	-8.050866	6.864193	-6.948447	-2.487192	7.063154
7436	1	-9.471225	8.704079	-4.876422	-0.315942	6.965375
7437	1	-7.095119	5.339112	-2.790731	5.186111	5.491795
7438	1	-15.550672	6.230566	-4.974455	0.177181	7.588491
7440	1	5.460828	-9.725991	8.237443	5.352350	1.812786
7445	1	8.196750	-11.214653	4.455755	5.904127	0.562892
7459	1	-10.336894	7.035912	-6.168652	-1.378862	5.433144
7462	1	8.326338	-4.951137	7.106845	5.930453	-0.130804
7465	1	7.836009	4.760149	-6.122605	3.800567	-0.513258
7478	1	7.527741	1.362481	-4.032836	1.903721	0.105411
7484	1	7.199363	-16.920257	6.809832	7.960596	0.032092
7489	1	3.260589	-10.831260	6.478169	5.975934	0.555007
7518	1	-11.835320	7.148659	-3.451958	-1.310091	6.114301
7523	1	-11.719052	5.971169	-5.371742	1.224079	7.529108
7529	1	-15.035221	6.899004	-5.329309	3.063745	8.562886
7539	1	-11.767389	7.289741	-4.908399	1.322963	4.163257
7541	1	-4.944792	2.995580	-8.320756	-2.191157	6.746471
7551	1	-10.437618	-3.960787	6.137369	6.901801	5.667394
7584	1	-4.370783	8.478404	-5.835574	1.537852	4.790059
7593	1	-15.343798	7.440356	-3.461881	-3.418073	8.264728
7596	1	8.026778	-5.916320	7.862558	4.265742	4.871356
7598	1	-9.332883	8.116353	-4.605106	-1.594456	6.208992
7601	1	4.841979	-12.061854	6.409176	7.168101	5.729765
7606	1	-7.097821	6.700149	-7.329816	-0.839688	4.613292
7613	1	7.042926	-11.175155	8.022694	7.536211	0.451008
7623	1	-5.910314	8.804167	-2.758785	1.943870	5.687765
7628	1	8.934757	-13.051414	6.865796	7.389230	1.392637
7633	1	8.222575	-10.547148	8.449560	6.457712	0.090131
7636	1	6.215655	-13.879396	8.229605	6.549119	-2.848480
7648	1	7.563649	-9.632713	7.347582	6.881400	-0.759949
7662	1	-9.369822	7.915501	-8.699928	2.710694	5.916017
7670	1	-7.864199	6.555067	-5.723308	-0.287164	4.862888
7675	1	-6.097448	7.668360	-2.802063	-0.401831	6.190738
7684	1	6.339886	-14.018931	8.196905	5.848759	0.866709
7693	1	-8.258412	7.155730	-8.111313	2.889944	6.543243
7698	1	6.151439	-5.767535	4.810687	5.655371	1.484046
7712	1	-8.162787	4.915271	-5.651673	2.581945	3.707516
7719	1	6.039843	-12.545993	7.548559	5.833203	-1.280435
7722	1	-10.851704	7.201557	-5.113326	1.911032	7.294557
7728	1	7.175670	-9.927062	8.069379	7.251609	-1.022332
7731	1	6.889632	-6.230706	8.762416	5.337554	0.791000
7735	1	-6.128882	4.109138	-5.457059	3.234001	8.513663
7741	1	7.379558	-11.423797	5.888428	8.381747	-1.931878
7746	1	7.330902	-7.805212	6.893665	6.147849	1.260220
7770	1	2.415762	1.605683	-5.987380	3.803826	3.111598
7791	1	-11.382623	6.601573	-7.154874	2.592475	8.523187
7792	1	-8.914109	7.462183	-4.824246	-2.156062	6.927395
7794	1	5.439230	-13.056517	6.661649	6.420394	0.380846
7795	1	7.109985	-6.018806	3.749541	6.508198	-1.816019
7805	1	-10.853922	8.191386	-2.402489	-2.747578	6.888913
7807	1	7.933621	-7.848395	6.306243	7.763282	1.850635
7808	1	6.317720	-5.263412	-1.968457	7.149746	0.803871
7815	1	-13.777854	8.749169	-6.632661	-2.149159	6.865394
7825	1	1.113633	-5.275606	8.156703	6.548458	9.114368
7829	1	-12.430778	6.589766	-5.613199	-0.237794	6.897778
7836	1	-9.640236	7.991940	-5.592284	-3.115279	8.716216
7864	1	-6.360583	6.656045	-9.779973	-2.829956	2.297736
7865	1	6.887953	-13.214564	7.939802	7.771922	1.303968
7875	1	6.673905	-8.651305	7.792619	2.577544	0.193100
7877	1	7.968987	-9.466623	5.683562	7.526610	-1.512662
7886	1	5.904877	-8.749193	5.206353	6.475574	0.744911
7887	1	3.725717	-10.789695	5.688906	6.096911	2.823397
7889	1	-10.375424	4.557913	-2.451883	-2.669454	7.911117
7890	1	7.547158	-14.211639	6.781066	7.425428	1.853932
7892	1	-8.800123	5.699989	-7.840875	2.205388	8.147981
7897	1	-9.958161	6.528601	-10.250119	-0.887670	9.254045
7918	1	-12.276334	7.455159	-8.502662	0.625725	6.728728
7922	1	-11.228860	7.628607	-4.668884	4.238769	6.712499
7930	1	-7.194302	7.178395	-9.469720	-1.705275	7.120285
7934	1	-8.920535	6.832523	-3.754118	-0.392489	8.139777
7941	1	-4.969891	8.735367	-5.289993	-3.039722	6.968110
7955	1	1.900213	-4.352101	-4.056398	6.246961	0.371900
7959	1	6.738303	-11.547564	5.887412	8.830078	0.066120
7961	1	-9.373613	4.914207	-5.748121	1.082485	5.877738
7962	1	8.930576	-8.697033	7.359147	4.355142	-0.898785
7971	1	-14.677615	6.255007	-1.917122	2.645441	9.299304
7972	1	7.695937	-10.843692	5.124794	6.888574	3.328307
7973	1	-9.996356	6.688532	-7.024483	-1.336188	5.157729
7984	1	6.956490	-9.350173	8.352943	6.366339	0.087632
8000	1	7.741430	-7.614097	7.649054	8.670201	0.715347
8013	1	-4.911690	-3.680410	3.339181	7.758085	9.611307
8026	1	6.830753	-4.687981	-2.338247	9.098716	2.368794
8031	1	-8.427934	8.015835	-7.199900	-0.243023	5.612971
8033	1	7.271828	-10.431934	7.246549	9.602622	0.588462
8034	1	-7.575884	6.298184	-5.274343	-0.740169	6.024216
8041	1	8.177264	-10.863345	8.733420	8.176111	1.814673
8051	1	6.078844	-11.369531	8.509512	4.783946	0.714375
8061	1	-11.483007	7.365274	-6.273329	1.828797	8.424885
8064	1	5.126888	-11.352305	4.157144	8.708794	2.497080
8065	1	5.778776	-8.182624	8.641018	7.920293	2.443921
8067	1	-2.450844	7.207371	-7.940372	1.458961	6.677122
8071	1	-11.417060	4.369161	-4.378862	4.825352	7.738889
8072	1	-9.205249	6.234676	-2.163671	0.123829	5.953003
8073	1	-9.089198	4.375893	-9.578068	1.653684	7.296215
8074	1	6.181610	-13.494642	7.603551	5.176782	3.027445
8085	1	-2.505304	-8.577692	7.595287	8.874979	5.351677
8101	1	2.635173	3.302095	-4.848877	1.295774	2.654040
8104	1	-6.317628	6.655258	-1.904444	2.117270	5.599934
8105	1	6.922257	-4.980828	7.589843	6.490265	-0.125339
8107	1	8.466638	-13.192694	6.340708	7.331479	3.821419
8108	1	6.683110	-8.568066	8.935605	8.759455	-2.645605
8109	1	-8.878456	3.360435	-6.643540	-0.176073	8.560208
8112	1	-2.653733	8.057915	-5.975196	-0.392494	2.074603
8128	1	-6.712196	7.241238	-5.976990	2.186579	1.725039
8130	1	-7.340294	8.294499	-8.738718	-0.899924	7.348378
8137	1	8.836258	1.032410	-5.484062	5.717687	3.485820
8155	1	5.729661	-10.572207	7.797143	9.093991	-4.725949
8158	1	7.031457	-7.626804	-0.160053	8.970862	-2.428809
8169	1	-4.092454	-4.761349	8.590140	9.353068	7.131332
8176	1	6.368275	-6.540822	8.453964	5.418205	3.294501
8179	1	5.949389	-1.834818	6.641745	5.303340	-1.703795
8186	1	-11.439277	7.060052	-4.227033	0.256342	8.180848
8187	1	-11.581631	6.727551	-3.653050	0.066268	8.072673
8188	1	7.143795	-7.584305	7.336509	7.554853	0.424430
8199	1	-9.513340	7.917016	-4.904452	0.074532	7.607707
8204	1	6.251914	-8.205278	6.307678	6.646439	1.309322
8205	1	7.278711	-7.476503	5.246359	7.810137	4.690427
8207	1	-4.449999	6.732391	-4.358409	0.773386	8.135863
8222	1	-10.792582	7.586465	-10.167688	2.005661	6.297157
8226	1	-10.577840	6.885545	-4.218715	-0.299979	9.025634
8234	1	7.544515	-8.845419	6.383599	6.531951	2.147093
8240	1	-8.056337	6.497593	-5.589257	-1.270862	7.245276
8255	1	-9.460209	5.936979	-8.430432	1.945700	7.052387
8259	1	-10.069964	6.691771	-2.530872	-0.947441	6.157818
8277	1	5.932626	-6.156986	7.200617	4.964693	0.458711
8283	1	5.173933	-7.502233	7.320096	5.772804	0.515584
8285	1	5.665215	-11.079107	6.450996	8.031208	6.441033
8302	1	-11.165404	6.679500	-5.764499	0.431274	6.807184
8314	1	6.554381	-9.388677	6.414535	5.926383	-2.838927
8318	1	6.332472	-12.646679	6.333352	6.874754	-4.796713
8320	1	-13.054586	8.149479	-4.439617	1.309099	8.304299
8328	1	-15.708568	6.868959	-2.155944	-0.302520	6.073360
8335	1	-8.998828	9.539369	0.231116	-0.562038	6.765501
8340	1	8.905878	-7.025283	6.305811	6.818860	0.734494
8350	1	8.923282	-6.834477	8.131853	8.409065	2.044136
8352	1	-7.696297	4.703822	-4.653733	-0.713970	5.349409
8367	1	-6.502191	7.124448	-9.884419	0.049847	5.062634
8373	1	-12.566580	7.822227	0.210846	0.363373	7.934951
8374	1	8.370503	-9.936300	6.310580	8.820337	1.878740
8379	1	7.198172	0.433919	-4.940406	5.134051	2.002060
8382	1	7.210997	-9.852577	7.054501	6.243005	3.629456
8395	1	-11.373060	6.275926	-0.944220	1.580191	7.206734
8407	1	6.370258	-11.551240	7.024421	7.051464	2.433199
8420	1	-7.000201	6.010944	-5.710160	3.441696	8.061051
8436	1	8.225590	-8.029692	-3.595609	6.961079	1.136055
8444	1	-7.167852	3.683667	-7.814941	0.968574	4.217784
8445	1	-2.447714	6.038420	-8.071903	2.490489	6.086331
8448	1	6.949955	-9.329131	8.672413	4.797733	3.122669
8450	1	7.761031	-12.006231	8.843624	6.746931	3.700934
8454	1	5.904128	-6.451907	4.917051	8.617775	-2.510880
8463	1	7.516760	-9.782880	8.431352	6.768269	3.553446
8464	1	9.459979	-6.882569	9.374089	8.323046	0.926358
8473	1	7.388492	-5.513614	5.256817	6.722467	-1.977352
8476	1	8.979227	-12.221985	6.761423	6.992786	2.312413
8488	1	6.595260	-10.933842	7.623490	5.844151	-2.047513
8493	1	6.655050	-8.876041	6.716970	6.406748	2.700482
8496	1	6.714014	-4.304608	6.038709	8.454614	-2.258381
8497	1	-2.822105	6.484566	-7.360564	0.668831	7.589472
8501	1	7.984249	-10.142034	5.772882	6.846984	-1.961576
8516	1	-11.071405	5.700848	-6.067507	1.139010	6.228748
8520	1	8.184895	-11.786461	6.613315	8.192805	3.051212
8530	1	7.954561	-0.688806	5.165254	0.823732	0.613195
8538	1	5.388304	3.995443	-8.282949	-2.294497	1.254546
8555	1	-6.455183	6.724798	-2.884359	1.158736	6.045616
8557	1	-9.468573	6.327758	-6.132658	0.663956	8.074050
8567	1	-8.432899	8.240509	-3.493291	-1.963694	6.820873
8592	1	6.308518	-8.029159	6.957011	6.338605	-0.511887
8595	1	6.928307	-12.624155	6.569660	6.752906	1.418143
8597	1	7.813185	-8.957497	7.852795	8.874725	-3.058943
8617	1	9.139886	-1.488608	-4.216680	5.921117	1.756458
8637	1	-11.610131	5.958934	-7.943443	1.163863	7.077823
8642	1	-5.262705	5.024502	-6.561644	-1.762596	7.118550
8645	1	-5.675469	8.586210	-6.912312	2.364887	8.018353
8650	1	-9.697965	8.312751	2.004526	4.204108	8.673961
8652	1	6.333110	-3.479426	3.830300	6.124128	-0.740203
8657	1	-13.600158	6.100665	2.199772	0.267902	7.716261
8660	1	6.394236	-12.227242	7.337561	4.120936	2.125574
8665	1	-5.611257	1.784157	6.108394	4.622963	9.301682
8684	1	-9.903080	7.686134	-6.619385	1.578951	8.849617
8696	1	7.053878	1.224957	-0.732458	4.694787	0.344392
8698	1	5.345838	-6.799459	7.129077	6.622739	-1.207840
8699	1	8.247531	-12.122808	7.143247	6.929256	-1.643105
8708	1	-8.502320	5.421755	-6.126413	-1.186802	8.458317
8710	1	8.292523	-9.102338	6.041331	5.794013	0.049103
8717	1	-5.648352	8.470388	-4.457517	0.127551	3.014381
8744	1	-11.040100	5.924636	-5.597788	0.789847	6.638031
8747	1	-8.308807	-6.592825	6.133565	9.107887	7.150094
8755	1	-16.256726	8.171322	-3.812651	3.666062	6.321442
8756	1	-11.281122	6.957632	-4.435445	-0.488146	7.697636
8764	1	-12.903802	8.310424	-6.126142	0.974907	6.587263
8765	1	8.284218	-2.116299	-0.715515	3.506208	0.306218
8769	1	-9.464837	6.499459	-7.297505	1.192300	7.946685
8773	1	-5.809565	8.086205	-9.573415	1.542440	5.962382
8796	1	-13.568825	7.653431	-6.605723	2.442736	7.233881
8797	1	7.969628	-8.640508	6.043518	5.473357	-0.306810
8816	1	-9.692650	4.687854	-10.138830	-0.493429	6.395373
8821	1	5.427329	-6.912568	6.023690	4.629294	-0.712869
8824	1	-8.998397	7.586420	-6.193779	1.533996	7.001752
8846	1	6.826878	-12.367546	7.339021	6.223395	-1.045604
8855	1	7.213235	-5.558421	6.675741	7.570022	-0.884092
8866	1	-10.537728	7.547334	2.480374	0.577318	7.080168
8872	1	-11.333607	6.477417	-4.597635	-0.075980	6.746493
8874	1	-8.322807	5.783517	-4.425327	1.024573	8.702234
8886	1	7.787610	-8.395509	-2.466737	8.743100	-0.874620
8887	1	-7.013474	6.505407	-3.841079	0.209055	6.724188
8889	1	-10.939049	8.019829	-5.611313	-1.074229	8.523926
8890	1	-10.386135	6.587093	-0.758797	-2.663152	5.859856
8894	1	-6.213763	6.468738	-7.371794	1.226515	5.180971
8899	1	5.607447	-7.889396	7.481898	8.412159	2.333974
8910	1	-10.002425	9.642711	-6.135374	-0.890749	6.655444
8911	1	8.443718	-6.934878	4.934066	6.441350	-0.081191
8918	1	-15.117055	7.586761	-3.028464	-1.328206	7.177181
8922	1	-8.374466	6.259305	-8.813386	0.760967	8.346978
8925	1	7.844802	-7.118280	7.156364	5.698578	-1.913906
8930	1	-4.105738	-1.938974	-1.212038	7.052048	6.989423
8936	1	-5.243189	9.487598	1.323823	0.361165	6.494078
8940	1	7.682195	-11.856289	6.754702	7.124207	0.998548
8941	1	7.103014	-11.573555	6.394452	7.886796	0.742068
8945	1	-8.470353	-9.524652	5.871932	6.234550	7.863268
8956	1	-5.583991	8.830348	-5.768517	0.956093	3.581915
8960	1	7.775346	-9.888305	6.307490	9.264272	1.996556
8961	1	-8.432799	6.998732	-4.760945	-0.185581	5.549393
8968	1	8.439763	-12.625537	8.546244	7.324719	0.764440
8969	1	7.860565	-12.209227	7.881454	6.944321	-1.023180
8972	1	9.103376	-4.502135	5.440670	7.295075	2.690961
8976	1	-6.352499	6.897797	-8.239911	-0.858698	7.022628
9000	1	9.619767	-9.959360	6.398932	6.710496	-5.211681
9007	1	6.904312	-13.817185	8.779281	5.787745	3.499573
9020	1	7.397439	-4.499417	6.423100	9.756494	1.846935
9031	1	-11.218599	7.324564	-6.404603	1.678501	7.305941
9032	1	6.659477	-6.583254	6.088392	6.451243	-0.293872
9036	1	7.026282	-3.994216	6.431509	5.388664	-1.271735
9046	1	5.576314	-9.320237	6.902564	8.372650	0.262134
9053	1	8.457523	-6.572507	7.599830	7.133731	0.176595
9059	1	6.113998	-6.979614	7.400143	9.438745	1.189656
9071	1	-11.871673	5.479042	-5.689879	6.240647	5.167973
9084	1	-9.120101	4.800434	-5.180895	3.753647	5.512914
9098	1	-12.868485	6.707703	-9.664445	3.420098	6.888076
9101	1	-7.877279	7.074947	-4.594049	-1.978245	8.402634
9120	1	6.348905	-7.215574	-1.014914	7.677074	-3.779972
9126	1	-14.791464	7.351043	-9.482154	-1.344633	6.876172
9127	1	5.305989	-11.741469	-2.419243	8.844077	-0.626881
9132	1	4.928973	-5.802106	9.002132	5.953773	-2.236493
9138	1	-12.544554	6.286216	-4.210011	2.577280	6.938262
9139	1	-10.547757	7.224203	-3.742348	2.188522	8.414687
9141	1	-9.333770	9.207799	-4.723225	-0.855733	6.464711
9145	1	7.709306	-7.794136	6.605859	7.111406	1.254289
9148	1	4.989246	-10.761507	7.313928	5.338701	3.423437
9182	1	6.275409	-9.813070	5.896352	7.120149	0.541850
9184	1	7.929011	-10.184906	6.255293	8.115309	2.652770
9186	1	-6.161650	5.416132	1.665070	4.702342	8.870546
9187	1	6.507515	-11.240120	6.488912	6.518192	1.271703
9188	1	5.052296	-11.450152	5.490558	6.677292	-1.690475
9193	1	-7.049726	6.246622	-3.937522	0.169378	8.380686
9199	1	8.660736	-10.813416	6.903840	5.973779	2.361385
9206	1	-11.851615	7.820879	-0.934102	2.624143	6.891493
9210	1	-8.771862	7.269506	-5.467964	-1.181262	5.509356
9215	1	-14.273280	8.946653	-7.096489	1.574585	8.751108
9217	1	6.549603	-13.755002	7.207495	5.128024	0.980834
9218	1	6.901470	-7.667331	6.540236	6.925106	0.876539
9222	1	-8.396590	7.698207	-5.520682	-0.627414	9.530204
9232	1	6.541242	-10.093385	6.559267	9.336678	-2.916543
9233	1	6.322887	-5.503215	6.030564	7.055093	-3.443468
9253	1	8.155360	-1.829856	-4.328676	3.496611	2.590845
9262	1	5.775776	-10.711010	8.763054	5.996825	0.724087
9264	1	8.410694	1.009491	5.329018	-0.109738	0.368832
9285	1	6.120817	-12.222669	7.004885	6.525924	-3.749829
9289	1	-10.916993	3.521152	-2.832738	2.997347	5.685594
9292	1	-8.834368	9.263827	-4.601638	-4.255397	6.292973
9295	1	7.495539	-6.721963	6.476157	3.824972	2.380377
9302	1	7.791038	-9.867673	6.249141	8.625761	1.436500
9311	1	-11.212727	7.901952	-3.093251	2.826783	7.963683
9315	1	-14.187194	5.777823	0.470139	0.889399	6.077263
9343	1	-12.281220	6.374584	-5.940334	4.540526	7.656187
9348	1	-12.214264	7.934510	-5.526389	1.087260	7.100193
9355	1	-13.240003	8.468154	-4.155664	0.254573	7.115344
9362	1	-10.257304	7.088656	-8.816707	0.674103	9.539188
9363	1	8.649177	-11.963041	6.405064	6.713214	0.834224
9364	1	6.809747	-9.081965	7.839427	5.861185	-4.160577
9389	1	-5.884561	4.874901	-9.699240	0.403147	1.655654
9407	1	-12.670224	6.369014	-4.946776	0.768047	7.096083
9412	1	-7.978788	7.306924	-5.691518	0.519748	6.233959
9414	1	7.733071	-12.811462	6.465726	7.166543	-4.531663
9422	1	-8.600612	3.828607	-4.346969	-0.484153	8.213210
9447	1	-14.914718	6.006306	-2.859646	-0.238889	7.101372
9451	1	7.531980	-11.614613	6.989029	5.211622	-2.603569
9456	1	6.831070	-7.819011	4.387234	6.775881	-2.471284
9457	1	-9.847965	7.230811	-9.712431	0.436256	6.710246
9466	1	-11.387871	6.912596	-3.086103	-1.222267	9.137116
9470	1	7.065662	-13.162669	7.166135	7.924033	2.590267
9474	1	7.905947	-12.921185	5.074846	7.425117	0.008556
9475	1	7.180393	-10.978914	9.353136	8.115613	2.320919
9491	1	9.855255	-11.381705	7.720088	5.541130	1.438678
9504	1	6.267443	-8.315854	9.207252	7.110848	0.863465
9505	1	5.003488	-10.078628	5.665446	6.588329	1.821860
9507	1	8.537028	-4.239566	4.368283	5.196407	-0.839012
9508	1	-9.235998	5.806872	-5.822202	-0.925596	6.057586
9547	1	7.934421	-6.004140	7.733200	6.848222	0.014571
9548	1	7.939444	-8.361931	2.541881	6.921082	-0.248543
9556	1	7.482525	-4.558735	6.727064	8.170613	0.174990
9570	1	8.635342	-7.299236	4.839645	5.751443	0.963533
9580	1	8.351003	-7.517066	6.788081	5.628348	2.496190
9585	1	-8.524239	6.820524	3.063771	3.828438	8.404832
9587	1	5.835140	-4.214953	7.578567	5.703994	1.329096
9592	1	5.676210	-14.701960	7.596007	7.652698	0.820578
9596	1	-9.226506	8.614936	-4.406208	-1.822486	5.208208
9602	1	8.072592	-7.188425	8.136597	5.808335	-1.564150
9619	1	-8.474637	5.616564	-2.857313	-3.040775	3.109312
9621	1	-8.480944	9.299295	-4.358570	-0.553682	6.622737
9628	1	6.648475	-9.134302	9.655710	6.491627	3.139033
9629	1	-8.979884	6.572906	-2.710143	-1.181752	5.091287
9630	1	-3.392520	5.933856	0.699106	-0.567564	8.800441
9631	1	7.891490	-8.881621	7.838586	6.987011	-1.668738
9637	1	6.673279	-5.972196	7.893352	6.468985	-0.620790
9650	1	8.535610	-3.519204	7.993039	6.328668	0.486049
9661	1	-6.870360	8.359973	-6.917603	2.656401	8.186542
9679	1	5.050978	-10.140044	8.567199	6.941936	-1.304307
9687	1	8.035598	-4.528769	7.873333	7.136952	3.432124
9697	1	-8.046449	6.270666	-5.021260	0.281593	4.772728
9700	1	3.489339	4.595058	-6.714029	4.455428	-2.886380
9707	1	-10.653956	8.633851	-3.529670	1.839921	6.702301
9709	1	-7.271072	-3.065492	8.191107	8.134809	5.122530
9710	1	-7.421949	7.476906	-0.580544	-0.085723	9.405681
9716	1	7.791154	-5.680526	6.461379	6.463417	-0.370113
9719	1	-10.940046	5.788068	-5.917105	1.339800	7.452649
9727	1	2.641230	2.654469	-0.467855	-0.052455	1.148195
9760	1	7.355941	-9.227132	7.781109	5.997365	1.709776
9761	1	-8.088804	8.724885	-1.606746	0.544918	6.558084
9767	1	-7.364515	6.173984	-6.644185	3.610967	7.084108
9777	1	6.506771	-6.026446	7.149462	3.665346	1.735788
9780	1	-10.177278	6.672571	-3.883537	1.926154	6.875325
9798	1	-7.854327	6.815280	-4.934516	-1.008080	7.212068
9800	1	-9.875231	8.389316	-1.799604	0.761173	7.084576
9806	1	5.352336	-12.302071	5.972834	9.669324	-1.256214
9807	1	-2.577204	8.935887	-6.507440	2.025049	5.455575
9808	1	6.659445	-5.761282	6.306415	8.686830	-1.531015
9813	1	6.228462	-7.146338	7.768365	7.321077	4.645997
9826	1	7.014394	-2.482050	3.777065	3.208164	0.501455
9837	1	-12.419259	7.256709	-8.793339	0.300363	7.712646
9841	1	7.672691	-5.474912	7.728905	6.854910	-3.567466
9848	1	-10.780198	6.418318	1.179000	-0.229281	8.965106
9868	1	6.782104	-9.450687	8.372117	6.790270	0.409225
9871	1	-8.348549	6.948030	-9.457048	-0.587668	7.546898
9874	1	-9.060155	5.824819	-0.643696	2.180275	6.148188
9877	1	-11.344988	8.484907	-4.349748	-1.888444	6.777167
9884	1	-12.653216	7.606410	-7.209649	1.973895	5.711479
9894	1	7.333579	-6.251250	-2.578447	9.384308	2.108717
9900	1	-9.859724	9.225835	-3.703841	2.706593	6.625185
9913	1	6.723486	-11.084186	8.610513	6.480342	-1.561713
9922	1	8.578499	-11.455747	6.593114	9.081837	-0.713307
9948	1	6.965380	-9.220372	7.012603	7.514917	-1.571025
9972	1	7.071469	-6.811033	7.785100	7.025158	0.459304
9991	1	-10.281307	8.901745	-3.243289	-1.520866	7.054185
9993	1	-8.992468	8.533558	-4.566235	0.797861	5.194228
