1	1	6.196614	3.394996	-1.697034	6.962231
2	1	4.282137	-4.088495	3.640833	8.139774
3	1	5.897356	4.982990	0.928974	7.348282
4	1	2.774793	5.515983	-3.497223	7.916649
5	1	7.097283	-0.910018	5.873992	3.153847
6	1	5.847642	6.911520	-0.480610	6.173305
8	1	8.957732	-0.965401	3.528783	7.195823
9	1	6.987688	-2.908418	6.539212	5.620513
11	1	6.779225	-4.823076	2.703127	5.527504
12	1	7.772548	0.371299	2.008092	8.908419
13	1	7.203585	-4.658065	4.415986	6.400878
14	1	5.558870	7.541759	-5.198089	7.289149
15	1	6.044265	-3.558343	3.042135	6.523809
16	1	4.127988	6.144309	-2.135108	6.190267
17	1	5.137571	5.580567	1.620923	3.630200
18	1	5.727527	4.738481	2.558533	7.099484
19	1	9.474462	0.469537	5.472936	6.903019
20	1	6.864917	5.262162	1.468665	7.153001
22	1	6.175257	8.527249	0.126335	5.127707
23	1	6.421691	-3.696892	8.558727	4.930522
24	1	5.026384	5.716511	-5.956822	5.512793
25	1	8.330907	6.843365	0.577668	5.462541
26	1	5.428123	7.235568	-2.148617	7.969501
27	1	3.887632	-4.288590	6.588805	6.543108
28	1	4.400368	7.415509	-1.933198	7.089127
29	1	5.239852	-1.737488	4.871633	7.071544
30	1	7.478179	5.350280	-4.133794	7.180752
31	1	4.239339	1.459516	6.648535	5.939179
33	1	6.770478	5.637111	-5.683018	7.525953
34	1	4.437375	1.468127	5.965603	7.825481
35	1	5.398074	-1.675186	8.466521	6.436567
36	1	4.504139	0.349493	-2.841945	6.406176
37	1	4.831147	1.213582	5.426616	5.242756
38	1	4.051195	5.375800	-1.286054	5.595900
39	1	6.609947	-0.741478	3.713668	7.387639
40	1	8.314777	-4.428499	7.139434	4.149085
41	1	6.991359	0.622643	3.582686	6.761781
42	1	5.056907	5.360782	2.252668	5.951672
44	1	6.535394	4.247128	-4.446359	8.219030
45	1	8.515610	0.633621	0.827922	7.284814
46	1	4.635205	0.868380	5.934304	6.327437
48	1	6.992634	-0.088381	4.223255	7.201177
50	1	5.922253	4.789282	-4.113979	8.167346
51	1	6.155572	-2.931850	6.459447	6.975392
52	1	7.001053	-1.173734	5.117886	5.039654
53	1	5.361107	1.009246	-0.576235	9.318289
54	1	6.155733	-0.622928	1.741813	8.609420
55	1	6.503209	-2.419634	8.969641	5.856454
57	1	5.879719	7.352556	-6.782141	9.041139
58	1	6.244590	5.052910	7.545419	3.802259
59	1	6.835248	-2.669904	8.899216	4.323786
61	1	6.718988	3.836565	-8.126259	8.535988
63	1	6.327863	-1.852584	5.906734	6.385273
64	1	6.268585	6.336127	-0.052323	5.998625
65	1	4.888319	6.330132	-2.691732	8.964031
66	1	4.084507	8.865264	-1.912375	5.241291
67	1	7.307298	2.756310	2.075438	5.598559
68	1	5.148504	1.869710	1.467843	7.736912
69	1	6.944955	5.634173	-3.798249	7.103113
72	1	8.806846	3.043268	-4.952752	7.075453
74	1	3.920307	8.044034	-0.104345	7.738457
75	1	6.334311	5.498541	-2.856279	8.425809
76	1	5.308002	8.510102	-9.314954	7.579868
77	1	5.985236	-1.353717	6.422537	6.181097
78	1	6.676905	4.922781	-0.493699	7.229806
79	1	6.614839	-1.356999	6.079610	7.721095
80	1	5.196828	3.954367	-2.285957	7.006838
81	1	4.734380	1.775159	-0.478155	6.813536
82	1	5.658325	3.570955	3.919307	7.706679
87	1	6.137291	6.685523	2.498866	7.388497
88	1	3.193066	4.680655	-1.007311	7.393585
89	1	4.999085	6.394560	-1.823073	7.511801
90	1	6.617429	6.199822	-4.753921	8.318754
91	1	4.403948	8.820012	-1.401820	7.122530
92	1	5.347449	5.334885	-5.805265	7.269096
93	1	9.422142	-1.258953	4.561364	6.145086
94	1	7.031634	8.618672	1.103782	6.629000
95	1	7.074550	3.304135	0.103690	6.710095
96	1	6.321942	2.072471	5.115391	6.733843
98	1	6.568538	8.065645	-2.241911	6.541797
99	1	5.929595	3.954837	-4.599730	7.819946
100	1	6.981706	-0.608429	7.091308	2.441559
101	1	8.001070	-4.141966	5.187396	5.652760
102	1	5.755466	1.000860	3.781794	7.733246
103	1	7.903480	2.195991	2.061761	7.579780
104	1	6.781889	7.091361	0.469640	6.072429
105	1	6.817917	7.416708	-0.185826	5.356093
106	1	5.774546	0.015635	3.420837	8.009637
107	1	4.583423	4.623865	-4.492616	8.369768
108	1	7.108936	5.189314	-3.342633	7.732001
109	1	9.635605	-2.486490	8.001693	5.957518
110	1	4.372940	4.461043	-0.805041	6.806744
111	1	7.511762	3.173564	-1.355782	6.112109
113	1	7.747019	1.059394	1.132738	7.524638
115	1	8.065690	-4.900980	6.056908	4.848623
117	1	5.853658	6.726275	-0.569911	5.284050
118	1	3.847039	7.153168	-8.576002	7.921094
119	1	5.759655	-2.127278	5.036062	4.785606
122	1	8.532704	-5.542767	1.943206	2.233827
123	1	8.095488	-8.715906	8.115518	7.599012
124	1	5.494117	6.961812	-2.434324	4.835560
126	1	6.722711	8.492590	1.117310	8.597964
127	1	6.792632	4.513876	-2.535976	4.161725
128	1	9.385889	-2.046384	-0.128242	8.149572
129	1	1.366915	1.176576	6.116485	7.888058
130	1	5.892718	5.893629	-7.049387	7.950340
131	1	4.790125	-0.833271	4.523084	6.617978
132	1	7.133103	0.249773	7.194261	6.324688
133	1	4.634369	4.309605	1.756327	6.733646
134	1	6.277887	1.379852	8.408686	3.911406
136	1	7.929207	1.650026	9.424166	5.684055
140	1	4.350697	-3.182651	5.225918	6.992310
141	1	6.530064	4.042903	-3.491117	7.705564
142	1	5.384224	6.151377	-0.395428	7.020092
143	1	6.819521	-3.397646	8.108362	3.016531
144	1	7.150684	3.603279	1.723559	7.006357
145	1	7.173873	3.136977	1.658546	8.727622
146	1	4.009921	3.727286	3.788936	7.617439
147	1	6.333050	8.117755	1.144925	1.653583
148	1	6.839856	-3.114708	5.094825	5.628026
149	1	7.852103	-2.422614	5.383613	8.319530
151	1	7.031156	-1.493736	3.267218	8.040084
152	1	5.203450	5.044956	-2.675858	7.318354
153	1	7.387366	-3.152000	5.823638	6.735955
155	1	6.937651	-4.645341	5.689047	5.582472
157	1	6.798716	-0.557170	4.468420	4.334120
159	1	8.300840	-3.504974	5.874718	5.776464
161	1	8.298135	-5.977598	6.674587	6.699950
162	1	3.920481	8.382043	-2.286266	9.689119
163	1	6.428585	6.173418	-0.412284	5.243582
164	1	7.119681	-5.075223	6.057897	6.126761
165	1	5.764020	1.955227	-2.214560	7.955769
166	1	2.483379	6.139316	-0.682138	4.386377
167	1	3.973509	8.103096	0.556081	5.363179
168	1	7.510089	3.488841	0.364007	7.449458
169	1	3.598078	0.114753	6.437789	4.025156
170	1	7.276348	5.379395	2.662670	5.062411
171	1	7.349735	-3.210455	3.210628	6.876185
172	1	6.471669	5.563512	-3.735061	6.144655
173	1	7.267745	0.871603	4.195939	7.860106
174	1	8.252853	-1.858654	8.909231	5.722985
175	1	6.548833	-2.211848	7.822380	3.447707
176	1	7.704314	2.329508	5.009650	6.713924
177	1	6.504661	7.292008	-1.326087	5.967355
178	1	6.280772	3.825810	8.522077	4.521466
179	1	5.674763	-2.676189	6.980597	4.206859
180	1	6.180988	7.322345	-5.768571	6.030520
181	1	7.713577	-3.675806	7.758129	4.361821
182	1	7.219059	-1.599371	-1.617738	7.710973
183	1	8.715657	2.030453	5.474727	5.612020
184	1	6.388242	-0.777204	7.294414	5.681170
185	1	6.577237	-0.241143	5.443119	6.527170
187	1	7.088692	8.675015	1.432155	2.244425
189	1	6.933025	3.964260	-3.809007	8.573254
190	1	8.925682	1.403686	2.930547	6.033631
191	1	3.242043	4.268710	4.724144	6.050752
192	1	4.823199	8.307626	-7.108356	7.675129
193	1	7.345394	-0.392506	3.977399	7.855549
194	1	6.378225	7.559728	-0.824818	6.548518
195	1	6.439025	7.106895	-5.904924	8.069219
196	1	6.571522	5.367160	-5.705066	6.599384
197	1	6.571941	3.291059	-6.945102	5.823951
199	1	6.438701	0.350186	6.875582	4.893545
201	1	8.023247	4.581249	-2.965363	8.506942
202	1	8.501927	-5.402353	5.711814	6.930347
203	1	6.470851	-4.427492	5.156539	7.406787
204	1	6.247166	-0.798602	6.005488	6.086173
206	1	7.495513	-4.271438	5.489804	7.044521
208	1	3.753534	-0.686648	8.001045	6.255726
209	1	6.805318	4.328149	-8.364789	7.004074
210	1	8.841780	-3.305886	6.766045	4.710218
211	1	6.498812	-2.525377	3.977928	5.237564
212	1	8.737944	-2.439495	4.470603	5.202750
214	1	7.511103	0.226582	1.086757	8.603310
215	1	4.221091	7.652300	-4.033072	9.293976
216	1	6.316054	7.763137	-2.527280	7.195623
217	1	9.405612	-4.093321	6.870906	5.980359
218	1	6.265207	0.850411	6.901099	5.271814
219	1	8.873633	-6.424927	6.834882	5.941485
220	1	7.762674	-5.696516	6.217600	5.582096
221	1	2.415365	7.152520	1.461162	6.886003
223	1	6.285974	-2.439286	3.206532	7.231729
224	1	5.884804	4.410640	0.517019	7.611250
226	1	4.899271	-5.129924	6.556455	5.338803
227	1	8.310461	-5.242156	7.078319	4.117563
228	1	6.595387	3.115472	2.924535	5.895220
229	1	4.985491	4.507225	-3.619308	5.768928
230	1	5.876570	5.941401	-0.528112	7.037347
231	1	8.138205	6.293609	1.365250	6.141830
232	1	5.565542	-1.003704	6.696544	6.381303
233	1	6.465493	-2.801627	6.836418	5.956471
234	1	5.743027	8.127097	-0.876756	5.935978
235	1	7.053890	5.236860	-1.527526	8.451634
236	1	8.379875	-2.676729	5.170243	6.716389
237	1	5.275765	6.760056	0.362245	7.134287
239	1	7.483507	4.632891	0.119349	7.449300
240	1	6.429838	-1.099622	7.106119	5.757225
241	1	8.124337	-3.762684	0.091701	8.321930
243	1	8.806317	1.016988	2.237836	9.036422
244	1	4.658666	-1.482195	3.551785	5.072545
245	1	6.763247	6.549433	0.273454	6.237562
246	1	0.694783	7.845623	-0.247570	4.304514
248	1	6.434963	-0.590069	5.697280	4.172959
249	1	7.226202	-1.998643	4.294771	6.578026
250	1	6.700511	2.799540	-0.530720	4.963492
251	1	7.883268	-0.147242	5.118296	7.973658
252	1	5.801957	6.729302	-2.919981	7.841299
253	1	4.039285	8.861665	-5.237438	7.479986
254	1	6.759693	3.031285	3.634895	7.476146
255	1	8.118839	-0.323819	-0.014595	6.997669
256	1	5.624933	6.619610	0.096035	6.594494
257	1	7.394469	-6.075906	4.050825	7.090903
258	1	6.763284	7.243973	1.717220	5.900555
259	1	6.437345	-2.205157	1.711613	8.257544
260	1	6.021087	-2.953305	4.033897	4.700616
262	1	8.376951	-1.068310	-0.003247	6.411292
263	1	5.711368	4.898316	2.051893	4.171651
264	1	4.608912	8.191248	-2.845273	5.375407
265	1	3.451041	5.262993	-1.740242	7.694176
266	1	4.434010	-4.444196	4.178438	4.700752
267	1	6.812814	1.897785	-3.886889	4.715570
268	1	5.349006	5.175617	-1.041940	2.455900
269	1	7.287891	-7.134406	7.956573	6.258924
271	1	7.558562	-3.635199	8.263275	4.971715
272	1	7.600148	-0.753975	6.085799	7.638477
273	1	6.222324	4.478884	-2.531341	6.502938
274	1	8.441617	-11.337144	5.937271	3.488379
275	1	5.631475	7.484165	0.251219	6.422165
276	1	9.240778	4.042662	0.872584	6.105530
278	1	5.979673	2.724995	5.981011	5.960773
279	1	6.354718	6.619569	-7.262332	7.034164
280	1	6.568371	2.181359	1.138852	7.766925
281	1	5.553611	6.765937	0.536432	7.488915
283	1	6.400954	-2.945210	5.695542	6.178371
285	1	6.084215	7.010050	-0.889563	7.114021
286	1	6.056711	-1.022451	7.441666	5.149109
287	1	6.563858	6.759069	-5.894958	5.667438
288	1	4.917067	7.102694	-0.622362	5.185585
289	1	4.611785	7.695464	-3.810273	6.237537
290	1	8.636973	-1.924230	8.853577	5.473697
291	1	8.494660	-3.752011	6.332763	6.109653
292	1	6.248953	6.504124	0.184353	7.826304
293	1	7.278129	6.357080	-3.262726	6.937825
294	1	6.503412	5.965439	-1.649494	6.288791
296	1	6.454312	-2.557806	5.992340	4.371407
297	1	3.908984	6.337870	-0.845240	5.924460
299	1	4.280558	6.597960	1.882468	6.627703
300	1	8.411749	0.701706	1.503828	8.531764
301	1	6.641926	1.412396	6.420430	7.046413
302	1	6.942840	4.539465	-1.072125	6.916877
303	1	8.000332	-6.329023	4.041551	6.938282
304	1	6.838762	-0.552117	6.127026	6.929819
305	1	6.722654	-3.019867	5.417995	7.323366
306	1	7.188219	-4.983237	8.466219	6.875967
307	1	7.753479	1.648663	2.931235	9.475809
308	1	5.497548	9.182549	-5.835384	8.715354
309	1	6.714167	4.518837	3.538517	4.362573
310	1	5.148862	4.123663	2.276981	7.787835
311	1	6.941665	5.236611	-2.848670	7.068597
312	1	6.767060	6.599139	-0.183605	8.548041
313	1	4.077776	5.826143	3.052370	7.466707
314	1	5.340719	6.659347	-0.695020	6.576772
318	1	5.880569	5.771740	3.975150	5.315578
319	1	5.038846	6.901961	-1.366942	8.574905
321	1	6.580242	5.899914	3.193542	6.380624
322	1	7.522724	-4.251820	4.513924	6.796954
323	1	6.276643	4.989896	4.984408	4.627876
325	1	5.558364	6.119000	-6.741260	8.887673
326	1	6.934122	4.392840	-2.137282	6.182044
327	1	6.622908	1.745019	1.160282	6.831838
328	1	6.438476	2.733241	2.063555	6.746239
329	1	7.683098	1.733837	2.311028	5.122924
330	1	4.849330	3.593368	6.843137	5.276765
331	1	6.475616	-3.450557	5.462481	7.159764
332	1	7.117696	4.353616	-2.692185	7.909166
333	1	9.010177	0.182442	2.381610	8.821682
334	1	6.683265	1.496100	2.755991	7.282729
335	1	5.442896	6.699095	1.076447	4.287984
336	1	6.475285	8.358341	-3.102427	5.116464
337	1	7.472807	-6.339829	5.671348	6.448193
339	1	5.364078	3.302352	0.084804	2.516145
340	1	3.970544	7.699507	-0.088492	1.485257
342	1	5.208364	-1.544092	5.867645	6.841512
344	1	6.538342	7.294686	1.342878	2.157416
345	1	6.532425	-0.160170	1.626538	9.110129
346	1	6.663158	-0.112661	1.556074	7.525578
347	1	5.136571	0.169832	6.076749	6.451123
349	1	6.480557	5.525195	2.500306	6.647834
350	1	8.303760	-1.410402	5.596095	7.029624
351	1	9.235112	-0.711079	6.904535	5.456115
352	1	6.324505	-0.342132	2.953730	8.750404
353	1	5.441800	7.063438	-1.849084	6.531168
355	1	7.766113	1.613383	2.149485	6.826199
357	1	6.680995	-1.652657	3.823412	6.766335
358	1	5.921609	1.865820	6.369493	6.809565
359	1	6.257133	-3.145403	6.542097	6.734282
360	1	7.633159	-2.994658	-0.357093	5.801771
361	1	6.646808	-0.961622	6.887865	0.315397
362	1	4.108630	0.126207	4.019072	5.883098
363	1	9.005746	-8.648321	5.721659	5.622776
364	1	5.102181	-6.492005	3.343744	8.134447
365	1	5.761641	-2.402580	7.901809	7.667907
366	1	7.677170	-4.246470	4.431282	6.519150
368	1	6.262073	3.742120	2.203789	8.005708
370	1	8.893494	-0.102609	3.893971	7.072540
372	1	5.997278	7.741498	-2.734489	6.789659
373	1	4.953658	8.118999	-0.867229	5.719634
374	1	4.872433	-0.080391	4.158307	5.735372
375	1	4.594087	9.420613	-2.962869	7.047411
376	1	7.597401	-0.722249	6.266516	4.850451
377	1	4.927343	6.527969	2.464438	4.043087
378	1	8.631847	0.130804	2.824741	8.610179
379	1	6.491201	-0.166028	8.229115	4.871475
380	1	7.383357	5.118342	-5.180119	6.471589
381	1	6.985431	6.980468	-3.243089	7.859596
382	1	7.339846	-2.838779	7.392348	5.198264
385	1	6.953511	5.925990	-0.879029	5.705844
386	1	6.269251	0.092663	3.762971	7.071584
388	1	6.918726	0.499166	6.380276	7.051141
389	1	5.391470	2.147884	6.907854	1.611517
391	1	6.802079	2.215564	-0.580302	9.700444
392	1	2.254499	5.936437	-0.664723	2.655137
393	1	7.158652	0.465753	5.563130	6.836719
394	1	5.748409	-3.049005	6.398761	5.848580
396	1	8.962214	2.898082	3.425390	5.948901
397	1	6.164568	0.091909	7.297325	2.587731
398	1	7.402162	3.119981	-0.487468	8.651346
399	1	4.919859	8.041897	-4.990281	6.664156
401	1	6.148447	7.276151	-4.876427	8.225557
402	1	7.017790	-0.406559	4.893480	6.728137
403	1	8.434411	-2.629536	6.260318	6.309537
404	1	8.142100	1.296794	-2.658001	8.576715
405	1	5.612161	7.142730	-4.609511	6.700264
406	1	7.357610	-3.158953	4.174504	5.186319
407	1	6.078602	3.817901	-1.534533	6.866549
408	1	6.086378	-4.889578	7.199616	2.944674
409	1	7.039914	-1.213698	5.039463	5.415198
410	1	8.584483	-1.643649	3.653995	6.071703
411	1	6.100028	4.732646	-0.538962	6.699021
413	1	7.483624	-0.102801	6.711024	5.817499
414	1	6.227079	6.456990	-1.242769	7.212580
415	1	3.819035	3.948718	1.083001	7.256444
416	1	5.878859	4.025250	4.928895	4.719501
417	1	6.639956	3.049147	-0.030415	7.372882
419	1	5.467423	2.017308	7.774344	6.773311
420	1	6.619251	-5.433740	5.521881	6.053626
421	1	6.536765	-5.559400	5.509684	4.755571
422	1	7.362679	4.465982	-0.245391	6.676602
423	1	7.094211	-0.740292	5.453285	6.541796
424	1	6.817293	5.408472	-0.926626	1.487933
425	1	3.663993	-0.173255	7.563601	6.294961
426	1	8.779135	4.666440	2.339344	5.080347
427	1	6.228134	6.187055	-3.654166	6.984680
429	1	7.405699	2.596203	1.337112	7.361795
430	1	4.861326	7.284538	-2.713908	8.909307
431	1	5.829654	4.041561	6.448833	3.762868
432	1	7.883689	0.042980	2.862242	8.389325
433	1	6.542151	5.737122	2.044119	7.739900
434	1	6.588316	-1.047453	6.053330	4.458472
435	1	7.121885	2.346451	2.888531	5.566036
437	1	5.859020	-4.158682	8.297028	5.484700
438	1	7.795143	4.239672	-2.403899	9.128728
439	1	8.594142	-2.441461	7.504524	4.412261
440	1	6.812574	-5.811494	3.896028	7.168291
441	1	7.087212	7.845335	-0.062187	6.303050
442	1	8.370921	5.531639	2.875485	7.566798
443	1	6.396587	4.932207	-4.455644	7.777610
444	1	8.430040	-1.218914	2.332926	6.932912
445	1	7.086883	-3.221839	1.420860	8.797753
446	1	7.738632	3.596144	-0.461411	5.542625
447	1	5.279542	6.394269	-0.012346	8.852506
448	1	6.651352	0.748908	1.825737	7.686371
450	1	8.266619	-0.557732	4.640379	8.083146
451	1	5.425704	7.842815	2.303153	5.208111
452	1	6.332834	5.796568	1.783442	7.223273
453	1	4.560326	7.831262	-2.714999	5.243518
454	1	5.250949	7.488608	-1.349647	6.728538
456	1	8.383599	-6.417909	6.120825	6.700891
457	1	4.758472	2.685815	2.627566	7.611217
458	1	5.330945	-0.662849	6.631843	6.048507
460	1	5.487635	-4.275272	8.169462	4.995996
461	1	3.155263	8.685570	-1.003336	5.833225
462	1	8.309522	-3.544441	-2.040652	7.258012
463	1	6.573588	4.787082	0.242358	6.442681
465	1	2.683586	8.467877	-4.039657	8.216619
466	1	6.632244	6.546253	2.033746	6.492705
469	1	7.028961	5.335264	0.347370	4.054268
470	1	7.008673	6.494139	-0.131249	6.719338
471	1	3.943407	7.503922	-1.676748	7.973795
473	1	6.683107	-4.925397	7.470371	6.035798
475	1	4.058856	-1.068433	7.107806	5.734247
477	1	6.519027	6.647616	-0.627150	6.367527
478	1	6.931364	0.824188	3.018908	8.511525
479	1	6.342561	0.867556	-1.128611	7.853179
482	1	6.281127	6.198705	-1.088168	7.093177
483	1	6.905140	-0.101600	5.030008	6.179239
484	1	3.720397	7.503836	-5.492643	9.112702
485	1	5.719762	2.875650	4.434499	7.386804
487	1	7.235842	6.205164	-7.044229	7.778254
488	1	9.302625	-7.897338	5.057156	7.165710
489	1	4.687585	7.407708	-1.558372	6.545700
490	1	7.067510	4.036952	-0.471388	8.468218
491	1	5.874453	6.575630	2.047592	6.334305
492	1	7.907152	-2.899941	7.082119	7.192959
493	1	4.093554	8.687211	0.096868	7.603443
494	1	7.194717	3.752175	0.926858	6.647507
495	1	6.507016	5.932577	0.222969	6.338365
496	1	4.152772	7.298675	-3.110702	7.296217
498	1	3.869794	-0.183611	4.065234	7.511000
501	1	7.879178	-6.647916	5.047380	4.971089
502	1	5.034829	-0.440016	3.484858	8.009399
503	1	6.603498	-2.187188	7.780795	6.003661
504	1	5.069097	8.070542	-0.079421	6.694227
506	1	4.574083	3.096280	5.115375	6.309241
507	1	6.393663	-4.948732	6.935790	6.631176
508	1	5.469008	-4.605306	8.359771	6.927058
509	1	5.450265	3.583346	3.989282	3.407762
510	1	7.113026	4.185428	3.278593	6.969657
511	1	7.952499	5.637780	-2.072901	7.335217
512	1	5.839699	-3.890460	6.385434	4.558615
513	1	7.851559	4.334633	-5.551406	6.367435
514	1	8.879897	-4.034142	7.585684	4.195474
515	1	8.968054	-3.978464	3.152330	8.092880
516	1	5.849223	8.673098	-1.908835	8.265350
517	1	5.237426	-0.371510	4.731144	7.176061
518	1	6.379297	-1.280106	4.215276	6.663344
519	1	6.301852	-4.450742	7.758529	5.640396
520	1	8.534258	-1.459953	5.816002	5.962209
521	1	4.867530	6.721470	-0.007295	9.031102
522	1	5.728501	6.385830	-2.106151	8.439546
523	1	6.301874	4.857838	-1.853566	7.190798
524	1	6.421683	8.689888	-0.332915	6.537542
525	1	5.751819	8.579168	-5.392128	9.441863
526	1	7.632783	-2.420813	3.788682	7.885663
527	1	5.988732	4.069676	-4.869630	6.870522
528	1	8.302712	-6.483587	5.323276	5.860071
529	1	2.655932	6.755092	-4.741086	8.246507
530	1	2.818371	1.451236	1.646179	3.451899
531	1	6.663596	-0.516781	5.546300	5.297386
532	1	5.590552	5.030627	-5.701828	5.159555
534	1	6.324204	-1.625814	4.678542	6.995228
535	1	3.503709	6.534274	-3.991533	5.750486
536	1	6.417838	-2.163817	4.391597	6.387451
537	1	5.391222	7.832565	0.147457	6.177665
538	1	5.666334	0.328715	6.274718	5.246004
539	1	8.859505	-0.657352	3.989096	6.303060
540	1	6.654294	6.594184	-0.421594	5.511856
541	1	5.422619	-4.361070	6.853473	3.387563
542	1	4.718732	1.018816	6.944740	1.253194
543	1	6.362606	1.913928	6.499856	6.212818
544	1	5.184393	3.399238	0.893321	8.869623
546	1	7.220459	6.080051	2.114242	6.191975
547	1	7.185217	0.047324	6.360643	6.376733
550	1	7.565938	-3.512075	6.788232	4.298520
551	1	8.911348	2.316512	-0.889346	6.616232
552	1	6.915590	4.386780	-6.394347	8.290748
553	1	2.360297	6.993290	-1.467094	6.095402
554	1	5.644586	1.575695	0.957875	9.103435
555	1	7.697475	0.259898	2.424686	7.041100
556	1	7.291295	5.497476	0.967732	7.367145
557	1	5.532488	5.107393	1.449689	6.079422
558	1	4.278303	6.315077	0.281685	6.490153
559	1	3.326932	7.845062	2.086249	5.966884
560	1	5.308982	-0.134466	7.750595	4.222996
561	1	6.541184	1.420394	5.653997	4.923387
562	1	6.956538	4.639985	0.179922	7.548523
563	1	7.488295	5.677640	-2.794616	7.332309
564	1	6.662183	0.301701	6.258092	9.151791
566	1	9.040626	-2.753915	8.861398	6.158043
567	1	7.473449	-3.417025	7.102318	3.700594
568	1	7.904213	-0.301189	1.078217	7.289675
569	1	3.607563	8.379602	-1.100146	6.766089
570	1	8.880045	1.541949	0.648494	7.567848
571	1	5.530087	2.929366	4.358980	6.447702
572	1	5.368969	8.422196	-2.563722	6.814629
575	1	6.703215	-1.727755	5.664372	7.285168
576	1	6.680713	-4.931313	7.578196	4.770545
577	1	6.881774	2.932596	-1.700040	6.805175
578	1	4.119192	-2.070425	3.831516	4.814975
579	1	6.992742	0.431906	1.076430	6.661879
580	1	6.547438	1.519595	6.615853	6.018713
581	1	7.213410	-3.453784	9.216445	3.303052
583	1	8.546702	-6.980410	6.709747	3.107017
584	1	6.809573	5.495297	-3.881917	7.987410
586	1	8.594359	2.502221	1.189590	5.164738
587	1	6.758540	5.958805	-4.794632	5.127230
588	1	6.807438	-5.520997	1.370991	7.567695
591	1	4.171774	-1.177623	6.506583	3.986740
593	1	6.935429	-0.449922	7.212886	6.629348
594	1	7.736866	-2.876366	4.031615	6.860824
595	1	8.508665	-4.454201	6.103919	5.834527
596	1	7.559873	-5.214989	6.642433	4.561622
597	1	6.538554	4.920582	-1.572111	8.610287
598	1	6.677319	2.153789	6.619731	7.442674
600	1	7.097924	2.623764	6.373142	6.194352
601	1	3.960287	8.059105	-5.634334	7.372559
602	1	4.839750	6.993134	-5.403639	6.038617
603	1	7.864171	-0.156799	6.725726	5.760155
605	1	4.579586	6.732513	-1.161193	5.266355
606	1	9.145471	-5.226471	5.066781	7.084119
607	1	5.657789	9.441663	-2.044057	5.800714
608	1	8.394594	5.146049	-0.081509	5.585744
609	1	7.699035	5.981532	-0.330474	6.096350
610	1	7.544588	-2.412351	3.641704	3.398515
611	1	7.202314	0.862234	3.024745	6.972264
614	1	7.501486	1.213138	2.506554	8.361221
615	1	8.505671	2.521120	5.542289	3.460459
617	1	5.230358	-2.135614	8.725706	6.453208
618	1	6.986724	4.711577	-2.386455	9.001125
619	1	4.878813	5.140871	-3.158973	8.975109
620	1	6.690945	7.438747	-1.101885	7.150475
621	1	1.392818	6.497203	0.183616	6.874651
622	1	4.329759	6.763523	-1.910102	5.427020
623	1	8.791059	-2.342439	6.376061	6.366357
624	1	6.798382	-0.293366	6.399701	5.593314
626	1	8.409802	-3.928146	3.489147	6.870175
627	1	6.623331	3.623479	-4.225782	3.620708
628	1	5.193993	-0.671823	5.051734	6.557653
629	1	4.376019	6.563482	-3.914046	7.780477
630	1	6.714279	-3.740182	5.107953	2.892329
631	1	8.660286	-4.080978	4.920916	6.637240
632	1	3.691947	-3.164795	5.328862	5.691488
633	1	9.111240	-2.817357	5.457497	7.300344
634	1	6.779110	-4.635410	6.875432	5.063535
635	1	7.579841	4.073041	-3.535315	5.826684
637	1	5.271561	7.262672	-4.095313	7.999763
638	1	6.619721	5.015714	-2.233734	6.979213
639	1	7.655598	3.733509	-7.221628	5.081582
641	1	4.174085	6.595801	-0.958413	6.775007
642	1	7.279570	-4.444125	7.919142	6.267926
644	1	9.305090	-3.988271	7.291753	4.934390
645	1	2.389455	7.186843	0.025230	5.258898
646	1	4.411184	-2.712931	6.807704	7.692320
647	1	7.244464	-0.736944	3.960061	7.117217
648	1	7.486242	-5.072573	6.423197	5.680918
649	1	7.072135	-0.703808	5.740249	5.640088
651	1	8.395245	-1.514240	3.869117	5.974220
652	1	6.640186	-1.112320	-0.585159	8.707485
653	1	8.824198	0.139599	5.975829	4.550517
654	1	5.278714	7.398552	1.093455	2.751794
656	1	8.839968	-0.819212	4.984808	5.992032
657	1	5.537182	-0.906934	7.967440	5.689558
659	1	9.694835	0.320793	3.694124	8.672390
661	1	6.490665	5.410044	-5.653504	7.945906
662	1	7.503491	4.940729	3.724921	6.624724
663	1	7.150967	-3.364385	5.064196	5.981525
664	1	2.252135	-1.886950	4.604180	5.916691
665	1	4.544795	7.101684	0.689493	7.164182
666	1	5.578755	8.093693	-2.464020	8.924124
667	1	7.091130	5.181759	-3.208812	5.611380
668	1	7.419175	1.378724	6.157311	6.104456
669	1	6.127056	-3.798320	8.287499	6.598841
670	1	3.459809	7.866930	-2.894210	6.654282
671	1	8.791193	5.771832	-8.503153	8.482263
672	1	7.065339	-6.104521	6.685353	3.554496
673	1	6.687723	-4.810560	6.783221	7.107303
674	1	6.769253	-6.596413	5.516760	6.470406
677	1	6.146780	9.390961	-1.384184	4.812312
678	1	6.317036	4.326065	0.197179	7.923333
680	1	4.210996	4.866826	4.597753	4.780694
681	1	6.785249	-1.016088	5.440813	5.051925
682	1	8.902893	1.199520	4.256996	5.291120
684	1	8.846504	0.651490	2.027622	6.583936
685	1	6.707014	-1.096211	4.078743	7.793411
687	1	8.662776	-3.704164	8.025975	3.517106
688	1	5.698936	-1.047900	5.604041	6.396333
690	1	6.321432	-5.162647	5.917689	6.965875
691	1	8.446730	-2.783134	6.140329	5.411136
692	1	0.640997	-4.026486	5.821887	2.639966
693	1	7.924557	0.101566	4.580763	7.895961
695	1	5.232962	2.061518	4.158170	7.168855
696	1	5.331197	1.171669	7.916986	2.971552
698	1	7.898923	-4.544897	6.177623	6.743368
699	1	6.172846	4.876272	1.482591	5.317391
700	1	7.016050	7.652246	0.351788	6.689645
701	1	5.279227	-4.464902	6.400090	6.780523
703	1	7.339868	5.170235	-4.396865	7.161061
704	1	6.794525	0.889593	1.888365	7.607829
705	1	6.657271	7.282281	-6.030195	7.317546
708	1	5.250047	-3.100472	8.467072	6.344034
709	1	6.173285	1.815597	2.797159	5.704994
710	1	1.977540	6.024473	0.156485	4.393585
711	1	8.758341	2.575520	-1.592674	6.909631
712	1	6.568431	5.400646	0.319795	8.247314
713	1	5.041503	0.038033	2.195504	8.462413
714	1	5.906586	5.485016	-3.992472	7.330081
715	1	5.250772	8.739034	-0.577936	8.391896
716	1	3.501610	-3.780045	3.603913	3.824774
717	1	6.179570	0.721619	6.967025	6.429108
718	1	4.625497	0.160129	6.479227	6.211770
719	1	6.867406	-1.687611	6.875595	6.526765
720	1	5.427012	5.176086	-4.502306	9.153981
721	1	6.362158	-7.386153	2.073905	4.506473
722	1	7.454528	4.549463	1.419282	6.230239
723	1	8.120204	2.698294	0.967263	5.796652
724	1	3.480912	4.661749	-1.571407	7.944455
726	1	4.095973	0.469682	4.561300	5.358854
727	1	6.665102	7.128011	-7.384212	7.107811
728	1	6.150528	4.088641	3.824116	6.312424
730	1	6.283147	-1.364299	5.493359	3.797498
732	1	7.114721	4.810081	-1.967705	6.666170
733	1	8.575309	5.031687	-1.569000	6.447810
736	1	7.284562	1.783338	-0.743154	5.988991
737	1	6.825313	-1.771662	8.216911	3.426128
738	1	6.244060	6.692683	1.662860	4.907432
740	1	7.529422	6.568435	2.080847	7.679083
741	1	7.669412	-3.889363	1.474363	6.934957
742	1	6.671731	6.953820	0.012176	4.676989
743	1	8.329350	0.546573	-1.731052	6.672312
744	1	4.597494	5.617934	-1.061129	9.119495
745	1	6.982244	-0.983864	8.859905	6.620842
747	1	7.216633	-3.453007	4.177767	5.348401
748	1	6.924120	7.879354	-0.761291	7.167034
749	1	8.490065	-1.056897	6.373728	5.079995
750	1	3.717626	-0.862760	5.444796	6.270896
751	1	6.909267	-5.565257	6.850368	4.715126
752	1	7.868084	-0.535193	6.829610	7.172245
753	1	8.578404	-5.079709	4.511077	6.211997
754	1	8.372985	4.941457	-6.429113	6.964194
755	1	7.152797	3.876065	0.935058	6.690054
756	1	2.572869	-0.193393	5.935413	5.984969
757	1	4.602564	7.450817	-2.086447	6.783918
758	1	6.927793	-2.582167	6.574601	5.557269
759	1	6.449323	7.008362	-0.650345	6.845828
760	1	6.638041	-3.602824	6.306802	6.241319
761	1	4.485938	7.302930	-1.361483	5.990065
762	1	6.637034	-3.441607	6.852503	3.503952
763	1	6.614799	2.750237	-0.627036	7.802004
764	1	6.783543	3.837762	4.275224	5.929892
765	1	6.794239	6.998950	-7.244144	8.241979
766	1	4.288421	5.139320	-3.495015	6.867141
767	1	4.995529	5.513571	2.859382	3.770012
768	1	6.270938	5.442725	-7.558957	7.398002
770	1	3.988254	7.595192	-6.250457	7.832316
771	1	6.122254	7.067133	-0.849314	6.535242
772	1	5.837884	6.000635	-0.823662	8.688697
773	1	4.302344	6.353635	3.815245	6.607187
774	1	6.857497	-6.237309	5.801897	5.528017
775	1	5.530527	-1.947031	5.191337	7.525226
776	1	6.583760	5.597600	-1.527773	8.302730
777	1	4.387840	6.165011	3.970745	6.456597
778	1	4.907304	7.759547	0.363090	7.114488
779	1	6.676351	-4.841794	6.737481	5.668497
780	1	8.079190	-2.446121	6.050441	4.581416
781	1	7.110711	5.178505	-5.840007	5.944574
782	1	6.320405	-0.986407	7.036724	6.395662
783	1	9.161407	6.040088	0.657826	7.196687
784	1	6.339152	-0.665869	5.784267	8.075521
785	1	6.067867	-0.370121	6.869583	5.303105
786	1	3.199833	6.389387	-3.994940	8.548138
787	1	7.600155	-1.737928	6.421765	5.875190
788	1	8.275810	-3.754133	1.612487	9.526685
789	1	8.779372	3.208747	-1.813252	6.920509
790	1	6.072761	5.307003	-3.228620	4.307122
792	1	6.336416	5.232501	-2.434056	7.327677
793	1	5.458466	4.982895	-3.458840	7.772845
794	1	5.825321	-2.424895	5.630043	8.826716
795	1	7.747474	0.572719	3.894984	6.967987
796	1	7.208969	0.446683	3.416469	6.299942
797	1	6.700889	-2.329618	6.979436	5.707719
798	1	6.442060	6.931107	0.845155	4.635679
800	1	7.808730	0.716940	4.712556	6.235633
801	1	6.729821	-1.601901	6.675878	6.719831
802	1	7.434364	-1.819791	5.314455	6.437142
804	1	5.449965	7.928673	-2.576452	6.896946
805	1	7.075345	5.432681	-0.675169	9.418014
806	1	5.810524	4.821683	-0.577969	6.359337
807	1	5.041348	6.209137	-2.729984	6.083222
808	1	3.154336	6.518275	0.148318	6.818074
810	1	7.033235	-0.619742	4.814129	6.954826
811	1	3.871533	6.370004	4.200033	5.214756
812	1	6.349179	3.594036	-3.652822	6.675442
813	1	5.703139	1.726702	4.135654	6.355261
814	1	5.642703	7.735573	0.451511	5.373672
815	1	5.408187	5.634709	-9.393710	9.336460
816	1	7.058821	-3.697781	7.283620	4.598238
817	1	3.855061	2.224451	-0.427626	5.958491
818	1	5.693104	5.009745	-3.757850	8.264869
819	1	7.960437	-1.644169	3.838482	6.664292
820	1	7.245227	4.074714	-1.818662	6.346305
821	1	6.186092	5.501127	-0.311093	4.747666
823	1	7.856817	0.267543	0.243453	6.644849
825	1	6.428056	1.118604	6.504927	6.507850
826	1	6.133128	5.034977	-1.122227	6.972976
830	1	5.640253	6.551591	-1.957500	7.465525
831	1	8.761935	-2.292547	5.115421	6.229028
832	1	6.205589	6.789608	-4.517546	6.536157
833	1	4.762407	-6.922477	2.737530	6.685118
834	1	5.283519	4.375786	-4.665671	8.025241
835	1	5.418890	9.361311	0.517795	7.329093
836	1	7.298128	4.553362	-0.030791	6.326931
837	1	5.925694	-0.151792	7.683150	6.343500
838	1	6.897194	-0.950465	8.864462	6.048496
840	1	5.720666	4.535360	-4.540090	6.902862
841	1	8.536709	0.394061	6.460966	5.273889
842	1	7.639683	-3.188064	3.852798	7.725236
843	1	6.263906	-1.712034	1.035748	7.520812
844	1	7.051113	-2.182242	4.873137	7.943967
845	1	6.087833	6.778001	-1.788637	7.047177
847	1	5.005231	2.969122	5.291836	6.747777
848	1	7.236194	3.621534	-0.073437	7.716424
849	1	7.454512	6.433575	1.245090	6.220582
850	1	6.503837	0.917647	5.593287	5.123704
852	1	9.634479	-0.754176	8.272462	5.489616
853	1	6.635898	4.898433	0.752573	6.151621
854	1	6.722789	6.154301	2.505955	6.596006
856	1	4.017348	8.188208	-0.853125	6.452825
857	1	8.546955	-4.149872	8.436865	5.568396
858	1	6.205993	1.989250	1.813841	8.142275
859	1	5.860099	-1.625107	3.759446	7.516377
860	1	7.129630	1.731992	8.426543	7.313748
861	1	8.529392	-0.166101	4.855218	6.926136
863	1	6.285408	6.323343	-3.576073	8.052985
864	1	6.865957	-3.269702	7.005876	2.488883
865	1	6.657244	7.893638	-3.690731	6.440269
866	1	5.926704	-1.328488	5.428834	6.679893
868	1	8.956662	-1.063870	4.635887	7.531742
869	1	8.185761	-1.048389	0.315064	8.293628
870	1	6.581562	-1.293035	6.994146	2.567486
871	1	7.228511	0.664221	6.895191	8.600499
872	1	6.045071	4.919469	-3.875439	5.780993
873	1	5.886912	6.760232	1.507370	7.760186
874	1	4.146504	7.820086	-5.229430	8.872120
875	1	6.609287	5.842763	-1.689415	8.441456
876	1	7.004285	5.294480	2.230525	5.273138
877	1	8.497307	-3.377057	7.081608	6.950287
878	1	6.487088	3.934908	-1.065704	7.761987
879	1	6.580195	-5.633276	7.798882	6.450140
880	1	7.257016	0.172555	6.828473	6.378935
881	1	6.108407	7.445618	-5.839258	6.487600
882	1	8.766782	4.487301	-0.639831	7.009926
885	1	7.098776	3.339190	3.212803	5.541857
886	1	4.417326	7.815754	-1.109785	6.964507
887	1	6.160620	0.091753	-0.031876	6.948550
888	1	4.627498	-0.101901	5.450760	6.194622
890	1	5.711250	2.455273	3.153577	7.982267
891	1	9.683675	2.033272	0.394611	6.137094
892	1	6.848571	3.034492	-3.102569	7.922492
894	1	7.381221	-2.671034	5.047158	6.723306
895	1	7.787624	-0.079918	7.958655	6.754682
896	1	5.866414	2.724047	6.017428	5.384567
897	1	3.877616	-2.282577	7.276883	6.197163
898	1	7.481708	-1.493836	8.192495	6.222072
899	1	6.414546	3.240611	-2.392484	5.737593
900	1	5.950289	6.740805	-2.508849	6.754417
901	1	7.440518	-3.964728	4.807524	6.921739
902	1	5.415481	-3.163207	3.384177	6.792559
904	1	4.709422	-0.302940	7.987112	5.243925
905	1	7.597334	0.353437	-0.328138	6.464942
907	1	9.072494	-7.654801	6.443626	6.638340
909	1	6.921411	-2.402208	5.940119	5.723320
910	1	7.964493	-0.888810	4.374380	4.208740
911	1	0.942303	5.878039	3.204457	6.159266
912	1	5.689020	3.049657	5.967914	7.241487
913	1	6.672380	0.009542	7.322552	5.781263
914	1	2.053935	6.295771	-4.758365	5.874960
915	1	7.477678	-0.090125	8.087244	4.026231
916	1	7.726701	0.412158	5.064525	6.772306
917	1	5.906213	6.225944	-2.164253	9.092731
918	1	8.987416	-5.099537	4.003715	5.899747
921	1	4.441467	5.941769	-4.025964	6.618725
922	1	6.976655	1.105619	4.261077	8.130479
923	1	5.564403	-0.730145	4.917584	4.909299
925	1	8.345657	2.074180	-1.367802	9.537892
926	1	5.849080	3.758833	1.546457	7.553301
927	1	6.797673	7.710629	2.027322	7.024986
931	1	5.995969	6.725548	-0.886745	6.264959
933	1	4.435036	7.697373	-1.797149	6.544001
934	1	5.610551	0.820608	7.840455	6.188955
935	1	9.045783	5.616817	-1.905601	7.648913
936	1	4.621994	-0.906599	4.471378	3.898423
937	1	6.453224	4.700487	-0.374090	4.891760
938	1	8.639733	-1.548286	6.521456	6.138954
941	1	6.855542	-1.851505	3.875686	9.152527
943	1	7.475470	0.811391	5.998304	5.955854
944	1	6.342081	3.782034	-1.632790	6.756894
945	1	7.587266	4.882685	-0.565091	4.230384
946	1	5.618303	6.404289	0.435154	3.218255
947	1	5.845333	3.790248	-0.539970	8.122450
948	1	6.415318	7.958376	-1.405972	4.983185
949	1	7.269935	3.959692	0.350881	8.484596
950	1	4.260590	1.477080	5.845039	6.288054
951	1	8.306793	-2.371970	9.728781	4.077412
953	1	6.077778	-0.651650	4.445052	7.249672
954	1	5.929811	6.542180	-3.154387	6.612546
955	1	6.426678	4.340026	-1.150454	5.517424
956	1	4.583173	0.911737	9.299360	2.468305
957	1	7.237865	3.808174	-0.139896	7.849179
959	1	8.204690	2.911994	3.052952	8.804656
960	1	8.713915	3.960193	-0.277562	7.298207
962	1	6.646006	1.610880	4.845164	4.402209
963	1	7.122178	3.699381	-3.342807	7.248875
964	1	7.101283	7.087284	-5.371231	9.297784
965	1	7.239103	-2.258544	5.685890	6.124983
966	1	7.284869	-4.892887	6.643661	6.430887
967	1	7.108938	6.762783	0.041974	7.329789
968	1	5.836425	8.064427	-3.121778	6.341020
969	1	6.852622	5.780679	1.883879	9.004059
970	1	1.512077	7.014974	0.674979	6.595785
971	1	5.516763	-3.701394	6.323854	6.134916
972	1	6.357307	5.936642	-4.122974	7.461239
973	1	9.056935	-1.950286	1.798484	6.754272
975	1	7.086755	4.547102	-2.089679	8.517119
976	1	5.220963	-6.047616	5.192050	7.464531
977	1	6.246080	5.971649	0.157900	6.876831
979	1	4.677890	6.857580	0.601188	6.845485
980	1	6.951472	6.457360	-0.798138	7.327396
982	1	7.561552	5.155290	-1.036398	8.763926
983	1	8.919658	-4.147552	3.418271	6.549309
984	1	6.880680	6.057503	-3.587729	7.438569
985	1	7.087424	4.240243	-0.805048	5.876612
987	1	8.754167	-8.203701	6.701349	6.351085
988	1	6.283837	-1.036003	7.951037	5.780032
989	1	5.689889	-1.221763	6.609649	6.030698
990	1	5.779847	2.357259	6.143535	7.749531
991	1	5.025775	0.184727	5.232635	4.336425
992	1	8.412757	6.257934	-4.663356	8.001584
993	1	6.885426	6.403547	-1.324475	7.265378
994	1	6.906226	4.379271	0.593943	7.798834
995	1	6.702722	2.836685	4.626847	5.115936
996	1	5.908083	4.431618	1.499800	4.687322
997	1	3.441744	5.680408	-9.389183	7.227410
998	1	5.664274	6.571709	-6.042389	6.994580
999	1	5.003744	-1.082161	6.702249	7.114799
