385	5	4.783731	0.056407	4.853457	0.876060	2.895791	4.806100	0.954946	4.885928	0.983901	2.894935	5.212818	-0.137424	4.923304	1.382944	2.019492	4.385001	0.536243	4.819206	0.588746	3.593999	5.164997	0.394123	4.933304	1.311781	1.749320
600	5	3.088854	-2.257689	3.743701	7.266584	5.365082	3.110451	-5.971568	3.744098	7.223867	6.612678	3.112276	-5.902945	3.754103	7.242287	6.454625	3.108756	-3.229103	3.762310	7.271276	5.753857	3.013960	-3.198481	3.464387	6.993713	7.243804
713	5	2.151277	7.143034	1.985570	-0.266194	8.466775	6.067000	0.041339	6.875893	5.773527	7.577343	6.108420	-0.151219	6.879725	5.804626	7.840367	6.359419	-0.922091	6.890380	5.904407	8.094599	6.661508	-2.482787	6.892423	5.925118	7.384250
2083	5	1.713408	4.092469	3.520203	0.385402	7.851401	1.802297	0.332382	5.151795	6.899576	6.063471	2.081490	-0.820182	6.323707	6.969730	5.562028	4.134960	-2.810538	6.519611	6.991066	4.828536	4.540685	-3.671645	6.522376	6.993198	4.554259
2156	5	5.884209	-1.300948	5.315749	6.315067	5.891163	3.838391	2.768393	1.003811	2.315284	7.685750	5.887427	-1.268375	5.444578	6.315085	5.637801	5.888362	-0.521161	5.289359	6.315075	5.612067	5.882031	-1.167592	5.192331	6.315048	6.050711
2378	5	6.798230	-2.721187	5.719717	6.302005	4.372193	6.687077	2.336089	5.402251	5.603907	4.330200	6.734666	0.745151	5.509012	4.820741	5.573614	6.807015	-2.626068	5.721030	6.313124	4.099341	6.731192	-1.611723	5.692459	6.107993	5.236567
2444	5	2.552984	1.068889	1.746849	3.033230	5.083415	1.384514	0.713587	1.617995	2.912345	6.111758	2.556334	0.650416	1.741271	3.034103	5.144430	2.272690	2.391938	1.730179	3.016150	5.491004	2.525144	0.479033	1.734000	3.029271	5.213605
2534	5	3.675579	1.010141	5.741765	0.371893	6.353096	3.653300	0.982215	5.736015	0.365426	6.382840	-0.647782	4.184207	1.407911	-1.747931	7.136492	3.630321	0.412422	5.777360	0.347168	6.429537	3.565505	0.808207	5.723247	0.339712	6.496707
2560	5	6.199065	-3.671670	6.774194	2.375846	6.405228	2.780519	2.758785	4.532770	-0.360379	7.446564	6.270971	-3.033881	6.796785	2.406595	5.911695	3.076417	2.943933	4.701504	-0.467625	7.370630	2.921959	2.847633	4.607367	-0.418137	7.411261
2743	5	3.128886	2.212907	4.075232	9.008661	6.599888	3.918073	-0.627822	4.447802	9.167149	4.806598	3.549447	-1.142713	4.022431	9.029369	6.308893	3.019646	1.592693	3.932991	8.953252	6.802392	3.559665	-1.196709	4.029945	9.031263	6.292679
2866	5	6.343153	-3.153976	6.153698	1.548610	3.989637	5.895118	0.354133	5.131580	0.670717	5.662702	6.339222	-3.566047	6.137400	1.540020	4.221866	5.862276	0.472474	5.110940	0.604265	5.674773	6.330874	-3.527205	6.080083	1.523114	4.464301
3138	5	0.860404	3.635587	3.645914	-0.038286	8.130395	7.058772	-7.201402	6.441082	6.526692	1.535338	5.687571	0.515127	5.681808	0.451060	6.737191	5.290811	0.512930	5.639810	0.337180	6.898614	5.481278	0.554426	5.659219	0.380708	6.807804
3216	5	0.776990	4.107660	1.807177	0.377495	9.101458	0.778389	-1.821835	7.993723	5.290208	5.140369	0.777580	-0.483322	8.067863	5.289363	3.961009	7.241509	-5.497583	8.077839	5.290927	2.713609	0.777012	0.192389	7.691655	5.235688	5.956210
3256	5	-4.656801	3.332131	1.589620	2.559658	6.801500	1.720568	-3.768013	6.722858	6.843160	3.974662	1.720545	-3.651167	6.711359	6.843151	4.176125	1.719453	-1.002058	6.388184	6.842873	5.220408	1.720588	-3.540842	6.733622	6.843168	3.617921
3532	5	3.710241	-2.235068	4.266423	7.221883	2.668614	3.709385	-3.254956	4.258334	7.221880	3.591268	3.709842	-3.807301	4.263818	7.221882	3.111513	3.709065	-1.336109	4.249403	7.221872	3.810433	-2.287340	4.671005	-1.579202	1.284314	6.178210
3654	5	-1.075440	0.164858	5.596638	5.734517	4.915894	-1.109082	0.234692	5.592449	5.730947	4.982153	-0.763740	0.281690	5.625709	5.782014	4.443747	-0.981683	0.090716	5.605597	5.745648	4.780914	-0.831717	0.073885	5.618552	5.765521	4.580136
3882	5	3.378495	3.095708	4.151403	1.052499	8.649251	6.148508	1.298412	5.651834	5.134022	5.187784	5.783515	0.922681	5.576565	5.309965	5.449156	5.799626	0.978172	5.567260	5.270950	5.474635	6.559076	0.767240	5.925705	5.577795	4.121008
4050	5	2.244415	4.626118	3.305218	-1.023522	5.148511	4.957638	0.031957	6.743045	2.162431	2.551912	5.029219	0.019025	6.827732	2.245609	2.025578	5.004691	-0.593594	6.783434	2.210501	2.281046	4.998469	0.293799	6.795406	2.211829	2.236005
4170	5	0.169524	2.938090	0.988561	3.742743	8.027043	6.110096	-1.418259	5.961953	5.811325	4.095360	6.081152	-0.991092	5.962236	5.812898	3.644091	6.046764	-0.741944	5.961868	5.803767	3.523904	6.104254	-1.276445	5.962157	5.814356	3.933317
4231	5	6.835657	0.617730	2.036191	6.132437	0.945884	6.434020	1.208338	1.105367	5.556478	2.883748	6.752218	0.209976	1.382598	5.902613	2.460993	6.817484	0.748542	1.918920	6.093058	0.992440	2.184663	4.977944	-0.826114	0.148417	6.726347
4563	5	-1.772100	0.775274	7.350695	2.259394	6.764946	-3.188667	5.519086	1.078997	-2.847935	8.282283	1.853620	-1.259049	7.451036	2.863974	4.727446	-0.400396	0.728707	7.443385	2.650903	5.529778	0.541716	-0.060460	7.461729	2.802662	4.774900
4591	5	3.253865	0.051129	4.755587	2.215852	6.557302	3.088255	0.195281	4.602956	2.205412	6.640063	3.286869	1.612200	3.345892	2.097828	6.779333	2.884152	0.373950	4.388738	2.190564	6.727284	3.006531	1.405645	3.176877	2.093921	6.843407
4627	5	1.744867	3.497530	-4.742850	3.037753	8.223218	6.272977	-0.999237	0.808630	4.962864	6.330521	6.253563	-0.675581	0.300534	4.791158	6.558821	6.231839	-0.359705	-0.205350	4.614292	6.710941	6.288623	-1.178829	1.189380	5.095210	6.017129
4703	5	1.684962	5.001417	-2.832059	-3.340847	6.142837	7.145612	0.330764	3.453633	0.159233	5.145283	7.132359	0.220970	3.448652	0.117038	5.283530	7.118266	-0.960792	3.474639	0.018076	4.797140	7.102169	-0.567486	3.460441	-0.017983	5.219643
4722	5	1.276391	2.568354	6.248364	3.469170	5.859025	0.903198	2.161160	6.135541	3.041311	6.446081	0.955089	2.238861	6.142069	3.070689	6.409964	1.293284	2.555118	6.257021	3.498955	5.797831	1.263992	2.572364	6.242137	3.447638	5.900214
5248	5	-0.395230	4.286244	-0.075218	0.542292	8.391992	5.122172	-4.555890	6.399929	5.758197	2.480797	4.283734	-2.577266	6.378969	5.756680	3.893068	4.933297	-5.298020	6.395009	5.758114	3.179608	5.035565	-3.902251	6.399983	5.758189	2.415382
5760	5	6.089012	-1.875458	6.512225	1.415952	4.567494	5.818284	-2.683659	6.319386	1.404915	5.921390	6.050059	-0.386195	6.245645	1.412915	4.258153	6.089634	-1.341464	6.443023	1.415863	4.439216	5.953195	-3.411577	6.461088	1.412671	5.697476
6363	5	2.835149	3.831906	-0.693720	-0.067114	7.021930	7.793804	-1.466742	4.434947	3.284033	5.842361	7.793464	-0.747832	4.428108	3.007590	6.298257	7.793720	-1.373972	4.433349	3.215435	5.988197	7.793978	-1.370402	4.437707	3.379949	5.540303
6444	5	4.649679	1.463984	4.422161	5.499158	6.388150	4.125250	3.235105	3.922325	4.417235	6.840694	3.588549	3.199454	3.287140	3.189698	7.154250	4.700902	0.702572	4.462501	5.612592	6.284020	4.576008	2.168603	4.352369	5.318944	6.495082
6813	5	4.839945	-0.180577	6.495164	4.551713	6.863526	4.950861	-0.578881	6.765625	4.777993	6.107408	0.630301	2.888671	0.837462	0.350770	8.084451	4.953493	-0.357727	6.776850	4.789650	6.007130	4.839818	1.642054	6.658257	4.740938	5.933433
6889	5	1.007056	1.108658	0.594088	3.635222	5.958735	0.839150	1.899287	0.358889	2.449611	6.522850	1.038055	1.125593	0.631897	3.788827	5.855678	0.863625	1.412158	0.406414	2.684852	6.409193	0.871856	1.379322	0.416156	2.741926	6.385047
7019	5	6.019102	1.228075	1.942496	4.815377	6.484516	6.797732	-1.334652	3.853346	5.928545	2.728033	6.795124	-1.708667	3.846121	5.941285	3.017094	6.658037	0.166453	3.214130	5.268901	5.404032	6.793070	-2.011033	3.839574	5.949322	3.222825
7143	5	2.323475	3.398841	0.658783	-3.021139	5.883240	6.789731	-2.057653	6.175515	1.457687	0.510337	6.734490	-0.338690	4.656413	1.317326	1.551724	6.683364	-0.921113	5.376360	1.282159	2.045396	6.736582	-0.733203	5.274723	1.327314	1.439095
7379	5	-0.270586	5.237403	2.537561	-0.744847	6.010300	5.174448	1.771997	7.077735	3.040500	4.542277	5.365557	0.266969	7.424793	4.439008	0.914680	5.339456	1.567815	7.414958	4.055140	1.652136	5.330189	-0.396759	7.400655	4.702951	1.208495
7666	5	5.709110	-6.094779	6.628717	6.967032	3.497874	2.475173	1.568909	0.999334	5.723033	8.897760	5.702632	-1.975854	1.377024	6.831521	5.642938	5.705393	-2.360929	1.728258	6.848762	5.889231	5.699002	-2.126384	1.148057	6.798589	6.478313
7680	5	2.684188	-4.870789	7.093894	6.450010	4.721784	2.511480	-2.935410	7.093782	6.450000	6.737523	2.533220	-1.273330	7.093589	6.449957	6.025156	2.658052	-5.334108	7.093887	6.450010	5.553403	2.684501	-5.124975	7.093894	6.450010	4.859433
8073	5	3.224358	1.345202	3.449638	2.660194	7.045246	2.604922	2.037239	1.577793	1.103320	7.272644	2.998207	1.627323	2.680711	1.915211	7.201685	2.945778	1.837287	2.636616	2.413589	6.954753	3.138457	1.454397	3.147420	2.352311	7.121163
8534	5	2.939201	4.888885	-3.367875	0.872858	6.552061	6.716612	-1.807511	0.675821	7.483522	4.633983	6.693310	-1.656575	0.618617	7.482431	5.402507	6.708879	-1.859545	0.654231	7.483105	4.930731	6.697202	-1.723979	0.625964	7.482583	5.301135
9061	5	7.347283	-3.863524	6.713165	7.950303	2.254366	5.746204	0.499640	2.676228	7.583804	6.606279	5.660062	0.042702	2.455181	7.580212	6.590810	5.700847	-0.170610	2.378471	7.581004	6.509955	6.781394	-1.434222	4.233645	7.632006	5.289591
9161	5	0.488129	1.491987	6.931770	-3.581730	8.534349	6.430585	-1.350956	7.546112	-3.354345	6.373634	7.012215	-4.093436	7.574928	0.696146	6.155890	7.004353	-3.513259	7.547799	-2.362833	6.563076	7.012369	-3.817537	7.581235	0.305895	6.007322
9683	5	4.687964	-0.045256	2.826521	5.028471	5.981560	4.329542	1.944589	1.778494	4.195821	6.625071	4.682281	-0.846219	2.835880	5.034391	6.296272	4.178269	1.128737	1.520733	3.768280	7.129821	4.583911	1.040685	2.635307	4.746388	5.840857
9769	5	7.389811	-2.267569	3.201435	6.028669	0.448715	7.160651	-1.025932	1.705180	5.413602	1.408487	7.558129	-1.457873	3.786459	6.151497	-0.104112	7.530575	-1.908882	3.892772	6.229523	-0.035907	7.131718	-0.864888	1.811619	5.353813	1.566804
