12	5	-6.047103	1.177890	6.182636	6.256077	0.488354	-0.354394	0.938234	4.892545	2.161045	-0.188175	1.908493	5.549809	-0.575490	1.538188	6.006790
45	5	3.085787	-2.601010	6.152523	3.077328	-2.904441	6.229633	1.702336	-1.841358	6.961354	3.085958	-2.232805	6.070044	2.016777	-0.048504	5.844474
75	5	-1.266311	3.241988	6.244765	-3.020545	3.519594	6.255939	-0.877269	3.219826	6.218518	1.561676	6.059096	0.911577	-3.689464	3.728004	6.253579
96	5	-1.366482	1.396062	6.862287	-2.358208	1.881145	8.320450	-0.913620	3.239836	4.217241	2.471876	1.942082	3.167236	-2.248247	1.849497	8.237226
187	5	-2.444326	3.840682	7.320745	-1.996467	2.905887	7.589542	-2.100192	3.074571	7.579507	-1.859220	2.695200	7.577406	6.837037	0.788806	3.813719
239	5	2.749745	2.827920	2.941839	-7.505367	1.209630	6.816527	2.656592	2.788545	3.406373	2.896498	2.663046	2.630279	2.822617	2.402299	3.289786
263	5	3.255985	2.490409	0.525617	1.545206	3.447649	2.946906	1.521208	1.357546	5.234167	4.413560	1.368860	2.787044	2.509031	2.772986	1.432197
299	5	-0.300094	1.877567	5.178664	-0.767065	2.150461	5.901356	-0.722058	2.099896	5.855385	-0.842832	2.249095	5.966449	-0.606261	6.273292	4.330556
354	5	-6.960724	1.723342	7.014268	6.245035	0.264397	3.810826	5.742801	0.414633	4.069503	6.589688	0.643251	3.424524	4.579810	1.156389	4.343402
512	5	-9.012559	0.667840	7.616823	3.939559	-0.576911	4.779403	3.233693	-0.701036	5.097504	3.682619	-0.922975	4.997146	3.260274	0.157597	4.686589
540	5	-0.822595	3.900195	5.741230	6.530661	-0.113178	2.070121	-1.041404	4.399888	5.748790	-0.801314	3.323829	5.924593	-1.686445	3.457591	6.546140
558	5	4.110209	4.268404	0.379185	-3.419916	2.030416	5.938819	1.298141	5.327378	1.813329	1.121617	5.319806	2.454689	1.030601	5.573047	1.975159
568	5	-3.327736	3.140905	4.674492	-1.364143	3.119795	3.442301	-5.304032	3.394383	4.598476	-0.998631	3.134872	3.149797	-2.929398	3.127532	4.561494
659	5	-1.165501	2.607630	6.096064	-1.719826	2.766842	6.071586	2.431095	0.525438	3.300049	0.890550	1.848720	6.079249	-2.193087	3.205328	5.953981
669	5	3.323217	4.277874	3.533934	2.865809	2.908089	6.187465	4.437780	3.771081	3.642647	0.685368	4.008548	6.535379	3.811318	2.722051	5.365282
693	5	-1.459255	5.370126	5.682948	5.425711	2.049943	1.346438	-1.182334	2.627957	6.474406	-0.503686	5.891745	4.230619	-2.123388	3.367427	6.403737
930	5	3.663023	2.594522	-0.728621	4.159112	2.227020	-1.000260	3.278020	2.818330	-0.435798	4.323082	2.092593	-1.070780	4.471665	1.798438	-0.912100
958	5	0.205997	3.541851	1.415543	1.337386	3.584542	-0.196296	1.616137	3.153975	0.036496	0.104867	2.161074	2.411454	0.643450	3.950156	0.434721
962	5	-2.062677	2.576338	5.181936	-2.280590	2.834195	5.172938	-1.340486	2.357381	5.103453	1.990948	5.009325	3.633536	-2.263903	3.000948	5.148701
1110	5	2.321768	2.872909	4.655297	3.527627	2.262086	4.549376	2.638668	1.556906	5.195093	3.765455	1.628673	4.723129	3.273503	1.172800	5.058186
1221	5	-1.872642	1.333391	4.031938	-2.534316	2.231680	3.651044	-3.067659	2.550742	4.007333	-2.808519	2.454546	3.756445	-2.947356	2.524937	3.874515
1284	5	-1.319477	2.985962	5.392826	6.466334	0.316585	0.547071	-1.875153	3.145662	5.847020	-2.883199	5.784397	4.173276	-3.237169	5.820641	4.464116
1302	5	1.669414	-1.116478	6.151823	1.509584	-0.820394	6.183787	1.799717	-1.264976	6.104297	1.890171	-1.309440	6.062105	0.344613	0.846780	6.120069
1472	5	-1.229426	1.478694	6.777270	2.568541	4.805543	2.844335	5.570300	2.485983	3.447347	1.940787	4.752645	4.795039	5.340447	2.846983	2.262604
1634	5	5.338215	3.752404	2.339724	1.888929	2.914372	7.572400	5.718092	3.531684	2.881553	3.024270	4.783513	2.095487	5.165545	3.831051	2.267611
1668	5	4.197629	2.924050	2.731301	2.459942	3.135039	1.893446	4.625374	0.863385	5.020365	-0.460603	3.222756	4.711990	-0.765174	2.652982	4.945881
1711	5	-4.406848	1.721395	6.953221	0.859375	2.925654	5.970270	0.972739	3.213991	5.656891	1.935608	1.755824	5.825750	1.493496	3.285317	4.832508
1743	5	4.483906	4.699142	0.152667	-2.351850	2.928472	6.578065	-2.315312	4.738874	5.816524	-3.164985	3.875947	6.666224	-2.819217	4.434740	6.357714
1927	5	-0.764007	6.991148	2.480028	6.188279	2.354417	2.006331	-1.573928	2.017438	7.096787	-3.239142	6.372513	6.340907	1.872367	4.057847	5.330729
1942	5	1.563090	1.846477	5.173815	2.508841	0.191286	5.193776	2.043531	-0.277590	5.610455	2.393616	1.346394	4.906851	2.437417	0.013193	5.272463
1961	5	-0.600733	3.886566	6.205186	1.025053	6.209261	4.351826	7.441718	2.369179	0.737566	0.291798	3.351279	6.190661	1.217999	6.037984	4.250828
1973	5	2.988974	4.621605	3.720716	4.534606	2.466561	5.172485	1.627307	5.023420	4.464927	2.054556	4.888050	4.248073	-0.913969	3.284135	5.750518
2042	5	7.543771	3.038628	3.122694	5.196281	4.431371	4.737104	4.060636	5.159294	5.369256	5.749256	4.023417	4.870451	4.530715	4.880514	5.035067
2073	5	3.228364	2.266342	3.892550	2.304725	1.051552	5.080157	2.240025	2.750052	4.362678	2.389624	2.972034	4.058282	2.172143	1.398334	5.034665
2093	5	4.161531	0.119351	2.554899	-1.815377	5.651486	4.279543	-1.450877	4.656286	5.272134	-2.325471	3.616876	6.381237	-1.536928	4.147934	5.596042
2110	5	-1.165750	4.360859	5.639277	-0.942853	4.834379	5.295812	8.282054	1.127061	2.635690	-0.443308	5.222175	4.903333	-0.723636	5.082715	5.081300
2198	5	5.775520	3.112758	0.838822	1.884135	5.832774	1.621273	5.039449	3.736659	0.536775	2.510692	5.361627	0.702901	5.678417	3.280604	0.640083
2276	5	6.064176	0.432162	3.777010	-4.184224	3.143161	6.658318	-3.130516	1.704569	6.802047	-3.254871	3.474584	6.179957	-2.988076	3.204728	6.219548
2301	5	4.291435	3.219749	4.164347	3.391367	3.857924	4.155398	4.132557	3.338215	4.158324	5.009963	2.537116	4.273677	4.498809	3.057049	4.177193
2322	5	0.616298	3.461322	4.439749	1.148378	3.831122	4.136867	1.231645	3.701163	4.145106	0.759026	3.911208	4.265991	1.232194	3.226742	4.299968
2372	5	8.235010	2.344621	2.415022	1.785254	5.039097	4.686324	1.969886	3.281519	5.830378	1.530065	5.437589	4.814673	1.484581	3.194751	6.459581
2375	5	3.191311	3.940663	4.306919	2.762980	4.002359	4.306855	3.389721	3.914142	4.307166	3.557117	3.891830	4.307616	4.376161	3.752458	4.315992
2409	5	2.683381	5.215111	-0.006663	3.806907	4.592065	0.449258	3.637135	4.707930	0.348197	3.406760	4.850412	0.221964	1.882489	5.495956	0.452388
2458	5	3.435777	2.964030	1.358592	3.407943	3.019802	0.276862	3.154251	3.206395	0.098879	-1.526069	0.984142	5.202450	2.794221	3.410937	1.069639
2461	5	5.205493	-1.138331	-0.657097	-2.306688	4.798175	3.494981	-3.150687	5.013609	3.756690	-3.380337	5.040117	3.996007	-3.262700	5.028825	3.873389
2463	5	5.211922	3.239953	1.442986	2.310674	4.851605	4.821453	2.500192	4.941844	4.400653	3.033674	4.316996	4.110288	2.295446	4.779981	4.882379
2508	5	2.359015	3.828446	2.995707	2.538321	3.246227	3.881168	3.365418	3.293331	2.593752	3.368925	3.076097	3.017413	2.317714	3.296634	4.037899
2520	5	3.976977	3.912670	-0.200808	6.206112	2.485966	-0.200042	4.229894	3.723254	-0.200810	3.593377	4.215441	-0.200793	3.784132	4.062592	-0.200803
2570	5	-1.035192	3.728428	7.223472	3.936136	2.559128	5.522522	2.951934	2.440968	6.290805	2.715479	5.075198	3.210210	-1.013230	3.471670	7.233924
2579	5	-2.792609	2.603531	7.016316	-2.341644	2.398105	6.971168	-1.804824	5.544026	2.526486	5.032383	3.486231	4.044790	-0.748114	5.247659	2.455182
2582	5	2.670811	3.694005	4.645779	1.388811	3.915314	5.893710	3.067599	3.460463	4.848446	1.040980	3.699365	6.420543	1.194118	3.809864	6.203107
2645	5	-1.002898	2.264461	6.860146	1.380159	1.658425	6.303661	-0.054675	3.767695	6.351335	0.482698	3.950777	5.982024	1.155693	2.661432	6.017172
2682	5	2.213859	0.393596	6.396736	1.787545	0.814371	6.543359	3.132533	-0.443407	5.378674	3.509495	1.582640	4.649720	1.131027	1.283026	6.593652
2694	5	-1.227172	2.831462	5.093413	-4.875587	3.176804	6.874080	-3.869038	2.905041	6.614230	-4.235871	2.986235	6.745099	-7.034928	4.349934	6.743884
2766	5	1.366005	2.067291	5.091565	1.487545	5.230418	4.132602	1.499282	5.268390	4.097225	1.603135	5.404527	3.794746	1.677269	5.302749	3.625621
2864	5	-5.336478	4.297093	8.646655	1.598933	2.796215	6.892529	4.045308	2.875197	3.609615	0.886947	2.648102	7.790370	1.092918	2.378483	8.422159
2868	5	-0.898279	5.408739	3.104283	-3.181345	5.934877	4.554699	-0.310880	4.773765	3.585571	-6.144666	2.182173	6.882910	-0.824371	0.962714	5.699863
2973	5	-0.500123	-0.118278	6.025876	-0.627102	0.072116	6.174863	2.666355	3.848024	3.230972	-0.385212	5.437391	4.144682	0.772090	5.195309	2.225990
2985	5	4.945221	2.004335	4.330291	-5.995669	0.767465	7.824846	3.046097	3.041414	4.798475	6.411490	1.336785	3.596371	3.646010	4.338849	2.994426
3108	5	0.513361	4.897882	2.854495	2.277169	4.753189	-0.097430	1.086209	5.113741	2.132465	0.758891	4.512036	3.055983	1.590174	5.205709	1.142529
3211	5	2.958727	0.230241	4.046694	-7.385356	1.656966	6.629500	3.178882	0.087896	3.987624	4.165075	-1.808567	4.732031	2.084858	-0.069434	5.022027
3220	5	2.947789	6.135406	3.235562	3.910189	5.330133	1.707340	1.293604	4.991071	6.746818	3.163318	6.031529	2.668319	3.673863	5.689865	1.644919
3231	5	1.249216	5.024682	3.700286	0.799076	0.932217	5.219435	1.032068	4.614636	4.273193	2.207834	3.877616	2.098571	0.616150	1.470667	5.292872
3259	5	-2.667763	2.348093	7.744716	-2.394964	1.910552	7.742455	-2.098587	1.469381	7.679330	-2.260023	1.703439	7.724458	-2.303817	3.773150	7.174152
3261	5	6.251365	-0.867628	1.050345	-0.818571	1.170087	4.921811	-0.715758	1.967681	4.689931	-1.150479	0.442639	5.619979	-2.703459	4.072344	5.474836
3283	5	5.312693	3.223957	-0.621103	-1.870893	3.146622	3.923375	6.532806	2.563395	0.876928	5.182999	3.278018	-0.676643	-4.763871	3.751480	3.897798
3435	5	3.103006	1.834809	4.245882	-2.986926	2.119580	8.263407	3.340220	1.751849	4.245964	-1.029438	1.923250	8.293481	-3.610360	2.264865	8.240608
3450	5	3.429909	4.572061	3.264116	2.115281	4.656947	5.221684	2.435342	4.868109	4.619490	2.518884	4.894783	4.460867	5.799802	2.801960	3.813202
3496	5	6.943719	2.401960	1.505494	1.305596	5.341104	4.754192	-2.591199	1.194976	6.633384	0.274252	4.238695	6.131197	0.312161	4.471085	6.036334
3505	5	-3.847629	1.182040	6.173862	2.546111	4.274762	3.507885	2.131586	3.980638	4.615659	2.453127	4.296927	3.755404	3.875717	2.687645	3.234332
3572	5	-0.113352	-0.574150	8.152500	2.420280	1.962486	4.895236	-0.069726	-0.584838	8.138398	2.496598	1.647081	5.174874	0.920241	-0.910659	7.559544
3621	5	6.763251	0.985048	-0.145908	-1.403215	3.435860	5.524042	0.645126	3.331603	3.641049	-0.014997	3.892765	3.427407	-0.261258	3.926432	3.876473
3656	5	-0.810152	1.091479	6.579322	0.711385	1.903197	5.893977	-1.488956	1.334224	6.659883	-1.928305	2.043315	6.529389	-0.505801	1.177077	6.484594
3762	5	-1.092489	3.276425	6.502492	6.388395	2.643697	3.623695	6.366841	2.622929	3.716094	5.600067	2.570555	4.866727	1.318751	3.186322	6.440743
3805	5	0.916776	3.281626	6.532815	2.350442	4.821060	3.110824	2.441859	4.799689	2.578410	2.077075	4.860848	4.414565	2.198825	4.849848	3.942133
3814	5	4.616168	0.526965	-1.880543	-0.579127	4.953667	3.964459	0.898795	5.019185	1.694933	-0.393080	5.201221	3.644664	0.477433	5.187634	1.635395
3848	5	2.218183	1.050086	6.240515	3.867117	0.422453	5.353354	4.345605	-0.312491	5.704563	3.787957	0.514074	5.312036	-4.631342	1.729616	9.226679
3889	5	-1.670243	5.288688	7.687643	-2.239303	5.123765	7.894795	-0.149658	4.446694	8.196404	-0.568090	4.494819	8.192041	1.183542	4.206501	7.836500
3946	5	-2.070756	6.381308	3.403254	5.001737	1.698157	-1.244776	-2.580837	3.580027	4.674606	-1.793659	2.963512	4.190822	-2.515805	4.525319	4.495248
4016	5	-5.486978	4.458803	6.778583	-0.187781	2.509911	6.259072	3.203053	5.113467	1.109540	-1.932945	4.396390	6.559891	-0.134134	2.494009	6.217031
4085	5	0.670873	0.450256	7.023232	-0.678046	1.570183	7.379249	-0.554589	1.474251	7.405362	0.877944	1.691051	6.472043	6.070378	1.428449	2.719175
4193	5	-1.977287	0.768527	1.819934	-2.957504	3.897263	1.530996	-3.635680	2.691985	3.020628	-3.448903	3.527296	2.303024	-3.684919	3.011364	2.821372
4218	5	1.936285	5.371832	3.405615	1.551566	4.608031	4.085871	4.019799	2.689153	3.771538	2.340815	5.416936	2.931318	1.541754	4.537034	4.120794
4259	5	-1.211515	3.777947	1.062450	-1.358423	1.853439	3.469373	-1.473369	1.960055	3.731292	5.396535	-0.092360	0.283229	-2.595076	5.025443	0.650232
4278	5	-3.513138	1.212526	5.728803	1.214361	2.043713	4.793209	1.674397	-0.127651	5.456610	2.097944	-0.643706	4.914875	4.512327	0.614458	2.566210
4326	5	2.218343	4.313961	4.050575	3.883824	4.246451	1.835262	2.790640	3.762905	4.880586	1.995947	4.134954	4.689293	5.434636	3.739060	2.497054
4328	5	-1.423707	2.301127	6.707574	-3.054076	3.450738	6.649362	-0.768692	2.118730	6.600627	-2.924809	3.966968	6.588305	-2.925920	3.111453	6.676791
4419	5	1.840352	4.547593	0.873636	1.667786	4.625197	0.873614	3.711266	1.991951	4.145503	5.350440	2.875120	1.453884	-5.623050	5.422328	6.198190
4420	5	-3.838774	-0.799342	7.357399	0.675551	-0.048122	6.064492	1.276413	1.638984	5.136068	4.554380	-3.680200	5.123855	1.478311	2.129101	4.854787
4487	5	5.944384	4.061037	1.554440	2.038184	5.244434	3.908026	1.931516	5.241718	4.075416	2.225986	5.052854	3.971017	1.874704	4.934748	4.558807
4562	5	7.495600	1.888457	0.944417	0.821389	3.882986	6.033616	-1.617723	4.474652	6.381710	0.892748	3.466681	6.455644	0.090372	3.307056	6.862926
4601	5	0.071417	3.411069	6.335806	3.340909	4.623635	1.989451	-0.544942	2.984966	6.806408	-0.560973	3.127105	6.763633	-0.472435	3.422793	6.627885
4665	5	-5.679103	0.797506	7.542619	1.893668	4.264446	1.952508	1.018166	5.105011	3.080479	0.495748	2.336867	5.615079	0.686093	1.339831	5.637160
4666	5	6.515316	2.029721	2.187093	-1.267428	7.283311	2.933730	-2.174368	3.388806	6.029802	-2.140600	4.929322	5.525417	-2.425425	4.015108	6.112744
4667	5	-5.388173	1.390570	6.903112	2.500954	-0.297102	5.901040	3.233275	3.954124	3.749800	3.598090	-0.678418	5.241818	2.863954	3.606615	4.264880
4689	5	0.640566	3.662919	3.662081	0.655600	2.503237	4.132764	0.883697	3.899046	2.768135	0.985222	3.798256	2.648834	-5.327406	-0.980177	6.425629
4870	5	-0.580737	4.085229	3.669887	-0.147104	4.504212	3.393204	-0.600631	3.604553	3.832381	-0.353239	4.309685	3.532033	-0.806077	3.802450	3.807940
4892	5	4.077251	4.244888	1.932825	3.469144	4.977920	0.501062	2.999506	5.111230	0.803607	3.715754	4.844046	0.719400	4.057565	4.473142	1.464510
4932	5	-0.872227	4.102094	4.188297	-0.461014	4.158060	4.112036	0.212700	3.970104	4.058372	-0.734436	3.560340	4.296663	-1.575879	3.895911	4.317278
4944	5	-1.070154	5.373444	6.624077	1.638023	5.662942	2.807208	2.163596	5.223514	2.632452	2.115193	5.329517	2.481455	1.943537	5.493633	2.434058
5096	5	-4.573508	1.525641	6.594340	2.760227	4.544373	4.006525	2.343870	2.871964	4.843248	2.376680	3.073951	4.780845	2.688931	4.560087	4.143236
5165	5	-7.465860	1.335870	7.475934	2.307612	2.093574	1.454857	1.719571	2.453768	2.426224	4.061550	-0.408645	2.472179	2.871727	1.616744	1.073481
5187	5	-10.824129	4.089740	8.513023	5.934266	1.489164	4.243907	6.254277	1.328827	4.267306	4.950832	1.721659	4.348595	6.339763	0.709967	4.736646
5344	5	-0.388023	3.347734	6.195571	0.185177	3.740716	5.624556	-0.460258	3.163695	6.341777	0.359941	3.789084	5.462287	0.028226	3.674542	5.773611
5478	5	-4.283385	4.052621	9.351844	3.448009	2.015543	5.702987	3.401391	2.425686	5.251658	3.568358	2.062777	5.555933	2.531781	3.250520	5.288448
5517	5	1.717548	4.751083	-0.075014	-0.623712	3.232992	5.643972	-0.395318	2.538544	5.568340	-0.455865	3.164899	5.450486	-0.642156	3.180056	5.673061
5562	5	-0.578578	3.003743	6.703633	-3.434951	3.188656	6.703591	3.228695	4.943412	1.983840	0.773931	2.836229	6.664392	4.475152	3.838888	2.939544
5605	5	1.100826	3.479017	5.081669	4.800802	2.223905	1.648874	-2.438952	2.977631	7.508385	-3.468072	5.201651	6.220649	-4.236511	3.873434	7.365832
5717	5	-1.839151	3.709423	5.499071	1.594633	4.014979	4.346000	2.008559	4.042327	3.733721	1.441365	3.790026	4.859018	1.429995	3.848927	4.781390
5734	5	0.050026	3.077634	6.271788	0.821582	4.909721	5.063035	-2.024554	3.599129	6.797823	3.290751	3.729142	4.234691	-0.528906	4.807034	5.917158
5867	5	-0.421429	3.055366	5.806180	0.007774	2.452189	5.526999	6.242192	3.998992	0.894463	-0.096205	2.577739	5.642531	0.315334	2.669988	5.000145
5900	5	-7.270545	2.876206	6.490210	2.388365	2.075557	5.000285	2.705422	2.014694	4.780779	2.275179	2.388904	4.673860	2.184566	2.307208	4.899453
5956	5	-4.252179	1.504302	6.429981	2.627075	1.201053	2.888706	1.504751	2.774601	5.873598	1.422772	2.858305	5.959618	1.581070	2.758972	5.765707
6093	5	-2.342208	1.132907	7.815974	2.556382	4.844546	4.759292	2.426864	4.381031	5.107758	2.750446	4.885851	4.598752	2.507401	4.799633	4.824911
6099	5	-3.854153	2.046530	6.031479	-2.892534	3.187154	4.670246	-3.563849	3.666317	5.033481	-3.806078	3.305365	5.414451	-2.764677	2.799028	4.792344
6123	5	6.457874	0.643045	2.496209	0.301411	3.485753	4.923837	-2.488056	4.574914	5.743556	-1.365161	2.713723	6.298547	-0.607655	4.775606	3.786236
6159	5	1.650827	3.198851	6.294595	3.997012	2.817283	4.467519	3.773161	3.511079	2.718073	1.335580	4.488464	5.659775	3.091698	1.975934	5.627629
6173	5	4.056619	0.158777	2.776317	3.350503	1.204157	2.405209	-2.384588	0.922900	7.387636	2.340111	1.980827	2.391733	3.702742	-0.000615	3.426040
6288	5	-0.936805	3.819307	6.029385	-1.848801	4.391847	5.040200	-3.110121	4.576735	4.970320	6.053087	0.283372	3.149227	-2.712199	4.597757	4.776046
6335	5	0.695340	4.867923	4.733052	1.213431	4.618532	4.512574	0.838865	4.872262	4.498620	0.953992	4.840660	4.382801	1.178926	4.339002	4.894420
6406	5	0.759761	5.220386	4.619670	2.770509	4.667584	0.183937	4.547676	3.708047	0.929795	6.335524	2.885039	-0.568356	4.356626	3.866292	0.004017
6414	5	2.365510	2.870463	3.312776	2.469112	2.909783	3.089416	2.215554	2.769885	3.651643	-8.705367	2.947879	6.560149	4.245249	1.302022	3.918519
6484	5	-3.955039	2.934985	8.126237	1.253129	3.204032	7.146767	3.374413	2.183982	5.192165	1.111258	3.099360	7.346064	2.219039	2.018216	7.032860
6583	5	-6.116666	1.307569	6.163873	2.104769	-0.484337	6.011087	2.660963	-1.042154	5.268311	2.230012	-0.585436	5.920794	3.234933	1.784557	0.645153
6686	5	-2.403795	4.860706	4.168287	-2.494280	4.835122	4.246313	5.801188	0.351712	0.678680	-1.977102	4.658439	4.071437	-2.029962	3.958419	4.660431
6727	5	0.078264	4.247750	3.115748	0.243305	4.677989	2.243022	-0.066086	4.695589	2.638580	1.253748	4.121685	1.990937	-0.181295	4.632633	2.838805
6885	5	-1.219190	4.390705	5.582498	-0.666775	3.830571	5.633340	6.516644	0.231099	-0.864952	-1.041068	4.694016	5.498404	-0.752970	4.790684	5.403025
6913	5	8.082788	-0.672453	0.664421	1.330483	2.703928	5.956724	-0.097170	2.034826	6.718395	0.328194	3.912811	6.088075	-0.421844	2.033070	6.736004
6982	5	4.665952	3.023856	4.663943	5.386594	2.941759	4.276591	5.649606	4.296737	3.275353	1.270698	4.190915	4.936227	1.663378	3.525454	5.129424
7087	5	6.211904	0.249399	1.619912	-3.117497	5.940535	5.392002	-3.421815	2.494092	6.330317	-4.259626	2.972726	6.523691	-3.886620	2.574434	6.507388
7187	5	5.390721	2.685142	2.773769	5.271325	2.415499	3.485315	2.236310	4.772391	3.540642	5.128054	3.411268	1.448486	4.929817	3.547885	1.269234
7197	5	5.048676	2.343875	3.303587	5.273618	2.501636	2.702717	-1.029837	1.862869	6.059754	3.801794	3.261615	-0.153135	1.618279	4.271431	0.007620
7201	5	6.845615	0.494465	0.558768	-3.260974	4.560718	5.982958	-2.920922	4.353827	5.814962	-2.886327	4.240730	5.900174	-3.048355	4.497847	5.818636
7269	5	1.815426	5.140929	1.307628	2.665065	3.837653	1.773191	1.550334	4.265985	3.397287	2.399580	3.668962	2.433104	1.660950	5.121626	1.840013
7289	5	1.856579	3.412129	6.083509	2.028114	2.909014	6.243919	1.988966	2.549245	6.654010	2.040537	2.669703	6.423474	1.319352	2.970703	7.359312
7355	5	2.188207	0.350297	6.058144	2.337351	0.209920	6.004697	3.974464	1.526093	1.736983	2.418350	2.272298	4.119274	2.796183	-0.274877	5.760041
7417	5	-2.579870	2.709483	5.892232	-1.819522	1.300524	5.988618	-2.077149	2.463643	5.636073	-4.028552	1.457887	6.467563	-3.138852	2.485471	6.168403
7603	5	2.815748	1.754756	3.463253	1.962862	1.764819	4.268299	-9.069257	0.816199	8.131148	2.352728	1.779492	3.591563	4.936682	-0.666477	5.092489
7614	5	-3.510050	2.132564	6.793634	1.900356	2.223973	6.364352	1.711509	1.966225	6.558793	1.865255	2.167006	6.405608	2.038285	3.486703	5.757029
7631	5	1.778672	3.101518	4.260416	2.730095	4.346706	-0.406165	-5.315025	3.940801	4.590896	1.439390	3.227557	4.468623	2.191593	4.800137	0.653383
7861	5	3.338547	-2.108699	5.338562	2.141613	-1.783237	5.688606	2.281723	-1.853042	5.661569	3.064055	-2.114630	5.444053	1.208934	-1.263662	5.771980
7862	5	0.650776	1.184632	6.223519	8.079249	-0.214032	0.519235	0.426441	1.517092	6.198566	0.792338	1.551488	6.073704	0.498426	1.706614	6.128027
7892	5	1.722975	1.699503	5.404917	4.415920	1.818902	1.289553	1.492205	2.690962	4.552057	2.236211	2.693905	2.996345	1.079145	2.234019	5.187382
7990	5	-1.940406	3.154330	5.480061	7.521759	-1.127480	-0.650809	0.135869	4.293709	3.748068	-0.507252	4.536275	4.743578	-0.081972	3.052628	5.102259
8175	5	2.041589	3.933449	5.554411	6.390558	2.404473	4.432776	-3.302308	0.968783	7.430041	1.588658	4.686285	5.446077	1.796008	3.577706	5.878136
8183	5	2.115338	3.415218	4.130799	1.301283	2.311238	5.298535	-6.892849	3.412965	6.104876	4.008869	2.305801	3.125850	3.901762	2.966294	2.352070
8186	5	0.552146	3.619414	3.638610	-1.342900	3.312569	4.703569	-0.201210	3.007403	4.442022	-1.069791	5.296065	3.569734	-0.596640	3.063082	4.586036
8412	5	-8.639650	4.880237	6.181573	4.485814	2.942919	1.196862	4.213490	3.230715	1.140500	3.415229	3.210370	2.516838	3.289107	3.361730	2.504314
8551	5	8.158751	2.113669	0.940375	2.035856	4.761716	4.196643	1.359141	3.689294	6.098220	1.362739	3.750768	6.078226	2.335834	4.597038	3.245105
8572	5	5.219676	0.656514	3.935596	-9.041376	3.283323	8.989140	2.489846	2.753647	3.754887	2.035977	2.637175	4.540526	2.077624	3.237686	3.990070
8673	5	1.560040	3.412539	4.959349	2.436849	4.236106	2.069745	2.005036	3.198970	4.822062	1.787619	4.236992	3.243765	1.425889	3.579591	4.891473
8709	5	-2.462906	4.552768	7.119857	7.655681	2.905369	0.809230	-0.251369	2.923234	6.962911	-1.037243	3.060581	7.116852	-1.344925	5.836438	6.978173
8763	5	0.914714	2.208715	6.711587	1.256418	3.400737	6.313294	1.955525	2.656721	5.610945	1.575018	3.753043	5.852381	1.747208	1.643918	6.310629
8803	5	4.337325	2.595138	3.246305	1.292313	3.614291	3.546890	3.852728	3.496319	0.466318	5.379436	2.712566	2.288250	1.266397	3.411164	3.898800
8817	5	-3.816130	0.713922	7.028285	4.432203	-0.549118	4.178423	4.961053	0.627370	2.162233	3.348480	0.884403	1.735106	5.546576	0.349991	2.492941
8899	5	2.828848	2.343427	5.992530	2.561739	2.300502	6.122741	4.115835	2.869398	5.357418	2.657664	2.305397	6.076297	4.246449	2.924389	5.273957
8979	5	0.992127	4.007209	6.390495	1.743299	2.765637	6.244493	1.722101	2.693355	6.281136	1.516123	2.525156	6.525006	1.600646	2.503951	6.445473
8980	5	-4.320949	2.076285	7.613503	1.454570	3.345322	5.826974	7.490361	1.729677	1.120338	-0.418008	3.807911	7.216603	0.830226	4.635160	5.752606
9010	5	-4.109330	4.225196	5.306336	-3.248051	2.389876	5.751033	-3.537299	4.894025	4.892852	-4.480156	3.764220	5.479380	-2.534556	5.530369	3.450862
9093	5	1.894125	5.176755	5.161266	-0.193638	4.915096	6.252594	6.882207	3.544633	2.585203	2.114197	3.318397	5.979862	0.674700	3.693861	6.469392
9149	5	0.943446	5.801847	5.805811	0.783279	5.395918	6.171069	0.966977	4.374629	6.404181	0.755735	5.233463	6.257768	0.793084	5.439477	6.144457
9152	5	5.790075	-2.036888	4.567427	5.487535	-3.053266	5.337601	2.227671	-0.279282	7.989688	5.774865	-2.152471	4.625469	2.157921	-0.246200	8.023153
9402	5	4.831804	1.768117	0.792222	5.472144	1.312862	1.180370	5.624333	1.128189	1.434092	-0.149136	4.082041	4.430760	-0.501976	3.421515	5.388602
9465	5	2.202356	3.317957	6.644741	5.689932	2.950763	3.994031	0.408134	4.217671	6.704939	1.181926	4.932180	5.930055	5.589058	2.682904	4.465200
9483	5	4.737482	0.771419	0.613118	4.929983	1.764304	-1.703410	4.677853	1.965429	-2.325348	4.853502	1.838314	-2.185744	4.416999	2.127390	-2.326269
9490	5	6.143586	0.424331	0.652850	-0.344870	4.552202	5.991458	-0.987009	5.260549	5.772571	-0.080767	4.564929	5.747451	-1.024763	5.199946	5.852323
9491	5	5.439033	-1.723072	-0.796405	-1.893212	4.008052	3.714064	-1.378171	3.879749	3.660260	-2.003236	3.602935	4.030960	-1.413023	3.375165	4.009145
9565	5	-2.741045	7.340630	5.208369	-2.152479	8.925194	3.046739	-3.643929	6.820428	6.118374	0.804936	7.894673	1.040858	-2.289609	8.584336	3.900502
9763	5	1.769268	5.261466	1.457519	0.844929	4.433272	3.967178	3.058714	4.507251	0.109157	2.290174	5.005687	0.262024	3.646759	3.788876	1.879650
