13	5	2.522856	5.928920	7.895505	-3.617731	-3.791714	5.956823	7.895505	-3.617732	7.827421	-5.091313	-1.373863	6.502986	2.522855	0.367661	7.895501	-0.815818	-3.791772	0.398279	7.895502	-0.890349
34	5	-1.991968	-0.956463	7.228423	1.707171	1.486925	-1.971978	-5.643532	7.710932	6.775703	-5.794879	-5.643702	7.747278	1.486925	4.038254	-5.558596	6.295811	-1.991968	5.059344	7.233568	-0.486842
42	5	6.554234	-0.884983	-2.237560	6.119732	1.215599	8.477361	0.327510	-4.103729	6.554224	4.877219	0.314781	-1.758338	6.554234	4.877209	-2.232810	2.530535	-3.325416	9.103395	6.250710	-4.248724
43	5	-5.348089	7.344561	7.079018	-5.669164	6.664768	-4.411164	-5.402110	7.053879	6.664768	1.590782	-5.402306	7.050994	6.664768	-4.411164	-3.443008	0.570686	6.664768	1.590780	-3.428912	0.567462
52	5	-4.288155	6.985811	6.877784	-3.702638	1.136891	6.985248	0.659755	-3.702291	4.587544	4.360144	0.659755	-1.715152	4.587595	-1.880295	0.659588	1.162348	4.791742	-2.522252	-5.200023	7.034738
55	5	6.822629	-4.628012	-1.196148	6.629811	-3.301566	0.410433	5.035112	6.620695	-4.873665	6.180797	7.693586	-1.618959	0.634423	0.391334	-1.189418	6.621277	0.617895	6.162069	1.426119	-1.618957
61	5	-1.523255	-0.713565	-5.821048	8.052011	-3.379618	5.337238	5.732740	-0.126630	-1.668503	5.337237	1.039758	4.882607	-1.526652	5.337236	-3.989529	4.882607	4.423215	-4.852746	-5.821057	8.053287
67	5	-5.619517	6.637057	6.388617	-6.656003	0.165821	6.604849	0.187180	-6.655473	6.092434	0.996703	0.184462	-0.760139	6.092434	-4.956979	0.183914	-0.627446	6.092435	-4.956979	-2.930684	5.387596
72	5	6.630905	-5.838455	-2.651106	6.589338	-0.559640	0.614970	3.806802	6.535159	-1.849021	4.851288	4.913732	4.972259	5.696326	-4.337774	3.770622	6.589287	0.490024	0.612976	-2.618243	6.535304
75	5	4.919807	-1.730539	-5.635065	6.212459	-6.077074	8.307890	6.864936	-3.795391	0.320005	8.307846	0.426793	-3.795390	4.850924	4.050937	0.426501	-1.159364	4.919807	4.021414	-5.353808	5.536022
115	5	-3.200124	0.773300	-7.638019	8.767014	3.267037	-2.123254	-7.638197	8.963436	-3.200124	7.381716	-2.874627	-0.200373	-3.200124	7.381716	-7.532465	5.164502	3.267037	4.456720	-7.633389	7.343822
123	5	6.998215	-3.068088	-5.934110	8.479425	6.998215	3.201996	-4.059102	5.569786	1.644851	5.784932	0.410106	3.141483	1.644849	5.784935	0.749093	-0.641464	-2.527541	8.697372	4.978728	-0.646817
125	5	6.593659	-7.186736	-3.783564	6.996066	0.704245	-1.508008	-0.749423	0.758125	0.701015	4.751836	-0.561990	-2.800937	6.582968	-7.186596	-0.749946	0.762064	0.715026	-1.508009	-3.781019	6.992141
172	5	7.190633	2.719797	-1.943072	-0.296154	5.321464	4.007517	4.617371	-0.949412	7.190633	-3.414856	-1.943159	-0.286336	7.190633	2.719797	-3.847619	4.373369	7.190633	-3.414856	-3.861394	4.383174
180	5	4.350166	0.329633	-6.062239	5.684961	4.350088	0.329833	-1.150575	-0.516342	4.349047	5.041060	0.133146	-3.724198	-2.026867	6.641550	6.132605	-4.563466	-1.988722	1.949795	6.016687	-1.547464
221	5	-3.393050	0.583482	5.233992	1.588611	6.484662	-2.619890	-5.393004	7.668687	-3.393050	6.749844	5.235107	1.170003	-3.393050	0.583482	5.235616	-3.810442	-3.393050	6.749844	5.235616	-4.229020
254	5	5.204125	0.971161	1.896453	7.164599	-0.619908	5.085880	6.787902	1.524404	5.823582	0.768304	-3.465562	7.214127	5.823583	-5.362242	-3.465567	7.596033	5.204129	-5.161624	1.896441	7.595073
277	5	6.586669	-2.086739	0.807121	8.892276	-2.179451	8.232334	5.992580	2.421118	-1.923823	1.625701	5.638416	8.891969	0.007630	1.467928	0.807121	8.892098	-0.037346	8.081621	1.159805	2.421148
281	5	5.962963	2.422984	1.078010	0.515860	6.132043	-1.831273	-1.694298	5.091753	-1.607528	8.429893	7.459393	-5.357805	2.738984	8.413615	7.459393	-5.356664	6.126211	2.413855	-1.444092	4.429238
282	5	-0.550837	7.745839	-0.434298	2.709281	-1.047815	7.747266	3.579473	-3.587057	5.879455	-0.357025	-2.335649	6.421335	-0.550837	7.745839	0.009668	-3.585927	-0.619677	7.746100	3.065332	2.709064
299	5	5.037052	3.617498	-3.006542	5.074210	-1.392733	6.803301	-2.201158	4.043239	-2.314964	6.804185	3.503282	4.043081	-4.621161	6.804513	6.872006	-2.421636	4.262097	5.066193	3.145640	4.490181
439	5	9.020837	-3.851691	-7.613116	6.172496	9.006965	1.849281	-2.653896	0.773560	8.525519	1.849299	2.751109	0.773560	9.006970	-3.851691	-2.654415	0.774791	9.020837	1.849281	-7.612879	6.171264
454	5	0.332286	6.816513	4.607277	-7.606786	1.796722	6.747391	-1.463496	-7.595270	5.239603	-0.309619	4.607251	-1.033763	6.710797	-0.341262	-1.463521	-1.033763	6.748033	-0.341318	-5.612638	4.845343
475	5	6.499291	-3.426618	-2.795614	6.379691	-2.232069	0.941043	6.705687	0.430978	4.078616	-3.426419	6.703331	0.699266	0.163545	0.900882	-2.795539	6.123170	0.163545	6.200278	-2.668529	4.117951
504	5	8.055736	-1.984939	1.121893	-0.604155	8.055736	3.214014	1.121896	-0.876212	-3.948495	7.486680	7.468620	-5.825244	8.058459	-1.986968	-1.319468	5.569442	8.058459	3.201726	-1.318338	5.300172
507	5	6.955591	2.319173	-0.281502	-2.387070	6.955591	-3.291898	-0.281507	-1.843983	-1.192815	6.769063	5.549880	-5.080068	5.267142	2.319197	5.549877	-2.387076	5.267145	-3.291878	5.549872	-1.843983
535	5	2.332325	6.777081	-0.588419	1.591825	6.643362	-3.789184	-5.236783	6.461631	2.333348	0.830675	-5.103959	5.744214	2.332325	6.777081	-0.588236	-3.395504	-3.426447	6.838238	5.316549	-3.395504
537	5	-1.798903	-0.707444	6.897527	-0.247912	-1.876723	5.469105	6.996725	-5.034521	7.755492	-2.861055	-2.802367	4.688486	0.958177	-0.889022	2.111363	4.688486	7.365445	-2.796916	2.111364	4.688486
542	5	0.196956	5.927644	1.424540	-9.336754	-4.331327	-0.258259	6.795137	-2.932240	-4.331333	5.972556	6.795146	-9.336772	6.322668	-6.038310	1.424530	-2.932229	0.196957	-0.319561	1.424529	-2.932238
584	5	6.651950	-3.889994	-4.653506	6.790663	-3.798425	8.375248	5.905047	-1.609739	2.565466	8.360026	5.897216	2.086207	2.562672	8.360143	5.905047	-1.609739	-3.795759	8.375248	5.897216	2.086207
602	5	-0.854229	5.062157	-0.747985	-4.590197	5.627401	-3.231607	-0.748088	-0.554127	6.152491	-3.376140	-4.786364	6.011630	-1.617450	5.085209	5.630524	-4.623463	4.794915	-2.751396	5.630420	-0.554418
618	5	-3.032320	0.188189	6.662987	-0.466452	0.387673	0.044517	0.139710	-0.466040	0.387264	6.492342	0.142855	-6.803996	-3.034454	6.635675	6.665680	-6.859206	-1.299776	0.152340	4.391251	5.081504
625	5	-0.759095	0.091179	-0.217414	1.238055	-5.161729	0.091179	5.591388	1.238059	-0.739177	0.091179	-3.596599	7.080492	-0.770269	6.584115	0.104881	-4.061327	5.244898	-5.446490	-0.217419	1.238078
652	5	-1.402116	1.313599	0.705435	-3.830290	-1.402115	7.563731	0.705435	-10.900142	-7.957712	1.314591	6.028065	-3.830424	4.947412	5.487230	0.705435	-10.899887	4.947412	-0.796317	0.705435	-3.799008
658	5	-4.113612	6.825951	5.164869	-4.630656	-1.215653	6.817440	-0.948037	-4.628459	4.965787	-2.546580	-0.948037	-1.824435	-4.113611	0.498418	5.164869	-1.833218	4.967663	-2.546588	-2.335015	4.303148
756	5	0.079017	-4.271121	-4.992612	4.752466	5.456335	-5.357522	3.858200	0.319915	-0.781098	-0.756354	3.858239	0.319560	0.049006	-4.202782	-1.326165	0.319915	6.291882	-5.357523	-1.326165	0.319915
761	5	8.731123	-4.123454	-5.396842	6.849322	4.244268	-0.798230	6.888113	0.278139	4.244265	4.881724	6.888361	-1.479432	-1.809767	0.574649	6.888203	0.169840	-1.809794	6.231274	6.888361	-2.493818
808	5	-1.787788	6.168758	1.071881	-2.378759	-3.896543	0.632635	5.983880	1.528561	-1.786324	0.590688	1.064660	1.529596	-1.458693	0.577045	-3.866871	6.337086	-3.899834	6.210602	5.991051	-2.419993
831	5	-1.132988	7.106409	0.357601	-5.118278	-6.941295	7.178496	6.690969	-5.119024	5.185289	4.859732	0.357601	-4.641157	5.263126	-0.963884	-2.956699	6.322348	5.252244	-0.955480	-1.034223	1.649749
845	5	-1.816761	6.791038	-3.006620	1.167647	-2.240541	6.791885	3.652509	-4.227798	4.360176	-1.370858	-7.357088	6.940270	-1.816761	6.791038	-2.981117	-4.227485	-2.221306	6.791856	3.626710	1.167340
897	5	-5.743900	7.060676	-0.374433	-5.304129	-9.966460	7.065858	5.674527	-5.304138	0.613593	6.675691	-0.374433	-5.302832	0.613593	1.397814	-0.377679	-0.255899	0.613597	1.397813	-3.753823	6.012537
916	5	-4.917835	6.302927	7.497191	2.257636	-4.917382	-0.108073	4.285547	7.387766	-4.917835	6.302927	7.636878	-3.035084	0.616414	-0.108277	-0.999221	7.387774	5.803723	-6.323288	-0.999227	7.415406
922	5	7.309563	-5.947853	0.229323	4.608904	-3.657899	0.438674	8.032144	-1.880212	-3.657899	6.661325	8.032638	-7.002819	1.475573	-2.518834	1.595913	-1.866113	7.306299	-5.947853	1.595912	-1.865876
970	5	-0.063815	7.768371	-1.059905	2.920075	-0.093272	7.773759	-0.666374	-1.666627	5.300377	4.945918	-1.101612	2.954990	5.267885	4.945918	-0.666374	-1.640559	5.322787	-0.332811	-7.176564	9.497400
977	5	-1.510788	6.675926	1.445531	-7.042827	4.715957	1.841702	1.445531	-0.722436	-7.983190	6.676493	6.887804	-7.042835	4.715957	-1.940313	1.445531	-0.720201	4.716137	1.841614	-4.823713	5.684110
994	5	0.575562	-4.449109	1.453937	-0.115591	0.577597	-4.449117	-4.953766	5.919545	6.499559	-10.794874	1.453938	-0.115517	-5.664917	-4.448500	7.132021	-0.115591	6.501555	-10.794973	-4.953852	5.919618
997	5	-3.439569	-0.834444	5.152496	0.421988	1.350429	-2.146340	-1.269399	5.899335	6.364883	-5.670494	0.498924	1.388027	-3.439574	5.661075	5.152499	-2.005707	6.365075	-5.670494	-1.271772	5.993416
1030	5	6.259100	-5.908001	2.289413	0.811312	0.072475	0.690942	-2.232754	7.135032	-1.472199	0.690952	5.196129	0.811227	6.583424	-5.908091	-2.232768	7.135116	-0.254173	0.690951	2.289461	0.811227
1042	5	3.764638	-6.139672	1.764484	-2.515991	-5.437708	-0.731665	7.264618	-2.628394	-2.413627	-0.731670	1.764484	-2.628394	-5.437708	5.786426	7.264618	-5.477805	-2.413627	5.786422	1.764484	-5.477801
1059	5	3.231756	6.717804	1.821214	-3.647624	9.010559	4.466444	-0.609099	2.748289	-3.102396	7.462351	6.006613	-3.804019	9.022920	-0.745091	-3.456832	3.827355	-3.102396	7.462351	5.581318	1.831844
1088	5	1.229363	6.950614	-0.507314	-8.945801	7.771843	3.188614	-0.507329	-2.919423	5.411061	3.291884	6.129552	-3.041825	-1.152278	6.988294	6.129562	-8.945919	7.771844	-1.105140	-0.507362	-2.585339
1132	5	-2.273835	5.822843	6.880840	-4.879219	6.512013	-0.799472	0.552634	6.642847	6.566215	-0.801683	-5.937039	6.642847	6.511987	4.000983	0.552985	4.939716	6.566215	3.996719	-5.936859	4.955970
1139	5	5.399720	-4.052047	-0.818880	5.839460	2.655795	1.124114	7.441381	0.136464	4.726693	-2.167729	1.132017	0.136602	2.649918	5.639464	7.527906	-5.502310	2.911005	1.072430	5.497754	5.839346
1143	5	-0.257913	-0.879077	-5.988845	6.539344	-0.257913	4.465252	-5.984046	5.150393	-0.257933	4.465252	-0.478708	-1.050506	-4.810695	-0.878788	5.362366	0.596063	-0.257933	-0.879077	-0.481312	0.596063
1155	5	-5.210442	0.040407	6.445530	-2.178008	-1.719398	0.037297	0.415342	-2.176624	-5.210448	5.500346	6.487007	-4.501783	4.681375	-2.395589	0.378028	-1.462254	-1.828514	5.497296	0.464364	-4.501260
1161	5	5.630578	-6.148697	-0.453326	-0.942697	1.196403	5.215219	-0.380974	-5.113335	1.196918	-0.866780	-0.453326	-0.942697	1.198399	-0.866840	-2.734499	5.424550	-4.649540	-0.847357	5.429774	-0.942697
1183	5	-0.641691	-1.452326	-3.297848	8.058402	5.024825	-7.780989	-3.297849	8.058403	-6.339153	4.549142	7.063488	-0.611431	-0.641691	4.548948	-1.201915	5.258105	-4.078640	4.549142	4.485227	5.257692
1203	5	3.623239	-3.632401	4.387646	6.592166	2.581499	-0.915016	9.295172	-0.039019	2.581499	5.532135	9.301678	-2.302266	-3.855903	5.913835	8.113464	4.013061	-3.855966	-0.536326	9.295384	-0.061942
1206	5	7.024218	-5.709930	1.688882	6.263997	1.169229	0.796695	1.688931	5.789930	1.378686	0.796656	-4.454582	5.789941	0.811444	5.159744	3.522792	3.107850	7.207831	-5.710027	-4.454631	6.263998
1235	5	-4.271199	6.947346	5.716135	-9.221008	1.347425	6.680704	-0.778745	-9.221007	1.347425	1.912704	-0.778829	-2.811396	7.525734	-1.654731	-0.778856	-2.613779	1.347426	1.912706	-1.015364	3.420970
1267	5	-4.830713	1.253870	6.552689	0.999858	-0.446463	1.012924	2.457907	1.004044	-4.830774	7.150843	6.554423	-5.318224	0.119479	0.355938	-2.205348	6.374629	-0.450496	6.914006	2.462106	-5.316522
1268	5	7.405743	-4.412383	-6.760732	7.319578	7.405742	-4.412383	-1.582254	1.489271	6.048881	-3.768694	4.089631	1.489237	-4.738194	5.096969	5.789985	-1.493704	-0.528381	-0.390581	4.103130	1.483164
1278	5	-4.923947	-0.835522	9.067108	-0.471301	0.302454	-0.838876	4.326530	5.733907	-4.923948	5.586123	9.067235	-4.962427	5.595458	-6.728166	4.302395	5.745276	1.616589	-0.958331	-1.806916	5.735637
1289	5	5.361173	4.343135	5.792320	-1.068892	5.368465	-2.017868	5.784218	0.268312	7.562051	-3.704476	-1.082296	5.906005	0.890046	0.575952	5.786628	0.059718	0.856383	6.779004	5.793668	-2.687888
1364	5	5.470790	-1.760199	1.373457	0.857317	5.529194	-1.760226	-4.688714	7.232215	5.529194	4.132288	-4.676228	6.168136	5.470770	4.132319	1.373586	-0.246460	-2.953241	7.177191	6.120340	-2.695380
1368	5	8.485983	-3.295005	-3.625301	7.082756	4.346916	6.855750	4.898624	4.499900	4.242987	6.979122	6.840881	-1.403796	-1.960221	8.252216	6.841027	-1.499403	-1.923758	8.252196	5.093973	4.367277
1400	5	-4.675476	6.288384	8.375931	-5.352901	-4.675476	1.611227	8.375164	-0.482025	0.932488	1.611160	3.143318	5.144043	6.986979	-4.374721	-2.115085	5.318947	6.605343	-4.369491	3.136606	5.318947
1407	5	3.439540	-1.271378	6.720994	1.055556	7.870599	-4.518162	1.832875	5.724682	-1.849031	1.875823	6.724409	1.026538	-1.849944	5.649335	6.780526	-3.989084	8.077582	-4.525508	-4.257625	5.724682
1431	5	8.248512	0.285492	-5.211989	6.561004	4.776105	1.391107	7.162503	1.853776	7.778600	0.287585	1.125839	2.052057	-1.819740	4.045425	7.283593	0.711368	1.446912	4.034307	1.390908	0.718368
1465	5	6.955184	-2.964553	-7.315087	7.212208	6.893976	-2.964552	-0.887870	1.157696	6.893969	3.627435	-0.887719	-0.646629	1.993863	9.049621	-0.887719	-3.846822	5.671012	-2.964166	4.505438	1.157696
1471	5	5.338163	-5.338202	-0.951052	6.513435	-0.346405	0.566480	0.852978	3.770163	-2.648985	0.582856	5.477417	3.757436	-3.265275	5.286624	6.370410	-5.201932	-3.256256	0.582955	6.356836	-2.505659
1507	5	3.122776	-0.635721	-1.503845	5.056093	2.397819	5.152373	2.011369	-3.356152	3.079348	4.864596	-0.140991	3.274856	-0.989437	5.369894	4.676396	3.154475	-2.204377	5.371662	6.674380	-3.405302
1540	5	0.145136	-0.680136	2.919322	5.726612	-3.524638	-0.671652	8.720017	0.464805	4.226231	-6.577163	2.919322	5.726612	-3.524656	3.972030	8.720042	-0.483663	4.727730	-6.726929	-3.032880	5.726612
1545	5	-6.840206	7.413166	8.271814	-5.289501	-0.960634	7.412913	-1.445414	0.622017	-0.973742	7.412920	2.541568	0.622012	4.164154	-1.363081	2.439498	7.217652	4.164141	4.429079	2.439856	1.990029
1551	5	-4.812076	0.546622	5.818299	2.080847	-4.862840	6.263709	5.856861	-1.927658	0.233781	0.544255	0.625347	5.634463	0.233854	0.544255	-5.600821	5.634463	6.556718	-5.387968	0.625043	5.644633
1568	5	0.181462	0.136814	-4.760655	0.598350	6.014671	-6.022759	-4.766609	6.611613	6.014671	-6.022754	-4.763782	0.777726	0.181041	5.362894	0.147185	-1.720789	0.181462	0.136819	-4.766609	6.432912
1584	5	-5.264887	8.533036	6.072701	-3.259118	7.117328	3.317719	0.768205	1.189110	0.646260	8.530448	0.823507	-3.259118	7.136598	3.317695	-3.542964	5.951870	7.136598	-1.971808	-4.257799	6.597023
1619	5	0.567912	8.085743	-1.234790	5.493824	0.527887	8.089290	0.267690	2.395564	5.716413	5.990499	0.266207	2.401470	-4.879347	8.217955	6.901675	2.395509	5.731581	5.977845	-1.238259	5.498720
1658	5	-0.613066	5.676912	-0.438523	-5.154112	5.796075	-7.018345	-0.438546	-1.792041	-0.613073	-0.703280	-0.438546	-1.794266	-6.774198	-0.416819	5.682393	-1.795350	-6.774198	5.963472	5.682420	-5.602084
1693	5	-4.119362	7.205965	7.499151	-2.238135	1.245750	0.817391	1.646795	7.137940	1.381922	0.817179	-4.718897	7.137949	6.952954	-2.530502	1.646793	7.166645	6.952789	3.777785	1.647167	5.959113
1696	5	-3.908407	-1.003965	6.451148	-3.102980	0.634398	5.226831	0.249758	-3.214714	6.740190	-7.245350	0.249758	-3.010954	-3.908407	5.279481	6.451148	-3.214717	0.634393	-1.056885	0.249758	-3.099292
1702	5	6.576778	-4.508871	-2.500717	0.849166	0.122681	5.257687	-1.997660	-3.804115	6.594199	-4.511102	-8.592219	6.985199	0.130232	-1.220622	-2.500702	0.849165	0.148250	-1.233577	-8.592219	6.985199
1715	5	-4.287291	-0.577705	6.430464	1.903692	-3.443883	-0.577706	5.259522	4.969706	-1.364728	-0.577710	-1.316808	4.969708	-4.291591	5.475983	6.440198	-2.061318	-1.368040	5.475981	-0.138466	-2.061317
1719	5	4.902812	-3.324548	4.127063	7.445646	0.029344	6.671163	7.424964	-0.700305	6.997579	-5.178603	-2.272713	7.467783	4.752517	3.185575	7.234514	1.764544	4.780559	3.035787	5.355223	6.042884
1727	5	6.986978	-2.630251	-1.118327	1.087270	-0.302032	1.409048	4.763652	1.065953	1.226473	0.436569	-1.117897	1.084433	1.214441	5.055528	-0.894986	-3.104592	5.472912	-2.227565	4.760429	1.087264
1740	5	-0.098970	0.404224	-2.907837	5.761537	6.270485	-2.241015	-2.907844	5.761540	-0.175580	0.409387	3.343300	5.761537	-6.691542	6.700877	6.918714	0.215081	6.195091	-2.181339	3.343299	5.761540
1747	5	-6.410973	0.334362	6.591621	-2.757497	6.338258	-6.044535	-1.750923	6.177854	-0.151964	-0.341754	-0.016641	-1.262538	-6.410973	5.742829	6.591621	-6.267405	-0.151964	5.050816	-0.016641	-6.266379
1800	5	1.115775	7.212000	0.927584	-8.126136	7.291342	-0.238946	0.921678	-1.719944	-5.193927	7.364385	6.624329	-8.126348	7.291258	4.568024	0.927569	-6.031862	7.297765	-0.245999	-0.475694	2.698829
1840	5	1.089680	1.276003	-5.162380	6.302972	1.089521	1.276050	-1.554207	0.132695	6.406802	-2.835696	-1.554216	0.132766	1.089521	5.859560	-1.554211	-6.146286	6.406947	-2.835697	-5.162380	6.303045
1851	5	6.640053	-5.209704	-6.924656	6.630819	4.301906	2.973483	-0.792173	0.011267	-4.166474	6.466170	5.116400	-2.975016	-2.164911	6.464097	-0.791649	-2.974975	2.294808	5.671582	5.116400	-2.894801
1879	5	-2.196510	8.495440	5.927452	2.456982	7.282041	5.911083	-0.271553	3.132383	3.743914	7.410935	6.013646	-3.071330	-2.196513	8.495440	6.013646	-3.104842	3.743921	7.410932	5.921358	2.491896
1896	5	5.681188	0.925527	-1.127879	-1.486731	5.681188	-5.167837	-7.474234	5.391654	5.681188	0.925526	-7.275281	5.007702	-3.759486	7.139043	4.984076	-6.054765	5.681188	-5.167839	-1.127878	-1.094590
1907	5	0.736629	4.671876	1.115355	-5.329235	0.789574	-1.834105	-0.160292	0.031227	0.800739	-1.844929	-5.433820	6.640651	5.133146	-7.136122	-0.174117	0.036013	-4.168252	-0.869559	6.140300	0.000813
1940	5	-4.151762	6.700321	0.002668	3.788230	-4.136862	0.464089	-1.954546	7.590487	-7.934808	6.700321	5.727132	3.788230	-7.934812	6.700321	6.975986	-2.583930	-4.938454	6.700321	1.251476	-2.583915
1942	5	7.466276	-3.567812	0.169008	0.668664	2.168986	3.850092	0.190276	-1.433096	2.168992	0.745411	0.169036	0.667750	7.466352	-3.567813	-2.860891	5.734442	2.169096	0.745370	-2.860215	5.733513
1970	5	-0.744868	8.748444	-2.471867	-4.521959	4.052498	5.828016	3.887239	-3.801312	5.388164	3.212129	-5.069309	6.104801	5.367051	3.236922	-2.554577	-0.430728	5.390401	0.595530	-6.056389	7.510580
1984	5	0.526321	0.618449	-3.111498	6.959276	6.783399	-5.240489	-3.111486	6.971028	-3.071418	6.143729	7.142105	-3.066438	-3.068531	6.143729	5.991580	3.414165	0.526320	6.142482	-0.456331	3.415582
1993	5	6.507958	4.252028	4.746312	-0.631857	8.039243	-3.225968	1.415159	7.854260	8.039243	3.016002	1.415159	7.811950	8.377672	2.724816	-4.630090	7.841512	8.377672	-3.490084	-4.630090	7.854260
2008	5	-4.878299	3.831318	7.129033	-1.049765	1.007409	-2.750499	-4.379986	5.871452	-4.878284	-2.511634	7.127849	-0.095082	1.002853	3.656148	-0.999357	4.917622	5.937302	-4.889400	-4.394209	5.882660
2022	5	-2.075248	-0.756041	-4.798233	7.245709	-2.085497	-0.756039	1.741655	1.299502	-2.085597	5.483914	1.746355	-3.332620	-7.375138	-0.755965	7.119012	1.299498	-7.376155	5.483989	7.123671	-3.332619
2027	5	-2.747556	5.612949	7.540845	-2.535156	0.813892	-0.990888	0.441621	1.380167	0.817304	-0.991333	0.135852	7.201043	6.797239	-4.056495	0.441612	1.380174	6.800593	-4.059229	0.135851	7.201048
2033	5	-1.449169	7.768077	4.874318	-2.939667	4.208369	-1.813419	4.874276	0.440342	4.208368	2.060678	4.874304	0.125181	4.349767	-2.129424	1.863753	6.014500	8.485748	-2.634998	-1.068243	0.451679
2036	5	-3.765756	6.748851	6.978480	-1.055787	5.887276	-1.148057	-3.794630	8.458221	5.878645	-1.148057	2.303281	8.458221	5.887276	4.928327	-3.077213	5.736088	5.806928	4.928327	3.117235	5.736088
2107	5	3.442982	0.660029	8.960864	0.540005	3.442982	6.308518	8.962904	-4.937151	-2.261487	1.611500	5.414752	5.102716	-2.262497	1.611500	8.961167	0.462576	3.445998	0.655732	5.345179	5.147800
2111	5	-3.805364	6.912406	7.223020	-7.374132	-3.805364	0.841386	7.135667	-0.903320	1.741637	0.735067	-0.175659	5.240973	-3.805124	0.841386	5.042790	5.239737	7.208414	-4.864441	-0.179084	5.245979
2119	5	2.890429	0.879953	-5.268273	5.225237	2.291095	0.943646	0.714321	-1.013031	-1.884002	0.970220	5.419323	-1.013029	2.290875	5.322581	0.714866	-2.221217	2.890388	5.257892	-5.262249	4.019707
2157	5	0.541552	1.921068	-1.410152	-0.295363	0.736700	1.879087	-4.871070	4.604424	0.538954	5.972946	-1.391453	-4.454114	6.073807	-1.160126	-1.417293	-0.060708	-2.956968	2.234446	5.092223	-0.390238
2185	5	-4.642095	6.894094	5.976541	-5.247396	2.069601	0.018590	-3.953570	7.124478	2.069600	0.018585	-3.924762	0.708151	5.955046	-2.191155	-3.953570	7.145505	5.955046	-2.191159	-3.927216	0.740592
2217	5	4.171332	-6.212368	6.887476	0.649026	7.159417	-6.327899	0.316869	0.649026	0.522919	4.290208	0.317099	-4.088390	7.352119	-6.327899	-4.604539	7.108734	-2.440127	4.290683	6.887680	-4.088390
2219	5	-5.770996	0.335792	4.906379	3.283333	0.693551	5.055612	1.335904	-4.090476	-5.815939	0.335789	5.118680	-1.033820	6.230709	-5.426721	1.314424	-0.441598	0.694059	0.335664	1.118798	3.283375
2236	5	0.987357	7.677982	-2.137383	-2.697508	3.299392	7.153263	-2.137588	-2.537679	0.987357	1.171367	-8.350010	6.765638	0.987357	1.171368	-2.432767	1.623599	3.299392	0.643713	-2.438578	1.639180
2264	5	-1.826466	-1.677117	0.646540	-3.385138	-6.975650	-1.677117	4.891170	-3.385138	3.302680	-2.688754	0.633454	-3.329340	-1.824279	-1.677117	-2.567928	2.951158	3.310484	-2.710360	-2.605719	3.009719
2267	5	4.769321	5.499086	5.988021	-7.554561	-0.434874	7.469465	5.988021	-8.248375	4.770033	-0.910297	5.986655	-1.808401	-0.434142	1.061029	5.986657	-1.809284	6.302833	-3.253982	2.868291	4.567701
2272	5	7.590275	-7.580759	1.813530	-1.334837	1.003569	-2.913233	1.813530	-1.347193	1.003575	3.487973	1.813532	-2.130539	8.379805	-7.581352	-8.781594	5.183448	1.801613	-2.920217	-8.757059	5.169912
2281	5	-1.854420	1.291824	-0.221169	0.101850	-5.268086	7.801475	4.916158	-3.469561	-5.265888	1.291848	4.915434	0.101850	-1.854420	7.801451	-0.220625	-3.469558	-1.854409	1.291821	-3.681201	6.554063
2313	5	6.962205	-4.346826	-6.412644	6.501642	3.208550	-4.339922	-0.971222	0.100351	-2.964531	5.986147	-0.521708	-1.955405	-2.989223	5.986147	5.329400	-1.955405	3.053045	-4.333708	4.762128	0.100351
2331	5	-5.190414	6.169929	7.913294	-7.308731	0.585647	-4.622730	-1.918456	3.927460	0.585647	1.823027	-1.918399	3.927051	4.697120	1.743269	-1.918415	3.927166	4.697120	-4.703351	-1.918456	3.927460
2335	5	-5.426673	4.705879	5.389768	3.328879	5.458546	-5.137384	-4.257830	6.888515	0.170737	0.030320	-4.257830	6.886963	0.170738	4.705834	-1.089107	3.328963	-5.497481	4.705879	7.210171	-3.086825
2365	5	-1.911762	5.104197	2.930255	2.724680	-5.879316	5.134815	5.235378	2.674264	6.529614	-4.086809	-0.622422	5.654626	-6.117125	5.135137	7.041402	-3.113783	6.529110	2.027551	-0.552915	5.514197
2366	5	-1.777494	1.974146	-6.526904	5.961944	-1.989003	6.673552	-1.071769	-4.635835	-1.988970	1.974145	-1.072005	0.251411	-5.444189	6.673552	5.374020	-4.635837	-5.444005	1.974145	5.373780	0.251411
2396	5	-5.169139	6.078769	6.143847	-6.342644	-5.169085	-0.249339	6.143847	-2.180541	0.636404	-0.290446	-0.348411	-2.180541	0.636406	6.040206	-0.348411	-6.342621	4.478874	-4.466923	-0.348411	-2.180540
2398	5	1.994791	4.770561	0.440999	-4.989023	0.309965	-0.433901	5.423114	-4.911342	1.994970	-1.000711	0.439646	-4.373532	7.653917	-3.144164	0.427384	-2.314776	7.702819	-3.150181	-0.593122	4.276562
2399	5	3.050238	0.405952	-5.778475	8.277008	6.660494	-0.784794	-5.778475	8.281839	3.050238	4.321004	-5.766526	5.217403	3.050238	4.321004	-0.731462	-1.080885	0.379490	8.149451	4.615310	-2.068167
2485	5	0.239312	1.426736	-6.457004	5.551239	6.834517	-4.877085	-6.462529	5.593637	-6.370996	1.427542	6.156782	0.729485	-6.370995	3.510629	6.156793	0.156633	0.239325	3.509615	-6.160357	4.981794
2496	5	5.824699	-4.849633	0.145628	1.524893	3.636413	-4.747961	6.473761	1.524892	-0.019085	0.457542	-2.202825	6.101165	6.236691	-4.851942	-2.203579	6.102396	-0.463842	1.976393	0.157368	1.476405
2504	5	0.724728	5.974286	6.078873	-4.656047	0.725053	1.048300	6.078451	-0.958336	5.395641	4.227815	6.078873	-4.599413	7.778574	-1.628554	-1.821404	6.140832	5.396907	-0.752750	6.077243	-0.308107
2533	5	0.289654	-0.681227	0.224353	-2.727876	0.289654	5.295363	0.224356	-6.889848	-3.620215	-0.681227	6.682820	-2.727876	6.359336	-4.607725	0.224353	-2.727876	0.297031	-0.681227	-4.594866	3.399021
2557	5	-3.649482	6.031182	8.386927	-2.173102	-1.864383	6.031182	4.678008	4.461075	4.526429	-2.795387	-4.392375	6.966374	4.526429	2.331398	-4.194367	6.503394	1.450634	6.031128	-1.849998	4.461117
2571	5	6.945569	-4.269560	0.293160	-0.591626	5.446677	-2.544264	4.828005	4.577953	4.272050	-0.970700	6.408684	-0.746607	7.028897	-4.328779	-1.287623	4.594987	4.211440	5.595065	6.484079	-6.689296
2599	5	4.991442	-6.309478	2.679361	1.174597	7.143671	-6.309479	-3.538578	1.174595	7.143684	-6.309475	-5.430913	7.183709	7.043916	-6.309478	0.778772	7.183709	-0.494434	4.396469	4.052081	-2.791740
2603	5	-6.030414	5.981808	6.828935	-3.340506	0.288334	1.004827	1.242453	8.051037	0.288400	1.004570	-3.535901	8.051182	5.543361	-5.734162	1.242256	8.192961	5.543422	-5.734186	-3.536131	8.192961
2612	5	-0.194335	1.873939	0.545724	-0.737873	0.128217	1.864337	-5.367447	5.519016	-3.667484	8.238342	6.538617	-6.364111	6.456975	-3.871820	-5.856028	6.210371	-0.194348	8.221991	0.545724	-6.363560
2614	5	7.330617	-3.497940	-0.691691	1.748220	2.533544	5.980939	8.977395	-3.455491	3.031776	-0.597619	5.459857	1.737219	3.684183	-0.918126	4.927598	6.034528	7.330776	-3.498055	-1.204681	6.041351
2621	5	-4.736172	-0.643893	8.457657	-2.037526	-3.826997	5.697944	7.323764	1.957698	-4.815773	5.697945	8.561261	-4.620795	-2.381745	-0.643952	5.478094	4.541272	-0.638668	-0.651208	0.912607	4.541759
2633	5	4.032453	4.198455	1.745509	-6.391157	-1.504819	7.542913	1.745509	-6.391158	3.828316	-1.890385	6.125049	-0.406674	3.828316	4.634509	6.125366	-6.391165	4.032787	-2.326736	1.744145	0.099042
2649	5	3.048382	4.730677	1.717148	-2.214640	3.048384	-1.047291	1.717134	0.380084	-3.117584	5.203126	7.615253	-2.992661	6.851900	-7.058707	1.717134	0.380144	6.877899	-7.059244	-1.948689	4.750526
2668	5	6.838938	-3.995098	-0.383893	0.559527	1.824614	4.348155	-0.383888	-3.445638	-0.066567	7.326193	5.220867	-5.989986	6.878488	-3.995125	-1.459073	6.187151	5.029877	-3.980512	5.220862	0.559527
2680	5	-1.716596	4.280386	-1.138725	7.759003	-1.536745	-2.320498	-1.187370	9.047910	-6.720330	-1.900459	5.341447	9.047907	-6.720330	4.526912	5.419374	7.288566	4.918652	-5.184780	-1.187370	9.047913
2683	5	3.758114	-3.886789	-4.683965	8.780315	-5.564236	5.365690	6.593606	-0.719172	-1.703029	5.365690	-4.683714	5.746162	-1.703029	-0.913871	-4.683965	8.778397	-1.703131	5.365690	0.591300	-0.719148
2716	5	3.973837	0.292495	-0.299411	6.889644	1.969002	1.107878	4.812353	6.834994	1.940737	6.622573	8.560522	-6.301777	-1.343932	6.626549	8.560522	-6.301785	-1.308476	1.112428	4.812859	6.834235
2722	5	6.315633	-6.811324	0.221910	0.608258	5.221578	-5.522384	6.804868	0.607195	-0.203563	-1.093359	6.839366	0.570790	5.221649	-5.522484	6.006329	6.691897	6.315664	-6.811382	-0.577286	6.692927
2758	5	-1.257557	-1.063448	3.236968	0.197956	5.656511	-4.481100	-2.494258	5.822551	4.592096	-2.936917	3.125007	0.218513	-0.062817	-1.068672	-2.494316	5.811711	-2.188622	4.700183	6.090899	-4.186032
2852	5	-1.226152	6.260875	5.209508	-4.658319	7.522898	-3.982529	1.283918	6.930840	1.960416	0.234728	-3.681596	6.930818	1.960264	0.234854	1.283929	6.930818	7.523045	-3.982529	-3.681604	6.930840
2872	5	-0.077514	-0.049337	0.474595	0.739216	5.671134	-3.094279	-4.528333	7.367667	-5.374762	6.541856	6.626958	-3.662457	-0.077593	6.541628	0.475691	-3.662440	5.635310	-3.094262	0.474597	0.739216
2903	5	-2.867118	6.075124	6.863037	-4.774533	7.515600	-2.543573	-0.787107	1.673784	5.734199	-2.040950	4.588000	1.673716	6.317165	-2.431428	4.158996	7.641791	7.516467	-2.543584	-1.216076	7.641798
2951	5	-1.139224	7.765881	0.574929	-5.474529	5.122558	-2.278547	-5.254353	6.784329	-6.217324	7.770418	6.142928	-5.474786	5.119720	3.680290	0.574929	-0.653592	5.122558	3.680288	-5.240701	5.484237
2963	5	4.761190	4.902773	0.376082	-1.374023	-4.417873	6.664719	6.737361	-3.826541	-1.177861	6.601989	0.403612	-3.766624	6.097144	-2.395092	-1.557905	5.635661	5.157028	-1.915668	0.111125	1.902433
2964	5	1.315994	7.234403	0.583158	2.629249	-2.820688	7.299007	6.529734	-3.516026	7.751407	-4.009192	-4.763779	7.337794	-2.640880	7.299001	6.275716	2.629179	1.184749	7.249616	0.889582	-3.516012
2982	5	-1.637672	6.597057	1.296242	2.976923	4.264621	2.967943	-2.751579	5.477607	-7.479350	6.602123	6.908046	2.971790	-7.480107	6.602123	7.195218	-3.000140	-1.637691	6.597057	1.594104	-2.996753
2984	5	4.940075	-4.802856	-2.727971	1.451116	-0.633993	5.511358	-9.127826	5.047530	-0.648232	5.511390	-2.707594	-1.064838	-0.648041	0.086231	-2.726971	1.438925	-0.633993	0.086202	-9.130537	7.496285
2986	5	4.671266	5.121278	-1.094388	-0.839756	4.671266	2.519821	-4.817019	6.058542	-2.683277	6.129498	4.074863	4.061838	-3.921447	6.135608	5.337280	-1.571870	4.671266	5.121278	-3.367284	4.870595
2992	5	1.608002	0.357002	0.899302	4.855492	0.810981	0.369557	2.720442	-0.100515	7.431484	-6.223680	0.899301	4.856023	-3.461281	5.847522	6.551580	-4.798456	6.645015	-5.779997	2.718679	-0.099638
3048	5	-4.702614	1.208166	6.876637	-1.938414	1.147597	6.715284	0.312918	-5.030137	6.208741	-1.278936	-1.549802	5.087074	1.147617	0.932219	0.312888	-1.775046	6.120094	4.609945	0.312918	-4.182213
3058	5	-3.548188	-3.463275	6.876150	-0.208318	-3.546062	2.473520	5.074787	4.091455	-3.544398	-3.463275	4.908084	4.159007	-3.548186	2.473520	6.876150	-0.277245	2.024521	-3.485223	-0.485060	4.159007
3078	5	4.622084	2.898947	5.855160	-2.821437	6.906393	1.884701	-5.360446	4.378935	4.622221	-2.478184	5.854979	-2.032414	6.906393	-3.346696	-5.360445	4.446898	-0.444196	5.686798	5.855167	-5.223700
3095	5	-1.824412	6.503787	-0.354652	2.982661	4.052113	4.026868	-0.876299	3.918691	-1.828070	6.503787	0.592376	-2.780955	-7.168603	6.503788	5.747271	2.982660	-7.627450	6.503788	6.694592	-2.780988
3097	5	4.487376	-0.347856	6.865247	0.837319	9.449966	-0.347857	-0.538715	3.847046	9.449753	-0.347857	0.848387	0.837320	-1.959820	6.665024	6.865255	-3.824483	5.017009	-0.347857	5.518511	3.847046
3131	5	-3.127857	1.076821	7.603340	1.497298	1.076377	0.308092	4.568993	6.197763	6.761909	-5.438680	0.767553	6.197772	-3.174940	5.249944	7.662797	-3.605424	5.245425	-5.438583	4.568989	6.197772
3146	5	-0.948405	-3.749360	0.941488	0.891251	-0.833437	-3.749370	-5.198008	4.510666	4.738437	-5.709218	0.939200	0.899766	-3.685055	-3.749323	6.181444	0.891251	4.884943	-5.977023	-5.198380	4.524692
3218	5	1.311771	0.998351	-5.814445	5.250989	1.311771	0.998351	-1.193102	-0.981061	7.603489	-5.470983	-1.193224	-0.973980	1.311774	6.857219	-1.180722	-7.518157	7.603489	-5.470983	-5.821114	5.258110
3227	5	1.624344	1.189807	7.504622	-0.451904	1.624344	6.016919	7.504624	-2.076172	7.060445	-5.427315	-3.679281	4.439742	-4.185351	1.193737	7.504622	-0.452360	-4.185351	6.020737	7.504624	-2.076466
3236	5	0.072592	5.733007	-5.334149	5.812446	0.073524	-0.446858	-6.312061	7.614816	0.027363	-0.446832	-0.672413	1.024928	5.405623	-6.163227	-0.672917	1.094175	5.453192	-6.164075	-6.315840	7.670631
3244	5	-1.051155	4.766005	-0.831679	-4.516047	4.175075	-0.879562	-7.260633	5.985317	-1.051046	0.305476	-7.246295	5.878498	-4.938682	4.814738	5.313226	-4.516068	4.174948	3.582946	-0.831678	-4.507885
3305	5	8.260181	4.332157	-0.172517	-2.451762	8.264184	-0.572402	-3.602497	5.143316	8.264057	4.332155	-2.490846	4.125456	7.320452	4.333634	4.094499	-2.452523	8.260197	-0.572401	-0.175479	-1.346920
3306	5	-2.739791	-1.385754	-0.293794	2.295924	-2.739176	-1.385754	-4.148747	7.963512	-2.739823	4.144352	-0.275236	-1.349669	-7.116088	-1.385754	5.426377	2.295931	-7.116502	4.144352	5.444937	-1.349669
3340	5	-0.051316	-0.934039	2.791559	7.146325	-3.026050	-0.295113	7.834763	-0.052265	0.395573	-1.132475	-1.673879	7.234889	-3.026054	6.024038	7.834768	-3.745025	5.432317	-4.797060	-1.673916	7.330806
3359	5	-0.901943	0.585674	6.251537	0.163254	4.697279	-0.516910	3.407731	5.654222	5.249376	-0.595396	-1.194251	5.654223	-1.006528	5.931630	6.336283	-0.702137	3.788485	5.027895	4.215140	4.849523
3365	5	8.590532	-2.128713	-1.379065	-1.406372	2.240505	5.459603	-1.379058	-5.662336	8.590533	-2.128713	-4.546399	4.537892	6.022482	-2.128695	4.454449	-1.406372	-0.378439	7.672380	4.454467	-6.427486
3375	5	-0.375992	-1.996800	-5.611742	4.964314	5.606665	-5.885309	0.319543	-1.382219	5.646526	-5.888142	-5.613388	5.000853	-0.415091	-1.996793	0.319544	-1.418897	-5.095082	-1.996796	6.910881	-1.418896
3378	5	9.077780	-3.988166	2.790122	7.121174	-3.790759	4.856098	6.225836	3.342562	9.365943	-3.988239	-3.304654	7.121174	-3.810254	4.856098	6.439442	-1.770765	2.825800	4.815005	6.165930	3.473733
3393	5	1.720788	6.887233	2.017820	-5.600962	1.720788	1.705727	2.017819	-0.669898	-4.658887	7.630961	6.089803	-5.635969	3.930227	5.628703	2.017820	-5.367612	3.930227	0.356229	2.017814	0.332949
3402	5	7.983483	-5.238093	0.297669	-0.723804	8.078474	-5.238474	-4.024030	5.557774	6.664291	-5.207528	4.865372	-0.723851	1.727875	6.010237	4.956545	-2.884222	1.775751	0.250846	4.881924	-0.817343
3419	5	9.053776	0.141882	-3.349262	5.003569	8.999617	6.751011	1.011315	-3.579993	0.742018	7.125868	4.167292	-3.732692	0.742240	0.520203	4.167136	0.255235	7.139642	6.751030	4.167292	-3.580002
3425	5	-1.309157	0.350348	-1.423406	0.640568	-1.309100	0.350348	-6.142783	4.650409	-1.309158	6.708677	-1.421848	-3.691374	4.714785	-4.246176	-1.423497	0.653179	4.714848	-4.246179	-6.143724	4.659609
3453	5	2.008774	6.776654	6.629585	0.251010	6.346535	2.549053	-2.824310	7.798941	5.394470	3.999678	3.578092	7.408573	6.346593	-2.944755	-3.072985	8.158359	5.797604	-2.127815	3.050818	8.150680
3496	5	-4.652999	-0.297149	8.006015	0.718638	-4.653132	5.889633	8.111073	-3.855229	-1.636395	-0.300112	4.422750	6.940649	1.703326	-0.559561	-1.742328	6.940826	6.740720	-5.151610	-1.742327	6.940993
3501	5	3.934380	0.188803	7.515332	-0.994470	3.934380	5.421428	7.515365	-7.581657	-2.218159	1.308866	7.515332	-0.997838	5.928467	-1.143816	3.821723	5.405076	-2.218159	6.545290	7.515365	-7.618125
3519	5	6.382807	-2.815054	2.824911	6.645573	-4.154408	7.102696	6.755604	0.718619	6.356542	1.985103	2.833450	6.425070	7.827343	1.984364	-3.202040	6.425279	7.827343	-2.815719	-3.207881	6.645573
3554	5	6.781331	-4.324634	-0.423904	-0.284909	1.101236	4.328051	-0.349010	-6.932256	6.928291	-4.485105	-2.570140	5.865586	4.164597	1.569687	5.224774	-6.565395	-1.503374	4.727380	5.225000	-6.932278
3571	5	-0.294615	7.629546	0.318662	-2.838383	6.261972	5.250825	0.237495	1.666165	-4.630053	7.695946	5.588592	-2.838459	6.263728	-0.246344	-4.563131	6.641314	6.261532	5.251169	0.318169	-1.864502
3577	5	-2.626018	3.434978	8.068200	0.036892	0.382731	-0.724021	3.995352	5.147346	5.686567	-3.383386	3.991973	5.149198	-0.345964	3.370926	4.954969	4.678520	2.332337	-1.464550	-0.913531	5.148565
3601	5	6.171277	-1.734802	-6.517349	8.143912	-1.502749	8.438052	5.666925	-0.455043	1.332401	7.849017	-0.373728	-0.455043	1.356431	1.477509	-0.545687	2.469652	5.950631	4.663198	-0.373732	-0.454223
3603	5	-5.938191	5.866373	7.516226	2.990055	6.839285	1.440138	1.300095	8.371939	6.890284	1.432103	-3.783057	8.371986	-5.939344	5.866373	7.583096	-2.194674	6.890284	-3.506015	-3.783075	8.374080
3625	5	2.571968	1.052385	5.363047	-0.920750	6.750296	6.082715	1.473914	3.857216	2.567809	6.130223	5.368403	-1.047254	6.750384	1.005117	1.355540	4.016267	-3.518695	1.081323	5.363545	-0.932068
3646	5	-0.880522	9.010296	7.269097	-0.155760	5.543649	6.416486	7.267399	-0.060246	7.825808	0.110169	-0.960213	5.066867	-0.883567	9.010296	7.280929	-3.057451	7.385480	6.415778	2.454058	-2.953288
3658	5	6.810168	-1.614933	2.856303	0.552164	4.765428	-0.428816	5.217515	0.552164	7.007561	-1.645523	-1.698113	6.627247	-1.760213	7.561075	5.217885	-4.894746	4.764867	4.987854	5.217885	-4.815946
3688	5	-1.578920	-2.059532	-2.550106	4.190251	-1.578922	4.008853	0.019363	-4.814563	-1.578922	-2.059552	0.014442	-1.416735	-5.758390	-2.058748	6.303830	-1.416735	-2.278034	-2.059052	3.712089	4.190251
3690	5	2.601083	1.479438	-6.155689	6.658120	2.601081	7.088527	-0.346413	-2.454764	2.601081	1.479439	-0.346714	0.526356	-3.757336	1.648578	5.240840	0.480770	-3.757744	7.251573	5.241101	-2.460919
3710	5	-0.402213	-0.639414	-5.533054	6.607714	-0.402715	5.854136	-0.572043	3.076104	-4.621232	6.414718	5.961855	-4.246225	-0.449353	5.869760	1.073811	-3.438972	5.697846	-4.801789	-5.533227	6.609749
3726	5	-5.905209	6.584058	6.509416	-4.157133	-0.330488	0.843660	-0.380432	7.816162	-5.856103	0.849423	4.937258	7.816161	-0.865543	6.582797	1.141257	-4.157116	5.232615	4.243820	1.104911	-1.099692
3742	5	5.704599	-7.465528	-4.149403	7.546958	-0.890710	-2.103890	0.102665	1.790946	-0.882390	-2.103890	-4.149403	7.546958	-5.355011	-2.103887	6.488860	1.790948	5.696210	-7.457975	0.102665	1.790946
3759	5	0.650139	5.536464	1.655695	-5.256272	0.652689	-0.578949	-1.690944	5.932530	0.650155	-0.578936	1.653877	0.931110	6.780578	-3.375902	-1.690944	5.932530	-4.115097	5.536471	6.586301	-5.256276
3764	5	-0.557443	6.719783	0.663614	-3.098824	-2.914571	6.723202	5.963948	-3.099097	5.257009	-1.599457	-5.543738	8.451155	5.234561	3.864737	0.663455	-1.500185	5.257008	3.828854	-5.454522	3.155234
3768	5	6.687645	-4.374407	-4.443661	7.540118	-3.890599	1.818193	3.584342	5.029467	6.686967	-4.374407	-0.407004	1.028310	-5.355362	5.118712	6.781374	-4.641985	-5.355202	1.818194	6.652108	-1.508358
3772	5	-0.049236	-0.315352	-3.691274	6.395516	4.193004	-1.555084	-3.691282	6.399551	-1.180851	5.833801	1.518667	-0.119643	-6.588407	5.881764	6.766672	-0.320770	4.189791	4.584129	-1.476086	4.136465
3821	5	-2.715245	-1.103008	4.529789	-1.790962	3.115219	-1.298929	4.529789	-1.790961	4.787441	-3.545958	2.922804	3.976014	4.826837	-3.637107	-3.574528	3.976014	3.115219	3.456260	4.529789	-3.826479
3823	5	1.004671	-0.451933	-1.289482	-0.564926	1.004655	3.900436	-1.288298	-1.199369	1.010858	-0.452908	-2.512609	4.424158	4.975240	-2.149766	-1.289690	-0.494217	4.982109	-2.154635	-2.607931	4.509378
3847	5	7.181856	3.991643	-0.409067	5.436101	7.187572	-1.933233	-0.452818	7.633970	6.780474	4.338752	1.395352	0.305819	3.847258	0.791642	5.800290	7.627018	-2.316215	8.186297	7.637982	-3.110771
3855	5	-2.728365	1.318716	1.100431	0.129123	-2.728189	1.318712	-4.113263	6.652812	-8.097046	1.336598	7.072118	0.128590	-2.728365	6.323286	1.100434	-5.347850	-8.097046	6.339929	7.072120	-5.347858
3856	5	-0.038625	6.796691	1.648314	-5.378352	5.379674	-3.368440	-3.325706	6.685062	3.995332	-1.218917	1.629891	0.092602	-3.727031	6.809751	6.850110	-5.378486	3.983743	4.552987	1.648303	-4.814607
3861	5	-8.123056	-1.589281	6.574487	0.942510	2.103130	-1.886869	-4.190647	5.143859	-8.123057	3.218980	6.578593	0.175482	2.103102	2.614354	-4.001721	5.059807	-8.121944	3.218981	4.162986	4.384057
3878	5	-0.113617	0.595440	-0.806235	0.514697	6.034114	-3.383147	-4.646196	6.092996	5.992844	-3.353624	-0.806237	0.514755	-0.073361	0.572032	-4.646184	6.092975	-0.114459	5.715999	-0.778008	-4.780582
3895	5	-0.504283	6.461795	1.040923	-5.657251	-6.715556	6.462340	6.578089	-5.657251	5.507461	-1.979744	-2.440520	4.879858	5.506919	-1.979547	1.040923	-0.321829	5.506919	2.661697	1.040923	-4.411355
3897	5	-2.658335	6.757456	2.057480	-5.827952	3.610841	-0.320117	2.053314	-0.619561	-5.325669	1.063934	5.776639	4.549786	-5.391373	6.757456	7.544213	-5.827944	-2.658279	1.063934	2.053451	-0.643773
3900	5	1.211347	5.877038	1.108129	-5.964946	7.091186	-2.108896	1.108126	-1.156194	5.170717	4.187939	6.005272	-4.028857	-0.700105	6.038105	6.005272	-5.966843	7.244644	-2.224541	-4.595679	5.419166
3913	5	0.674965	6.334522	-4.459882	-5.588942	6.146487	-2.494156	-8.892100	5.791211	6.146487	-2.494156	-4.460764	-0.797813	0.674965	1.078600	-4.460764	-0.797824	0.674965	1.078600	-8.892100	5.791200
3957	5	-6.958176	7.433039	6.458095	-4.773959	5.819199	-0.123920	-3.742375	6.832259	5.819188	5.555234	-0.097659	-4.772944	-0.737516	7.357857	-0.097655	-4.773957	5.819193	-0.123919	-0.312648	0.441193
3962	5	6.773505	-2.382045	-6.819222	8.082916	0.448021	6.364445	-0.357882	-4.307879	0.448021	6.364445	-0.361123	2.213125	-5.459022	6.365813	5.778145	-4.307860	-5.458524	6.365813	5.776252	2.213069
4000	5	-1.500672	4.567747	1.810682	-1.935980	-6.110004	-0.976672	6.564907	0.947859	-1.500639	-0.976690	1.792018	0.947855	-1.500238	-0.976690	-2.596217	7.360362	3.182423	-1.255977	-2.596217	7.360363
4022	5	-1.127988	5.761977	1.206446	-3.377579	-0.277816	-0.060738	-2.997913	8.036568	4.219169	4.639125	1.148412	-1.083497	5.064134	-3.649668	-2.998392	8.037259	-4.893240	5.761978	6.514150	-3.377619
4029	5	-4.558454	6.552199	6.451913	-4.821370	4.672866	-5.276441	0.017804	6.536000	4.673124	-5.276666	-6.447658	1.652686	4.672824	-5.276408	0.090647	1.652686	4.673124	-5.276660	-6.520268	6.536000
4047	5	2.608590	-1.591979	8.603644	0.031327	2.608588	4.927466	8.607469	-1.951811	-2.753978	-1.438042	8.603695	0.022259	2.616755	-1.593636	6.029120	5.694602	-2.753920	5.081521	8.607504	-2.056077
4086	5	2.888308	6.524160	6.363691	-7.374668	2.888315	0.437139	6.362144	2.256482	2.888309	0.437141	6.363691	-4.310063	-3.340717	0.678054	6.362168	2.252631	-3.340724	6.764796	6.363691	-7.463291
4095	5	-2.445273	-1.341012	-0.608809	1.049992	-8.838405	-1.340838	5.623347	1.049992	-2.445273	5.093789	-0.608799	-4.631196	-8.838406	5.093985	5.623357	-4.631770	-2.445273	-1.341012	-6.773357	5.574475
4129	5	0.629530	2.087897	3.374615	7.400771	7.270251	-5.226371	-2.466414	7.511604	1.236211	-4.830918	-2.466413	7.511604	6.664152	-5.226371	3.374615	7.511604	0.629531	-3.029692	3.374613	7.511601
4213	5	3.597320	0.575595	7.506794	-1.572993	-2.537668	6.949731	7.945838	-5.294861	3.597046	6.391515	7.945838	-5.294861	7.964876	-4.304174	-3.533222	6.635223	-2.537649	1.138906	7.886182	-4.007345
4232	5	-3.261311	1.418973	0.836915	-0.555910	-3.262157	7.257060	0.839811	-6.190243	5.980006	-3.655790	-5.524328	5.687522	-3.368571	1.418973	4.946083	-0.555910	-3.368570	7.257060	4.951172	-6.190243
4269	5	7.035355	3.168537	-2.667127	5.083994	-3.107966	7.948241	5.211760	3.514989	7.035355	-1.946624	-4.690825	6.428362	1.759815	6.268623	5.211093	3.515735	-3.367617	7.968196	6.074974	-0.825297
4308	5	4.084631	6.572181	-0.878571	-4.405595	4.084631	6.572181	-0.878577	1.113767	4.084634	0.294344	-6.265829	6.828864	-5.662600	7.486717	5.248737	1.097615	-5.662597	7.486717	5.248743	-4.419895
4375	5	5.606951	0.780868	1.423623	-1.470130	-1.938201	6.545138	7.370755	-8.182062	6.097186	0.770947	-4.831587	4.740018	6.097186	-3.700250	-4.832022	4.756298	5.606996	-3.691588	1.423584	-1.445516
4382	5	0.743085	7.115973	-1.807212	-3.199235	6.447533	-4.024220	-9.209811	7.539658	0.743086	1.321947	-9.209811	7.539639	6.447533	-4.024220	-8.668757	2.228587	0.743086	1.321947	-8.668722	2.228549
4383	5	6.549708	3.465150	-1.981410	4.581313	5.192653	3.465184	4.038579	4.581255	-1.371016	8.213469	5.874369	-5.751142	5.993238	-0.132616	3.246142	5.028170	6.549876	-0.132618	-2.308761	5.028170
4395	5	8.278677	1.028017	-1.061364	1.296103	7.838366	1.028011	3.472773	1.296110	8.278623	4.141144	-1.021998	-1.039859	7.812462	4.141144	3.521083	-1.039859	8.279645	1.028011	-7.296934	6.961839
4429	5	-1.458672	7.788413	-0.253211	2.429047	-7.178158	7.788413	4.478164	2.429045	-1.458672	7.788413	-0.148571	-3.778373	4.658699	3.816455	-4.564987	5.722091	-7.467888	7.788413	4.603841	-3.778372
4525	5	5.231821	-2.788785	1.180836	3.275808	-0.443046	0.037913	1.210906	3.206903	-0.928794	6.205015	1.580995	-1.452542	-5.432984	0.242924	6.348140	3.184377	-5.432987	6.350152	6.683944	-1.467967
4570	5	-1.181876	0.475826	3.468102	5.371132	-3.695312	0.475859	7.070133	0.793971	6.947020	-4.073614	-1.334159	5.387523	2.838427	0.339646	3.465327	5.373943	-3.695312	6.646301	7.070319	-2.293495
4659	5	0.014545	-2.944627	-1.079529	6.695972	6.550096	-7.814241	-1.079529	6.695972	0.013833	-2.944627	1.966930	0.847145	-2.290294	-2.944627	7.770355	0.847145	6.549385	-7.814240	1.966930	0.847145
4682	5	-7.377981	1.177748	6.340914	-0.547201	-7.420750	6.996009	6.900189	-6.565152	-1.335172	1.044767	-2.894175	5.606111	4.909568	-1.477368	-2.894177	5.606118	-1.341250	1.045279	0.193617	-0.547195
4683	5	-2.773060	6.753989	3.842285	3.828986	1.819389	6.736746	5.620555	-2.130632	2.026777	6.723493	3.827217	3.853103	7.312781	-3.332083	-4.143653	6.629917	-2.962228	6.753989	5.621173	-2.144188
4698	5	-0.915976	7.579873	-1.040532	1.059160	-0.915989	7.579873	-0.979402	-4.802918	4.801975	-5.359127	-7.538584	6.408713	-4.867073	7.579891	4.992063	-4.802918	-4.867005	7.579891	4.949180	1.059159
4737	5	4.163257	5.941463	-3.437860	-1.572728	-2.131695	7.553408	-7.574417	5.065894	4.163257	5.941463	-7.574417	5.065894	-2.131695	7.553408	-3.437860	-1.572728	4.163257	-0.156470	-8.212552	7.434717
4773	5	-0.149530	8.425905	3.862016	-4.853395	4.773985	4.640947	3.862016	-4.185177	5.771913	-1.592704	2.523005	7.059648	5.999136	2.868924	-3.442274	6.928421	5.771911	2.904216	2.523014	6.908748
4777	5	-2.209629	6.739229	6.424226	-6.214113	1.017747	6.735403	0.595118	-6.213910	-2.209623	0.851371	6.424219	-0.811291	1.292511	0.843825	-3.223414	5.694791	6.462665	-2.354178	-3.225391	5.710520
4782	5	-0.440168	-3.867571	-0.949632	-1.037001	-3.418398	-3.330774	5.112011	-1.037001	5.964620	-9.619833	-7.375954	4.860847	-0.440125	-3.867624	-7.375954	4.860847	5.964577	-9.619833	-0.949632	-1.037024
4879	5	3.194538	7.197520	8.952860	0.630943	8.341421	-3.859062	-0.386222	6.945592	3.194508	7.197527	8.969500	-5.358572	-2.319093	7.269398	8.969500	-5.358680	-2.318903	7.269398	8.952864	0.630835
4904	5	-0.879213	5.760958	3.042843	6.269070	-0.564872	5.731564	-2.504305	6.269375	5.929118	1.395599	-2.675528	6.433947	5.752187	1.411400	2.862051	6.433926	5.752567	-5.069457	2.861391	6.434591
4920	5	6.510670	-2.466647	0.091449	6.909052	-0.278477	5.455584	6.342387	0.822611	-0.278460	5.455581	5.420260	5.101684	1.257445	4.659837	1.017091	1.305447	2.583009	1.971987	0.091494	6.603436
4923	5	2.499839	7.716824	7.611542	-4.626449	2.500369	7.716641	7.091371	1.474865	-1.872919	7.990152	7.091371	1.474865	7.030987	2.302949	0.506223	6.658596	-1.873418	7.990152	7.611542	-4.626450
4926	5	-1.920120	2.582962	6.617766	-2.741968	-1.920120	7.385029	6.617766	-7.460880	-1.209959	2.517036	5.752390	3.851508	5.305883	0.089139	2.058840	3.869058	1.569962	2.011630	2.066773	3.864730
4933	5	0.656343	4.550275	-0.151166	-1.749206	6.899713	-7.040438	-5.914712	5.456672	6.899678	-7.040438	-0.151169	-0.069229	-4.188601	-1.420838	5.201490	-0.128693	0.656379	-1.420848	-5.893753	5.400374
4937	5	6.773165	-6.565806	1.152223	5.877043	5.618745	-6.333661	3.287336	-0.613737	1.393698	-0.627515	1.152241	5.877018	0.235112	-0.623664	3.287338	-0.613771	0.927762	4.509393	2.449779	3.608124
4940	5	7.343413	3.802933	-6.271889	5.335425	-0.019191	6.852375	4.070142	-3.123064	0.796667	6.546320	-1.586761	-2.877444	7.343413	3.802933	-1.586821	-1.028346	6.531273	3.930274	4.070090	-1.091573
4949	5	1.302740	-3.161954	-0.057372	-0.537722	7.900404	-9.641414	-0.057372	-0.537722	1.302741	-3.161954	-5.055919	5.342794	7.900405	-9.641414	-5.055919	5.342794	-4.422181	-3.160948	5.572069	-0.537722
4962	5	-1.991684	0.469349	0.295939	6.970565	4.530565	-0.956025	0.295939	6.970568	3.247256	-0.288518	4.919054	6.970568	-4.405306	6.078978	6.651470	-4.710133	-3.265487	0.485572	4.919054	6.970565
5025	5	-1.971717	0.096374	3.317846	8.033476	4.407606	-3.754474	3.317846	8.033492	-4.535617	6.353625	7.968353	-0.556337	6.770342	-5.846398	-0.932115	8.033492	0.379682	0.010838	-0.932115	8.033481
5029	5	1.383422	-4.242380	-5.843588	6.230684	1.379556	-4.233942	-0.586854	0.051287	6.744393	-7.649205	-0.586854	0.051282	-1.502239	-2.021291	5.170206	0.051281	6.747789	-7.649207	-5.843588	6.230684
5044	5	0.984409	-1.312820	-5.530927	8.615768	-7.935530	5.800748	6.773314	-3.306152	-5.220334	-0.581879	-5.530927	8.102188	-5.220334	5.789590	-5.530924	3.221300	0.984409	5.060988	-5.530924	3.221300
5053	5	-1.103274	2.555742	-1.427346	0.083348	5.395711	-3.102705	-1.427865	0.091573	-1.072472	2.555742	-3.533744	6.061797	5.426503	-3.120011	-3.539366	6.070136	-4.594961	2.555742	5.051978	0.083348
5078	5	-7.011782	6.459140	6.597822	-3.176305	5.640835	1.157804	-5.291778	5.595029	5.640835	-5.262621	-5.291791	5.600084	5.156222	1.158464	1.247831	5.595022	5.156245	-5.261965	1.247818	5.600084
5079	5	-4.269291	6.929239	0.867835	-4.849825	-4.269290	0.453845	0.867833	-2.211121	-7.246608	0.455074	6.976044	-2.211350	-4.104234	0.453343	-0.425776	4.410784	-6.534955	0.455069	5.717052	4.410449
5089	5	-0.575185	8.790654	-5.752277	3.890805	5.844802	6.708228	-5.761780	3.900606	5.171933	7.187815	0.309136	-0.727499	-1.246821	8.812031	0.309152	-0.732664	-5.255290	8.846522	6.784681	-0.732693
5091	5	0.092029	6.682105	-7.057093	5.139894	0.092029	6.682105	-0.471455	-1.157954	6.687107	-3.758967	-7.068428	6.626245	6.687107	-3.758957	-0.498639	0.294926	-5.881604	6.701562	6.124420	-1.158096
5102	5	0.605715	7.571036	0.316673	-5.198693	6.857692	5.089691	0.316673	-5.088989	-5.791334	7.681072	6.636235	-5.198828	6.857709	-0.583777	0.297325	1.171240	6.858018	-0.583987	-5.192958	6.208532
5105	5	-1.903469	5.643043	7.253209	-8.609993	5.780706	-6.332523	1.354857	-2.617074	1.188383	-0.938127	1.354857	-2.619576	-1.903469	-0.937558	7.253171	-2.619579	1.188383	5.642471	1.354904	-8.609923
5191	5	2.033940	4.646767	-0.493248	0.264983	2.034368	-0.855719	-5.796735	7.036625	5.698494	-7.264542	-5.844576	7.127152	2.034368	4.646767	-3.791877	5.196443	-3.705552	4.647192	5.662740	0.264684
5196	5	6.074491	-2.760216	-1.827774	5.962570	6.044935	3.836698	0.655519	-0.528647	6.047405	-2.752809	0.613355	0.068873	2.035789	6.209522	4.209494	-5.937857	6.074244	3.828342	-1.399040	5.376952
5203	5	7.992714	-4.150014	-0.259738	1.468070	1.809771	8.375649	0.389280	-3.286038	8.069932	-4.150035	-3.589495	6.983551	5.920532	-4.038184	5.750370	1.467369	7.981623	2.146786	-0.078737	0.917417
5210	5	6.851572	-1.359823	-4.169245	6.415551	1.154739	6.655573	0.442624	-4.740764	1.154754	1.667164	-4.020581	6.001567	-5.249374	6.892040	6.900731	-4.745485	-5.249332	1.915142	6.704717	1.394456
5231	5	-3.733119	0.376254	3.734581	5.869297	7.643866	-5.320658	-0.465634	0.554797	2.116722	0.262047	5.919986	0.554525	-4.420395	6.601411	5.919986	-4.405446	7.643868	-5.320659	-2.595160	5.869636
5241	5	-7.561125	-2.213086	2.153605	2.005295	-7.350945	-2.213086	-0.204547	6.774815	-7.561310	4.313087	2.454306	-1.430859	-7.561453	-2.213086	5.820092	2.005296	-7.561453	4.313087	6.085584	-1.430844
5245	5	-4.938757	-0.040640	5.945311	0.782777	-4.960412	6.167672	6.145665	-1.386438	2.759341	-0.626202	4.475663	4.380447	-1.590716	-0.072745	4.498168	4.346638	5.226006	-1.902447	-1.710064	4.422443
5247	5	-1.781640	5.114204	2.941808	5.104703	4.326663	-6.839495	-4.401905	9.157494	-0.065660	-1.251011	1.942320	9.157493	0.586984	-1.251042	-4.401905	9.157493	0.586974	5.114181	-3.427774	5.104703
5257	5	-5.459251	-1.858200	5.679667	0.635345	5.726068	-4.051399	1.623509	0.635353	5.730206	-4.054472	-0.991513	5.887872	0.451363	-1.995524	-0.991511	5.887867	0.445642	-1.995001	1.623511	0.635347
5277	5	1.145428	7.386607	0.637864	3.382089	-2.518336	7.713249	5.921331	-0.433082	5.132493	5.466353	-2.630234	4.709524	-2.149606	7.704043	5.692584	3.169254	5.132547	-1.099163	-3.108991	7.009802
5295	5	-10.998805	6.267982	5.282715	4.074300	-10.999535	2.148514	7.082142	0.997268	-10.999535	6.267982	7.082152	-1.830506	-5.616405	2.148514	0.618505	0.997268	-5.315040	6.267982	-1.208978	4.074300
5312	5	2.231941	9.083706	-0.967931	-6.573801	5.880144	3.953574	-0.967931	-5.547844	-1.273438	9.630296	5.494375	-6.573825	5.883007	-1.521242	-6.456923	5.320568	5.880146	-1.520686	-0.968400	-0.738020
5331	5	-5.270939	6.933228	6.493604	-5.386004	5.979680	-3.084738	-3.456163	6.480730	-5.270952	0.937305	6.493538	0.679571	-0.556195	-2.820404	3.057529	6.480730	5.921527	-3.084738	3.057529	6.480730
5354	5	0.577457	-1.894977	0.333446	1.885184	-3.468962	-1.894126	6.207234	1.885118	-4.468265	4.150727	6.891247	-0.191236	7.051284	-8.357566	-2.662295	5.613428	7.047125	-8.357565	-0.037122	2.013718
5362	5	8.153548	1.856977	1.678743	7.163764	8.153760	1.856841	-3.436341	7.163764	8.153548	-3.934252	1.678648	7.164394	1.645658	6.262539	6.373219	1.123157	1.645540	6.262578	6.375730	-3.914234
5366	5	1.162273	6.440382	-0.464859	3.162833	6.789111	-5.149968	-6.063292	7.332743	-3.836043	6.450297	5.453739	3.150037	1.162264	6.440383	0.496895	-2.930713	-4.467214	6.450297	6.385080	-2.946920
5367	5	6.422903	-2.272317	-1.718813	-4.820339	5.115210	-1.239954	4.734840	-4.823458	6.424789	-2.273829	-1.828985	1.160150	5.178467	-1.288157	4.623914	1.157313	5.115210	4.491643	4.734840	-7.758999
5414	5	-5.067692	6.611217	4.838816	3.510661	7.356288	4.769550	-1.212587	3.676958	7.356290	-0.984576	-3.621734	7.337284	0.922919	6.610140	-1.146311	3.510662	7.356234	4.769551	-0.458386	-1.889332
5468	5	0.264891	5.628444	-0.594516	-4.050802	-4.945505	1.151644	3.449750	6.418124	-5.284157	5.637495	5.808545	-4.052122	6.490466	-0.983432	-2.966958	6.418166	0.319548	1.140308	-2.966958	6.418126
5472	5	-7.730567	4.332864	7.250185	-1.916571	-1.178535	4.332783	-4.072701	4.240802	5.241100	-2.820510	1.045559	-0.359345	-1.178562	4.332783	1.054733	-1.916363	5.241126	-2.820547	-5.196438	5.784669
5477	5	-0.661667	1.215163	-4.631675	5.789733	-5.003393	1.215163	7.051743	-0.068984	5.456866	-5.030727	0.733756	-0.068075	-0.672480	6.673653	0.733769	-3.914019	-0.672480	1.215163	0.733756	-0.068984
5478	5	-3.178701	6.337673	5.669735	0.771414	-0.595849	6.337673	0.023149	0.771414	-0.611224	6.337673	0.153855	-4.936136	5.464713	-3.334308	-0.880789	4.665005	-3.283379	6.337673	5.806149	-4.936136
5563	5	-2.471005	-1.190163	-0.530569	6.713533	-8.390706	-1.190026	5.978389	6.713532	-2.471007	3.855291	-0.528809	5.703085	-2.473419	3.855291	0.371650	-0.136299	-8.748294	3.855440	6.881044	-0.136584
5568	5	6.867719	5.046418	-0.550783	-2.872552	6.947332	-0.813903	-3.391663	6.837113	6.913216	-0.813903	-0.799823	1.479873	-2.723740	6.980458	5.780190	-2.872935	-2.723739	1.129871	5.532262	1.470595
5574	5	-0.577146	0.024064	-3.618468	5.248569	-5.974257	0.024067	7.291624	0.269999	-0.579137	6.445818	0.687212	-2.925531	-5.974258	6.445821	7.291633	-2.925531	5.109368	-5.980741	0.687204	0.270859
5594	5	4.807634	-1.537999	4.024917	7.878778	1.209373	-0.155551	7.055753	1.579904	7.687464	-3.139443	-1.760402	7.878791	1.209343	5.874026	7.056132	-3.460759	4.799791	4.362759	4.028184	6.285189
5649	5	-1.740553	4.855097	-1.378203	-2.001190	-1.737339	-1.685022	-5.962749	6.598634	4.476320	-6.123453	-1.378250	0.100536	-1.740553	-1.685022	-1.378250	0.100536	-7.238044	4.855098	4.898536	-2.001199
5678	5	8.394650	-6.393771	-7.611858	6.167021	8.394650	-6.393771	-1.955422	0.102159	4.105652	-6.349556	3.839659	0.102171	-2.521518	-0.818212	3.841684	0.086786	-2.631884	5.537952	3.905099	-2.376665
5695	5	6.607287	-5.354717	-1.888536	6.613967	-4.432259	-1.392856	7.263858	0.147160	-4.426353	-1.392926	4.698600	6.613967	-4.432260	4.940787	7.331176	-1.858104	-4.432141	4.940786	6.095974	4.603650
5737	5	-4.837939	6.524972	4.462845	-2.771154	-2.987638	0.788955	0.909839	5.827039	5.098277	-3.713075	-4.155028	6.669050	2.990811	0.320076	0.909411	6.031741	-0.923746	0.788943	-4.154125	5.827044
5745	5	6.283682	-1.091890	-1.686059	-0.098209	6.283682	-1.091894	-2.766400	5.569943	4.644158	0.267091	4.921994	-2.931389	4.644158	3.984037	4.921994	-4.525895	-0.839207	5.570969	4.921994	-4.525999
5759	5	-0.568847	-0.408136	1.146080	-4.188613	-0.568856	5.756460	1.146093	-6.127653	-5.467420	-0.408095	5.784764	-4.188614	5.882236	-6.760908	1.146079	-4.127565	-5.467424	5.756498	5.784776	-6.127681
5801	5	0.590162	8.212247	1.607887	2.415160	0.586760	8.212250	1.631684	-3.745948	7.308756	-4.261151	-4.586885	6.435615	-3.002111	8.212590	8.197215	2.414930	-3.017096	8.212590	8.216830	-3.746152
5804	5	-0.124618	5.889314	1.184138	0.484071	-0.124544	5.889313	-3.124767	6.118354	5.263984	3.198846	-3.124769	6.497089	5.263963	3.198879	1.009769	0.869258	-3.765821	5.894122	7.514565	0.483704
5866	5	-1.951926	0.880347	-1.983972	0.358076	-1.953859	7.063090	-1.898703	-2.570050	-1.926676	0.880330	-4.273448	6.646686	3.811634	5.273020	-1.918316	-1.257803	3.831978	5.269942	-3.290565	5.033890
5875	5	5.621032	0.315902	-4.028117	7.632148	3.038275	5.926289	5.324722	-2.010092	3.082563	0.630519	5.283217	1.968860	5.427948	5.628010	0.615113	-1.961644	5.433404	0.337950	0.573111	1.972805
5911	5	3.205499	0.712748	0.667040	-0.040032	3.205912	4.608177	-2.238290	4.642582	3.205912	0.711604	-3.325681	6.286252	3.204536	4.611956	1.014692	-1.579083	-3.073927	5.504017	6.518933	-1.706410
5914	5	-1.019338	7.492362	0.989653	-5.867576	5.139568	-0.613633	0.971479	-0.488544	-4.763130	7.494006	5.102836	-5.867711	5.139398	5.022591	0.989614	-4.740644	5.143988	-0.619206	-3.823836	5.433015
5922	5	0.949038	1.857639	1.936850	8.329746	-5.681939	5.869730	7.240321	4.197481	1.018115	1.856223	-4.079486	8.330046	6.033080	-2.967271	1.936818	8.491641	6.078100	-2.995016	-4.079518	8.491649
5925	5	-1.567005	0.470231	-0.587639	0.380086	-1.567009	6.501725	-0.586743	-4.025037	4.845442	-1.008756	-0.587670	0.387962	-6.128111	0.502411	5.930431	0.379675	-6.128172	6.533789	5.931324	-4.071649
5950	5	3.295182	-1.251183	6.893307	0.552017	3.295175	4.889114	6.893330	-0.969072	6.152407	-3.157707	-4.463834	6.237293	-3.257337	6.657241	6.893330	-2.235156	6.152407	2.922043	-4.460641	5.642300
5953	5	-5.012962	5.663871	7.944021	-5.389259	0.195783	-4.944714	-3.371931	1.142296	6.370289	-5.033122	-3.544900	7.783355	0.195783	-4.944714	-3.544896	7.783355	6.370289	-5.033123	-3.371931	1.142296
5969	5	-1.798947	2.350565	1.307090	2.104198	-1.799610	2.350822	5.476188	2.104082	-1.799610	7.106544	7.844719	-3.599852	-1.798389	2.350349	1.086569	6.898560	-1.799610	2.350822	5.250512	6.898354
6010	5	3.818207	-1.347021	6.616524	-0.264484	8.509590	-4.808279	-1.893211	6.111209	8.509576	-4.808272	0.889403	-0.219649	-1.494711	0.787312	6.617263	-0.419955	-1.494767	5.576029	6.619178	-2.515394
6024	5	0.318487	9.204431	0.108846	-6.580024	-0.898807	9.225381	5.169432	-6.585202	6.907895	4.246385	0.108845	-3.640389	6.907895	0.212210	0.108767	-1.166339	5.706903	0.250175	5.169350	-1.178690
6028	5	5.541622	-6.437139	-1.540687	7.825230	-7.212487	-0.147423	6.842220	1.429308	-0.195413	-0.593062	-1.540687	7.820352	-7.174866	-0.147424	4.959768	7.802525	5.541025	-6.437051	0.329661	1.472485
6046	5	0.495697	7.830968	-0.789813	-1.868895	0.516786	7.830963	-5.861380	4.405566	5.071612	1.049510	-3.354232	-0.074834	5.072219	1.049454	-5.874852	6.238904	-4.353262	7.831027	5.280689	-1.868895
6054	5	6.589319	-4.211755	1.941883	1.984380	-1.824014	-1.001937	6.089995	-4.531388	-1.824037	4.949879	6.090033	-6.728372	-1.671603	4.949876	5.883350	-0.369982	7.075175	-4.252149	-3.287016	1.984380
6087	5	-4.041745	7.757463	6.513402	-2.548671	6.532991	-2.653571	-1.995439	7.791133	0.690545	7.373679	0.896677	-2.548627	0.692719	0.911426	-1.995319	7.779728	6.531052	3.881047	0.894601	-1.748314
6101	5	-1.468874	-2.346493	3.971394	7.541597	6.957815	-7.068473	-2.018206	7.541597	4.433143	-3.642800	3.971390	7.541597	-1.469072	3.799560	3.971438	6.716255	4.433143	2.432197	3.971390	7.515815
6119	5	1.249388	-0.090427	-5.054706	5.944060	1.249388	6.383476	-0.057639	-3.137206	-2.919138	6.806123	5.856772	-3.137206	1.249388	-0.090427	-0.057805	-0.293082	6.901655	-4.147342	-0.058346	0.404260
6211	5	6.456717	-7.192771	-1.459846	6.612849	0.447783	4.103008	7.666180	3.806419	-4.614888	4.103366	7.667197	3.805742	-4.627568	4.103366	8.187260	-1.961914	0.434972	4.103024	8.187260	-1.961171
6242	5	7.303354	-5.556301	-4.921052	6.008038	-0.007452	0.514849	0.451457	2.249466	-4.193717	5.614432	1.687355	0.183583	1.151492	0.446782	-4.919023	5.821195	-5.008985	0.517777	4.525807	2.248726
6253	5	-1.542647	-3.763555	7.168951	-0.832344	1.544612	-4.332267	0.766248	-0.832344	8.109807	-7.081802	0.766248	-0.832344	4.986637	-6.061725	7.168951	-0.832344	1.701286	-4.389153	-4.597498	5.400221
6254	5	2.496720	-0.815968	7.633031	0.647209	-4.062230	5.779968	7.642272	-5.278120	6.054285	-5.952670	-3.906202	6.549901	-4.062230	-0.397015	7.633031	0.647206	2.496719	5.349102	7.642272	-5.226624
6256	5	-4.195587	6.015289	6.463362	-1.804371	-4.118497	6.015289	0.598426	2.758864	-4.195588	6.015289	6.281505	2.758864	-4.160066	6.015289	0.786601	-1.804371	5.619079	-2.984526	-2.087450	5.576620
6263	5	5.915574	3.475807	-1.554279	-2.436157	5.915574	-1.298232	-1.554280	-0.325920	5.134930	-0.814664	3.858887	-0.325921	5.134926	3.953583	3.858889	-4.254988	5.915574	-1.298232	-7.962957	5.772283
6280	5	1.507119	6.031300	1.650570	-5.796934	6.450801	-4.966949	-3.104488	5.229830	-4.869062	6.031695	6.081108	-5.797013	1.525002	-0.522426	-3.104488	5.229830	-4.869059	-0.521973	6.081096	-0.972167
6294	5	3.594963	-3.525625	-5.439582	8.468108	-2.563272	4.585637	-4.935768	6.280239	-3.973824	4.585637	3.650537	-0.196579	-2.563272	0.255667	-5.409003	8.231683	-2.845231	0.255667	2.890541	1.823193
6296	5	-0.921673	6.647493	-0.932328	-3.054292	-0.921311	6.647493	-2.752654	2.979991	4.843778	3.358541	-5.648481	5.370021	-2.523219	6.647495	4.343752	-3.054328	4.843778	-1.023902	-6.109997	6.646450
6367	5	5.944086	-2.009398	0.671402	-0.218988	-4.162700	0.207729	7.151496	-0.219063	-4.162701	6.577566	7.219508	-6.792288	5.944166	-2.009398	-0.748112	5.392743	-4.161678	0.207729	5.806319	5.392656
6381	5	0.306340	1.565440	2.160057	8.407312	6.071438	-2.934655	2.160057	8.908767	6.132624	-2.934702	-3.645872	8.908768	-6.138929	6.344864	7.275535	-0.745811	0.280329	6.344528	2.209983	5.614071
6389	5	-2.583319	-2.504404	7.457760	0.599848	0.780651	-2.510564	2.499154	6.758313	5.587503	-9.094992	2.499154	6.758313	0.655936	1.870930	2.592281	6.679141	-2.583363	1.883336	7.459372	0.513744
6412	5	2.510796	-0.512261	6.675293	0.451057	-3.880370	5.823438	6.813164	-3.819962	2.510425	5.809609	6.813164	-3.819960	7.512429	-6.590151	-1.773878	6.616064	-3.880033	-0.496919	6.675293	0.451056
6463	5	4.218425	-4.437834	4.969935	9.558490	0.039410	-0.259543	-1.423211	9.556226	-2.030912	-0.259542	4.969934	9.556226	6.452539	-6.778592	-1.423211	9.558490	-2.030913	4.712686	4.969935	4.449364
6477	5	-0.055938	-0.391340	-6.143705	8.680517	5.991124	-6.719679	-6.143705	8.680650	-0.055938	6.190351	-6.088535	3.722264	-2.502732	6.194834	6.615432	0.008118	-1.270779	6.194806	0.219556	0.008118
6586	5	-6.374443	-1.583502	7.604270	0.860757	-3.753695	-1.589329	3.660963	6.126223	-2.966604	-1.594355	0.349371	6.130944	2.829964	-2.110461	3.651185	6.456075	3.626625	-2.382886	0.342249	6.539035
6636	5	-4.954464	8.306391	4.887341	3.391037	-6.992505	8.306391	6.361081	-0.849261	4.038484	6.006178	-2.667438	4.104037	4.038484	-0.455498	-3.762488	9.307500	4.035873	-0.447145	2.623248	9.307495
6642	5	7.079064	1.641144	0.877322	0.269668	7.079066	-3.820975	0.877315	0.278036	-3.756044	6.190120	6.783325	-5.889957	7.301518	-3.820990	-5.012060	6.292618	7.301518	1.641103	-5.012060	6.284270
6652	5	-0.114756	6.108654	-1.423278	2.818097	6.322607	-1.489547	-4.505436	6.979470	-2.001633	6.411835	5.902767	-1.725149	-1.289009	6.335187	4.671482	2.818091	4.410410	2.359579	5.891809	-1.531745
6661	5	7.300479	-6.849049	-2.045979	-0.645581	7.300479	-6.849050	-5.970843	5.908079	1.696476	-0.097184	4.524329	-0.645581	-4.066289	-0.079411	4.524329	-0.645581	1.696476	5.643979	4.524330	-3.498756
6683	5	-2.515940	5.647771	0.333695	-4.872905	-2.515223	-0.859249	0.287376	-1.144992	2.775492	-1.003457	0.287376	-1.144992	-2.505261	-0.859249	-1.739974	5.437829	-5.445891	5.647771	5.663885	-4.872905
6714	5	6.393007	-2.069347	-4.776323	7.112722	0.769626	6.881052	-2.690025	5.161266	0.769629	0.758497	-4.495475	6.802862	-1.700153	6.881190	4.327741	-0.576929	5.148124	-2.049914	3.678390	1.387556
6728	5	-1.851307	-0.912889	6.245141	-0.637736	7.020329	-3.754910	-6.012377	5.495939	7.000630	-3.740162	0.001664	-0.635773	-1.851355	5.641259	6.245182	-4.639834	7.000629	2.820535	0.001706	-4.637136
6732	5	0.239544	8.313606	-0.563539	-2.327540	-1.977335	8.313684	5.931445	-2.327543	6.541295	-3.405000	-6.952039	7.433130	4.252075	-2.584814	5.931412	1.101026	6.478503	-3.404898	-0.563571	1.101150
6756	5	1.943729	-1.230713	-8.515182	1.829614	6.657543	-6.020333	-8.546572	7.777355	1.943729	-1.230713	-8.546572	7.776795	6.657543	-6.020333	-8.515226	1.830291	1.943598	4.955680	-2.901267	-3.700558
6779	5	5.539696	5.359602	8.827340	2.355810	-1.044588	7.969666	9.023898	1.704826	6.453320	-0.918383	3.170327	7.233846	7.769031	-1.964165	-2.736721	7.233848	-1.044682	7.969671	9.175686	-3.963031
6788	5	-0.408295	8.767803	-2.047313	5.352591	-6.655410	8.771082	5.651996	-0.833298	5.605108	5.582851	-2.090938	5.565589	-0.408296	8.767803	0.184660	-0.833296	5.605108	-0.184844	-2.132691	7.646432
6841	5	-2.211692	8.498311	1.282968	-2.131130	0.177397	8.452101	-1.143613	4.039836	7.046365	2.315180	-2.841907	7.750848	-2.357851	8.498316	7.671311	-2.131131	-2.357813	8.498316	5.279043	4.032269
6842	5	4.216042	6.086848	6.658192	-4.147090	7.064872	-0.798108	1.701161	-0.310704	7.062473	5.431321	1.711738	-3.080869	4.221477	-0.143650	6.651497	-0.313066	7.430122	-0.844435	-4.424430	5.459436
6852	5	-0.087188	0.371082	4.056305	4.693471	6.418698	-6.343629	-1.346774	4.693565	-0.217082	5.426672	4.383976	0.917761	2.495532	5.418363	-1.018065	0.922757	2.505401	0.336266	-1.346765	4.693480
6897	5	0.999993	0.425889	6.722857	-0.146291	0.999985	6.860027	6.811316	-6.114740	1.015317	0.425310	5.079947	4.984811	-4.355307	0.436560	6.722857	-0.146298	-4.355270	6.870164	6.811317	-6.115013
6902	5	-0.957762	0.787417	0.418453	-1.622874	-0.957855	5.988448	0.418695	-7.922371	-3.851448	0.787511	4.927609	-1.622876	5.485036	-3.904887	0.418452	-1.621925	-3.851585	5.988541	4.927824	-7.922393
6904	5	8.671123	-2.701180	-1.152991	6.305181	-0.322288	1.466665	4.206943	6.257725	-4.423801	1.565062	7.545164	1.206101	-4.423801	7.966698	7.546026	-1.132052	-4.421487	7.966689	6.459797	3.971591
6910	5	-0.737727	1.675128	-4.064509	-0.248369	5.505987	-1.928736	-4.097691	5.998731	-0.737722	1.675128	-4.097690	5.521962	-0.860859	6.968292	1.072717	-3.278922	5.505986	-1.928735	-4.092895	0.312765
6954	5	5.268293	-4.260193	5.902875	-1.657555	7.049774	-4.260499	-0.268516	-1.657555	7.051969	-4.260506	-1.712871	3.934800	2.126726	-1.105325	5.902875	-1.657555	6.170206	-4.260486	4.394860	3.934801
6993	5	-6.998229	9.583678	6.078363	-5.786334	-0.794552	9.583676	-0.459443	-5.786334	5.734911	4.462436	-0.459443	-3.474970	5.735009	-2.005220	-0.459615	0.116347	5.878571	-2.233681	-6.607563	5.030200
6998	5	-3.086162	7.214812	7.129207	-0.995840	6.103791	-1.890860	0.576975	1.791807	6.800134	-2.203661	-5.424375	7.385069	1.212553	7.202941	-5.131482	4.685205	0.459263	7.212328	0.595447	-0.995840
7001	5	1.658171	5.785099	1.301926	-1.914729	7.007889	-4.550877	-5.297844	5.587829	1.669814	5.775885	-5.141764	4.060956	7.007889	1.922400	-5.290937	4.944589	-3.969098	6.232778	6.832137	-1.964599
7017	5	5.204936	-4.171471	-2.143921	1.067502	5.204949	-4.171503	-3.675191	6.588664	-1.113080	-0.068588	-3.674959	6.475506	-1.113115	-0.068588	-1.995765	0.950007	-6.763640	6.551008	6.402298	-2.081321
7024	5	-4.025360	5.344089	8.237016	2.449444	-3.294123	-0.713802	6.981570	6.118098	-4.116886	5.344089	8.645471	-3.656972	7.835991	-6.963131	1.235513	6.118162	1.879826	-0.720423	1.235574	6.118099
7040	5	6.151124	4.678575	-2.261250	5.940351	-4.056243	5.990800	4.461975	3.481976	0.108080	5.057728	-0.601529	5.121260	0.139566	0.088632	-3.879491	7.998531	6.154014	-0.524918	-3.879550	7.998787
7072	5	-0.262067	5.977804	0.297809	-2.977366	4.173472	-5.056433	-3.812029	6.428865	-6.512677	0.118803	6.642396	1.221076	-0.257734	0.117751	0.285526	1.221081	0.050778	0.116329	-3.812029	6.427095
7076	5	-6.919945	9.598347	6.409257	-6.050520	-1.163202	9.598347	1.160198	-6.050520	4.708067	4.194258	1.160198	-3.523615	4.708160	-0.020742	1.160040	0.144265	5.017135	-0.530007	-3.425875	6.310974
7078	5	-0.817787	7.531622	-1.511222	2.922410	-5.027354	7.531629	4.938877	2.922410	4.750668	4.142325	-3.628604	4.352968	-6.110593	7.531629	8.233498	-2.777152	4.750668	-1.391406	-3.910038	5.476779
7088	5	4.449430	-5.242688	6.492587	1.381972	5.669683	-5.243514	4.926321	4.851435	-2.134146	5.569436	6.714757	0.389950	7.447880	-5.243526	0.525859	1.381972	7.568973	-5.243526	-0.969729	4.851435
7130	5	-4.080213	0.176110	9.001316	1.987183	-4.080213	5.991192	9.066289	-2.679788	1.673762	-0.244678	9.001293	1.987353	6.623531	-5.443355	-1.398883	6.411037	1.673762	5.570247	9.066289	-2.678488
7136	5	-4.181417	0.695618	5.437401	-0.875738	0.048858	0.695594	-1.192414	-0.875732	6.366101	-5.638254	-1.192414	-0.695387	-4.181418	7.286122	5.437401	-7.015969	6.369846	-5.640073	-3.241088	4.323394
7142	5	-6.368141	7.593200	8.277285	-7.905204	-2.584863	0.942908	4.600557	-1.527365	5.894403	-2.402304	-1.149315	-1.516307	0.061118	0.734537	-4.734077	4.856031	0.061122	0.734536	-1.061774	-1.520966
7182	5	-1.118129	0.370985	0.376213	3.117274	4.200100	-1.137789	-3.712158	5.496531	-1.117514	0.370953	-3.712154	5.496525	-5.616126	6.949331	6.980164	-1.948230	-5.615477	0.446381	6.772158	3.117271
7195	5	-1.961011	5.015939	-0.494916	-2.447340	-7.595602	5.015939	5.892777	2.870112	-1.960960	5.015939	-0.518319	2.870117	4.311906	1.121507	-5.884361	6.137051	-7.602987	5.015939	5.916170	-2.447341
7246	5	-4.367790	6.288396	6.039775	-2.485904	6.459204	0.256368	-3.756568	7.385259	-4.306673	6.288396	5.441721	3.837404	1.043371	6.284946	-0.267783	-2.483422	1.043371	6.284946	-0.845894	3.839858
7249	5	-1.257461	7.219932	-3.740315	-6.171734	4.552354	-1.649180	-3.740382	-0.514050	-1.257459	0.734790	-3.740386	-0.894706	4.568911	-1.669048	-7.372849	5.664471	-1.241354	0.734787	-6.682067	5.284105
7272	5	5.045895	-6.546472	1.443663	0.616100	-5.267925	5.734916	6.568867	-3.904117	7.848065	-6.583160	-3.920812	6.705208	-1.690475	5.732560	1.491205	-3.898935	1.339300	-1.727748	-3.920806	6.705201
7274	5	-4.144372	0.041710	3.782998	5.234534	0.237778	-0.324418	-1.455215	-0.311353	-4.185252	6.113533	6.965958	-3.191508	-4.182126	0.042335	4.528888	-0.311355	0.237790	-0.324421	-2.178068	5.234534
7298	5	-2.534861	5.723719	-0.097024	3.990027	-2.646956	5.723719	1.142280	-1.879025	-4.838558	5.723719	6.172561	-1.879027	3.723198	2.178149	-3.735605	6.908766	-3.963798	5.723719	4.863381	3.990026
7300	5	4.439420	4.306248	-6.520477	6.678579	4.439400	4.306296	-0.241843	2.095288	-1.949679	7.710759	-6.520477	6.678189	-4.115101	7.710785	5.238726	2.094783	-1.949692	7.710759	-0.241718	2.094783
7318	5	-0.340257	1.091326	-3.993468	7.341045	-0.340266	6.824082	-2.314874	5.133498	6.265505	-4.837223	-5.320116	9.079616	-0.342666	6.824083	-0.712321	-1.066230	-6.596621	6.824090	5.580240	-1.066245
7333	5	0.432674	6.845486	-2.823925	5.082015	5.573548	0.643949	-2.997310	9.065478	5.573548	4.696118	-2.984229	6.356577	0.431552	6.845497	0.331780	-0.664760	-6.247134	6.852490	5.824109	-0.664768
7338	5	1.374790	6.178957	-0.539387	4.968203	-4.003679	6.710842	5.736857	-0.707146	1.374730	6.179067	1.271987	-0.289445	7.601798	1.876164	0.881588	1.990651	7.601812	1.876164	-1.771785	7.255924
7339	5	-0.427389	-2.372053	1.776014	7.220219	-0.157989	-2.374226	-3.838630	7.220219	4.856143	-4.870669	-3.838630	7.220221	-4.885324	4.150504	8.241721	-2.656554	4.596146	-4.483776	1.776014	7.220221
7452	5	4.457777	4.388697	0.619688	-5.967009	4.457777	-1.017311	0.619688	-0.777468	-4.949631	0.267951	5.522714	-0.777522	-1.645571	0.236882	0.619688	-0.777506	4.567398	-1.073640	0.326164	3.396468
7462	5	5.236581	1.778584	-1.079242	-0.710744	-1.220428	6.634737	4.335226	-6.587638	5.236654	1.778425	-4.758056	5.821556	5.236585	-3.887306	-1.103696	-0.675826	5.236654	-3.887391	-4.758057	5.858312
7468	5	-0.799095	0.472400	-3.469267	7.229527	-2.678300	0.472602	5.169194	0.732337	4.045300	-1.508081	-3.469269	7.232645	-0.799145	3.903935	-3.462322	6.109975	-0.868338	0.472428	-0.497950	0.732338
7474	5	-2.470149	-0.056725	7.020239	0.693089	7.467578	-5.543886	-1.783264	6.580357	6.578232	-5.539970	1.056587	0.693126	-2.469075	-0.056726	4.252372	6.580325	-2.470151	5.082298	7.020472	-5.756514
7523	5	0.299030	6.502854	6.426574	-2.273169	3.392935	0.134776	6.425954	0.848793	5.978933	-3.390384	-5.748374	7.477304	3.392357	5.297738	6.426574	-2.236319	0.300092	1.337326	6.425954	0.848767
7546	5	5.954489	-4.407395	3.375057	6.966238	6.017307	-4.407412	-2.712180	6.966238	-3.514949	1.202917	6.793839	0.449160	-0.493302	7.260123	4.315170	5.117693	-3.515283	7.260126	7.093760	-1.371795
7564	5	-0.978748	1.205127	-3.755245	-0.740432	-0.978747	7.427559	-3.755242	-7.010828	-0.971397	1.204893	-4.994992	5.336587	5.478757	-0.671092	-3.755245	-0.740019	5.478757	5.553687	-3.755242	-5.700493
7576	5	7.524927	-2.474341	-1.041214	1.632245	-3.193001	6.512338	5.591657	-3.945040	7.524645	3.614330	-0.701422	1.077669	7.525202	3.614330	-5.326910	4.854286	-2.955860	0.317586	5.168299	1.631520
7682	5	1.000014	7.288673	-0.155960	2.996266	-2.881293	7.290810	5.480682	2.994900	-3.791358	7.290810	6.311584	-1.404297	0.975173	7.288781	0.673174	-1.403834	6.701733	-3.565692	-2.843473	6.883323
7694	5	6.205346	-5.426438	-6.599959	6.517068	-0.409270	0.860473	-6.599804	6.516935	-0.733890	0.860478	-1.230870	0.168839	-3.620546	0.860482	4.828827	0.168839	-0.763544	6.710429	-1.090227	-4.538908
7726	5	0.704367	6.963983	-1.110426	-1.814841	6.301241	6.135080	-1.126643	-1.108946	-2.941773	6.968114	5.052119	-1.818319	6.301241	0.179677	-4.346156	7.432522	6.301241	6.135080	-2.128099	4.195084
7728	5	-3.064308	0.290757	7.280877	-1.069969	6.794056	-2.670968	0.778332	-1.012643	6.838831	-2.705463	-1.047717	5.544963	-3.071697	6.578759	7.320982	-7.461632	-2.078267	0.279056	5.494139	5.488900
7730	5	-2.538749	0.887624	1.094673	1.765653	-7.190358	6.379402	7.239786	-4.261702	-2.539471	6.379402	1.277439	-4.261702	-7.189233	0.887624	7.061181	1.765656	-2.537662	0.887624	-0.669340	4.220151
7738	5	1.068685	0.289791	-1.844313	5.413487	-4.404626	6.591375	4.207347	4.359921	-3.914071	0.498330	3.957468	5.093125	1.068192	6.380954	-1.603025	4.359921	6.569254	-2.396407	-1.859247	7.028783
7751	5	2.008107	-0.266976	-5.001926	6.407146	6.685367	-4.539440	-5.004032	6.619604	0.312604	6.098618	2.341643	1.243245	2.008106	6.026327	-3.766793	1.248788	2.008106	6.026327	-3.591879	-5.175267
7758	5	0.290168	-0.452381	0.367897	0.237860	0.290165	5.751701	0.367901	-4.327025	6.884053	2.939170	0.367901	-0.745337	-3.330161	-0.324850	6.278677	0.235025	-3.330163	5.844665	6.278679	-4.412955
7767	5	9.032479	-4.238612	-4.650172	5.170445	2.523114	-0.067789	7.520583	-0.428820	-3.380111	6.252659	7.520583	-6.505147	2.523116	5.835561	7.520583	-6.504619	-3.380039	0.348900	7.520583	-0.463415
7772	5	3.723648	4.274701	6.158837	-2.143265	-1.496521	6.818279	6.158916	-3.870822	-1.495699	0.419421	6.157867	-0.911805	6.432576	3.108846	-1.729149	3.776077	6.450272	-3.275132	-2.765950	4.560978
7794	5	7.182555	-5.908794	-1.196024	5.106056	2.332135	-3.808654	1.662034	-1.404418	-4.040803	6.506304	7.395696	-6.349898	7.182350	-5.908794	1.662034	-1.404418	2.332361	-3.809322	-1.196075	5.106056
7805	5	-0.840729	0.369966	-4.757790	6.964696	-0.988169	6.936309	-1.257535	-2.044534	4.270420	-0.774104	-4.757790	6.964697	3.760340	6.056728	-1.257535	-2.037430	-3.296459	6.974919	4.875348	-2.044562
7813	5	0.755381	-0.244901	7.133273	-1.233325	6.714070	-6.160390	1.593622	-0.791913	-4.176196	-0.228373	7.133273	-1.237551	2.058956	-0.758785	5.810536	5.477024	6.722364	-6.160400	0.040758	5.819152
7826	5	7.094595	-6.786912	1.042976	-1.900086	4.530144	-5.626524	6.718171	-1.901071	-0.258843	-4.338176	6.718173	-1.903638	7.094620	-6.786920	-0.462262	4.165368	4.549681	-5.636218	5.136584	4.164382
7853	5	-7.863670	1.133428	5.164142	-2.053062	-5.244227	1.133173	-2.590250	4.382304	-5.302427	6.621654	-1.280468	-7.925094	-5.302426	1.133193	-1.280472	-2.053062	-7.863673	6.621863	5.164146	-7.925105
7866	5	0.417516	0.227233	-4.729986	8.980536	6.516971	-5.743838	-4.729986	8.980536	0.417516	5.938112	-4.726451	6.575734	0.417432	5.938112	0.728996	0.153106	-5.523129	5.939209	6.749130	0.153090
7901	5	1.180102	2.436679	2.613446	8.056393	-4.764816	6.396741	7.522872	-1.824651	1.225656	2.436273	-2.958881	8.056475	6.235638	-2.777726	2.419474	8.156323	6.262181	-2.810615	-3.021097	8.156323
7936	5	-0.214557	7.577189	6.681980	-8.190246	1.535317	1.341054	4.375008	2.813430	6.920023	-3.155512	3.218726	3.625389	-0.213361	1.382690	6.680481	-3.239853	7.766658	-3.607618	-0.148824	3.625447
7937	5	7.136928	2.366365	-7.153107	5.477817	0.892087	8.754926	-0.757255	-5.887145	7.136918	2.366366	-0.952388	-0.293692	7.136920	-3.660316	-1.022541	-0.197666	7.136928	-3.660315	-7.153101	5.572928
7960	5	4.249125	-0.859192	-5.518873	5.034447	4.231127	-0.847953	-0.520783	-1.314126	4.230513	5.285392	-0.508682	-6.948099	-2.114518	0.605207	6.002915	-1.314479	-2.114520	6.767831	6.015528	-7.792271
7966	5	-5.287610	7.949441	6.696423	-4.693563	0.283026	7.723354	1.340892	-4.693562	6.282437	-0.013731	1.340892	0.039019	0.283026	2.477614	1.340892	-0.407533	0.370194	2.345489	-3.114046	5.139355
7977	5	2.143515	-2.092046	-6.899084	5.653545	2.142687	-2.092012	-0.512454	-0.723185	4.168662	-3.949233	-0.515612	-0.070323	-3.735679	-2.077388	5.899005	-0.734650	4.169104	-3.950457	-6.903957	6.300773
8025	5	7.974449	-2.327626	0.448299	0.324707	1.612075	6.170846	0.448346	-3.039089	7.974449	-2.327627	-5.526880	6.823814	-0.573799	6.393119	6.180014	-3.080855	5.791071	-0.566010	6.179970	0.324560
8031	5	5.782394	-4.887306	-1.181468	3.949028	1.682147	6.570107	9.309173	-6.454368	-4.550167	0.316950	5.095501	3.884187	1.682246	0.295246	5.089990	3.886986	-4.550264	6.591774	9.309173	-6.454569
8055	5	-3.586586	7.066894	7.093349	-5.977550	1.641477	1.338558	1.051253	-2.602181	-3.586731	1.456950	7.093349	-3.053279	-3.585821	1.456963	6.866507	3.496401	1.641551	1.338542	0.165041	3.956905
8065	5	-1.455224	-1.476430	9.421396	1.099298	4.196297	-3.359864	9.421396	1.099299	8.696746	-5.525431	-1.918200	6.506111	7.152382	-5.511794	4.356695	6.506111	-1.455584	4.217289	9.422598	-0.750008
8101	5	2.177696	6.183022	-3.142217	-4.704305	2.177696	0.474908	-3.241935	1.603828	2.177697	0.474908	-9.338520	6.498986	4.928047	-5.741344	-3.241950	1.603872	4.928047	-5.741344	-9.338525	6.499021
8131	5	6.726117	-5.930522	-4.233191	6.965354	-4.887933	6.868365	6.665090	-5.255701	6.712000	-5.926747	1.576527	0.493767	-4.885224	0.262595	6.659294	0.493764	1.221467	0.250176	-4.233191	6.965351
8135	5	-5.163106	7.497611	6.869557	-2.234166	6.524623	-1.395535	2.313047	8.244412	-2.621480	7.497610	4.284323	4.274474	6.531194	-1.402934	-3.873321	8.244420	2.738284	7.428954	4.260042	4.293142
8207	5	1.187500	5.792775	-1.580308	5.823595	5.603179	-0.962161	4.519425	6.721267	-0.213067	6.021595	4.519449	5.819459	-0.213053	1.618937	4.519425	6.582329	6.832223	-1.763809	-1.580331	6.724455
8209	5	-1.544893	8.616776	0.834910	-3.320470	-7.678688	8.675716	6.669440	-3.320470	5.088598	6.369545	0.834910	-3.320331	5.088603	1.464364	-3.059560	6.087681	5.088599	1.464363	0.798244	1.201218
8293	5	-5.591572	-0.074634	7.456567	-0.271856	-5.591572	6.155123	7.472758	-3.634419	-0.377302	-0.156818	2.737883	4.231768	6.142208	-5.480797	-2.325441	4.350960	-0.232148	-0.184628	-2.279987	4.241053
8324	5	-2.059499	-1.579196	4.669470	0.564853	-1.114622	-1.579166	0.893860	6.108645	-0.988603	-1.579166	-5.439170	6.108645	5.135525	-7.315666	0.893860	6.108646	5.320844	-7.628182	-5.439170	6.108646
8325	5	6.310043	-5.190929	0.863302	0.204716	-0.687993	0.477635	5.792695	5.366861	-1.688047	0.478049	7.081502	0.198237	1.292103	0.449611	0.864025	0.198608	-1.836529	5.731971	7.268469	-5.379998
8331	5	-2.159249	5.821607	4.460942	3.319239	6.705711	-2.644778	-0.199645	6.937719	-2.159251	5.821607	4.976723	-2.830530	-2.159239	-0.435851	4.123979	6.934339	1.039907	-0.435853	-0.199642	6.934339
8360	5	7.134157	6.516519	-1.534931	-4.123459	7.134157	-0.058583	-1.541574	-0.101684	5.453709	-0.057373	3.747721	-0.102051	5.436410	6.517757	3.754561	-4.124035	-0.910735	7.070742	3.754561	-4.354662
8378	5	-0.231858	0.696620	-5.663266	8.046467	-0.231858	6.695977	-5.663264	5.088114	6.162413	-1.688200	-5.663261	8.197567	-5.170414	6.699462	7.482803	-1.116241	6.162413	4.350502	-5.663266	6.791663
8420	5	5.327367	-2.719632	6.447394	4.457960	-0.915931	-1.001424	6.447394	4.457960	7.405873	-4.310236	0.425558	4.457960	1.206278	-1.146431	0.425562	4.457960	-1.058144	5.440767	8.560565	-2.371490
8431	5	-0.893220	-0.589486	-0.684170	1.458314	-0.893220	-0.589486	-2.259797	5.522672	-7.465379	-0.499465	5.656631	1.458307	5.661885	-3.114231	-2.259806	5.522710	-7.515064	6.126467	5.901277	0.758849
8470	5	-6.107046	1.480847	7.198421	0.549584	-6.107213	6.516290	7.199131	-4.014280	4.600294	-3.456836	4.213103	5.445529	-2.158503	1.480492	4.281169	5.400453	6.454514	-3.594843	-1.964836	5.445538
8492	5	5.005634	-3.940300	0.526323	0.762569	2.351399	7.989041	7.106276	-5.762968	2.351400	2.328514	7.106273	-5.522704	-3.359801	2.501162	7.106275	-5.625854	7.557789	-3.961144	-4.615427	6.378443
8493	5	6.109658	-5.037307	-1.616262	4.540189	5.862394	-5.026821	0.884721	-0.259299	3.183806	6.418661	5.792790	-3.845558	-2.827520	6.947233	5.792790	-4.235498	3.183819	0.475147	5.792778	-0.268859
8523	5	-0.435807	6.350951	0.770817	-3.905736	-0.233635	-0.053103	-0.229535	1.847424	-3.631781	-0.053103	4.514044	1.847436	-0.158313	-0.053107	-5.584393	6.510356	6.360480	-5.375659	-5.584393	6.511698
8531	5	7.196477	-2.035989	-6.351979	6.602742	1.682500	6.823942	-0.860111	-0.682633	-1.514907	6.974993	5.689814	3.148993	1.682756	6.823891	-0.920553	3.255908	-1.546955	6.975077	5.731828	-0.764378
8572	5	6.573484	-5.530761	-1.034301	5.942627	0.968913	0.290636	5.827731	0.346181	-3.925405	6.022424	5.923839	-5.454130	-3.915542	0.290650	5.827731	0.346181	0.957759	6.022402	5.923839	-5.454122
8578	5	0.021089	1.226896	-5.519785	9.033671	0.020706	4.921972	-5.231320	3.832510	6.309739	-2.985027	-5.519785	9.035152	-0.067849	4.954440	0.235684	-1.981959	-2.216214	5.391437	6.151742	-2.076768
8607	5	-0.438189	-3.722279	-0.246016	0.676590	-3.905427	-3.690752	6.134765	0.676590	-3.905091	-3.690752	5.228941	6.460304	0.021275	-3.771309	-1.291370	6.460304	6.070387	-9.436501	-0.246016	0.676590
8609	5	0.154478	1.260111	-4.416283	6.145949	-6.032140	6.016830	7.860848	2.502899	6.443916	-5.472606	-4.434599	6.447253	0.154479	-5.099962	-4.434447	6.446329	6.443916	0.864692	-4.422176	6.214081
8611	5	-1.366439	-0.805341	-6.620798	7.153089	5.191359	-4.496002	-0.028402	0.935095	-1.375867	-0.805341	-0.028402	0.935089	-5.974948	-0.805341	6.203435	0.935093	5.201716	-4.508153	-6.620798	7.153091
8630	5	8.904863	-3.719067	-1.081796	0.315052	0.606712	1.447532	4.773477	-4.583111	0.606707	7.861556	4.773477	-4.583715	8.904865	-3.719077	-5.013120	6.816664	4.545505	-2.099877	4.773474	0.277993
8655	5	1.376391	5.523572	4.314257	-2.221564	4.360326	4.271267	-1.302079	-1.183034	4.508730	4.271238	-4.779389	4.436426	4.360344	-0.341008	-1.302232	0.081361	4.521449	-0.341044	-7.996225	5.766296
8656	5	-1.183411	6.359977	4.370841	-6.432709	6.179701	-5.372274	-0.986924	-1.784111	-1.183323	-0.109666	4.370362	-2.227937	6.584455	-5.382641	-4.465663	3.038553	4.390755	-1.825615	4.369947	-1.928030
8674	5	0.110036	3.561087	1.366508	6.667072	6.052101	-3.618850	1.365465	7.929180	0.112437	-0.932424	1.365472	7.802860	1.033190	-2.297238	-2.492714	7.892470	6.968411	-3.620366	-2.492473	7.929207
8676	5	-0.789542	6.331103	0.352269	-5.175859	-3.181245	0.518804	4.671110	3.369118	4.628699	-4.556841	-0.568475	3.465329	-0.776724	0.518812	-0.528958	3.369117	2.130554	0.505429	4.670359	3.370828
8713	5	2.546453	6.337824	-2.817461	-3.042041	5.626331	-3.409167	-2.817461	-0.479121	5.626331	3.102318	-2.817461	-1.220454	5.626331	-3.409202	-8.723910	5.830014	5.626331	3.102318	-6.770713	4.990176
8754	5	0.589291	1.632945	0.612675	-2.818445	-5.754157	1.756125	6.060152	-3.205136	6.230633	5.597887	0.623619	-4.150085	0.589068	7.063738	0.623619	-4.150097	-5.754274	7.158244	6.066835	-4.150097
8771	5	-6.026434	3.576966	4.398174	4.197550	4.121983	-3.676518	2.521983	6.670550	-2.135652	-0.104760	2.521998	6.670530	5.294248	-5.702461	-2.814177	6.670550	-6.040402	3.576966	6.355005	-0.217074
8784	5	4.817232	-0.868427	6.307137	1.196165	4.282530	5.624954	6.671679	-4.123240	8.038213	-1.179979	3.993836	5.401664	0.231457	0.265290	6.307185	1.195954	-0.418277	6.556306	6.672724	-4.271610
8793	5	-7.748964	0.056901	3.999210	7.263612	-7.748966	6.399482	7.891636	-1.682819	-7.748966	6.399482	5.182057	4.472684	-2.539685	0.056901	-2.611002	7.263612	2.319253	0.054708	-2.611002	7.263627
8805	5	0.143106	1.951431	7.281830	-3.153448	0.143106	7.037742	7.281831	-7.914772	5.858329	-4.308875	0.435571	4.104801	2.809195	0.508184	6.060804	4.085246	0.486767	1.934122	6.956864	3.280469
8811	5	-0.198242	-0.200877	2.380085	-0.042253	0.147775	-0.351139	-3.842168	6.237922	-0.325937	5.524839	2.641314	-6.015367	5.117086	-5.605868	-3.842459	6.238184	4.694043	-5.450648	2.380014	-0.041856
8819	5	2.983319	-1.083624	1.795903	-0.948507	-6.719043	-0.749968	7.498626	-0.948528	-6.719044	5.300571	7.498655	-6.791303	2.989413	-1.086142	-1.329319	5.349466	2.983320	4.956123	1.795933	-6.791149
8828	5	-9.934754	1.939117	7.179401	-0.120919	-8.594921	1.938847	3.978156	4.590656	-9.934754	8.565599	7.179402	-5.962596	-3.518950	1.924351	-2.411465	4.598454	2.931536	1.041121	-3.745471	4.898447
8831	5	3.799615	5.368140	0.497775	-5.446007	3.826144	-0.814404	0.415670	0.205827	-2.911448	0.356865	6.998925	0.205688	4.190178	-1.171034	-1.958451	6.525023	-2.970459	6.504420	7.081675	-6.255800
8833	5	-0.187098	-2.070498	-3.605423	6.445820	5.849051	-4.329022	-3.605541	6.445853	-6.059045	-1.963055	7.623512	1.129173	-0.187200	-2.070491	1.049293	1.129191	5.848949	-4.328952	1.049300	1.129217
8853	5	-8.343485	0.198909	5.758130	1.445174	-3.081566	0.198325	-5.236228	6.658712	3.032519	-0.699604	-0.685586	1.445173	-3.081566	0.198325	-0.685587	1.445173	3.032519	-0.699604	-5.236232	6.658712
8862	5	8.559481	-4.187470	-2.098786	8.694400	2.134149	6.559861	7.772898	-1.354651	2.444071	6.156198	6.601574	4.696608	-4.368520	6.825662	7.772955	-1.357476	-4.066962	6.825662	6.609954	4.681201
8885	5	4.991124	0.220410	-3.090661	6.809609	4.551533	0.472494	2.461263	0.214099	1.931947	7.318547	7.693032	-0.377722	4.989870	6.171628	-2.941042	6.216206	-3.686057	7.588818	7.693032	-0.377746
8912	5	7.283123	-3.962596	-2.073953	5.768885	-4.850075	0.332088	8.708205	-2.366263	-4.850075	6.006090	8.708205	-2.366461	-4.828658	0.332085	5.247287	3.685912	-4.828705	6.006088	5.247812	3.685713
8923	5	0.541046	-4.160515	1.438444	7.105688	6.880988	-4.636719	1.438439	7.105688	-3.541595	6.150756	6.411419	-4.887126	0.567677	-4.175011	-3.937957	7.105688	6.905763	-4.636722	-3.937954	7.105688
8962	5	2.233207	5.037130	0.550533	-4.637601	5.617800	-4.979723	-0.824383	1.955958	2.236918	-0.910262	-2.532577	6.449525	2.236836	-0.910100	-0.824374	1.955930	5.617826	-4.979723	-2.532570	6.449549
8988	5	-1.274489	0.720256	7.390988	0.939107	-1.274052	6.192733	6.179078	4.301060	3.952041	-0.412221	3.814748	7.299171	-1.274490	6.192743	7.584731	-2.033523	6.148584	-1.801531	-1.874130	7.371298
9003	5	7.465850	-5.519882	-0.236081	7.024388	6.043665	-4.581264	5.201048	7.024388	0.552358	6.167900	8.948958	-5.923704	0.794282	0.581910	5.290827	6.848998	0.553378	0.582668	8.623237	0.545854
9030	5	4.280542	-5.420497	4.481872	1.228765	1.840440	-1.260553	4.481873	1.228741	1.808294	5.248337	4.510974	-2.095426	6.787463	-6.963604	-5.867353	6.898828	6.677105	-6.962621	-1.520263	1.228764
9051	5	-0.116747	5.400925	-0.180190	-2.846101	-6.666600	-0.838392	5.303677	-0.233991	5.685720	-5.879533	-0.180202	-0.127781	-0.116749	-0.838530	-0.180198	-0.233981	-6.666657	5.401055	5.303685	-2.846204
9053	5	-0.093227	-0.237306	0.883509	6.469158	6.409391	-6.466047	0.882766	6.722762	-3.296666	6.269978	5.033126	0.929622	-0.080027	-0.239900	-5.348053	6.469580	6.422576	-6.466047	-5.348655	6.722762
9078	5	1.263042	-0.061001	3.896651	8.658415	0.091065	6.846115	8.982343	-0.410711	6.223124	-4.296528	-2.687138	8.841085	3.139318	-2.713557	3.829670	8.819387	0.136173	6.824303	6.531671	4.745179
9081	5	4.451086	4.082673	7.023202	-2.774774	7.838525	-1.067114	1.249815	-0.203568	2.135914	5.319437	1.285986	-3.135037	8.114571	-1.175981	-2.284275	5.622353	-1.123969	5.405868	7.023475	-3.140871
9112	5	0.112264	-0.641474	-5.794475	7.562911	6.536387	-6.999728	-5.794481	7.566493	-4.713797	5.452990	6.367461	2.490828	-4.699484	5.452990	2.890518	4.288075	0.112263	5.451431	-3.685141	4.290374
9115	5	-1.580349	5.996643	-0.491207	-6.786017	4.955937	4.379106	-0.491207	-2.699470	-1.580349	0.360360	-0.491242	-1.119618	-7.729089	6.057556	5.326171	-6.847892	4.955937	-1.240633	-0.491242	-1.119575
9123	5	4.112886	5.492227	6.880881	-2.559603	-1.622751	8.246444	6.880930	-5.072608	4.142065	1.636899	6.844866	0.615683	7.266316	1.635991	-5.628712	7.063019	7.259069	5.491265	-3.493671	3.791665
9145	5	0.572135	-2.339081	-0.037443	-2.655168	7.018162	-8.502543	-5.821451	4.600050	0.572129	3.608538	-0.037371	-8.104646	-1.213659	-2.339019	5.223885	-2.655210	0.669612	-2.339106	-3.769952	3.396940
9153	5	1.089868	-0.717359	8.304954	0.595929	6.879474	-6.729987	-3.755394	6.026267	-4.820618	-0.585136	8.304955	0.591140	1.089863	5.525149	8.305012	-3.478362	-4.820618	5.656021	8.305012	-3.646440
9172	5	-4.174698	7.884872	6.194219	-5.268391	1.896703	1.511237	3.538662	7.023421	2.246757	1.495774	-2.715146	7.025666	7.144959	-5.115799	-2.716172	7.096167	6.854044	-5.103093	3.537552	7.096167
9219	5	3.120521	-1.661347	-0.159243	0.739723	3.120548	-1.661371	-0.189727	6.154115	-5.065895	-0.582367	5.573369	6.154115	-5.119412	5.415985	6.756349	-5.786798	-5.070504	-0.582368	5.605111	0.739723
9220	5	-2.470884	6.707971	7.911943	-2.221436	-1.752549	6.707971	6.715974	3.447239	0.505274	6.707971	0.942791	3.447240	5.870893	1.771355	-1.525904	6.131552	5.870908	-3.174033	-1.526720	6.740230
9225	5	-3.176589	0.522969	6.383436	0.387383	6.607758	-3.776055	-2.534569	5.966468	-3.176601	6.430797	6.383471	-1.878256	6.606989	-3.776055	0.934997	0.397874	-3.107670	6.430796	6.111880	3.661645
9255	5	6.772254	-4.278375	-2.376281	-0.584642	1.217803	1.453626	-2.376280	-0.592474	1.217810	1.453626	-7.905756	5.515285	1.217803	7.270355	-2.376280	-6.338295	6.772261	-4.278372	-7.915368	5.522602
9261	5	-3.137173	-1.987419	0.057834	7.260544	-7.974518	4.620210	5.383997	5.939064	-7.974518	-1.987419	8.602231	0.871704	-5.639716	4.620210	0.691952	5.939064	-7.974518	4.620210	9.015856	-0.523157
9276	5	6.736488	3.706961	-2.817266	3.805268	-5.231305	6.913261	7.360684	-2.321717	6.736486	3.706962	0.830922	-1.748380	6.736488	-2.819085	-5.043610	6.336403	0.874045	6.609225	7.360684	-2.321705
9277	5	5.076542	-5.650140	1.226652	6.214833	-5.034755	4.365328	4.419442	0.679468	-0.932875	-1.527322	1.226653	6.213872	-0.932884	4.363601	1.226657	4.409267	-3.209167	4.365313	2.236654	0.679489
9293	5	-4.226270	-4.476102	6.843971	0.020211	0.215172	-4.476931	3.271419	5.639832	5.949724	-9.683799	3.271331	5.639961	6.501398	-9.692386	-1.602547	5.639961	0.771147	-4.479970	-1.602451	5.639832
9301	5	6.778655	1.058685	6.031374	-0.212929	6.778653	4.110384	6.031377	-1.780365	0.889649	7.226516	6.031377	-6.055530	8.873714	4.110364	-0.123195	-1.780338	8.873714	1.058660	-0.123198	-0.212927
9388	5	-4.426501	-2.891302	5.897809	-2.538570	0.003432	-2.917902	0.439738	-2.538570	5.935392	-9.336698	0.439730	-2.538570	-4.427138	3.018151	5.898594	-3.950453	0.003227	2.988979	0.443651	-3.864444
9402	5	-0.084240	0.917919	-5.796596	8.871279	-0.084241	7.350033	-2.629148	4.727493	6.309966	-0.018150	-5.807747	9.095584	6.309966	6.414352	-3.694826	5.413462	-4.166212	7.350033	5.701721	-0.069440
9417	5	-0.488885	-1.620637	-1.590402	8.012408	-6.641168	-1.609220	3.978707	8.012147	-6.741770	4.743750	5.100300	6.581749	4.623615	-6.086554	-1.613509	8.044190	-0.494723	4.732438	-0.478562	6.588337
9425	5	-0.731568	-0.638911	-3.119440	5.485942	-6.231804	5.855781	6.741079	-5.666666	-0.797542	-0.638916	0.426377	0.304041	5.818304	-6.940153	0.426378	0.304096	-0.797542	5.855781	0.426405	-5.666666
9440	5	4.738974	-2.989508	-5.100313	7.243718	4.638221	-2.989265	0.649521	1.760929	-5.105575	5.082238	5.443725	-2.665302	0.294354	-0.871254	5.355178	1.738008	0.178764	5.082170	5.443725	-2.665268
9480	5	5.926339	-6.360442	-6.348834	8.486308	-0.468719	-0.336794	-6.348834	8.483213	-0.468973	5.721614	-6.175206	5.531660	-0.610680	5.721618	0.127634	-0.005484	-2.226811	5.721624	5.679394	-0.005492
9494	5	0.159555	6.064327	8.670675	-1.397843	6.774098	5.910244	0.383694	5.211146	0.611790	6.064326	4.550628	5.136157	6.774099	-0.021153	-1.285480	6.963664	4.538132	5.920975	4.447064	5.205888
9543	5	7.949903	-2.846835	-6.666526	8.632507	4.798139	5.229240	5.055296	2.075581	1.605869	6.485922	5.061260	2.028951	4.633377	5.335641	5.153798	-4.306615	1.477755	6.507135	5.153799	-4.341994
9547	5	5.855070	-3.324431	1.793374	-1.505219	-0.492825	5.354699	1.828988	-6.810192	-6.686429	-0.629674	5.481016	-1.505219	-0.306040	-0.768010	0.352445	4.795399	-0.476148	-0.753397	1.793374	-1.505219
9589	5	4.539959	-0.632465	-0.215862	-0.116844	-7.113143	4.464632	4.743442	-3.680845	-0.451587	2.698534	-0.215161	-0.157840	-0.444449	2.689239	-3.654561	6.292878	4.546688	-0.632630	-3.664569	6.329229
9618	5	2.750017	-1.303632	-9.547461	5.928479	2.750016	-1.303632	-2.935009	-0.371500	-1.582135	-1.279240	-9.550534	5.926853	-1.582135	5.240680	-2.934990	-2.952510	-1.582136	-1.279240	-2.934990	-0.373237
9633	5	5.700242	-4.150949	1.034493	1.990621	-0.699306	6.568283	1.512268	-3.741911	-0.693674	0.186798	-1.823172	6.668861	-0.695759	0.186913	1.034491	1.990616	-3.992731	6.594353	6.557469	-3.742477
9691	5	-0.416682	-0.230515	-5.162550	5.843295	-0.471637	-0.230514	1.472661	0.077267	-0.471647	5.406613	1.472757	-2.202989	-6.041913	-0.230509	6.345685	0.077266	-6.041925	5.406619	6.345769	-2.202993
9709	5	0.719732	-4.561175	-0.694719	0.289047	5.947275	-10.323871	-7.021239	6.007936	5.904100	-10.293860	-0.694719	0.289063	0.763386	-4.561204	-7.021239	6.007925	4.817511	-8.187871	5.170527	0.289063
9751	5	-0.879809	6.156749	-0.092103	-5.594325	-3.259002	6.192389	5.046024	-5.601680	-0.879181	0.311506	-0.092171	0.413562	5.364090	-1.273083	-5.994355	6.534211	4.855801	4.811747	-0.092103	-4.943493
9772	5	0.948363	-3.275746	-0.015207	1.645795	6.411462	-7.913250	-0.015232	1.645920	0.963389	-3.275750	-2.075028	5.958682	-3.664195	-3.275678	6.089399	1.645795	6.426431	-7.913460	-2.075118	5.958807
9773	5	-4.285475	7.966823	7.459263	-1.058631	-4.256629	7.966695	5.846215	5.214738	0.763269	7.778958	0.741111	5.214741	0.772897	2.044319	0.659005	5.432528	6.383635	5.712059	0.740172	5.216694
9808	5	-0.234683	-2.442862	-6.519324	6.529838	-0.749332	3.459072	2.843893	3.450570	6.383892	-5.060584	-6.519324	6.529838	-0.236328	3.345861	-5.063646	3.979692	-1.713531	3.603460	4.926510	2.751795
9846	5	6.313408	-4.521498	-1.617039	0.522184	0.415288	1.032250	-1.616962	-1.927303	0.415288	6.158371	-1.616962	-5.459454	6.313410	-4.521514	-7.118053	6.581581	-4.139027	1.041533	4.868897	-1.962549
9863	5	6.955768	-6.506795	-1.726507	9.120957	-1.603197	0.142143	3.932489	9.120956	-4.458800	6.003505	8.517113	3.064290	3.107424	-3.195887	3.932488	9.120957	-4.471064	6.003505	9.668340	-2.843174
9867	5	-0.520351	1.306081	-6.082984	7.244416	-6.090449	6.995357	5.601822	-3.699502	-0.520353	6.933111	0.153160	-3.688533	5.696081	-0.671706	-6.082986	7.248066	5.696079	4.932693	0.153160	-1.475811
9870	5	0.020022	-2.375277	-0.600838	-1.042118	6.554682	-7.021144	-6.875617	5.563004	0.021821	-2.375406	-6.875616	5.563004	6.552883	-7.020955	-0.600844	-1.042116	-3.356493	-2.340333	5.942933	-1.042117
9874	5	8.018294	0.362135	-6.352115	6.342303	8.017323	5.415129	-1.056004	-1.877740	8.017325	5.415129	-1.056990	1.871456	-1.268744	9.346372	5.224680	1.626304	-1.268746	9.346372	5.225107	-2.172644
9877	5	8.437389	-1.088552	-2.141194	4.134478	6.378234	-0.571105	6.358563	-1.328542	8.386136	-1.086277	-0.075837	-1.328542	0.395602	3.806618	6.394937	-1.779183	7.499055	-1.001883	4.305506	4.134478
9883	5	-4.316181	5.176913	8.525139	-2.002507	6.949341	-7.063785	-0.700569	5.413600	-4.204919	-0.490494	5.790318	5.329084	0.495581	-0.490978	-0.617634	5.329111	0.201946	5.176749	2.137816	-2.002392
9888	5	3.153433	6.820239	-0.058477	-1.008402	-1.523552	6.976066	-6.514137	4.068259	-1.523552	6.976066	-0.058477	-1.011182	3.153433	6.820239	-6.521989	4.084812	-7.648513	6.976066	6.108562	-1.011186
9890	5	5.395809	2.811974	0.303253	-0.932661	-3.362404	7.469916	5.835034	-6.617449	5.395809	-3.320996	0.296246	-0.731817	5.395811	-3.321000	-1.348673	5.191362	5.395811	2.811970	-1.203342	4.968370
9909	5	6.878322	-2.508270	-7.328252	6.847610	0.870980	6.397294	-0.858349	3.306849	0.871361	0.375241	-7.328204	6.839774	6.878322	3.480842	-7.318926	6.362561	0.870937	6.397301	-0.806871	1.455504
9923	5	-1.005289	0.941923	6.022792	-0.542028	4.576991	-1.359118	6.022763	-0.539097	1.543533	0.857690	1.526326	4.254265	-1.008001	7.568035	6.026302	-6.172295	4.574188	5.260680	6.026302	-5.939805
9940	5	-2.182327	1.800528	5.737931	-0.646601	-2.283458	6.352689	5.802721	-3.281537	0.510213	1.800526	3.843199	5.053519	5.819787	-0.714288	3.553572	5.387042	6.349404	-0.715140	-0.822323	5.387090
9960	5	7.382060	-2.480221	-6.569249	5.865727	1.463798	1.182618	-1.382110	-1.739591	1.463799	7.045397	-1.382098	-3.358308	0.663554	1.188712	5.151762	-1.755481	0.663554	7.051437	5.151774	-3.358316
9988	5	-4.067625	7.971372	-2.998067	-6.171795	-4.109412	7.971372	2.886879	-6.171795	-4.067625	2.410627	-6.345055	6.242723	-4.067625	2.410627	-3.027244	0.086734	-4.104673	2.410627	2.857407	0.086734
