21	4	2.318012	5.758768	-0.320624	5.500660	0.821314	8.387708	1.196992	-0.320624	5.500660	0.821314	8.388102	0.730552	3.440888	1.984832	6.742180	2.462856	5.290697	3.440888	1.984832	6.742180
42	4	5.734186	1.824374	3.440349	1.809907	6.046241	2.310128	8.105168	3.440349	1.809907	6.046241	5.733681	1.826616	-1.600884	8.470837	1.588810	2.308924	8.107495	-1.600884	8.470837	1.588810
52	4	7.944510	1.163879	-0.880864	7.565215	0.912571	8.005052	0.339577	4.915173	-1.833706	6.343825	1.568309	4.980074	4.915173	-1.833706	6.343825	1.507776	5.856247	-0.880864	7.565215	0.912571
53	4	7.765613	0.128421	2.487872	0.544224	6.362020	7.765613	0.137905	-1.601735	6.912669	1.365755	2.744331	6.165362	2.487873	0.544224	6.362020	2.744276	6.174846	-1.601728	6.912669	1.365755
61	4	3.423991	5.150136	6.044759	-5.874483	8.890680	7.308103	-0.712793	6.044759	-5.874483	8.890680	7.294598	1.542309	0.459611	4.930717	3.063749	1.234227	7.390859	0.459611	4.930717	3.063749
62	4	7.516551	1.753181	2.592027	6.546053	-2.423349	2.610253	4.458850	8.601007	0.699255	3.783579	1.858692	7.399816	2.592027	6.546053	-2.423349	7.525122	-1.196935	8.601007	0.699255	3.783579
79	4	5.273385	-2.548558	5.937929	-2.380833	6.606904	5.269998	-1.347974	1.953488	5.671841	0.060855	1.425262	4.827499	1.953488	5.671841	0.060855	1.616427	3.628267	5.937929	-2.380833	6.606904
129	4	0.739082	6.588524	1.993206	7.979359	2.454078	1.612682	4.449142	7.355557	-0.277508	6.776147	5.891256	1.932017	1.993206	7.979359	2.454078	6.226804	-0.225098	7.355557	-0.277508	6.776147
132	4	7.506287	1.938283	0.395781	5.255044	0.677790	2.157390	8.467760	0.395781	5.255044	0.677790	2.175618	5.735725	6.340883	-4.561286	7.006283	7.506896	-0.793827	6.340883	-4.561286	7.006283
146	4	0.947797	6.766015	0.181924	7.181342	1.383959	5.912404	-1.975927	5.862791	-0.767676	6.972588	1.338565	3.768794	5.862791	-0.767676	6.972588	5.902651	1.020028	0.181924	7.181342	1.383959
189	4	8.366079	0.177370	2.147962	6.619305	2.660395	8.366213	-2.002650	6.504483	-3.707874	7.275182	2.763011	5.440704	2.147962	6.619305	2.660395	4.003962	3.252044	6.504483	-3.707874	7.275182
199	4	2.057836	7.087830	1.425936	6.668427	-0.427270	2.058170	6.093848	7.278286	0.382360	5.053214	6.485754	1.863281	1.425936	6.668427	-0.427270	7.873182	0.865052	7.278286	0.382360	5.053214
236	4	1.211101	4.859534	0.012404	7.427597	2.228969	6.173315	-1.508584	0.012404	7.427597	2.228969	1.920329	3.181055	6.526108	-3.016758	8.091483	6.173321	-3.186784	6.526108	-3.016758	8.091483
313	4	6.351898	-0.843898	-1.895735	7.520249	-1.465907	2.633512	4.928323	-1.895735	7.520249	-1.465907	2.651436	4.917247	4.298513	1.551599	4.926220	6.352001	-0.855007	4.298513	1.551599	4.926220
348	4	0.778023	8.950634	0.198860	4.352985	-0.680064	7.067049	2.955974	0.198860	4.352985	-0.680064	0.791750	5.813950	6.671953	0.203373	5.074212	7.148549	-0.209008	6.671953	0.203373	5.074212
398	4	2.257043	5.597395	4.016709	3.410003	-0.363247	2.376270	4.526524	4.597618	0.451234	5.944584	6.537941	0.457388	4.016710	3.410002	-0.363247	6.541253	-0.618433	4.597618	0.451234	5.944584
408	4	0.204173	5.547543	3.875076	1.749696	7.103679	6.199071	2.179315	-2.095202	7.686349	1.095348	6.214821	1.863259	3.875076	1.749696	7.103679	-0.044194	5.827499	-2.095202	7.686349	1.095348
450	4	8.328550	-1.024442	-2.232213	6.026254	2.250614	2.877316	5.349394	-2.232213	6.026254	2.250615	2.877819	5.348542	3.138740	0.916872	7.088903	8.328551	-1.025294	3.138740	0.916872	7.088903
484	4	0.537903	8.057107	1.167778	4.601527	4.737088	0.574993	4.006346	6.275374	-0.500204	7.014215	5.560863	1.642971	6.275374	-0.500204	7.014215	0.537903	8.002599	1.910050	3.338828	6.719702
508	4	0.690733	3.545594	7.421972	-3.445700	6.502591	5.812715	-2.732858	7.421972	-3.445700	6.502591	-0.613707	5.829603	3.884999	6.855666	2.653327	5.811460	-0.447684	3.884999	6.855666	2.653327
511	4	2.943541	5.440984	1.448679	-0.688372	6.730556	7.662305	0.559762	1.448679	-0.688372	6.730556	2.940132	5.884304	-4.221381	4.799547	3.361066	7.075069	1.105308	-4.221381	4.799547	3.361066
553	4	4.578949	4.879287	1.431427	0.228900	5.820949	7.701566	-1.244195	-3.099802	4.256112	1.368342	4.449737	5.123964	-3.099802	4.256112	1.368342	7.744064	-1.489915	1.431427	0.228900	5.820949
632	4	5.578741	2.848920	-0.223847	6.878173	2.189960	0.382634	7.327465	-0.223847	6.878173	2.189961	6.120202	2.075661	4.541681	1.698889	6.252381	0.645215	6.711335	4.541681	1.698889	6.252381
699	4	2.047779	4.159864	7.082096	-4.638505	6.571608	7.758900	0.159127	5.233834	4.150209	2.493741	2.002035	4.632347	5.233834	4.150209	2.493741	7.759003	-0.313362	7.082096	-4.638505	6.571608
720	4	6.866064	0.939134	-0.775514	4.121586	7.390694	6.866064	0.939134	-3.651562	7.910207	3.458997	0.342791	6.858695	-0.775514	4.121586	7.390694	0.342791	6.858695	-3.651562	7.910207	3.458997
730	4	1.153095	6.556479	2.029274	3.799793	5.522870	6.260540	0.858713	2.029276	3.799791	5.522871	1.153132	6.548681	4.412416	-0.298736	6.874440	6.260658	0.850739	4.412416	-0.298736	6.874440
869	4	8.036360	-0.219234	2.877876	3.380515	6.541903	1.858399	6.141714	1.526011	5.614746	2.605012	1.858400	6.131224	2.877876	3.380515	6.541902	8.036323	-0.208742	1.526011	5.614746	2.605012
881	4	6.645019	2.854710	1.884357	4.991120	-0.342227	4.083808	5.810793	6.985979	1.765409	5.154755	7.102498	0.392483	6.985979	1.765409	5.154755	3.649434	8.370179	1.884357	4.991120	-0.342227
918	4	7.188782	-0.442856	5.530588	1.755012	7.487959	6.983965	0.722343	2.097419	7.781744	3.529454	2.030054	4.876092	5.530588	1.755012	7.487960	1.157032	6.043751	2.097419	7.781744	3.529454
936	4	6.276585	-2.658249	7.583143	0.475821	6.944489	6.267159	-0.055355	2.920435	7.556172	0.930816	2.194170	2.830798	7.583143	0.475821	6.944489	-0.152306	5.403394	2.920435	7.556172	0.930816
937	4	2.351712	7.796221	2.384031	1.785948	7.016258	6.888384	2.213306	2.384031	1.785948	7.016258	6.888373	2.213437	-0.704770	4.916629	1.081611	2.351711	7.796338	-0.704770	4.916629	1.081611
993	4	3.917684	6.347847	0.606128	3.820846	6.191665	3.917684	6.347847	0.605844	7.540560	3.336746	7.085769	0.660990	0.606128	3.820846	6.191665	7.085769	0.660990	0.605844	7.540560	3.336746
994	4	7.388029	-3.022969	4.068527	8.288034	0.749623	1.075443	3.449474	4.068527	8.288034	0.749623	1.090275	2.104491	6.916389	-0.740490	7.111052	7.388035	-4.367950	6.916389	-0.740490	7.111052
997	4	3.907888	4.161481	5.646650	1.091171	7.933827	8.316528	-0.217681	5.646650	1.091171	7.933827	3.907878	4.925608	0.237274	6.186613	3.660224	7.537472	0.556470	0.237274	6.186613	3.660224
1033	4	4.698434	-1.264680	-3.716877	6.533960	2.350238	4.698441	-1.478136	2.529447	0.001015	8.706788	-1.485217	5.219589	-3.716877	6.533960	2.350238	-1.368206	5.006132	2.529447	0.001015	8.706788
1038	4	3.607421	7.025448	0.599030	6.750306	3.404741	4.359049	5.888178	5.577691	-5.210727	6.791394	7.889841	0.608794	0.599030	6.750306	3.404741	8.213719	-0.564620	5.577691	-5.210727	6.791394
1064	4	7.700182	-0.078896	1.760115	6.784455	2.037956	7.706886	-4.321455	7.867510	-4.835132	7.705242	3.506948	2.189583	7.867510	-4.835132	7.705242	3.019733	6.476840	1.760115	6.784455	2.037956
1067	4	3.242519	7.210630	1.986409	-0.730022	6.759387	6.617259	1.343404	1.982043	3.734295	3.418011	3.242519	7.211177	1.982043	3.734295	3.418011	6.617397	1.342846	1.986409	-0.730022	6.759387
1118	4	1.623133	7.613986	1.147937	6.980483	-0.849529	6.678950	2.992747	1.147937	6.980483	-0.849529	1.865253	5.130487	6.728719	-1.114946	4.557040	7.570139	0.471690	6.728719	-1.114946	4.557040
1140	4	5.707210	-0.174039	2.621398	6.558892	2.332371	-0.362781	6.420684	2.621398	6.558892	2.332371	-0.362781	6.420672	2.631361	0.693485	7.394468	5.707210	-0.174050	2.631361	0.693485	7.394468
1149	4	4.981923	2.473427	1.755879	6.513698	0.427791	1.191517	8.811444	1.755879	6.513698	0.427791	7.122452	0.224102	7.702392	-0.924434	5.474783	1.191795	6.564509	7.702392	-0.924434	5.474783
1209	4	1.963196	4.839177	4.216382	6.740017	1.327136	2.061407	4.733719	4.950063	-0.199002	5.492755	7.598720	-1.129048	4.216382	6.740017	1.327136	7.604099	-1.235222	4.950063	-0.199001	5.492755
1251	4	7.933755	0.591436	0.864495	4.682512	3.457258	1.902005	4.784621	5.914038	-3.992772	7.407946	1.899255	5.996257	0.864495	4.682512	3.457258	7.956703	-0.622289	5.914038	-3.992772	7.407946
1296	4	6.279201	0.936402	-1.976264	7.946904	1.710381	1.981144	6.167818	-1.976264	7.946904	1.710381	6.279205	0.796651	1.633065	2.056269	6.477117	1.982418	6.027097	1.633064	2.056272	6.477116
1316	4	5.493593	-1.135410	5.406475	-4.612225	7.197953	-0.038677	4.612013	5.406475	-4.612225	7.197953	-0.329948	5.232861	0.174821	6.354066	4.348572	5.400187	-0.511311	0.174821	6.354066	4.348572
1370	4	3.742822	4.788851	6.418276	-4.149010	6.388129	8.417260	-1.797066	6.418276	-4.149010	6.388129	8.416966	0.104628	0.655396	6.138366	-0.157718	3.298628	6.698545	0.655396	6.138366	-0.157718
1391	4	1.099658	8.407846	2.905211	1.438094	6.411110	7.417316	1.788841	2.905211	1.438094	6.411110	1.087839	8.459423	0.274579	5.837031	0.339240	7.410035	1.840540	0.274579	5.837031	0.339240
1393	4	6.669476	-0.616964	0.606198	6.517588	2.153421	0.894273	5.775131	0.606198	6.517588	2.153421	1.317235	5.094278	5.162358	-0.086718	7.610595	6.700598	-1.319380	5.162358	-0.086718	7.610595
1404	4	6.386213	-0.480350	4.174139	-4.847187	7.225109	1.211050	6.073090	4.174139	-4.847187	7.225109	1.138416	6.302802	2.480993	4.944413	4.404210	6.374595	-0.250417	2.480993	4.944413	4.404210
1428	4	7.522945	0.031268	5.193028	-1.058312	5.956940	2.463592	4.234849	5.193028	-1.058312	5.956940	1.776859	5.278734	-0.490025	5.669348	-0.071756	6.800661	1.110389	-0.490025	5.669348	-0.071756
1470	4	2.406035	7.880127	0.993119	7.402416	1.731847	2.406613	7.006473	5.686657	-3.173621	6.624280	7.455789	1.656515	5.686657	-3.173621	6.624280	7.091490	2.562202	0.993119	7.402416	1.731847
1551	4	7.482960	-0.101914	-1.105974	6.685417	1.988470	7.484430	-0.215275	4.864881	-0.358822	8.149143	2.622343	6.255573	4.864881	-0.358822	8.149143	2.493169	6.371453	-1.105974	6.685417	1.988470
1581	4	5.602666	0.119847	4.410080	2.355139	7.020305	5.366473	1.941195	0.787037	8.611749	0.812673	3.735142	6.479020	0.787037	8.611749	0.812673	5.708681	-4.446362	6.875130	-3.656094	7.028307
1605	4	7.115596	-0.453371	5.352893	3.442914	4.072197	7.114391	0.718759	3.352894	7.371503	-0.032556	1.415321	6.101983	3.352894	7.371503	-0.032556	2.002770	4.902943	5.352893	3.442914	4.072197
1673	4	6.972560	0.356942	0.312018	5.601756	2.209864	0.978144	3.535371	5.816661	-1.550831	7.535013	0.608019	6.811343	0.312018	5.601756	2.209864	6.973278	-2.918977	5.816661	-1.550831	7.535013
1681	4	3.875268	4.957653	5.836116	-1.571385	8.254319	7.644950	-0.844780	5.836116	-1.571385	8.254319	3.642416	8.461835	0.443442	4.706554	3.057065	7.332071	2.873833	0.443442	4.706554	3.057065
1699	4	8.452201	-0.275496	6.337183	-1.313968	6.322869	8.127280	0.928408	1.203933	7.084029	1.321991	2.935179	6.830401	1.203933	7.084029	1.321991	3.181804	5.564940	6.337183	-1.313968	6.322869
1726	4	0.203436	6.834330	4.513636	2.742675	7.774698	0.203128	6.858258	-1.587892	9.324195	1.271789	6.762892	2.222432	-1.587892	9.324195	1.271789	6.763345	2.198462	4.513636	2.742675	7.774698
1728	4	2.338128	2.385155	5.473964	-7.321507	7.798711	8.088528	-3.925372	5.473964	-7.321507	7.798711	7.906296	-1.426805	2.912657	4.648684	3.340295	2.337114	4.787209	2.912657	4.648684	3.340295
1736	4	2.556715	5.080661	5.874962	-6.617582	7.416629	7.310152	-0.259865	5.874962	-6.617582	7.416629	2.104170	6.013315	-0.257825	5.470929	1.341828	7.309582	0.672772	-0.257825	5.470929	1.341828
1753	4	5.442691	-0.769589	0.983173	4.044813	5.142865	-1.079473	5.529657	0.983173	4.044813	5.142865	-1.079473	5.529657	0.983173	5.699289	3.274727	5.442691	-0.769589	0.983173	5.699289	3.274727
1916	4	5.140764	0.605977	-1.332399	6.949941	1.191202	2.590433	3.349196	3.371291	-1.325161	7.389986	5.273510	-0.314444	3.371291	-1.325161	7.389986	1.219044	4.259802	-1.332399	6.949941	1.191202
1925	4	8.198174	-1.111799	5.929384	0.192833	6.496438	8.197896	0.875325	0.681514	6.897082	3.142840	2.867793	4.590505	5.929384	0.192834	6.496437	1.824477	6.578656	0.681514	6.897082	3.142840
1938	4	1.140228	5.943631	5.011062	-1.026517	7.425789	6.646703	1.913494	-1.532127	6.666758	2.341539	1.100936	6.506869	-1.532127	6.666758	2.341539	6.667606	1.331889	5.011062	-1.026517	7.425789
1959	4	3.843196	6.160398	5.731218	0.942045	6.710905	8.034721	2.589155	3.680889	5.883934	0.894554	8.046967	1.567329	5.731218	0.942045	6.710905	3.842236	7.167935	3.680889	5.883934	0.894554
1961	4	4.390376	1.045537	-1.693930	6.464496	1.768488	4.390618	1.023235	4.642565	-0.091101	7.454833	-0.152279	6.068825	-1.693930	6.464496	1.768488	-0.139581	6.044124	4.642565	-0.091101	7.454833
1965	4	7.615557	1.580264	-0.744814	6.263542	0.397360	1.854280	7.441374	-0.744814	6.263542	0.397360	1.854808	6.342102	5.534059	-2.687752	6.658560	7.629043	0.480994	5.534059	-2.687752	6.658560
2015	4	7.619157	0.712283	3.848666	-1.084733	7.435141	1.035042	6.841544	3.848666	-1.084733	7.435141	7.619157	0.734474	-2.399260	6.954892	1.588991	1.035000	6.863735	-2.399260	6.954892	1.588991
2033	4	-0.623155	4.626648	1.152363	7.177130	0.581678	3.482041	2.975282	7.257767	0.659309	6.487646	5.859718	0.220638	1.152363	7.177130	0.581678	5.859785	-1.429041	7.257767	0.659309	6.487646
2188	4	6.415264	-0.540960	6.061430	-1.117183	7.840135	1.849445	2.627137	6.061430	-1.117183	7.840135	6.023706	1.514409	-0.319944	6.042799	4.432638	0.116560	4.682397	-0.319944	6.042799	4.432638
2214	4	6.515583	0.507540	2.344524	0.948756	9.146328	1.858630	6.883511	2.344524	0.948756	9.146328	1.858619	6.883593	1.201524	5.546084	4.026645	6.515574	0.507624	1.201524	5.546084	4.026645
2232	4	1.563672	4.496319	3.441706	-1.596151	7.777657	7.665783	-0.966172	-2.810403	7.158560	1.750708	1.563534	4.498261	-2.810403	7.158560	1.750708	7.666006	-0.968444	3.441706	-1.596151	7.777657
2329	4	6.004854	-0.152073	5.556578	-2.897880	5.377329	6.004189	0.911120	1.748092	6.140886	1.084461	2.367835	4.975934	5.556578	-2.897880	5.377329	1.918817	6.039866	1.748092	6.140886	1.084461
2376	4	4.530428	3.514345	5.488059	2.241530	6.465106	7.131335	-1.546802	5.488059	2.241530	6.465106	7.077679	2.076637	2.352597	7.287864	2.242565	1.191758	7.128348	2.352597	7.287864	2.242565
2492	4	2.334624	4.967897	7.112753	-1.276346	7.899178	7.252687	-0.681268	7.112753	-1.276346	7.899178	1.349883	6.499819	1.945973	5.401702	2.366272	7.252634	0.850473	1.945973	5.401702	2.366272
2520	4	1.691418	7.703886	1.623774	8.385094	3.289751	7.220312	2.615595	1.623774	8.385094	3.289751	7.399219	0.089986	5.970186	-0.841445	6.869490	3.202383	5.153657	5.970186	-0.841449	6.869490
2525	4	2.367397	5.529767	4.416311	0.396187	7.885677	2.349351	5.775866	-1.375701	7.020022	1.866372	6.789139	1.058683	4.416311	0.396187	7.885677	6.788813	1.305137	-1.375701	7.020022	1.866372
2527	4	0.473570	1.808565	8.258339	2.495930	4.555326	0.440875	4.898167	3.668102	7.756448	-1.274188	6.944149	-1.209664	3.668102	7.756448	-1.274188	6.964032	-4.306124	8.258339	2.495930	4.555326
2603	4	1.403449	5.823625	4.610744	-0.748033	6.734512	1.403367	5.886256	-1.210613	5.243361	1.036177	6.503371	1.774578	4.610744	-0.748033	6.734512	6.500540	1.838962	-1.210613	5.243361	1.036177
2681	4	3.896014	-0.047008	2.335789	4.832596	-0.425193	7.075034	-5.082001	2.335789	4.832595	-0.425193	4.096852	-0.098624	5.503276	0.557214	6.001612	7.075034	-5.126532	5.503276	0.557214	6.001612
2690	4	8.627853	2.119292	3.764900	0.765111	6.479103	3.850804	6.514043	3.764900	0.765111	6.479103	8.174961	2.636414	-0.734526	4.751710	0.772222	3.726427	7.025501	-0.734526	4.751710	0.772222
2723	4	4.377465	3.841527	4.214915	-6.385030	6.462413	4.364072	3.849892	-2.033765	5.726263	0.546173	6.939247	1.739977	4.214915	-6.385030	6.462413	6.898625	1.803786	-2.033765	5.726263	0.546173
2759	4	3.852723	5.595642	5.353316	-3.838461	6.658689	8.544830	2.792120	-0.496750	7.269707	1.481518	8.702701	1.818415	5.353316	-3.838461	6.658689	3.849936	6.569746	-0.496750	7.269707	1.481518
2761	4	7.553827	-7.433634	7.928913	-3.849219	8.019684	7.553550	-2.447527	1.521086	7.651005	3.500934	7.553827	-7.433510	7.923199	1.218737	3.509137	1.757681	4.082425	1.521086	7.651005	3.500934
2774	4	0.713779	5.806497	-0.408154	7.012473	-0.103517	6.692982	-0.378056	4.335788	1.149200	5.803107	0.713779	5.748784	4.335788	1.149200	5.803107	6.656654	-0.289825	-0.408155	7.012473	-0.103517
2775	4	7.766182	1.892100	1.443244	6.620301	1.250137	3.234116	5.255465	7.473022	-4.541948	7.137073	8.272623	0.515937	7.473022	-4.541948	7.137073	3.234029	6.631459	1.443244	6.620301	1.250137
2778	4	6.710511	-3.152844	6.315071	-4.282239	9.282753	3.062604	3.041566	6.315071	-4.282239	9.282753	6.709227	-0.493807	4.555162	4.837069	2.786437	1.329300	5.700668	4.555162	4.837069	2.786437
2809	4	1.442185	6.239263	-0.188938	6.049850	-0.604032	7.905784	2.108551	-0.188938	6.049850	-0.604032	7.962242	1.074045	5.564517	-1.253581	5.779936	1.507683	5.204825	5.564517	-1.253579	5.779936
2818	4	1.883122	5.586132	-1.041182	4.429175	-2.387587	1.885292	5.406537	5.239276	0.640802	-0.083651	7.535585	-0.555829	5.239276	0.640802	-0.083651	7.534804	-0.375164	-1.041182	4.429175	-2.387588
2918	4	6.577601	-0.806253	3.741224	3.386367	7.321883	6.577584	-0.792967	-0.704906	6.424334	2.217716	2.232730	4.673028	-0.704906	6.424334	2.217716	2.253633	4.659490	3.741224	3.386367	7.321883
2943	4	1.921230	6.713875	1.013132	-1.135699	8.083508	6.463608	2.336421	-2.835377	5.386332	2.405502	1.921230	6.713882	-2.835377	5.386332	2.405502	6.463618	2.336413	1.013132	-1.135699	8.083508
3126	4	5.776126	-2.038120	8.780565	0.522180	8.117661	-0.259690	6.181446	3.186494	6.859678	2.177547	-0.201496	4.034053	8.780565	0.522180	8.117661	5.775955	0.094867	3.186494	6.859678	2.177547
3154	4	-0.798712	5.959548	1.002334	7.494303	2.126622	5.654054	1.991008	1.002333	7.494303	2.126622	5.673805	0.300576	6.156549	-4.863871	6.716657	2.702654	4.252490	6.156549	-4.863871	6.716657
3193	4	5.908614	0.108364	7.867559	2.905660	2.822028	5.650626	2.413465	1.612319	7.276772	1.672181	5.908687	0.093318	8.184116	-1.395509	7.391784	0.795898	5.534346	1.612318	7.276772	1.672181
3255	4	1.983812	5.949990	5.262016	0.915228	6.144868	6.959270	0.655952	5.262016	0.915228	6.144868	1.968497	6.075585	5.072784	6.194880	4.263176	6.959061	0.781583	5.072784	6.194880	4.263176
3379	4	6.931536	1.449915	4.598426	5.830863	3.359158	6.938320	-2.145989	7.071336	0.228491	9.363660	1.354958	7.688354	4.598426	5.830863	3.359158	1.573181	4.093408	7.071336	0.228491	9.363660
3417	4	7.494457	-0.973011	5.980862	-1.115476	8.818467	3.433545	4.487456	5.980862	-1.115476	8.818467	7.494421	1.225664	2.513775	6.727686	3.940896	1.112919	6.692016	2.513775	6.727686	3.940896
3445	4	8.154833	-0.897313	3.107606	-0.138724	6.668749	2.447479	5.547256	-0.414722	6.248515	0.596434	2.447633	5.546530	3.107606	-0.138724	6.668749	8.154833	-0.896588	-0.414722	6.248515	0.596434
3463	4	7.084432	0.330377	0.230922	9.352292	0.303188	2.399335	6.469840	0.230922	9.352292	0.303188	7.086281	0.208595	4.154182	-0.434059	6.892425	2.547029	6.346403	4.154182	-0.434059	6.892425
3489	4	1.967534	4.696247	4.454538	0.760648	9.101963	7.616859	-1.778375	4.454538	0.760648	9.101963	7.616859	-1.209490	-1.066546	6.017870	3.891768	1.370911	5.265136	-1.066546	6.017870	3.891768
3594	4	1.571083	3.069800	4.746118	-3.930583	7.701004	5.373184	-0.014803	4.746118	-3.930583	7.701004	4.861238	1.186018	0.530608	4.234199	1.849957	1.354694	4.290297	0.530608	4.234199	1.849957
3623	4	3.319264	6.619670	1.455072	3.858600	6.077894	8.350643	0.637884	1.455073	3.858600	6.077895	3.508153	4.833275	6.146890	0.517929	7.131448	9.528628	-1.147942	6.146890	0.517929	7.131448
3677	4	7.990181	0.671302	4.171742	0.222195	8.569538	7.988507	0.687466	2.198008	5.486442	2.321275	3.112382	6.000838	2.198008	5.486442	2.321275	3.123144	5.984722	4.171742	0.222195	8.569538
3688	4	7.328823	-0.279786	7.173799	-0.923415	5.150563	3.751036	3.859218	7.173799	-0.923415	5.150563	7.328805	-0.248514	3.364904	4.946375	1.825677	3.638666	3.895091	3.364904	4.946375	1.825677
3704	4	0.885012	6.270263	2.248267	1.410770	5.883757	7.339935	1.049597	2.248267	1.410770	5.883757	0.874351	6.489932	-3.962931	6.005468	0.271085	7.339793	1.269411	-3.962930	6.005468	0.271085
3769	4	6.322022	-0.507684	5.557732	3.018925	1.703702	-0.200820	3.529352	6.228901	-1.438320	6.556787	6.323425	-2.320178	6.228901	-1.438320	6.556787	-0.207653	5.341796	5.557732	3.018925	1.703702
3843	4	2.995949	7.546084	-2.211224	5.139729	-1.017771	6.488346	1.360696	-2.211224	5.139729	-1.017771	3.020354	7.515484	3.892263	-1.559025	5.539216	6.493416	1.329814	3.892263	-1.559025	5.539216
3886	4	7.661335	1.786106	-0.407450	4.327879	3.340268	1.381387	5.230984	6.117734	-1.274431	5.007743	1.218245	7.710072	-0.407459	4.327879	3.340268	7.661948	-0.692872	6.117734	-1.274431	5.007743
3891	4	0.741431	7.591258	0.307329	4.455566	5.218533	6.973227	1.167950	2.533203	1.447506	6.265894	0.741431	7.591257	2.533203	1.447506	6.265894	6.973227	1.167952	0.307329	4.455566	5.218533
3929	4	6.674503	0.861995	2.434014	4.906850	1.437154	3.722430	6.320382	2.434014	4.906850	1.437154	6.700476	-0.420863	5.789986	-1.183930	7.204433	3.722669	5.039742	5.789985	-1.183930	7.204433
3940	4	6.661184	-3.746619	7.584220	-1.309249	9.643231	0.510311	4.369630	1.429379	4.333754	8.401779	0.594513	1.596449	7.584220	-1.309249	9.643231	6.619229	-0.944767	1.429379	4.333754	8.401779
4054	4	3.071732	6.771507	2.689815	8.046190	-0.866885	7.846656	1.199994	2.689815	8.046190	-0.866885	7.851987	-1.049613	6.576927	1.278161	4.193176	3.815468	4.518926	6.576927	1.278161	4.193176
4061	4	9.699835	-0.015531	6.107391	0.777133	7.610890	9.699694	0.422054	-0.180779	6.286301	3.124631	3.987437	6.435421	6.107391	0.777133	7.610890	3.966091	6.876329	-0.180779	6.286301	3.124631
4093	4	1.693084	6.695370	-1.734914	4.639156	2.737098	6.995565	0.771417	3.370006	0.114341	7.703171	1.702294	6.670277	3.370006	0.114341	7.703171	6.992809	0.795546	-1.734914	4.639156	2.737098
4106	4	6.477836	-1.871320	-0.769867	4.528111	2.828043	3.960446	3.595744	5.539529	-1.437836	6.596585	6.477836	-2.476761	5.539529	-1.437836	6.596585	1.167189	4.211560	-0.769867	4.528111	2.828043
4156	4	8.686067	-1.507253	7.869325	-2.370072	6.510508	3.812088	6.366051	3.813900	7.762156	0.782848	8.683402	0.207265	3.813900	7.762156	0.782848	3.902656	4.650504	7.869325	-2.370072	6.510508
4211	4	6.698885	-0.047079	4.551279	-0.510074	4.700095	6.698883	0.055131	-1.531809	6.093042	-0.072116	2.189563	4.816284	4.551279	-0.510074	4.700095	1.975355	4.921716	-1.531809	6.093042	-0.072116
4225	4	0.294400	7.504868	-0.949939	7.518256	1.013820	5.221297	1.137599	-0.949939	7.518256	1.013820	5.401186	-0.095648	5.642900	0.542671	5.350264	0.301306	6.271175	5.642900	0.542671	5.350264
4235	4	-0.473053	7.633905	2.715523	2.159320	6.750418	6.096067	1.167374	2.715523	2.159320	6.750418	6.096067	1.167860	-2.719484	5.214934	1.542651	-0.473053	7.634391	-2.719484	5.214934	1.542651
4263	4	4.812486	2.245925	1.415185	7.175046	2.014313	-0.622411	5.437774	4.581547	1.615889	6.589085	-0.623096	5.564361	1.415185	7.175046	2.014313	4.849209	2.118664	4.581547	1.615889	6.589085
4277	4	6.420125	-0.442090	2.150473	0.313728	6.798079	6.419633	-0.357252	0.004631	6.549139	1.759177	3.159211	5.447865	2.150473	0.313728	6.798079	3.007350	5.542639	0.004631	6.549139	1.759177
4323	4	6.476685	0.768854	1.902413	5.858728	1.053509	6.479987	0.747156	3.916125	0.127872	6.984474	1.490461	6.228959	3.916125	0.127872	6.984474	1.482315	6.249652	1.902413	5.858728	1.053509
4411	4	6.500392	0.812596	-2.358446	6.488521	2.061120	6.580519	-0.836513	3.704268	-0.074942	7.550477	0.754766	3.185364	3.704268	-0.074942	7.550477	0.326837	4.926015	-2.358446	6.488521	2.061120
4417	4	0.205105	5.379726	6.661661	-1.201219	5.394306	6.401715	-0.976563	6.661661	-1.201219	5.394306	0.191953	7.576983	4.408644	5.129511	2.533315	6.401366	1.220765	4.408644	5.129511	2.533315
4671	4	8.001107	1.167252	-1.064682	6.427390	-0.872837	3.000742	7.459671	-1.064682	6.427390	-0.872837	8.041756	0.285567	5.185078	2.474376	5.669501	3.374495	6.576650	5.185078	2.474376	5.669501
4679	4	4.510959	4.635008	7.990663	-4.882630	7.715347	4.003500	7.707986	2.855810	6.892416	1.643430	9.296598	-0.983786	7.990663	-4.882630	7.715347	8.789237	2.076850	2.855810	6.892416	1.643430
4682	4	0.951555	7.831036	-1.762894	6.629802	-1.144516	0.952243	7.633233	4.297829	0.830830	1.233019	6.576765	1.744201	4.297829	0.830830	1.233019	6.455588	1.953568	-1.762894	6.629802	-1.144516
4718	4	6.528432	-0.980798	5.594335	-1.901441	8.236480	2.507629	7.979940	-1.043237	5.485090	3.997500	2.507672	5.496611	5.594335	-1.901441	8.236480	5.864935	1.578558	-1.043237	5.485090	3.997500
4727	4	1.737903	7.662629	0.844776	6.431049	0.786312	4.138875	4.916705	7.035705	-5.959827	6.904762	7.895420	-1.478127	7.035705	-5.959827	6.904762	7.884526	1.262755	0.844776	6.431049	0.786312
4847	4	0.761793	5.335556	2.430573	5.422136	0.586387	6.526961	-1.733205	6.593656	-0.657066	4.681378	1.449279	4.385428	6.593656	-0.657066	4.681378	6.476605	-0.777618	2.430573	5.422136	0.586387
4855	4	1.728611	6.240890	4.718017	5.184821	-0.265360	3.367163	4.604001	8.707048	0.150527	3.860818	7.974909	-0.965959	8.707048	0.150527	3.860817	7.974853	0.657753	4.718017	5.184821	-0.265360
4950	4	4.071325	6.119376	0.908419	6.031464	0.364261	8.639409	-5.338907	7.330635	1.443936	0.530213	8.638851	0.786545	0.908419	6.031464	0.364261	8.639409	-5.339020	7.332434	-3.317401	6.330054
4978	4	7.630698	-2.194390	7.667087	-2.396996	6.109979	2.561899	5.965614	4.209394	5.344162	0.906915	2.991786	2.901743	7.667087	-2.396996	6.109979	7.604749	0.855794	4.209394	5.344162	0.906915
5006	4	2.652471	7.532718	0.468352	6.289207	1.380131	6.877052	2.836406	0.468352	6.289207	1.380131	2.654924	5.601359	6.046030	-0.131151	6.691331	7.029528	0.845650	6.046030	-0.131151	6.691331
5034	4	6.532088	1.714287	3.104440	6.726200	-0.489469	0.366913	6.885867	3.104440	6.726200	-0.489469	6.536296	0.514066	6.265016	1.554027	4.934439	0.815819	5.686600	6.265016	1.554027	4.934439
5057	4	7.084423	-4.590454	5.690557	0.988817	5.432657	7.084423	-2.120375	4.441868	3.653087	3.683241	7.084423	-1.042681	2.109868	5.122117	1.435834	1.586407	5.117126	2.109868	5.122117	1.435833
5067	4	2.433458	4.283423	6.302620	-3.479289	4.362140	7.327879	-1.616769	6.302620	-3.479289	4.362140	2.261375	6.809453	1.081630	4.652254	-0.164502	7.327591	0.909264	1.081630	4.652254	-0.164502
5087	4	3.019104	8.051638	-0.005692	3.457241	3.998771	9.295735	1.125206	4.271461	-0.212062	6.028603	3.185512	7.491004	4.271461	-0.212062	6.028603	9.214490	1.688254	-0.005692	3.457241	3.998771
5106	4	6.790226	2.088325	3.251490	5.804318	-1.350309	1.171185	7.557656	3.251490	5.804318	-1.350309	6.811406	0.117804	7.237616	0.632751	2.235713	1.409993	5.617401	7.237616	0.632751	2.235713
5132	4	6.473732	1.510716	1.604584	6.007349	3.705053	6.596707	0.522634	5.832532	-3.364916	6.955780	0.639443	5.409837	5.832532	-3.364916	6.955780	0.396578	6.397699	1.604585	6.007348	3.705053
5143	4	1.142744	3.259683	5.938732	-0.013807	9.578664	6.775904	-2.289006	5.938732	-0.013807	9.578664	0.580687	4.664750	2.095409	6.709321	3.041387	6.775897	-0.883937	2.095409	6.709321	3.041387
5190	4	6.286600	-7.407339	7.726918	2.408904	1.958086	6.286600	-1.034473	1.283590	6.502054	-0.281254	6.286600	-7.407345	7.871196	-3.130856	5.247863	1.752041	4.078590	1.283589	6.502054	-0.281254
5210	4	8.142348	2.072259	2.523642	5.518990	1.746295	3.168527	8.542417	2.523642	5.518990	1.746295	8.153010	-0.457515	5.411435	-0.704464	7.582954	3.272779	5.996871	5.411435	-0.704464	7.582954
5217	4	3.985540	5.586282	4.821145	2.474801	5.712377	6.598761	-0.491581	4.821145	2.474801	5.712377	6.034152	1.090050	-1.170169	5.599778	-0.699746	3.967351	7.130864	-1.170169	5.599778	-0.699746
5219	4	2.015927	6.289727	2.428332	7.874434	0.419841	2.908600	3.549655	7.263785	-0.744888	6.337860	7.577161	-1.387313	7.263785	-0.744908	6.337860	7.568713	1.365114	2.428332	7.874434	0.419841
5261	4	2.611367	6.461327	2.056266	2.141648	6.632306	8.067147	0.891799	2.056266	2.141648	6.632306	2.611367	6.461366	-0.769131	7.789726	0.346506	8.067147	0.891838	-0.769131	7.789726	0.346506
5395	4	6.132228	3.378888	3.620206	0.193022	7.349898	3.523536	8.427108	3.620206	0.193022	7.349898	6.041764	3.458580	1.369254	7.077414	2.566434	3.522500	8.505674	1.369254	7.077414	2.566434
5419	4	8.170909	0.432991	5.611428	-1.639212	5.466862	2.745476	7.766631	0.186633	6.631013	-0.651459	2.747618	6.663861	5.611428	-1.639211	5.466861	8.170181	1.535769	0.186633	6.631013	-0.651459
5436	4	6.471470	0.751419	1.178066	9.171807	0.701506	0.845269	6.968311	1.178066	9.171807	0.701506	6.502599	-0.880052	6.994674	-0.745779	7.322311	2.776801	5.360338	6.994674	-0.745779	7.322311
5509	4	0.071013	7.858275	0.003226	7.157877	-0.414537	5.926431	1.662661	0.003226	7.157877	-0.414537	0.071026	7.488595	6.189614	2.155048	1.248702	5.934554	1.290516	6.189614	2.155048	1.248702
5537	4	0.094707	7.617926	-2.722721	7.149597	4.613219	6.445009	1.320713	-2.722721	7.149597	4.613219	0.095097	7.605680	3.558959	2.346986	7.324748	6.445585	1.308251	3.558959	2.346986	7.324748
5591	4	6.405102	-2.358735	6.352973	-2.882564	6.559737	6.380109	-0.371731	4.563225	6.243736	4.494088	3.229117	4.104198	6.352973	-2.882564	6.559737	0.904695	6.147569	4.563225	6.243736	4.494088
5596	4	2.202286	6.146295	1.743814	6.371433	0.998280	6.818496	-0.322561	1.743814	6.371433	0.998280	2.309379	4.545130	6.266194	-0.593842	7.049780	7.283725	-1.924886	6.266194	-0.593842	7.049780
5672	4	-0.120859	7.312239	3.315377	1.816817	5.464462	-0.120923	7.387329	-3.227247	8.093919	0.866549	6.430251	1.884881	-3.227247	8.093919	0.866549	6.431323	1.808598	3.315376	1.816824	5.464462
5696	4	2.162185	4.288606	4.683729	-2.318953	7.002760	6.466050	-1.906540	4.683729	-2.318953	7.002760	1.988088	4.957208	-1.747414	7.265765	1.792283	6.466050	-1.237949	-1.747414	7.265765	1.792283
5732	4	0.743037	6.637868	2.043741	6.176644	0.400938	7.362344	0.627254	2.043741	6.176644	0.400938	0.744070	5.805395	5.137920	-0.141347	6.387573	7.362425	-0.205323	5.137920	-0.141347	6.387573
5768	4	0.603992	6.048463	3.787025	-0.372626	9.325588	6.797406	0.199491	3.787025	-0.372626	9.325588	6.796711	0.247626	0.395318	6.093573	4.773403	0.592940	6.095951	0.395318	6.093573	4.773403
5769	4	0.264430	5.464116	-3.445096	6.058349	1.912620	4.792788	0.031603	-3.445096	6.058349	1.912620	0.264594	5.461835	1.963438	0.106580	8.053311	4.792791	0.029321	1.963438	0.106580	8.053311
5776	4	2.913451	6.018720	0.876558	7.902982	4.696264	2.914877	3.249782	6.370092	-0.787233	7.561680	6.691748	0.772380	0.876558	7.902982	4.696264	7.459863	-2.035576	6.370092	-0.787233	7.561680
5792	4	2.253305	5.873277	4.067873	-1.090071	6.334129	7.389851	1.767415	4.067873	-1.090071	6.334129	7.369661	2.079542	-0.519931	6.355426	1.016460	2.250461	6.175375	-0.519931	6.355426	1.016460
5828	4	2.777736	5.246889	-0.493294	6.422307	1.452550	7.610183	-0.971376	-0.493294	6.422307	1.452550	7.610185	-2.288698	6.084205	-0.615766	5.450320	2.813147	3.929557	6.084205	-0.615766	5.450320
5861	4	0.681601	4.449724	-0.035645	5.920871	2.141725	0.695809	3.559113	4.020965	0.009862	5.643871	6.918872	-1.582485	-0.035645	5.920871	2.141725	6.919050	-2.473133	4.020965	0.009862	5.643871
5927	4	0.875487	0.863279	6.877014	-1.109318	6.628533	0.871997	0.869414	6.852237	2.575062	1.952673	0.699107	6.475800	0.850649	8.390878	0.190545	6.712941	-2.559153	6.852237	2.575062	1.952675
5930	4	1.388655	4.586041	6.366478	-2.921398	7.333539	1.384531	6.192579	0.303963	6.404677	0.801571	7.113253	1.350286	0.303963	6.404677	0.801571	7.150470	-0.257328	6.366478	-2.921398	7.333539
5968	4	3.779278	0.749916	4.061748	-0.272815	6.379619	0.493183	6.701318	-0.285717	6.570206	0.712139	0.727100	6.058773	4.061748	-0.272815	6.379619	3.745325	1.397153	-0.285717	6.570206	0.712139
6017	4	8.136737	-1.510565	2.525310	7.591560	3.462040	8.136874	-3.408418	6.755169	1.470767	6.731547	1.669026	5.132094	2.525310	7.591560	3.462040	3.163133	3.212730	6.755169	1.470767	6.731546
6018	4	7.146013	2.022251	5.914859	-0.153852	7.813160	5.584618	3.355750	0.578609	7.122729	1.988370	1.384134	6.751078	0.578609	7.122729	1.988370	1.496561	5.415936	5.914859	-0.153852	7.813160
6043	4	6.575590	-0.907686	4.036434	-0.832114	6.316826	1.964197	4.726380	4.036434	-0.832114	6.316826	6.575582	0.101282	-1.941809	5.538876	0.049182	1.213461	5.736499	-1.941809	5.538876	0.049182
6102	4	4.212248	1.518658	-1.111013	6.652745	0.090402	0.136881	7.225131	-1.111013	6.652745	0.090402	4.212436	1.389565	5.162171	-2.543125	6.595498	0.136884	7.096045	5.162171	-2.543124	6.595498
6119	4	1.113913	7.777356	0.612025	4.646627	1.081562	1.113912	7.775344	3.331543	0.775325	6.907890	7.251159	1.430784	0.612025	4.646627	1.081562	7.251451	1.428675	3.331543	0.775325	6.907890
6173	4	6.669103	-2.030625	0.280236	6.685734	2.591186	6.669103	-2.030719	3.067550	1.811957	6.985011	0.638953	4.359134	0.280236	6.685734	2.591186	0.638963	4.359039	3.067550	1.811957	6.985011
6181	4	7.318237	-0.319532	1.371120	6.121099	1.846590	0.855520	5.911316	1.371120	6.121099	1.846590	0.855528	5.827898	4.428592	0.275547	6.963653	7.319000	-0.403109	4.428592	0.275547	6.963653
6215	4	6.409199	1.455363	6.725782	-3.773950	5.971435	0.886184	5.424878	6.725782	-3.773950	5.971435	0.821482	6.662950	3.954039	5.729476	2.373536	6.391348	2.711016	3.954039	5.729476	2.373536
6258	4	1.059538	6.012143	4.192722	4.674541	3.592049	7.202089	0.315781	4.192722	4.674541	3.592049	1.058204	6.173970	2.328703	7.322029	1.716808	7.199021	0.479195	2.328703	7.322029	1.716808
6298	4	1.590765	3.371300	6.651207	-2.866287	5.762452	6.802616	-0.766005	0.361631	6.240122	-0.826651	1.590599	5.088605	0.361631	6.240122	-0.826651	6.817484	-2.494593	6.651207	-2.866287	5.762452
6321	4	6.763771	-1.529142	7.764964	2.050540	0.852660	6.762365	0.370946	1.769577	6.613537	0.852585	6.763773	-1.566931	7.833184	-2.873869	7.006327	1.691509	6.727497	1.769577	6.613537	0.852585
6350	4	7.911150	0.515635	2.202238	7.069391	3.722587	7.968818	-3.190929	7.454240	2.758196	3.722756	7.968818	-3.230660	7.513121	-3.118459	6.316565	1.854764	5.382787	2.202238	7.069391	3.722587
6359	4	6.571812	-1.517557	4.992980	1.440193	5.753801	6.552204	1.082934	-0.847330	7.223140	0.174501	0.930766	7.659870	-0.847330	7.223140	0.174501	0.935986	5.059143	4.992980	1.440193	5.753801
6362	4	1.574419	6.763355	0.975924	7.097358	1.910466	8.080209	0.048850	7.101345	2.138912	3.416928	2.393031	4.864971	7.101345	2.138912	3.416928	8.021093	2.011111	0.975924	7.097358	1.910466
6379	4	1.162222	5.195662	1.772574	8.436549	1.337207	6.878703	0.121164	1.772574	8.436549	1.337207	1.415068	4.858641	6.756242	2.026019	7.133118	6.878716	-0.215864	6.756242	2.026020	7.133118
6517	4	3.810061	6.987154	0.484260	5.780826	1.777495	7.239456	0.488627	0.484260	5.780826	1.777495	3.856654	6.237345	5.306260	-1.958263	6.593830	7.241015	-0.260758	5.306260	-1.958263	6.593830
6552	4	-0.892379	5.743711	2.165418	3.594297	6.095371	5.058059	-0.777597	2.165418	3.594297	6.095371	-0.892379	5.759522	1.739043	5.970465	2.678848	5.058055	-0.761786	1.739043	5.970465	2.678848
6566	4	7.100966	0.615049	5.385412	0.040260	7.041979	7.052809	1.553627	-0.391383	7.343179	1.043727	2.628314	6.218132	-0.391383	7.343179	1.043727	4.017794	5.295253	5.385412	0.040260	7.041979
6676	4	1.702963	6.566284	-1.202950	7.026285	1.688032	1.702980	5.424389	5.127155	0.235146	7.494038	8.098191	0.731093	-1.202950	7.026285	1.688032	8.131990	-0.410920	5.127155	0.235146	7.494038
6701	4	1.184213	3.894654	7.576179	-3.403568	4.833847	7.297032	1.536878	1.642522	8.689433	-0.423081	0.884624	7.862585	1.642522	8.689433	-0.423081	7.451828	-2.459661	7.576179	-3.403554	4.833847
6718	4	1.551854	8.616497	2.707306	6.551512	3.781692	1.556409	6.489288	6.931506	-1.672928	6.508418	8.105327	0.433060	6.931506	-1.672928	6.508418	7.467746	2.574635	2.707306	6.551512	3.781692
6732	4	6.938784	0.893289	5.987909	0.193594	8.446068	2.939919	5.170090	5.987909	0.193594	8.446068	0.871158	6.782930	-0.302060	7.936636	4.369300	6.840038	2.506004	-0.302060	7.936636	4.369300
6736	4	6.422862	-0.155176	6.599767	-3.003814	7.636044	3.120049	4.684940	6.599767	-3.003815	7.636044	1.362955	5.771606	4.839118	5.245916	1.771034	6.416995	0.940061	4.839118	5.245916	1.771034
6772	4	7.491082	-0.732330	4.606169	7.361005	1.476380	7.491159	-0.804866	8.562353	0.932544	6.770300	2.998824	5.041979	8.562353	0.932544	6.770300	2.929681	5.116199	4.606169	7.361005	1.476380
6797	4	2.143975	8.362635	-1.123026	7.386667	0.509193	2.143979	8.025376	5.114152	-2.489357	6.304149	8.568742	2.023423	-1.123026	7.386667	0.509193	8.592125	1.673759	5.114152	-2.489357	6.304149
6906	4	1.038002	7.641661	-0.275757	4.522212	0.237292	1.063959	6.315903	6.124900	-5.113344	6.617175	4.744382	3.140829	-0.275757	4.522212	0.237292	6.978111	1.712508	6.124900	-5.113344	6.617175
6916	4	6.839980	-2.322787	8.254515	-1.299502	5.159228	1.608268	3.671375	8.254515	-1.299502	5.159228	1.583030	5.274738	3.458063	5.565901	-1.368437	6.825626	-0.731925	3.458063	5.565901	-1.368437
6936	4	2.539979	5.738454	1.456366	8.122863	1.537473	7.600181	0.047033	1.456366	8.122863	1.537473	2.544608	3.845955	7.033352	-1.977616	6.907873	8.033954	-1.865960	7.033352	-1.977619	6.907873
6943	4	4.594082	2.460878	0.904713	6.468460	0.458060	4.966551	1.387111	7.178955	-2.943425	6.303502	0.252387	4.722240	7.178955	-2.943425	6.303502	-1.111517	5.811223	0.904713	6.468460	0.458060
6958	4	1.298780	4.217354	2.859789	3.625001	1.712553	4.279098	2.839886	5.656213	-0.904554	7.384616	6.738101	0.048102	2.859789	3.625001	1.712553	6.757877	-1.387441	5.656213	-0.904554	7.384616
6961	4	4.486144	5.512852	2.183104	5.270214	1.504569	8.148359	0.299504	2.183104	5.270214	1.504569	8.207111	-1.529410	5.824215	-1.908782	7.324841	4.486445	3.682959	5.824215	-1.908782	7.324841
7009	4	1.801812	5.261506	4.623980	-0.774686	6.718891	1.735559	6.081866	2.285658	4.265563	0.412662	6.854238	1.778764	2.285658	4.265563	0.412661	6.859362	0.947860	4.623980	-0.774686	6.718891
7048	4	2.128155	8.018254	0.552428	1.440136	6.382681	2.128154	8.021890	0.448166	6.656692	3.682452	2.130349	6.610479	6.205796	-2.587702	6.636973	6.973936	3.489565	6.205796	-2.587702	6.636973
7057	4	5.546645	2.339829	-0.364456	7.702084	0.722881	2.974287	4.124734	2.940527	-1.202781	6.659284	5.546659	2.339817	2.940527	-1.202781	6.659284	2.974269	4.124746	-0.364456	7.702084	0.722881
7079	4	2.507513	7.744327	-1.792038	6.511958	0.510707	7.776786	1.835304	-1.792038	6.511958	0.510707	2.507514	7.740207	-1.355276	1.613201	6.874582	7.776810	1.831184	-1.355276	1.613201	6.874582
7095	4	5.510243	-1.617008	2.841794	2.612971	7.557010	5.510243	-1.472365	2.453242	5.535875	1.784665	5.510243	-5.375692	7.251060	-0.911455	7.591059	-0.106675	5.142477	2.453242	5.535875	1.784665
7125	4	0.486485	6.834701	4.488951	-0.884430	6.842870	7.017110	1.140555	4.488951	-0.884430	6.842870	0.486475	6.907801	0.860828	4.370289	3.111535	7.013693	1.213703	0.860828	4.370289	3.111535
7141	4	0.941264	5.310002	0.996830	7.558797	1.889775	0.952114	2.353768	6.414680	0.369270	6.615151	6.785184	-0.572664	0.996830	7.558797	1.889775	6.841185	-3.541096	6.414680	0.369270	6.615151
7146	4	2.195886	4.110465	1.909035	9.229034	1.259017	7.117210	-4.718695	6.343318	-3.264159	7.696550	7.112257	-0.925729	1.909035	9.229034	1.259017	2.195886	4.110462	2.004390	3.178236	5.236531
7234	4	7.108261	1.931680	-1.613565	7.834404	4.199940	7.108261	1.931679	-0.909287	3.247584	6.531071	1.065896	6.071197	-1.613565	7.834404	4.199940	1.065896	6.071196	-0.909287	3.247584	6.531071
7273	4	7.907514	0.519068	2.847844	6.576881	0.819018	2.905410	6.264748	2.847844	6.576881	0.819018	2.938469	3.656083	8.108868	0.374131	3.346688	7.943487	-2.090945	8.108868	0.374131	3.346688
7330	4	7.675608	-2.572086	8.012268	1.470207	1.966386	3.924183	3.991474	8.012268	1.470207	1.966386	3.035661	7.713518	3.945196	6.397556	-3.271793	7.675338	1.143901	3.945196	6.397556	-3.271793
7357	4	6.469784	-0.437995	5.956478	1.392972	4.552603	0.827525	7.025996	2.346121	5.501896	-1.845382	5.991693	0.653349	2.346120	5.501896	-1.845382	0.829372	6.043638	5.956478	1.392972	4.552603
7366	4	6.947156	1.015615	5.254209	-2.983255	7.581400	6.839614	1.751842	2.211614	5.660003	0.942356	0.523024	6.679614	5.254209	-2.983255	7.581400	0.523023	7.406250	2.211614	5.660003	0.942357
7381	4	0.674304	7.886660	0.191997	6.702718	0.087560	6.303799	2.076639	3.956674	0.640521	6.075730	0.690304	7.818352	3.956674	0.640521	6.075730	6.284739	2.144652	0.191997	6.702718	0.087564
7395	4	7.599496	-3.834588	6.282111	2.919059	0.969807	7.599496	-3.929427	6.799945	-2.341848	6.208774	7.517684	2.660369	3.014209	5.869994	0.969733	2.259052	7.969509	3.014209	5.869994	0.969733
7419	4	0.572297	5.724901	5.129695	1.435298	4.781665	6.330357	0.305402	4.785384	6.628025	-1.428676	0.558486	6.029161	4.785384	6.628025	-1.428676	6.352681	0.001060	5.129695	1.435298	4.781665
7446	4	6.969086	0.926881	2.015100	5.920296	1.665901	0.559561	6.415166	2.015100	5.920296	1.665901	0.561229	6.234129	4.475159	-1.088580	7.872028	6.975663	0.745851	4.475159	-1.088580	7.872028
7476	4	6.349097	-1.598929	7.945330	1.323707	1.612782	6.346771	1.378160	2.089164	7.839613	1.567529	6.349097	-1.598998	7.945422	-5.180530	7.477427	0.191022	5.141187	2.089164	7.839613	1.567529
7498	4	0.071873	7.814239	1.755806	7.801943	3.622182	0.088722	6.086917	6.132500	-3.709273	7.929267	5.969981	1.845719	1.755806	7.801943	3.622182	6.025503	0.115564	6.132500	-3.709273	7.929267
7647	4	5.054582	4.257163	6.012386	-4.171946	7.747229	7.953294	0.733682	6.012386	-4.171946	7.747229	4.425507	5.314673	1.472454	4.376163	1.586198	7.571269	1.763411	1.472454	4.376163	1.586198
7667	4	0.458319	3.359741	5.526832	-5.480778	6.468188	5.821858	-3.234520	5.526832	-5.480778	6.468188	0.457561	4.409648	-0.294388	3.548515	0.159882	5.821396	-2.184611	-0.294388	3.548515	0.159878
7714	4	8.041114	-1.844989	6.186223	-3.697769	6.663581	2.683374	4.737206	6.186223	-3.697769	6.663581	8.041066	0.080729	3.741851	4.750792	1.881090	2.508922	6.662971	3.741851	4.750792	1.881090
7733	4	1.321486	3.466909	6.952187	-4.609481	6.522821	6.375009	-1.775962	6.952187	-4.609481	6.522821	6.329886	-0.333603	1.118168	6.724504	0.467641	0.747291	4.833783	1.118168	6.724504	0.467641
7760	4	2.711071	7.531834	3.520515	0.580753	6.272475	2.710937	7.533490	0.065605	6.942098	2.018943	5.694394	2.059101	0.065605	6.942098	2.018943	5.694662	2.057325	3.520515	0.580753	6.272475
7762	4	7.016005	-1.421867	1.097347	6.805921	2.078686	0.787223	4.841230	1.097347	6.805921	2.078686	7.025080	-1.623316	4.443788	2.686912	6.977254	0.793682	4.642983	4.443789	2.686911	6.977254
7767	4	7.152142	-0.611325	7.102357	-3.222593	7.203278	7.087383	0.050560	6.089162	4.906233	3.491340	1.189524	5.971880	6.089162	4.906233	3.491340	1.675518	5.210033	7.102357	-3.222593	7.203278
7821	4	6.200679	0.030543	4.494363	0.410556	5.583717	-0.303367	6.932779	-1.338231	5.467284	2.521244	6.200501	1.064086	-1.338230	5.467284	2.521244	-0.301502	5.899253	4.494363	0.410555	5.583717
7832	4	6.808475	-1.536997	2.336762	6.349457	-1.112374	1.512895	4.986619	2.336762	6.349457	-1.112374	6.808475	-2.793524	6.017976	0.828125	4.360166	1.597160	3.730056	6.017976	0.828125	4.360166
7839	4	8.337157	1.610194	-3.117630	5.609327	1.641471	2.314772	7.658271	3.195765	-0.549647	7.492478	8.341406	1.591428	3.195765	-0.549647	7.492479	2.314772	7.675968	-3.117630	5.609327	1.641471
7874	4	7.022422	-0.546312	4.175766	0.720496	9.373731	7.022421	-0.508560	2.215469	6.761340	3.385072	1.987317	5.571292	4.175766	0.720496	9.373731	1.986536	5.609361	2.215469	6.761340	3.385072
7883	4	9.592017	1.940694	3.358132	-0.842464	8.278188	9.591508	1.942710	-1.708174	5.740453	3.427337	6.739122	4.339010	3.358132	-0.842464	8.278188	6.738757	4.341813	-1.708174	5.740453	3.427337
7898	4	1.992345	7.517824	0.702562	7.788075	2.056904	6.949107	2.899791	0.702562	7.788075	2.056904	7.024030	1.161808	6.252087	-0.612303	8.163543	1.996052	5.861352	6.252087	-0.612303	8.163543
7904	4	2.922177	8.449910	1.599658	6.290057	-0.983927	8.346606	2.387907	1.599658	6.290057	-0.983927	8.719113	-1.026266	7.180887	-0.694423	5.136870	3.724539	5.022743	7.180887	-0.694423	5.136870
7983	4	1.793271	3.309237	-4.917660	6.467050	-0.387160	6.767520	0.275673	-4.917660	6.467050	-0.387160	1.793271	3.309237	-3.660598	2.092408	6.057486	6.767520	0.275673	-3.660598	2.092408	6.057486
7995	4	7.738897	0.596418	5.809907	-3.691484	6.517939	7.736541	1.420681	3.935247	5.590352	0.922588	2.856215	6.452192	3.935247	5.590352	0.922588	3.036841	5.583014	5.809907	-3.691484	6.517939
8114	4	8.281670	-0.287426	3.894759	2.237851	3.551448	3.315340	5.506218	0.868376	5.162456	1.537092	8.281426	-0.027140	0.868376	5.162456	1.537092	3.316359	5.245995	3.894759	2.237850	3.551448
8143	4	6.396071	2.057908	-1.403752	5.472565	3.666477	3.702363	6.425565	2.919589	1.231173	7.951689	3.701743	6.426328	-1.403752	5.472565	3.666477	6.397300	2.053866	2.919589	1.231173	7.951689
8285	4	7.652893	3.003690	-0.793671	6.272699	0.762864	5.032097	7.050224	-0.793671	6.272699	0.762864	7.656903	2.992694	4.078141	0.949764	6.779488	5.049754	7.028397	4.078141	0.949764	6.779488
8307	4	6.856111	-1.207778	-2.590842	6.221620	3.203274	6.856111	-2.066198	3.372071	-0.267958	8.153739	4.161410	3.734699	3.372071	-0.267958	8.153739	4.097571	4.656031	-2.590842	6.221620	3.203274
8311	4	1.273864	6.833036	3.085588	5.550581	-0.857799	7.509381	1.934422	3.085588	5.550581	-0.857799	7.513869	-4.339177	9.057721	-0.940538	5.333067	7.513869	-4.275701	8.606585	1.769605	3.854599
8325	4	2.725494	4.764079	6.568169	-1.199128	8.446617	7.567255	0.275450	0.418314	7.022207	5.444854	2.519145	5.012179	0.418314	7.022207	5.444854	7.628698	-0.043149	6.568169	-1.199128	8.446617
8359	4	6.720832	2.259681	4.964088	-3.972116	6.403483	6.658608	2.362788	2.688031	5.545292	3.842090	3.876230	6.100945	4.964088	-3.972116	6.403483	3.648884	6.424246	2.688031	5.545292	3.842089
8409	4	7.484782	2.733319	2.352047	-0.550795	7.133869	4.600169	6.651645	2.352047	-0.550795	7.133869	7.484146	2.734947	-0.809422	5.801358	1.527751	4.600168	6.653126	-0.809422	5.801358	1.527751
8450	4	7.663597	0.881866	0.248169	7.153546	-0.126655	2.757747	6.635484	0.248170	7.153546	-0.126655	7.665162	-0.270121	5.634214	0.753861	2.868444	2.757924	5.483498	5.634214	0.753861	2.868444
8504	4	0.792058	6.320029	-0.908227	7.666756	4.536653	7.059722	-1.038613	5.464567	-0.265230	6.449361	0.793821	5.393014	5.464567	-0.265230	6.449361	7.059712	-0.111598	-0.908227	7.666756	4.536653
8519	4	0.577903	6.247346	0.876664	6.554403	2.805084	6.999059	-1.513678	3.984189	0.465373	8.000761	0.587653	5.112137	3.984189	0.465373	8.000761	6.995074	-0.378538	0.876664	6.554403	2.805084
8583	4	1.979939	5.392796	1.863213	5.393060	-0.847414	7.005237	-0.120791	1.863213	5.393060	-0.847414	7.005494	-3.607640	6.022823	0.958006	4.341326	7.005494	-3.614582	6.024872	-1.940278	5.780144
8607	4	6.613494	1.943692	3.305914	2.791736	8.134145	1.496313	6.311821	3.305914	2.791736	8.134145	6.608762	1.950400	1.186749	5.607731	4.431191	1.493384	6.318523	1.186749	5.607731	4.431191
8618	4	1.299033	5.714715	5.287582	-2.536084	6.439415	6.973255	-0.224052	5.287582	-2.536084	6.439415	1.273506	6.597770	1.213744	6.474452	3.417169	6.973252	0.659003	1.213744	6.474452	3.417169
8626	4	5.705438	0.213994	3.023442	1.211652	7.694034	5.705437	0.251220	0.073688	5.899133	2.377764	-0.087807	6.634704	3.023442	1.211652	7.694034	-0.088114	6.671931	0.073688	5.899133	2.377764
8718	4	-0.054036	5.794971	5.336590	-2.717114	7.132836	-0.469403	6.593983	1.138288	5.750236	5.852048	5.997215	1.042829	1.138288	5.750236	5.852048	5.997776	0.242991	5.336590	-2.717115	7.132836
8721	4	6.640452	-1.493963	6.281073	0.965320	6.665102	6.638622	0.787476	0.371435	7.520254	2.992576	0.150269	6.950447	0.371435	7.520254	2.992576	1.432524	4.670678	6.281073	0.965324	6.665102
8732	4	1.006287	5.544407	6.458502	-0.926859	5.887553	6.986841	0.198582	6.458502	-0.926859	5.887553	6.915206	2.913551	1.981566	4.467218	1.185183	0.802153	8.166306	1.981566	4.467218	1.185183
8745	4	5.463729	2.586140	0.411756	8.453635	1.512477	0.645841	8.716167	0.411756	8.453635	1.512477	0.670632	5.465313	4.999226	1.947797	6.254461	5.569000	-0.669119	4.999226	1.947797	6.254461
8768	4	1.349522	6.720265	-1.575441	5.842094	1.893211	1.349560	6.506405	4.403217	0.903400	8.035452	7.605436	0.004257	4.403217	0.903400	8.035452	7.583341	0.220025	-1.575441	5.842094	1.893211
8773	4	6.405358	1.263726	-1.047663	5.055568	5.321591	0.523174	6.685372	4.797528	-0.944278	8.278142	6.406668	1.113169	4.797528	-0.944278	8.278142	0.520043	6.835928	-1.047663	5.055568	5.321591
8793	4	8.411843	-0.665973	0.705898	5.888945	1.899670	8.411957	-0.688361	1.500122	0.778282	6.509863	2.123838	5.661772	0.705898	5.888945	1.899670	2.129703	5.639313	1.500122	0.778282	6.509863
8797	4	3.934320	4.902341	1.943992	6.837787	-3.310530	5.319019	3.144038	6.861872	2.974912	0.935199	7.005621	0.084514	1.943991	6.837787	-3.310530	7.379660	-1.757821	6.861872	2.974912	0.935199
8802	4	-0.034830	6.280449	1.947820	6.977180	0.589030	6.110913	0.464992	1.947820	6.977180	0.589030	6.115669	-1.044071	6.999072	-0.344239	6.656539	-0.034331	4.771617	6.999072	-0.344239	6.656539
8833	4	0.619014	6.720474	1.022007	5.924082	3.091605	0.850994	4.809061	6.095009	0.157703	6.725096	5.891713	0.520642	1.022007	5.924082	3.091604	6.846174	-1.456514	6.095009	0.157703	6.725096
8875	4	2.852473	5.179828	5.026354	1.966342	6.056755	7.998653	-0.673450	5.026352	1.966343	6.056755	2.851518	6.514097	-0.690026	5.872542	2.192963	7.998155	0.661069	-0.690026	5.872542	2.192963
8906	4	4.258906	2.881524	2.647243	0.818523	6.923854	-0.656350	6.893267	2.647243	0.818523	6.923854	-0.656353	6.953104	1.232337	4.069237	2.049871	4.165358	2.970138	1.232336	4.069237	2.049871
8945	4	1.884292	7.464861	3.824191	0.510554	8.722022	7.576328	1.715375	3.824191	0.510554	8.722022	7.365149	1.958275	-0.023254	7.697573	2.550300	1.883532	7.707915	-0.023254	7.697573	2.550300
8993	4	6.879638	-1.090974	4.708480	0.298593	7.228646	1.874790	4.898653	4.708481	0.298593	7.228646	6.879639	-3.300979	8.016698	-5.490129	7.243059	6.878594	1.484284	2.305957	5.889857	3.361994
9026	4	5.920366	0.461006	1.723528	7.603313	2.472931	5.921962	-0.327189	5.188770	-1.715711	6.619921	-0.386058	4.547483	1.723528	7.603313	2.472931	0.358094	3.751794	5.188770	-1.715712	6.619921
9101	4	9.277256	-1.810706	8.162198	1.149394	4.145372	9.277249	-0.014488	3.005334	6.337556	2.839049	9.277256	-1.812674	8.166849	-1.137440	6.559759	2.718013	5.888669	3.005334	6.337556	2.839049
9109	4	8.525657	2.296345	5.129651	2.811070	7.443916	4.712447	6.908218	5.129651	2.811070	7.443916	4.712436	7.360208	-0.511405	7.982175	2.500960	8.479194	2.748378	-0.511405	7.982175	2.500960
9138	4	6.308079	-1.601366	6.506177	-4.646605	8.691863	1.729666	4.001757	6.506177	-4.646605	8.691863	-0.044939	7.047023	1.801428	5.834683	2.855239	6.306968	1.445116	1.801428	5.834683	2.855239
9146	4	8.094320	-0.156021	4.559157	2.270642	9.140525	8.094240	0.148534	-0.504964	5.760827	4.723486	1.567308	6.253104	-0.504964	5.760827	4.723486	1.645063	5.946927	4.559157	2.270642	9.140525
9160	4	8.443888	-5.823063	7.178361	2.411039	4.020610	2.821344	0.350712	7.279597	-1.814611	9.622683	2.821344	0.350712	7.178361	2.411039	4.020610	8.443888	-5.823063	7.279597	-1.814611	9.622683
9214	4	8.109547	-1.155404	5.888124	0.020862	7.093709	3.882322	4.589039	5.888124	0.020862	7.093709	1.998258	6.624882	3.167241	6.425341	3.426467	8.108455	0.854183	3.167241	6.425341	3.426467
9323	4	5.573658	-0.594604	5.977599	-0.090076	7.383955	1.563995	4.437396	5.977599	-0.090076	7.383955	0.569190	5.082389	4.836784	3.881757	4.217829	5.573505	0.049179	4.836784	3.881756	4.217829
9434	4	6.210961	1.685318	-0.762927	7.478932	1.576582	0.339717	6.049107	-0.762927	7.478932	1.576582	0.339719	6.045082	-0.756831	1.453920	7.163645	6.214110	1.680587	-0.756831	1.453920	7.163645
9455	4	2.004777	6.573080	0.514697	7.473761	1.930657	7.938374	0.190471	0.514697	7.473761	1.930657	2.004779	6.302567	2.540228	1.439866	7.434662	7.938698	-0.080046	2.540228	1.439866	7.434662
9490	4	1.971050	7.034755	1.450974	7.900765	0.449318	1.973246	5.915634	6.148407	-0.446968	5.999781	7.280108	1.932839	1.450974	7.900765	0.449318	7.938460	0.773834	6.148407	-0.446968	5.999781
9521	4	7.067789	2.632717	0.763819	6.226782	1.337607	2.284730	7.758468	0.763819	6.226782	1.337607	2.284739	7.686422	4.579932	-0.376878	7.386966	7.077769	2.537321	4.579932	-0.376878	7.386966
9525	4	3.641395	7.663842	-1.130312	6.489523	4.799016	3.875385	7.301036	4.968732	0.591567	7.183207	6.476954	3.854837	-1.130312	6.489523	4.799016	6.738926	3.470793	4.968732	0.591567	7.183207
9537	4	3.116418	4.819639	1.543940	7.600664	0.474103	7.665435	-1.550888	1.543940	7.600664	0.474103	3.469881	2.610763	7.114405	1.153750	4.886384	8.025979	-3.894065	7.114405	1.153751	4.886383
9558	4	2.718050	7.445399	1.439322	5.729340	-3.183212	4.196580	3.915799	7.031088	-0.174986	2.379915	8.244918	-2.044331	7.031088	-0.174986	2.379915	8.243607	1.470676	1.439322	5.729340	-3.183212
9559	4	2.990213	5.072282	3.705637	6.239581	-0.471963	4.190676	3.684679	6.166669	1.088789	5.175717	8.041429	1.041073	3.705637	6.239581	-0.471963	8.939867	-0.505207	6.166669	1.088789	5.175717
9572	4	5.508198	6.707235	1.865465	8.001808	0.134212	7.863524	1.911595	1.865465	8.001808	0.134212	7.864333	0.106792	7.719893	-2.647842	5.227447	5.548929	4.852069	7.719893	-2.647842	5.227447
9578	4	1.178234	6.574266	-1.340009	2.222181	4.892945	6.812418	1.049276	-1.340009	2.222181	4.892945	6.812418	1.049476	-1.540416	4.384424	-0.322076	1.178231	6.574465	-1.540416	4.384423	-0.322069
9590	4	0.634059	6.814809	1.659240	6.785774	2.187873	0.777402	5.070758	6.738851	-2.132021	7.417552	6.951164	0.740973	6.738851	-2.132021	7.417552	6.928423	2.485526	1.659240	6.785774	2.187873
9609	4	0.390369	5.624632	1.183078	6.348604	3.042208	0.912209	4.589740	5.799462	-3.456548	6.952800	6.243926	-1.295272	5.799462	-3.456548	6.952800	6.118736	-0.247862	1.183078	6.348604	3.042208
9621	4	8.026493	0.825805	5.325842	1.083428	7.071602	2.586711	7.982150	0.217304	3.666792	2.236428	2.586714	7.201596	5.325842	1.083428	7.071602	8.024594	1.606953	0.217306	3.666791	2.236430
9649	4	0.773946	6.378562	2.033878	5.745717	5.807666	7.080841	-0.030987	6.165407	0.031740	7.778075	2.371044	4.567533	6.165407	0.031740	7.778075	6.914767	1.839670	2.033878	5.745717	5.807666
9673	4	3.133590	6.079739	4.717411	0.877515	6.863029	8.361450	0.913617	4.717411	0.877515	6.863029	8.254392	1.581819	4.053209	4.670616	0.972529	2.599242	6.676536	4.053209	4.670616	0.972529
9682	4	2.227812	6.235180	-2.429802	7.241175	2.484339	2.364836	6.106643	3.540275	-0.278536	7.259358	7.141412	1.164157	-2.429802	7.241175	2.484339	7.156024	0.997105	3.540275	-0.278536	7.259358
9689	4	2.169746	6.323558	0.197401	6.503202	2.534730	8.261444	2.138540	0.197401	6.503202	2.534730	8.264519	1.493580	4.313189	0.586407	5.679393	2.185314	5.679519	4.313188	0.586409	5.679392
9816	4	1.598963	4.918471	-3.720907	7.360074	0.816746	1.599466	4.905090	2.123857	-4.183892	7.306724	6.712148	0.219531	-3.720907	7.360074	0.816746	6.712556	0.206148	2.123857	-4.183892	7.306724
9828	4	1.321731	5.267662	5.739796	-0.776333	9.185741	6.643607	-0.182141	5.739796	-0.776333	9.185741	6.636062	2.428642	-0.849998	5.699823	3.607036	1.241488	7.876702	-0.849998	5.699823	3.607036
9836	4	7.154342	-0.238113	5.566633	-2.693059	7.487773	3.238272	5.874748	5.566633	-2.693059	7.487773	6.636062	1.185125	0.803658	7.937216	2.875930	2.260116	7.325558	0.803658	7.937216	2.875930
9899	4	6.979032	-0.499874	1.227149	6.805022	-1.122990	8.154224	-4.755362	5.111852	0.206367	4.260950	3.156309	5.901759	1.227149	6.805022	-1.122990	3.160322	1.667258	5.111852	0.206367	4.260950
9961	4	0.929178	5.481915	6.590156	-2.962039	4.897288	0.928563	6.930260	0.881242	6.251554	-1.381958	6.818728	1.441951	0.881242	6.251554	-1.381958	6.828509	-0.010399	6.590156	-2.962039	4.897288
