149	4	0.338134	-1.938533	6.584703	-1.006269	0.986257	-1.001678	0.532570	2.745506	1.116381	-1.582546	0.754316	3.600236	0.716101	-1.318586	1.119621	2.434308
225	4	1.241710	-6.999376	-1.212092	5.182048	5.555829	-2.783708	0.571921	-1.587414	-7.640494	-2.028860	3.939888	2.127906	3.643327	2.179878	-4.550411	-1.105091
279	4	6.625782	-3.407146	2.273681	-3.096861	1.471923	-0.487192	-2.132896	5.924472	-1.004750	-5.025972	5.098399	2.219688	1.876666	4.848926	-1.106732	-0.768484
477	4	-1.189020	5.352227	2.248780	-4.084039	1.085323	0.185649	7.273646	-0.292330	4.542786	-0.211270	0.077652	2.007152	0.020022	5.622298	-0.786622	1.106574
498	4	1.395662	4.021357	-3.209185	-3.898751	0.771160	-0.431131	3.269576	-5.236208	5.137398	2.191311	-1.856974	-1.009507	-3.178484	-0.339792	1.991896	4.027130
524	4	6.845450	-3.388710	-1.861545	0.891689	-0.389191	-7.524211	2.511264	2.940561	2.056336	-5.043526	-2.571251	4.346018	7.342744	1.086984	-1.649410	-1.656694
840	4	-0.389626	-5.723613	5.944508	-1.559948	-1.941934	-9.046728	1.635337	2.985246	5.929345	-5.632465	0.153123	-1.089948	-5.091248	-0.626649	4.028102	1.098866
894	4	8.299847	1.448653	-3.658390	-1.533372	0.370626	2.322693	2.231470	-5.591829	2.553477	4.686923	-3.932661	-1.625414	-2.067068	5.833282	-1.403229	1.950676
974	4	-1.019668	-3.814055	0.449002	7.195863	-0.661064	-0.348064	-1.879938	7.607740	1.804156	-1.451126	3.157028	-3.045030	1.888384	-1.356445	2.857021	-1.741346
1000	4	-0.275416	4.103821	0.785270	0.668416	-5.065584	-0.667573	4.348545	3.330387	-0.021385	3.971047	0.577124	0.927139	-0.241214	4.294346	0.713155	0.578841
1061	4	4.884927	-2.879287	-6.074484	0.493215	0.337304	-0.003160	5.853689	-8.300771	4.852430	0.553681	-0.383734	-4.869127	-0.998607	5.654125	0.303113	-1.201320
1094	4	-4.362432	4.339679	-3.746830	3.205965	-3.457290	5.260171	1.880058	-0.527931	3.013868	-0.036429	3.942907	-5.347857	3.556560	2.238472	0.650272	-2.019936
1246	4	1.331747	-0.361097	-1.378266	5.029579	3.572569	-1.800621	-4.040131	2.459997	-2.433730	5.131349	1.408544	-3.358776	1.193353	5.234194	-4.178343	-0.331194
1298	4	5.009324	-1.163990	-1.738199	-0.958729	-2.500068	3.849040	1.892960	-6.188822	0.445649	-1.869232	6.557981	-5.469122	3.519551	-4.404848	2.518912	-5.444712
1480	4	-2.058960	2.997327	-0.716232	4.574448	2.868695	-2.510207	-1.848778	4.264488	-3.016185	3.080518	5.239660	-0.658146	1.869873	-0.566362	5.898565	-1.259392
1629	4	4.979559	2.609150	-0.531589	-3.382873	4.724745	-2.766099	-1.465118	2.981936	0.794857	-2.003747	8.508223	-0.097112	0.382641	1.781912	5.266214	-5.405555
1655	4	1.001985	-0.246889	4.151714	-2.085510	7.122939	0.058613	-0.428277	-1.474549	0.365048	5.666496	0.622696	-0.111689	0.943296	-0.021853	-1.944638	4.343878
1730	4	-2.412383	-1.982424	5.033086	1.770698	1.610544	-3.062997	0.779323	3.231727	1.720895	-0.286160	5.472877	-1.835962	0.297366	3.615766	-2.438009	4.188451
1812	4	-0.519342	-3.862747	0.301226	7.424739	-2.531317	-1.339127	3.594395	2.202352	4.914932	1.716639	-1.391392	-3.818434	4.484490	-2.281224	1.292265	-0.577735
1926	4	-0.831129	3.178024	-0.933046	0.430830	-1.524709	0.524953	1.740589	0.821859	0.448574	3.133886	-0.830996	-0.804391	0.869056	3.000673	-0.145404	-2.496385
1933	4	-3.673666	2.502351	4.282655	-2.812595	1.533033	8.131465	-3.202453	-1.108758	-1.408994	3.452883	-3.363771	2.886046	4.982408	-1.783155	-1.698571	1.530147
1963	4	-4.611249	-5.687304	5.507054	2.166293	-0.038663	-1.966955	-2.538249	5.243610	3.749665	-4.706468	2.793047	-1.162148	0.537934	3.833947	-0.925536	-3.061472
2024	4	-1.047079	1.159117	5.855673	-2.770497	0.910349	4.843478	-2.293622	0.482568	0.334564	-1.110740	4.760825	0.786131	3.089951	-0.345225	-0.308710	-0.988484
2116	4	-1.155002	0.469321	5.880459	-2.145602	-1.419382	5.082653	-4.933904	3.604994	-0.121040	-5.102517	1.435213	2.671424	5.038923	-3.872843	0.937893	-3.887588
2126	4	5.563499	-3.690712	2.273574	-4.475623	2.733349	-2.780053	-3.408351	2.363120	0.502961	2.665188	6.246919	-1.675519	0.713833	6.690904	-3.113946	1.213163
2139	4	0.658847	-3.085106	-2.245681	7.109472	-5.860978	0.004461	3.632785	5.178458	3.021432	-1.525964	0.784510	2.022061	-3.013879	3.920385	2.190450	2.063278
2185	4	7.919098	-1.642544	1.347452	-1.395783	2.263990	-0.126523	4.112392	-3.840067	-0.090583	3.865692	-2.304863	1.952295	-1.420333	-0.559081	3.556100	2.289829
2186	4	2.649828	-0.127311	-5.392163	1.541549	-0.636536	-2.469526	-3.818637	7.798687	2.261529	0.091575	-5.458816	1.788812	2.495427	-1.335093	-5.375579	2.040555
2212	4	1.226496	-4.171444	4.034748	0.383013	-0.980805	4.184645	-0.384767	1.982220	5.759473	-1.170372	-3.134933	1.905931	-1.353040	-0.610543	1.973584	4.265503
2248	4	0.898389	-0.685220	0.458205	4.164829	-2.443341	6.165399	1.218468	-2.036299	0.969624	-0.790325	0.569788	4.068736	1.089708	-0.723826	0.369328	4.242426
2279	4	-0.315321	4.915491	-9.102381	2.462479	8.075243	0.956766	-1.980118	0.151677	2.503807	1.072523	-8.456865	4.927711	5.395392	4.094535	-5.772867	-2.593929
2527	4	-5.732789	-2.535518	3.831366	1.895473	-0.980012	3.035172	-1.557857	-0.573013	-1.096840	3.775717	-1.664412	-0.766849	-1.082388	3.520759	-1.652388	-0.669466
2547	4	1.313052	-0.328238	4.745271	-1.943029	5.028337	-2.815668	1.060240	-1.103954	6.997547	1.226002	-3.736946	-1.083204	-2.508704	-4.498362	1.450073	3.001189
2636	4	-3.944469	4.549156	3.538810	-1.845732	-2.783467	1.271528	8.633840	-1.015262	-3.248856	-0.430056	2.823501	4.035250	1.526247	-3.334043	0.800342	4.116489
2707	4	3.541271	-5.498845	-1.949652	3.316632	-3.384369	3.077682	3.458427	-2.704991	-0.386057	6.448519	-3.230127	0.746180	-1.263612	2.972414	-0.611343	1.029512
2717	4	-0.088386	-4.536377	-1.781305	6.487135	2.814395	2.787276	-7.142588	-3.222515	3.896334	-3.603725	-1.466874	-0.073412	-3.668507	3.541130	-2.474066	1.534366
2781	4	-3.127903	-5.129710	5.448796	2.183326	0.488591	4.735232	0.521959	-2.478236	-3.018382	1.830753	3.243484	-2.490032	2.647403	-1.036103	3.482654	-1.247490
2808	4	5.364657	-0.733586	-5.310212	2.625232	5.205648	3.243057	-2.556835	-0.872186	1.589984	0.216032	5.057694	-2.035961	-0.081212	4.222428	3.149650	-3.158623
2895	4	-0.915570	0.964687	-0.574683	6.513411	3.278442	-2.081687	-2.841397	3.114808	-2.190020	5.699631	-1.096867	0.954213	-4.895548	3.458347	3.691639	-0.166238
2955	4	-2.214320	-7.182093	6.384933	0.617142	-0.732723	-4.759740	1.441119	2.361483	-0.623207	-4.670187	1.203385	2.725869	-1.175262	-4.555813	1.172035	3.083530
2981	4	-0.096039	-1.690302	-0.394061	5.722549	6.282441	0.396195	-5.249084	-0.521524	0.784841	4.689883	-1.609680	-0.679136	2.090702	-1.111960	3.484820	-2.760341
2996	4	7.619360	-4.527106	-0.289719	-0.933786	-1.297066	4.973801	-4.257835	1.097017	-2.597192	-3.190549	2.216201	4.041349	7.027379	0.392726	-4.972806	-1.826535
3001	4	8.085454	0.918908	0.172765	-2.049261	2.456777	-4.547950	-1.040208	2.365687	2.479189	-4.577041	-1.229706	2.679698	2.557771	-4.545955	-0.976368	1.824089
3014	4	-2.967963	5.342654	-6.644470	2.525312	0.776116	0.595393	3.424472	-1.263185	5.844705	-0.436892	-5.139031	0.997956	1.202665	6.162714	-1.165460	-3.422466
3025	4	1.137938	4.070755	-4.770167	0.925117	1.216025	3.968590	-4.747310	0.899591	1.110019	3.787092	-4.983303	1.194305	1.258658	3.682439	-4.923066	1.113230
3087	4	-1.710653	-0.521109	0.704281	6.093553	-1.825170	1.131382	-1.495328	3.644772	-7.568579	5.049041	0.582604	0.639654	1.777007	-1.036482	5.199832	-1.898536
3088	4	-2.002132	-0.994627	-0.852557	6.806126	0.259909	1.054456	4.341111	-3.876207	5.634717	-1.045400	-7.274168	0.406573	0.389455	1.100070	3.456909	-2.687215
3107	4	-1.029035	2.720480	5.425948	-3.742447	6.621920	-1.477098	1.095908	-1.881496	-0.450523	-2.251377	7.032730	0.548369	-0.925308	-1.799874	1.588816	3.852868
3198	4	-5.370241	-2.893300	1.640368	5.514350	0.610726	-0.214006	-3.860161	5.603392	-0.555038	0.359913	2.872322	0.136752	-0.642051	0.094778	3.190015	0.058954
3277	4	3.379154	-1.502235	-2.819019	7.089351	-0.998060	0.541582	3.665987	1.801728	-3.530735	2.086883	5.745738	0.263958	-3.075722	4.404489	-2.306487	2.428309
3366	4	5.923597	-0.300761	2.497360	-2.991952	2.982113	5.533917	-0.392627	-0.482192	1.128064	0.476635	0.571718	6.652925	-1.762723	2.408523	-1.174347	5.450144
3448	4	-5.437916	3.786283	-5.105246	5.576043	2.565444	-0.100692	2.653130	-0.916002	2.785523	-0.402330	2.599680	-0.933018	2.515066	-0.330956	2.889871	-0.933270
3666	4	1.257007	-4.924969	5.140381	-7.066095	-4.859746	3.957330	-0.885016	2.460665	-0.727249	6.272532	0.209828	-4.482525	4.908104	-0.403007	-0.695661	-1.077362
3685	4	-2.546348	4.169663	-3.946768	1.641754	-0.271810	-4.091280	0.232130	4.361185	-2.595396	-0.306668	5.464310	-0.629037	-2.669441	0.065966	0.228849	4.468402
3757	4	-0.569178	0.149740	-3.740759	6.852146	4.112776	0.269268	-6.489627	0.934040	4.035645	2.712818	-4.851127	-4.075126	-3.641851	4.049622	-3.092214	1.035010
3822	4	-0.956329	5.531815	-3.884727	3.446940	-1.030526	-1.682286	1.430752	7.243920	6.481273	1.175169	-4.001345	-1.292760	3.531248	-4.856971	1.535236	0.571384
3898	4	-4.043713	1.394165	3.212864	0.161131	4.295387	-0.639353	-0.550955	0.524757	-5.709861	4.858848	-2.709824	3.805555	-0.146287	-2.890651	0.943000	6.732474
3980	4	-1.158612	-0.180187	6.687442	2.120551	2.289049	5.900959	-0.233303	-5.384565	-1.821769	5.327977	1.769589	-0.936230	0.078204	0.923699	7.086658	0.147782
3989	4	3.232922	-4.660251	2.878168	-1.464621	0.271635	-0.347786	7.257775	0.204863	0.875029	-1.855760	7.107795	0.131621	0.719780	-1.947862	7.094882	0.298141
4044	4	0.393946	-1.679774	8.842072	-1.964270	-4.812479	-4.225842	5.033601	3.722074	0.763781	1.771117	0.757396	2.007226	1.879874	1.415730	0.334552	1.951390
4094	4	0.280596	-0.100603	-2.495140	4.782128	6.568487	0.374904	-1.304205	-0.477295	1.755067	5.570262	-2.809352	-1.565927	-1.979097	3.957697	3.381064	-0.082284
4107	4	3.655182	3.316470	-4.239968	-2.456358	-0.349546	-0.790162	1.836776	3.639481	-1.024426	-1.196603	1.948189	3.764449	-0.344232	-0.713933	1.560568	3.933045
4122	4	-2.820153	2.914852	2.666865	-3.888967	-0.320466	-4.722238	7.262768	2.325647	2.615068	-3.467511	3.793397	-1.666523	7.678835	0.221747	-1.667843	-2.660066
4214	4	-1.801425	-4.258257	5.019630	1.944655	0.332612	-2.626494	0.235215	4.432683	-0.205424	4.016999	-0.079117	0.071738	4.980863	-1.225760	1.077061	-2.310299
4273	4	-3.474444	-4.946588	3.758523	4.769941	0.112945	0.179856	-3.948370	8.491817	2.712016	-3.968011	1.567532	1.073842	1.713188	-1.539013	3.482645	0.458497
4437	4	2.473990	-3.753995	3.839292	-2.578719	6.472278	-3.375264	1.213792	-0.040674	-4.161202	2.767099	3.898598	-2.049258	-1.253318	-3.421837	3.298692	1.869083
4507	4	-3.650778	4.405485	1.905023	-7.686437	0.538194	5.952445	-3.927020	-2.763168	2.217625	1.970344	-1.110021	-6.744736	-1.390474	1.200250	4.974420	-5.806317
4608	4	-4.541578	4.247697	-0.098955	3.305753	3.747385	-0.014611	-2.181156	1.254222	1.098384	6.204389	-4.213159	-1.757460	-3.493674	4.813073	2.322905	-1.796480
4611	4	2.375918	-1.137540	3.980878	-3.597941	-3.400740	-0.914588	4.964774	2.180314	4.955478	2.413896	-3.420508	-0.823068	-1.442551	2.592490	-1.056621	3.807154
4668	4	3.021596	-2.793384	-4.648322	5.172977	1.479727	2.518120	-3.338968	1.871666	0.159885	5.373901	-2.442343	0.935403	-0.143709	2.551847	-2.947416	2.482083
4689	4	1.752693	-5.494940	4.998692	-2.432079	-0.571034	-2.059926	-0.293542	2.765933	-0.220059	-2.224228	-0.233113	2.047368	-0.596413	-2.014138	-0.373243	2.974852
4692	4	5.421573	1.946933	-4.011452	-0.754268	1.315246	4.070739	-0.410865	-0.102230	1.272015	4.205465	-0.331589	-0.210814	1.372176	3.873498	-0.527906	0.099570
4758	4	0.917155	-6.621073	-5.491727	6.897284	-3.106212	-4.073545	4.329511	1.490290	4.550425	-0.438529	-0.348924	-0.080821	-5.960552	0.559709	4.343543	1.485580
4860	4	-0.576109	-4.415792	0.603454	4.543995	-0.936772	0.579322	3.446606	-0.418253	1.960546	4.461838	-4.927939	1.524299	4.099602	-5.697467	3.764589	-1.538258
4957	4	5.400993	0.671820	0.400662	-3.381678	-2.396088	0.990070	6.492338	-2.035671	-1.728513	5.359637	1.948641	-1.707181	-2.390081	-3.586066	5.062623	2.788334
5178	4	1.541494	4.176120	-1.700967	1.093725	5.409338	-5.379989	-3.525187	4.841250	0.584385	-1.139287	6.007532	-0.943272	4.149813	1.053830	-0.550007	0.095286
5207	4	-5.779927	-1.363408	5.168334	-0.636603	4.142299	-1.328765	-1.411431	-3.908812	-3.218896	3.595884	1.370510	-6.131737	-2.195921	-0.557210	-3.979068	5.350974
5440	4	4.374126	-1.177148	1.072013	-4.251681	-1.881688	-6.942755	4.645087	1.327762	-4.297857	2.804357	3.826990	-1.945352	4.054175	-4.608386	-0.752034	1.513855
5447	4	4.453410	-3.981570	-3.651702	2.175607	1.982017	1.840382	-9.420252	1.180975	6.617228	-5.344097	0.674871	-2.919360	0.047432	-0.367574	-5.350638	3.096444
5476	4	3.306583	1.524887	1.623898	-5.963724	2.421271	-1.355670	-4.199964	3.209459	-2.878369	5.494697	2.039125	-3.310127	-1.158849	2.071591	4.370004	-3.294510
5541	4	3.842075	-3.906059	1.066253	-3.652028	-1.421864	-2.199016	5.288304	0.850576	2.169602	2.966164	-5.114297	-1.660485	-2.910488	-0.771000	6.504440	-0.249357
5602	4	-0.882291	5.286026	-6.172914	1.329829	0.564425	-0.243411	-2.572879	5.202926	6.995319	1.317737	-5.040239	-2.978883	1.921809	3.781167	-9.734555	-1.311211
5708	4	5.661957	-2.183548	-2.675853	0.425977	-0.785539	-0.509755	-3.291477	4.239146	3.865268	-4.504123	2.757882	-3.059612	1.405776	-3.826262	6.181745	-4.834731
5925	4	3.017583	2.159557	0.007702	-7.545286	-1.802963	4.815424	1.463551	-2.941175	6.305951	0.202382	-2.681332	-0.404678	0.843630	-1.171831	5.487771	-3.010986
6084	4	5.988827	-3.886848	-9.006011	1.110234	1.811123	-2.614951	-6.740549	4.302642	-3.631467	1.867964	-9.753449	4.863218	0.197904	5.105344	-4.731893	-0.224704
6137	4	-3.941824	6.151982	-1.373038	4.157885	5.311735	0.255967	-2.923216	3.344570	-3.601809	3.387210	4.415060	-0.551438	2.002467	6.327838	-3.494027	0.822381
6148	4	-0.934626	5.767348	-0.426912	0.543310	6.768070	1.688811	-0.977201	-2.018843	-1.752366	5.207464	4.240994	-5.615468	1.784366	-0.298850	-2.372173	6.028727
6198	4	-3.693112	-3.591926	2.000364	4.042795	-2.108430	1.669480	4.127913	-1.299981	2.667018	-4.146945	5.065190	-4.743237	-7.323057	1.428691	-1.300326	6.063932
6215	4	5.976132	-2.077059	-5.570656	1.636596	1.360411	3.840104	-3.918495	-1.227698	-2.909019	3.370312	-8.272149	4.180623	-2.235775	1.794713	3.406160	-1.178080
6325	4	-2.567631	-3.816126	6.192111	-4.111172	-10.336497	5.911871	1.011042	0.131857	-6.122617	4.321517	-1.943547	4.317401	-8.348402	-0.052785	3.647706	1.691900
6346	4	0.088313	7.001114	0.390383	-3.154640	-4.065389	-2.357661	2.503057	5.040317	-3.973399	7.461469	0.286526	0.466717	0.864870	0.641926	4.192249	-0.395871
6362	4	-0.825749	4.338374	-0.352821	1.419355	3.523108	-3.667215	-0.597886	3.156712	1.203264	-3.035966	3.144975	2.523492	5.101392	1.916490	-5.327150	-3.772925
6404	4	3.933501	-1.754969	2.596381	0.105392	1.250643	5.334829	-2.197727	-0.425539	-2.603988	3.603326	4.652634	-0.304159	2.076230	-1.143777	-2.732820	4.209187
6479	4	-5.320891	-4.643249	4.335919	2.690992	-0.041819	-0.875436	5.102357	-2.827515	2.011029	0.087477	-1.757288	1.959557	-2.488638	-4.400291	0.607957	5.819987
6526	4	-0.222680	-0.196109	6.426365	-0.863873	-1.180498	-2.594042	0.918386	4.970409	2.377493	-4.324220	-1.741586	4.632670	-2.690740	4.899958	-2.265970	1.950519
6564	4	0.342158	-4.552149	5.327576	-2.805756	-2.340599	3.277556	-0.585331	-0.124630	-0.448419	2.617146	-0.914549	0.108760	-2.562116	3.087966	-0.333886	-0.206301
6598	4	4.359335	1.318347	-4.532912	-1.537025	1.937285	-3.247939	2.550863	-2.027148	0.320684	-3.586978	-0.355885	7.165682	2.307395	2.600731	-4.237573	-1.046331
6615	4	3.482668	-2.916637	-2.146980	4.015503	-1.509546	-1.232773	5.251601	0.167482	-0.028680	5.353775	0.559221	-5.143224	6.094143	-0.203595	-0.008484	-2.743633
6713	4	2.860331	0.644956	-3.774790	0.528781	1.617717	4.433510	-1.608786	-2.662960	-2.750850	5.393103	1.654843	-1.685607	-2.215193	3.055189	-3.471114	3.191794
6817	4	-2.999635	1.645957	-0.460846	4.839657	5.347150	-2.418823	-5.064627	0.931866	1.984634	2.593958	0.168338	-2.248667	1.230273	-2.772869	-0.632588	6.258620
6818	4	3.244377	-3.081321	2.266657	-5.580290	0.391250	-1.378616	2.706979	0.080742	0.965090	-1.556736	-0.158407	3.287040	1.144785	-1.955189	-0.649288	4.116205
6842	4	7.069828	0.320917	-0.976849	-6.337693	-0.658712	-3.116777	4.226122	-0.914638	0.941435	6.056726	-2.047437	-3.958190	-1.861809	4.814792	1.792071	-3.558428
6874	4	1.927326	-4.926348	-6.365213	5.746135	-0.693776	3.602345	0.195383	1.010212	-1.944716	0.003783	-0.543522	4.323432	-4.971240	-0.391177	5.897151	0.201835
6889	4	3.101777	-3.589360	-3.387228	1.635083	-2.506267	5.429166	-1.654828	0.140103	3.270433	1.386651	-7.513537	-2.444409	-0.331675	-4.684234	-0.978564	6.577627
6909	4	-2.471379	3.432949	-1.528571	2.246639	1.364254	5.304982	-3.830231	-1.678341	6.034806	1.735921	-4.306846	-1.689851	2.802099	-0.039039	-4.793209	0.487159
6935	4	-0.259376	1.864431	2.983601	0.050934	-1.177995	-3.270860	4.904073	2.052818	1.365202	1.203406	-4.274423	4.464717	5.964187	-0.571530	1.058350	-0.699063
6944	4	3.645067	-4.584964	2.902812	-2.541521	-1.048761	5.077754	-1.526329	1.968619	5.410693	1.178499	-3.534638	-1.984034	1.125631	3.510809	0.957771	-2.185806
6948	4	6.329639	-6.453375	-0.905314	1.719632	-0.834567	0.387267	-2.028631	5.157755	-2.565128	1.993756	3.268602	-1.561472	3.229403	-4.590735	2.713783	-2.130654
7025	4	1.154705	3.116067	-1.526367	1.080021	-4.400719	0.927577	2.251081	1.978045	0.630653	2.986037	-1.071901	1.366053	-4.025366	1.312444	1.794126	2.088464
7183	4	4.030108	1.447708	-0.427290	0.269893	1.560997	6.000073	-3.241468	-0.728018	-2.730172	3.039980	-3.269585	3.968099	-3.480595	6.309186	1.313383	-3.857728
7252	4	-2.311799	-1.022921	1.800183	5.451994	1.507606	4.061242	-0.453687	-1.395333	1.546124	-1.995524	6.025631	-1.718791	-4.216576	2.310423	-4.194186	3.810807
7285	4	-2.642250	3.722879	3.345420	-4.151898	3.904017	-4.266343	-5.801954	6.422309	-3.718201	0.040053	2.345121	2.285703	2.307534	5.006886	-1.501246	-0.626390
7299	4	-2.128309	1.881338	-1.865574	5.439034	3.637728	-6.017282	7.045550	-1.734411	-0.473124	3.350090	2.679907	-0.514468	0.653347	6.212906	0.851372	0.273433
7312	4	-2.816424	-0.655625	2.944624	1.780466	1.234877	2.551468	2.610412	-3.112614	-5.115358	8.771228	-0.480097	-0.413956	3.564502	2.962057	-2.481506	-4.174026
7331	4	-0.243952	-0.066952	5.180897	-2.338291	-5.849529	-0.456029	4.426821	2.096245	-6.693099	3.196096	3.324345	-2.339914	6.107522	0.910622	-1.773986	-0.544500
7398	4	4.179682	-2.812596	-3.151196	1.721126	0.225704	-5.981641	5.606446	-0.266792	5.337228	-4.710744	1.396097	-0.940613	2.035745	-5.440094	-0.703998	3.172317
7417	4	4.708102	3.251942	-3.344965	-4.822144	-2.586443	-3.393374	1.980329	4.009389	3.205500	-0.716561	3.703021	-1.393930	0.834106	1.967744	1.982480	-1.689911
7448	4	0.173942	-3.398329	-2.178513	5.029897	5.407742	-2.363400	1.251906	-4.147336	4.229607	-5.894859	-4.901321	2.088936	-0.823420	-2.379679	5.741882	-2.335471
7472	4	1.638155	-4.876070	-3.444594	4.613815	-0.764944	5.010515	-0.022933	-0.364266	3.523434	-0.004885	0.407395	-0.666380	-5.448467	0.451636	6.252678	0.458918
7473	4	-2.261125	-4.841941	1.368064	4.945685	1.850660	-2.402306	4.530933	-3.801429	6.501760	-7.632660	-0.325003	0.324720	-3.617360	0.206321	5.787520	-5.266630
7621	4	0.310154	5.662137	0.430758	-3.416200	-1.466064	-2.181384	2.921097	2.802159	1.632922	-1.370845	-1.589280	6.032406	5.699792	2.025471	-0.241150	-4.787803
7653	4	1.556901	5.782888	-2.331353	-0.692132	-3.011036	5.929850	3.163790	-1.969482	-0.525568	1.733691	-3.026058	5.470677	7.684954	-1.891941	-3.298427	1.276603
7657	4	-3.461623	7.130639	1.004258	0.196823	3.578335	-3.960736	-5.378428	5.091622	4.301185	1.558734	0.202798	-0.196011	1.989672	-1.093968	3.109402	-0.770430
7752	4	2.545951	3.078479	-3.131577	-0.057529	-2.314682	3.409343	1.684473	-2.119292	1.875754	0.558124	2.766513	-2.095443	5.147726	0.337400	-6.565497	1.400974
7785	4	0.347708	1.133915	0.361850	-1.543998	-3.731184	5.180482	-1.379713	0.599223	-2.509434	-1.644442	2.150870	4.676640	0.361565	-5.423025	4.033570	-2.244821
7791	4	-2.956538	-6.868482	6.052803	0.175590	1.038855	-9.462141	-0.654567	1.234375	1.220275	-8.607042	0.149686	-0.666516	1.796829	-7.566040	-0.278385	-0.301160
7806	4	1.513340	-1.601982	4.470721	0.278353	-0.579681	-1.632241	4.328025	1.540281	3.453492	3.427974	-0.658221	-3.741368	-2.824212	0.105695	-0.077427	7.145228
7821	4	-2.758929	0.476267	3.994070	0.306770	-1.187553	4.496907	1.112961	-5.415841	-1.216097	0.351166	3.907761	-0.593532	2.509842	-2.088375	2.407228	-3.390574
7828	4	-0.645094	0.362460	-0.698219	9.474945	3.516536	-1.098143	-1.808665	3.261833	2.010694	3.299396	-0.361408	1.556710	2.163526	3.699529	-1.509040	1.758168
7843	4	3.010609	3.950531	-3.337786	-6.729025	-1.658372	6.571685	0.496800	-2.005547	-4.084711	-0.213194	6.744309	0.520517	-1.174859	1.087357	0.252378	4.254608
7846	4	3.999343	-4.582898	-1.383254	3.403413	0.825756	4.982816	-5.124080	0.795794	3.540392	-3.218525	4.389937	-3.096810	0.163292	5.704772	0.951710	-5.126993
7888	4	-3.978731	5.616807	0.190138	0.189807	-7.046961	5.173706	-0.825035	1.489721	2.482770	0.093299	2.185329	-3.884163	3.344208	-0.759473	2.096918	-4.005666
7961	4	-2.180520	-0.864341	5.406304	1.194962	-1.430625	3.842713	3.292163	-3.642108	5.604969	-2.357709	1.771825	-1.829725	1.914571	-1.500196	-0.301504	4.639399
8131	4	5.714397	-0.911379	-5.618514	-0.321600	-0.635439	-0.452221	-2.680966	6.182493	0.787185	4.899682	-2.567617	1.006963	-3.368890	4.529537	0.833860	-3.617330
8276	4	-6.771830	3.064252	5.050318	-1.719353	-0.207688	1.612953	-0.756459	5.889989	-5.415255	4.922968	0.158390	1.883627	-4.883866	6.974790	-0.270084	1.392442
8372	4	1.019956	6.445145	-5.800389	-0.231160	-2.674101	-2.101670	3.984399	2.718118	4.762396	1.547432	-5.999030	-1.393154	-2.285296	3.900452	-2.434976	3.384632
8465	4	-0.871913	0.021395	-4.006137	5.643203	-3.055711	3.800773	1.104680	-0.801998	0.131054	-5.258744	4.757026	1.626641	-3.634993	-5.708368	3.437716	2.629492
8535	4	-4.447969	2.524069	3.531615	-2.445168	-0.969440	1.539825	-1.780749	4.490468	0.418370	8.054376	-2.445470	0.420071	5.468927	1.235188	-7.223534	1.377661
8579	4	3.621838	-2.624662	4.112746	-5.029814	1.847730	5.451945	-0.586819	-5.657804	-0.970138	5.679252	1.493786	-6.851658	6.002358	-0.300790	-1.096692	0.845333
8787	4	-3.390738	0.650664	-0.123598	4.189488	-0.791106	2.320605	3.765913	-0.547836	-6.256496	5.625724	0.058908	0.807624	2.135449	-1.663101	-4.540758	3.222973
8827	4	2.858577	-2.104041	-4.886109	2.957834	-0.230022	-2.642441	0.496024	5.488709	-0.199381	4.850389	-0.948095	-0.459354	1.045375	-4.336939	0.669277	2.810949
8856	4	2.737867	-5.566352	4.289593	-2.580767	0.554102	-0.603738	0.220258	6.063605	4.201617	-7.122040	-2.258453	2.254315	0.162357	-6.804204	4.271398	0.816752
8888	4	-1.632789	2.399638	3.314512	-3.420678	3.263871	-4.173222	-0.481395	1.522026	-1.088056	1.819510	3.314752	-1.896242	-4.706539	2.490500	-2.145817	5.121797
8934	4	4.508856	1.226614	-1.318015	-4.218712	-3.548682	6.073052	0.797679	-1.737692	-0.539882	4.910139	-3.939220	2.754102	1.142930	-2.459758	5.709659	-4.641322
9086	4	2.356209	-3.010628	0.121581	5.066361	-2.461215	3.122294	4.663377	-3.778367	0.490203	1.391450	5.224173	-0.125873	-1.134777	3.891124	-0.943635	1.851086
9154	4	-3.424043	2.404460	4.640250	-4.100691	5.849564	0.624927	-3.458376	1.450162	1.950613	-1.347363	-2.468776	4.102758	5.789490	0.127213	-2.041607	0.773616
9211	4	1.853133	4.906993	-0.604658	-2.879337	1.329285	5.639938	-4.143699	0.263094	0.791230	-2.252822	0.577536	3.453936	6.944277	-1.681588	1.012828	-3.017471
9228	4	0.308603	-0.366273	-0.358851	3.633188	-3.922675	6.190550	-3.322404	1.721234	-0.651276	4.823641	-0.267344	-1.297662	5.021849	1.420284	-2.809269	-2.258182
9384	4	-6.451667	1.799717	1.725454	-0.203918	4.945877	-2.453879	0.341429	-4.656614	-4.228387	0.715304	0.088252	2.421320	-4.130808	4.382191	-1.840154	1.847007
9442	4	2.454809	-0.065269	3.763745	-1.801074	7.020075	0.866902	-3.150289	1.003271	-2.487806	4.221793	3.778521	-2.895336	-2.388912	2.740062	1.181747	2.380401
9454	4	2.544520	-3.764043	0.552415	2.127404	-3.161608	3.887507	-3.778373	2.530181	6.960101	-0.020246	-2.707842	-0.993161	7.949761	-5.174745	1.046344	-1.822081
9489	4	-5.526568	6.765345	0.046622	2.732382	-0.735680	-0.874273	8.875777	-5.013457	-2.024221	3.536985	2.054099	-1.625359	-4.999250	0.283549	2.873143	3.284424
9502	4	-4.824625	4.799996	-1.894296	1.991940	0.230264	-0.214017	-4.243435	5.020726	3.215094	-4.585982	4.261008	-0.309721	1.248142	2.381643	-1.160569	-0.416705
9540	4	5.986347	0.646838	-1.924085	-4.082752	-0.857434	4.707161	1.002627	-3.752799	0.905023	0.499142	4.221057	-8.476904	-3.138939	-2.169823	4.218977	1.080164
9575	4	3.279965	-0.274275	-4.520192	-1.321255	-1.677013	-3.555484	5.120869	-0.677400	-2.513823	2.087647	1.100357	-1.355312	-0.078665	0.999860	-3.875808	3.663394
9595	4	-0.509984	-1.388722	3.515845	-4.035706	5.927751	-2.227785	0.516211	-9.320730	1.263771	2.533865	0.637444	-8.231297	0.832980	3.556887	-3.907249	-2.056766
9629	4	2.422014	-3.792586	2.578907	-0.841442	-2.842468	1.468011	3.829503	-0.506805	-1.240009	1.115664	-0.683641	3.905292	-0.428946	1.706766	-2.818941	3.176204
9658	4	-1.029382	6.914100	-0.866938	-0.953361	-5.485604	5.495212	-3.583934	2.104181	5.864932	0.799135	-3.285048	-3.318871	-0.414550	0.527386	3.707676	-2.886939
9681	4	-1.321420	-2.993495	2.624201	4.574084	4.546697	2.015732	-0.035028	-0.544169	2.988383	-3.600254	2.546592	-0.550453	-0.764542	2.809761	-0.119304	4.164476
9847	4	-1.152561	3.656400	1.328797	-4.245218	-0.528599	-1.471201	4.894878	-2.608660	-4.221273	-0.734495	-1.319484	4.001672	3.758737	-4.471137	3.915130	-6.680750
9858	4	-4.798603	6.986265	0.574441	-5.966066	-2.051344	7.021672	-1.821461	-2.209900	-1.449678	1.111808	-7.173917	4.069973	1.849123	2.319105	-5.212013	-0.197299
9890	4	-3.882247	2.812442	-0.350097	2.905966	7.605046	-1.983526	-0.692509	-1.851015	0.962522	4.136984	-3.350471	-1.305529	6.971867	-2.321470	-2.640605	0.786926
9901	4	0.839484	1.977907	-1.179404	2.426664	1.140364	2.122951	-2.188705	2.733612	1.353171	2.289710	-1.905163	2.330932	0.666126	1.766230	-1.371397	2.859967
9944	4	0.385172	-1.211030	-1.514308	4.821616	-7.629815	1.583539	2.903029	-2.466224	2.551729	-0.191495	-1.201143	0.331041	2.159771	-0.670440	0.495064	0.151082
9985	4	-1.700399	2.241831	3.733056	-4.229333	2.333359	-4.153258	5.045307	-3.544330	-3.487024	1.267512	0.096757	2.638476	-4.142731	-3.461390	5.532990	1.564154
9989	4	3.901064	3.211975	-2.893546	-3.922840	1.444414	-0.286566	0.125733	4.862498	-1.971378	-0.947889	2.131914	5.145907	-1.505586	2.978515	3.266122	-4.543620
