1	2	7.795872	-14.604628	6.507470	6.180478	1.373814	1.865136	5.083679	2.381639	-3.537031	4.626918
5	2	6.939721	-12.059679	6.283315	7.482565	-2.765509	3.703921	5.581344	0.935787	-2.885984	2.742796
6	2	0.640382	6.847610	1.557744	-11.311948	6.803007	5.904977	-4.992404	4.039027	4.649517	0.318092
9	2	7.555652	-15.369702	7.124726	7.183827	2.223951	1.054307	5.745494	0.756440	-6.423679	6.583509
10	2	6.439211	-7.403663	4.097289	5.460650	-1.303822	1.043958	5.436353	-2.128831	-5.437679	5.189242
13	2	6.691737	-19.835204	8.049622	5.582915	-0.844714	0.554556	3.179200	3.176381	-8.904005	5.762247
15	2	2.599989	7.418029	0.716958	-9.263234	7.380430	8.574368	-5.382511	5.628920	7.037610	1.423448
16	2	8.290980	-10.709215	7.530995	7.263726	2.139545	2.297040	6.556226	2.940471	-5.018946	8.132433
23	2	6.553128	-16.030577	8.390740	9.031690	2.476661	0.169997	5.740698	3.907778	-4.929010	7.866178
24	2	4.377282	-9.339993	9.170219	6.700158	1.393071	-0.936364	2.025294	4.247230	-4.751199	6.388457
26	2	2.004279	3.835897	4.089924	-8.026517	5.590646	7.727444	-16.516269	5.924196	6.711496	0.820767
28	2	1.167776	6.504055	4.138070	-9.747118	8.466886	7.520272	-11.360787	7.120080	-4.305764	8.466678
30	2	-1.187866	5.537388	1.143204	-4.676746	5.679466	5.347738	-8.102482	7.034605	7.891661	-0.344560
31	2	5.061992	-9.525989	7.966735	7.162736	0.801829	-0.855053	5.980689	2.494641	-5.965809	6.808363
38	2	5.377579	-11.381742	7.416093	8.757629	-2.353546	-0.477654	7.095145	1.989463	-8.521563	3.867910
39	2	0.966024	9.408687	-0.002400	-12.866530	6.816033	6.995358	-11.252854	6.306754	3.546636	2.726169
42	2	4.705195	-15.313668	8.769499	7.741777	-1.543584	-1.371010	6.622519	2.961117	-5.233653	4.164918
43	2	5.781884	-6.439351	4.526415	0.710577	6.531165	-0.663878	7.122812	-1.182169	-8.067658	6.705144
44	2	0.295377	7.246748	3.539272	-4.059264	3.440288	6.807187	-12.839073	9.071992	5.592906	-2.514938
45	2	1.187887	8.394230	2.886811	-11.134383	6.597677	5.667978	-5.510348	9.254850	4.808334	0.876962
47	2	5.240534	-14.471999	6.141854	7.076082	0.868892	-1.261249	1.949813	1.900272	5.355722	1.207127
48	2	0.999063	5.777385	-0.212818	-7.290241	6.678507	6.970021	-7.659210	4.121450	6.056196	0.415164
49	2	5.942652	-9.920950	3.921198	6.354484	1.867523	0.080215	6.513713	-0.285893	-11.245616	7.964862
52	2	4.383117	5.065159	0.767049	-11.425850	7.891052	5.881688	-9.577685	6.790918	3.853170	4.883916
53	2	7.863402	-13.388188	5.159725	7.851884	0.087699	3.914650	1.806182	-0.719177	-7.401623	6.434897
56	2	0.861175	6.073752	-0.002079	-12.346680	8.578824	6.388275	-9.805374	3.655820	5.987351	2.030968
57	2	7.384332	-8.855098	7.183141	-2.183339	6.424082	7.384332	-14.962537	7.183141	7.809414	0.674453
58	2	8.023881	-10.350173	6.897942	6.519370	2.282758	2.464952	6.367567	1.910897	-5.109156	6.648549
60	2	6.671502	-9.815178	6.440602	7.470975	1.098738	1.016384	4.816363	3.252697	0.060196	7.094358
64	2	5.296504	-6.866464	6.609656	-4.522004	7.373884	-0.290616	4.806812	1.028103	-11.060124	7.398967
67	2	5.027479	-6.674857	5.628188	-5.946041	6.024164	4.170600	-0.358580	5.351128	-6.736753	6.024166
69	2	9.405146	-10.978194	3.473804	7.810008	2.116590	4.694948	7.658029	-0.202429	-6.042111	7.004326
70	2	1.444742	2.107606	2.714731	5.365790	2.421081	6.894487	-13.877614	6.710752	8.164399	0.583976
71	2	1.628699	6.666524	-0.017183	-9.708264	6.619845	7.390570	-9.007372	6.309844	5.103187	0.566227
72	2	0.153967	6.957611	0.935097	-7.706072	7.158410	6.222164	-4.937014	5.833965	3.991382	1.516753
76	2	6.829044	-10.729754	5.818980	2.530509	6.119011	0.523940	5.214211	0.184840	-6.892238	7.578769
80	2	-0.457240	7.056432	2.737986	-9.318909	7.683392	5.790930	-6.015369	7.625975	5.268019	5.368188
84	2	0.261184	7.441804	-1.010239	-7.546733	6.961001	6.297955	-6.368511	5.491254	8.130026	0.551043
85	2	6.284082	-11.111337	7.715430	8.246902	0.687138	0.582005	5.214339	1.103749	-3.731778	5.854951
91	2	7.005375	-17.141134	8.586493	7.264519	1.071133	0.723125	5.871146	2.290564	-6.735355	7.628233
93	2	-1.111506	6.432764	0.059460	-9.427195	6.834195	3.868867	-7.486248	4.931387	6.293727	1.418333
94	2	8.184547	-15.922741	7.910300	5.442488	0.401815	2.823893	4.739246	4.096377	-7.224004	6.029103
95	2	7.864903	-13.889954	5.168313	6.639434	0.342693	2.986489	4.324124	-0.238234	-6.674362	6.689152
96	2	2.213354	-8.699029	6.325846	-5.520048	5.258988	-2.560237	3.307251	1.845181	-10.822841	5.258988
97	2	5.146607	1.989910	0.685517	2.287138	3.616790	6.651387	-14.107004	7.117649	4.603956	2.518429
98	2	6.342463	-13.245440	8.335839	8.314429	1.591883	1.541597	4.331864	3.427690	-7.481071	6.742055
99	2	1.662288	-6.437150	6.613918	-3.877116	8.076082	0.106819	0.593979	5.403017	-6.722802	8.103079
100	2	0.800244	8.778348	1.843658	-9.756938	5.589533	7.248489	-9.474240	8.414406	6.080265	-0.001648
101	2	8.860378	-10.708563	6.384128	-3.461127	5.369751	8.861098	-17.252009	6.384525	6.327806	-0.895654
102	2	2.213646	6.167845	0.190591	-12.396906	9.335687	7.986637	-4.436610	6.666767	-7.127355	9.335687
103	2	8.545991	-15.942243	7.107568	7.193635	1.855500	5.427932	4.437456	4.951782	-4.794085	7.529892
104	2	1.624543	5.515589	0.138511	-7.482627	6.632075	7.428975	-8.297312	4.297877	7.858921	0.296878
107	2	1.224998	6.073291	-1.023009	-6.657979	5.907672	7.778344	-10.076006	5.432971	7.641917	1.381008
112	2	0.572537	5.915606	0.791551	-7.466953	7.077174	6.832507	-12.996000	6.683677	8.358196	3.314403
116	2	1.469428	5.855345	3.590969	-5.711872	5.758538	8.035785	-8.370564	8.232221	8.885994	1.917918
117	2	6.495817	-8.483679	8.509755	-5.604972	6.503837	6.495817	-14.592287	8.509777	5.803660	-0.038583
120	2	7.034379	-12.800259	8.525234	-5.840715	7.622588	7.034648	-19.241471	8.525234	4.946658	2.991259
121	2	0.485002	7.797940	0.569508	-9.192172	6.872521	5.138809	-7.284321	5.842473	6.453905	3.034349
125	2	0.523930	6.965442	-1.417857	-10.568542	5.927602	6.957281	-7.987688	5.155265	3.909348	3.432344
128	2	6.309742	-9.527978	7.181402	4.322791	-2.060318	1.253857	9.229419	0.540127	-5.820711	3.021541
129	2	-1.263833	5.757041	0.256143	-11.143040	4.889621	3.637038	-7.574040	6.703305	4.209987	-1.068177
131	2	2.130727	5.349449	0.041516	-5.704448	7.923806	7.329399	-11.101074	6.121804	7.071008	2.952548
133	2	4.567132	-14.404578	8.703498	6.338974	2.449753	-1.480702	6.288616	2.608397	-8.169468	6.000080
134	2	6.105619	-6.266937	3.904434	6.836234	0.790953	1.489244	6.886564	-1.610256	-11.631615	5.961070
136	2	-0.101576	6.873116	5.423755	-9.205577	3.263637	5.571494	-8.094803	6.709736	7.007298	-1.185612
137	2	0.934912	6.309409	0.216004	-8.529659	6.138443	1.888811	-0.333856	4.196024	4.777002	1.889610
138	2	0.134686	6.978679	0.701297	-8.740147	7.033608	6.417236	-13.486045	6.107267	6.976347	1.175845
145	2	2.635373	-2.369872	7.438384	4.898296	-0.141289	-1.799699	4.682377	1.914201	-9.690466	6.412174
147	2	-0.667747	8.044610	0.070107	-9.783307	2.894304	5.211226	-6.409922	5.512805	4.682548	-2.555858
148	2	1.695445	0.757231	0.358237	5.797645	0.957084	5.883333	-7.724940	4.903630	8.777429	0.956769
150	2	0.541412	8.409829	-0.404502	-4.973903	4.490479	6.501908	-5.848805	5.826548	5.477734	2.216282
152	2	7.511999	-16.904648	4.943086	4.969935	2.110219	1.936396	2.893821	0.383209	-6.504806	4.534638
154	2	6.358956	-11.319924	6.783621	6.528861	1.449460	0.843337	8.290717	1.377990	-1.996108	7.962005
155	2	7.237486	-4.753027	5.176332	-8.866380	8.578954	1.184220	4.660509	0.352206	-15.081843	8.578954
158	2	2.183026	5.600194	1.018063	-11.062496	7.082315	7.242465	-8.441311	6.980192	6.576473	1.937672
161	2	2.276475	6.738779	-0.041555	-13.458725	8.817762	6.843061	-7.916483	6.269014	-7.802304	8.817762
163	2	6.414157	-16.214596	7.989665	6.675386	-0.888695	1.780492	1.911165	2.283503	-3.951476	3.315342
164	2	0.088610	4.946379	0.231225	-9.280836	5.672589	6.329482	-3.006969	5.006476	2.987589	2.124419
166	2	6.551909	-17.264529	6.899224	7.164269	-0.206623	1.480476	5.624273	1.196891	-3.168251	4.271599
171	2	2.814405	3.739536	-0.590939	-9.049619	6.874193	7.599339	-16.848630	5.218491	6.893910	1.456976
172	2	5.922241	-12.177098	7.130557	7.372422	4.628168	-0.223974	6.408069	1.237740	-2.917031	4.697890
175	2	7.130936	-12.373636	7.226738	6.370943	-0.078508	0.913930	6.510971	3.202305	-6.666527	6.417432
183	2	0.410534	7.156514	0.679643	-9.755181	7.353092	5.806876	-10.299577	6.781253	5.287092	1.495252
184	2	6.154919	-9.627411	6.759108	6.053238	1.124316	-0.279689	2.065326	0.156682	2.477469	3.659865
185	2	7.216590	-10.430281	7.276228	7.616745	1.779099	4.692548	5.851284	1.203136	-8.727610	6.619287
186	2	4.991011	-7.257317	5.715272	6.786147	2.750439	-0.302977	7.534807	2.391415	-4.676189	6.331737
188	2	6.911822	-10.462113	6.051971	-9.402995	7.228244	1.129191	2.063494	0.949483	-15.146077	7.228244
192	2	6.097335	-12.364727	8.896850	6.874918	2.454081	-0.139918	5.825225	5.321486	-5.712834	7.359344
194	2	0.250490	8.368497	1.438053	-7.066510	7.238337	6.294585	-11.733670	6.973782	7.004176	1.533422
197	2	5.948751	-12.331412	8.178595	4.001263	5.477122	3.062035	8.091165	2.623291	-4.922264	5.911710
202	2	0.225728	6.215729	0.122922	-4.819087	6.384577	3.904931	-4.470300	4.296803	6.176559	1.205502
204	2	7.442988	-10.802229	7.125369	5.859977	0.160426	1.482525	7.147554	1.752109	-10.811694	6.437271
205	2	5.225456	-11.190063	6.069170	6.025348	-0.104512	0.904135	5.859012	-0.292758	-6.753218	6.066492
206	2	6.905078	-13.245556	6.661948	6.125052	-0.475075	0.619597	7.190183	0.444066	-7.868297	4.022850
207	2	3.052886	6.485225	-1.190344	-4.135225	3.633806	7.994368	-7.554702	1.572305	6.087469	-0.799476
208	2	7.948511	-5.058733	1.386223	-4.348204	8.165555	1.843054	7.485282	-4.631518	-9.996905	8.168174
213	2	6.795724	-18.040738	7.635165	7.605054	-0.143215	1.173721	3.311493	1.670265	-6.662471	6.346128
215	2	8.168802	-15.727875	6.997963	7.280962	-0.433357	2.050023	4.522034	2.466340	-5.525844	6.184694
216	2	3.172315	1.201239	2.720034	6.503481	1.134752	7.214943	-10.554479	5.789726	6.989186	1.134752
217	2	5.680256	-6.822245	6.722760	5.976671	4.281456	1.372442	8.373909	0.777110	-11.136300	8.618606
221	2	-0.185621	4.029383	1.541571	-0.455760	6.458360	5.742774	-12.661962	7.961662	8.871063	1.684579
222	2	4.980942	6.629561	0.978577	-12.422887	7.529353	8.788562	-6.325611	5.678856	4.858163	0.984182
225	2	2.659233	7.504220	-0.296686	-8.865769	6.992783	9.258112	-8.970193	5.314176	7.465827	2.208265
228	2	5.847434	-8.286687	5.926658	6.480130	2.939893	-0.503675	5.862449	0.022527	-11.315275	7.071979
231	2	6.869985	-12.241729	6.385403	2.950827	1.180050	0.523397	4.486013	-0.197651	-9.082626	3.947829
233	2	7.561437	-11.074225	7.536634	6.389050	4.552824	0.963589	5.943474	2.648850	-4.641929	5.703978
234	2	8.721558	-13.669381	5.365957	6.824469	2.359114	3.239653	6.781837	1.540114	-6.067597	4.958013
235	2	6.095167	-9.243333	5.640609	7.440211	-1.469606	0.082049	3.317039	0.210165	-5.984963	4.608197
237	2	5.674206	-12.101378	7.196299	7.225468	1.486799	-0.045136	7.230611	3.781699	-7.482271	2.975538
238	2	7.701775	-10.897591	8.792708	6.981897	-3.166921	1.983305	5.406139	4.251473	2.279445	-3.004608
239	2	8.876688	-10.618993	6.968739	-6.862194	7.063729	8.876688	-15.317701	6.968739	3.066975	2.700045
240	2	6.904245	-6.404980	7.994479	-7.933425	7.032468	0.317617	5.587003	1.377129	-12.699691	7.032468
241	2	1.656282	4.976119	-1.063093	4.407890	1.131018	0.829133	6.314585	-1.063093	-7.020723	7.071435
245	2	2.064386	6.409549	1.457092	-13.208647	7.017665	8.384084	-10.670654	7.024472	5.420659	2.629418
247	2	6.631592	-11.302459	7.261754	6.991044	2.150205	0.460919	6.686009	1.107234	-5.671314	6.525530
250	2	3.189638	6.810892	1.731522	-10.233868	6.994623	7.770823	-8.869793	7.743866	-6.270995	6.990722
251	2	6.270905	-9.108503	8.579609	-5.162474	6.655732	6.270905	-15.443917	8.579612	7.363036	0.237507
252	2	-0.667318	6.986914	-0.361489	-8.198859	6.072776	5.464636	-9.578059	6.270321	3.410153	2.568341
254	2	6.793239	-14.677067	6.308930	6.551902	0.914400	0.773526	5.224878	3.511373	-3.206024	5.449183
257	2	9.672905	-14.164395	5.698594	6.864958	2.925285	4.114412	3.416065	4.705797	-7.638776	6.246322
258	2	0.429546	7.010282	-1.542917	-9.342067	5.930470	4.847470	-5.680277	4.809722	3.738664	1.111966
263	2	8.272741	-17.775620	6.517349	7.465472	0.060074	4.606022	2.882519	0.516401	-8.914457	5.185457
264	2	2.219135	7.643357	-0.035043	-8.179833	6.322061	5.902508	-6.750271	5.869417	4.450853	3.074572
265	2	7.491276	-7.506506	5.457082	6.513102	1.818245	2.170091	9.049118	1.089341	-7.733973	7.150568
267	2	8.577608	-6.845583	5.263636	7.483494	3.952263	2.885080	4.830919	-0.688035	-6.371895	7.091633
268	2	3.719960	-15.021119	6.013135	4.645929	3.983283	3.719960	-8.428173	6.003231	-2.376292	6.279103
269	2	-0.309687	6.629610	3.419328	-10.046218	7.061458	4.138196	-1.831418	8.444095	4.590986	2.630892
270	2	0.291448	6.539609	1.067400	-5.464325	5.243145	6.557015	-2.653545	1.787535	6.817432	0.185649
271	2	6.339558	-15.832099	6.645680	6.159629	1.876070	-0.040994	4.580987	5.292554	-4.802539	6.003435
273	2	0.703405	9.054699	-0.165750	-4.455939	6.707383	0.732111	-2.233617	6.228903	7.067290	0.316859
276	2	5.946468	-8.926866	5.233623	5.179052	0.944551	0.670559	6.821272	-0.293014	-11.591040	6.673118
277	2	7.090861	-11.707527	6.596623	-3.549256	7.270729	7.090865	-17.330065	6.596997	9.090809	0.762807
278	2	6.606988	-17.543727	5.241634	6.083068	2.171735	0.237730	5.603907	-0.828222	-6.092328	5.903093
279	2	0.751553	5.632907	-0.418759	-7.481131	6.357010	7.006956	-8.122103	6.023248	7.598164	-0.232578
281	2	8.824052	-12.766844	6.712959	8.884597	3.824767	2.263388	5.884976	3.090624	-6.046078	7.833488
282	2	2.788703	7.683684	-0.344211	-11.325389	9.073484	7.813273	-7.302671	5.422054	7.219729	3.992604
284	2	-2.243937	8.110292	-0.695547	-5.932771	5.638269	4.140273	-4.124686	4.681627	5.701180	1.778368
286	2	2.203972	8.057186	1.347458	-8.443197	5.999669	6.735511	-11.214424	6.465224	5.349382	0.382123
287	2	-3.175937	8.823772	3.311730	-11.464846	8.997936	3.184524	-3.304179	6.535489	1.116878	8.885751
289	2	6.786230	-14.879341	6.254063	7.011028	-0.719759	0.269997	4.682522	1.114824	-4.640328	5.068388
290	2	-1.040842	6.919928	-0.574790	-9.256654	7.504135	5.492319	-6.302693	5.521258	4.043470	1.105491
293	2	-0.720436	7.809582	1.885967	-10.009029	7.475849	-0.720432	7.444858	1.885967	1.083915	3.070101
294	2	2.167080	8.291448	0.810680	-7.995611	6.550406	8.710906	-7.226323	7.084996	3.298983	1.235253
295	2	-0.084969	1.593785	5.363599	-4.155072	4.514691	5.051278	-11.107698	7.463538	7.964564	0.195673
297	2	6.612330	-9.268212	6.157324	6.316290	3.692506	1.161801	7.237259	0.970867	-8.697925	8.072543
298	2	1.363388	5.050889	0.132836	-12.150687	8.477807	6.096061	-8.611856	6.447368	4.889518	2.907906
299	2	8.425129	-11.022921	6.701508	5.782787	3.470121	4.859841	5.732332	1.967978	-10.099737	9.190891
300	2	0.585146	6.423905	0.220995	-11.916675	7.898283	5.181209	-6.277679	5.242893	5.367304	3.381611
301	2	7.250969	-8.353511	3.931805	9.163424	-1.584800	1.325683	3.747476	-1.669886	2.903393	0.205463
303	2	3.648850	6.991575	2.163635	-2.808740	8.110705	9.122195	-14.309736	7.669955	7.900498	3.759984
305	2	-1.677317	5.076573	1.490943	-9.618080	7.998151	3.776164	-7.432849	6.688008	6.885079	2.567941
306	2	-1.921845	5.397233	3.477472	-4.374580	5.449402	3.381361	-9.740575	6.159760	4.166605	-0.816933
307	2	3.622461	-7.169106	8.501596	-1.737652	9.648585	3.622461	-13.665224	8.517761	7.074519	5.382468
314	2	5.941944	-12.827055	6.189372	5.432226	-0.107485	0.291248	2.995913	0.209878	-8.041029	4.697422
315	2	6.283759	-12.827710	7.957149	9.372090	-2.389072	3.263218	4.565919	3.104091	-1.721593	4.096341
319	2	9.336192	-12.406208	2.197568	7.471076	-0.716394	4.823296	4.525411	-2.874203	-2.369631	5.010107
321	2	5.355895	6.464311	1.686984	-9.145323	6.528304	8.079868	-8.871900	7.105754	6.331967	0.548754
322	2	5.186135	5.755085	1.619541	-7.810550	6.418255	6.638469	-14.270155	8.082586	9.472281	0.555639
324	2	7.441287	-12.368510	6.590789	4.235157	5.934067	1.025402	4.929336	0.143657	-2.049454	7.296421
326	2	6.967434	-11.776753	5.446312	5.996261	-0.956440	1.891993	7.024164	-0.332549	-5.802176	5.006661
327	2	6.585869	-7.564686	7.097509	3.781880	-0.489170	1.382217	4.081300	3.345674	-5.701202	5.618289
330	2	1.126829	5.025266	2.071400	-0.560041	4.342208	7.115473	-12.699066	8.104329	6.472495	-1.732259
336	2	1.464462	7.279076	1.470368	-8.542572	6.573598	5.505528	-3.373282	6.872417	-2.808379	6.573598
337	2	2.393992	7.671530	-2.775559	-4.648551	3.555773	6.300182	-8.211060	3.725833	6.101956	-1.970483
340	2	1.470991	2.800296	5.888870	-6.175605	7.663002	5.022469	-9.193860	6.727879	5.888562	1.100865
341	2	6.978461	-8.836035	5.999587	-5.675699	7.758547	4.204180	3.077874	1.828595	-12.204386	7.758580
342	2	-0.726997	5.878556	1.575170	-11.811695	5.856504	4.873137	-8.646709	6.409352	6.740386	-0.714624
344	2	8.793278	-6.905430	7.257303	7.688634	2.157930	3.450230	6.362030	3.589444	-5.600589	6.554526
345	2	6.127023	-9.891185	3.887213	7.567907	1.214412	2.111321	2.410008	0.097498	-5.912516	6.622807
346	2	1.144465	7.211648	0.512592	-8.363506	5.592162	7.291405	-5.484256	5.315729	4.711771	-0.815657
348	2	7.635568	-9.351522	8.130731	-5.503269	6.114966	2.316058	6.586557	3.040923	-10.610989	6.115155
352	2	6.926982	-6.069522	6.648951	5.573250	2.224875	0.847350	8.614357	0.353442	-7.192839	6.927404
353	2	6.419649	-10.547612	4.473340	7.578977	2.187833	1.704864	4.379626	-1.774933	-2.859793	6.990194
358	2	6.701101	-2.987853	4.622766	-6.190089	8.004043	6.951241	-8.325346	4.626970	5.306085	2.639113
367	2	0.654490	7.357276	-0.142400	-7.279204	6.073825	6.696382	-5.960717	5.449563	6.608264	0.014201
368	2	-0.134243	6.303789	0.387080	-8.321482	8.670158	5.513225	-8.233612	6.552632	5.708329	3.709929
369	2	6.135782	-8.867245	5.370664	6.121845	3.608918	-0.282801	6.885126	0.119191	-9.347831	8.888252
374	2	7.924364	-8.912662	6.666471	-4.255302	5.947067	7.927273	-12.927086	6.670182	4.471341	0.438150
375	2	7.206292	-16.170529	7.325009	7.880418	2.515188	1.092784	2.464997	1.290999	-8.982673	6.313235
379	2	0.109351	6.404311	-0.688899	-6.420449	7.395681	6.627870	-9.782877	5.618575	7.177725	4.601397
383	2	-0.305604	8.142943	-2.212010	-5.086276	6.407881	5.922764	-7.526816	4.355000	4.967075	0.895006
385	2	6.588865	-14.462622	6.971620	6.429982	3.411498	2.482368	5.309341	1.225831	-8.362723	9.492621
386	2	5.739401	-15.297881	4.832999	8.076830	0.205331	1.350492	4.424837	-0.634583	-2.118859	3.440426
387	2	5.315347	-6.802151	8.113890	-2.402828	6.513236	5.328188	-13.309629	8.113890	7.671106	0.679487
388	2	6.857082	-13.595950	6.593281	5.757141	1.761227	1.038084	5.741094	4.570220	-7.662194	6.496627
389	2	0.427637	8.541093	1.128835	-9.983828	6.309115	6.089191	-7.045889	6.893964	-3.991606	6.309115
395	2	8.815851	-9.253174	5.551054	8.710467	1.659919	5.135767	3.437554	-0.573758	-5.436568	8.051880
397	2	-3.256654	7.003173	-0.193640	-11.115478	5.782482	2.499468	-8.331256	4.929450	4.908424	2.611403
401	2	6.348500	-16.351445	5.800233	6.342010	0.620194	0.730582	6.172058	-0.688936	-7.058073	6.939091
405	2	8.580878	-10.571295	3.963088	7.654924	0.973258	2.413458	5.762832	-2.448838	-5.721196	6.065067
408	2	8.551033	-7.878267	7.396841	-7.270917	5.312058	2.445367	6.449951	1.425055	-8.235067	5.314838
409	2	7.285705	-11.261992	6.226960	6.833626	0.202337	2.294696	6.003911	0.737039	-9.665277	6.585117
410	2	1.413605	5.422823	1.139506	-6.444555	5.226234	6.696914	-11.977133	6.972053	6.773298	-1.381304
411	2	6.398986	-14.255652	8.499348	6.382764	2.240007	0.522413	4.218524	3.477493	-6.877016	5.712347
415	2	-0.483110	8.762376	0.932397	-12.396422	8.796302	4.750679	-4.607509	6.838015	4.812832	3.268149
416	2	0.120509	7.079190	0.845990	-4.845340	5.542260	5.552188	-9.418686	6.753241	5.230422	3.327470
417	2	7.229690	-10.029147	6.661142	6.055017	0.134097	4.072957	5.273985	0.072749	-2.047562	5.012547
419	2	5.679636	-11.726600	8.002227	8.525032	3.433096	5.679636	-6.776521	8.002227	-2.077873	7.561874
420	2	6.055748	-10.023769	5.931867	6.196118	-2.411967	-0.411698	5.194152	4.024538	-5.540173	2.250420
421	2	7.399831	-10.790673	7.419924	6.652652	5.532854	1.904188	5.782778	0.829234	-4.467049	7.045675
422	2	-2.949944	7.193331	-1.448983	-8.372678	6.980548	3.528966	-2.903346	4.225666	5.188227	0.510517
424	2	6.175484	-10.239711	5.672983	4.040130	4.185764	2.491523	4.347051	-0.762830	-2.091554	6.386805
426	2	7.880719	-12.811241	6.208609	-9.032009	6.574540	1.633452	4.417991	0.221176	-12.677352	6.574540
427	2	7.393845	-10.488624	6.102597	7.404910	-1.276616	1.369641	6.873841	0.594683	-4.902721	4.133945
430	2	2.191594	6.673809	-1.831680	-6.411964	4.872951	5.754825	-6.729319	4.625886	6.602542	-0.980837
432	2	0.602828	8.283248	0.968971	-4.508770	6.961304	6.899032	-12.663725	6.995647	6.150791	3.012919
433	2	-2.433087	6.429059	1.015746	-5.692527	4.533388	2.203134	-6.775178	6.352882	6.666211	-1.954225
436	2	1.160213	6.586364	1.862717	-14.648156	6.366944	5.988052	-8.773018	7.865596	3.078257	-0.204709
438	2	4.250437	-7.012009	7.758462	6.315260	4.118109	-1.730659	6.182088	4.467044	-8.099159	8.151498
439	2	6.598944	-14.713194	7.623949	7.258366	2.928708	1.062910	3.956593	1.365747	-1.267294	6.937419
440	2	5.772864	-10.148819	8.718522	6.981980	-0.777928	-0.695398	6.567144	3.235564	-3.450814	5.404085
442	2	2.100881	6.823940	0.533797	-3.267702	3.098545	8.455677	-9.681294	4.103661	8.646466	-2.676773
443	2	6.714774	-8.710877	7.079580	7.018743	0.154678	6.713699	-3.726531	7.079397	-0.393077	5.054652
444	2	0.401184	6.226316	2.054572	-12.248885	7.499734	6.605081	-7.090553	5.882526	6.032251	2.005769
449	2	6.259801	-12.518836	7.203819	4.938210	-1.612874	0.087732	6.557852	3.509813	-5.459631	4.653543
450	2	8.585222	-13.062565	6.975087	7.593652	0.304650	2.612813	4.006852	5.421313	-4.294086	5.976434
451	2	7.155354	0.300986	-0.930589	-4.513839	6.220373	8.000859	-10.964370	5.444617	5.442570	-0.254564
453	2	6.878352	-15.459624	4.396022	6.368521	-2.499828	1.479660	4.742261	-2.030192	-5.995859	3.333811
454	2	5.433371	-7.631324	8.189729	7.640571	2.326928	5.429009	-7.124176	8.189729	-2.762629	8.622808
456	2	9.308871	-8.201772	6.440987	-8.746309	7.769102	9.308895	-11.134443	6.440987	3.895264	1.517989
457	2	6.043549	-15.990504	7.088276	5.964885	0.097146	0.659993	3.520088	3.312742	-7.709175	4.131429
459	2	2.334040	5.410872	0.152688	-8.651484	2.833690	6.410336	-10.509042	6.611024	2.508134	0.822342
460	2	1.049471	6.687914	-1.566685	-11.071818	7.817455	6.954607	-6.260115	4.580543	3.129557	1.842590
461	2	0.159026	6.793248	0.063440	-2.123652	4.730174	6.313683	-10.159002	5.765047	5.702498	-1.835083
464	2	-4.068950	7.573378	2.943176	-8.994127	3.991875	2.358573	-9.716586	7.936266	3.320093	-0.026810
465	2	6.984120	-9.878394	9.059504	6.100742	0.538324	0.405505	6.397044	3.350728	-6.478019	6.706652
466	2	0.618103	6.020683	-1.543129	-9.110050	6.688702	6.754188	-9.872927	4.710666	8.115950	1.142280
467	2	4.060019	7.102550	-0.863692	-10.711825	6.783863	7.056637	-8.386346	4.340313	5.601729	3.533279
474	2	1.053388	0.396578	1.944444	6.276944	-3.514970	1.053374	4.725814	0.709012	-1.854032	2.276366
477	2	6.674545	3.745295	4.431185	-6.232391	4.785146	7.343508	-10.194510	5.910921	6.788092	0.658409
478	2	0.566814	5.510316	-2.105447	-5.327533	6.069393	6.074199	-4.431008	3.201651	7.081879	-0.196196
479	2	-1.133815	6.946688	0.152576	-10.669692	8.326830	4.774840	-5.504258	4.805344	-4.698051	8.293918
481	2	2.638185	7.598826	-2.544999	-5.376233	6.605981	7.686304	-6.152518	2.921966	7.134031	0.343179
482	2	5.509044	-10.950630	6.390598	9.290601	0.726753	-0.478397	6.261429	-0.168141	-3.506388	6.926910
483	2	5.371748	-6.670212	3.757119	6.002850	-1.584562	-0.281329	6.372810	-2.024104	-6.166126	4.732096
484	2	5.863431	-8.649512	6.028328	6.667499	0.666441	2.302056	3.309633	2.097094	-11.135431	7.101270
487	2	3.701896	5.619956	-0.431116	-7.622259	5.556004	7.503590	-10.660214	5.229779	5.750586	-0.087225
492	2	2.359225	4.495529	-2.750883	-9.383510	7.730294	4.589057	-7.268542	1.841639	5.839933	4.707695
494	2	6.119976	-8.777714	5.218921	6.392696	-0.013118	1.747148	6.463408	3.425138	-4.388585	4.969291
496	2	0.904571	7.890246	1.516243	-5.308410	4.983509	7.484973	-4.741771	7.669018	7.566948	3.416791
497	2	9.494043	-14.036203	7.462469	5.754084	2.354678	5.370426	8.070061	2.697993	-8.724109	6.191893
501	2	-1.287959	5.505786	0.217102	-5.660990	4.353248	5.011526	-5.930890	6.698209	8.200872	-1.448433
502	2	0.779733	3.881124	1.872638	5.753543	-2.834204	7.252263	-10.512538	7.718226	6.143146	-2.834235
503	2	8.207880	-13.728560	6.535918	6.588417	0.196570	3.767611	3.097073	2.406889	-3.836212	6.433285
504	2	3.059149	8.065578	-0.364348	-7.929156	8.598027	6.960009	-9.056946	6.225420	3.284804	5.788705
505	2	8.621151	-10.393797	6.386416	6.359053	1.845140	3.137327	6.184425	0.160077	-8.381855	7.027109
506	2	4.161630	-7.149345	5.567020	0.753682	-0.770246	-2.035919	2.747997	3.245519	-6.322054	3.415189
508	2	6.767775	-7.124178	5.367703	6.498554	2.909266	0.958003	3.814227	-0.960205	-4.320061	6.963586
509	2	1.544103	6.769714	0.368207	-9.998794	6.288174	8.142925	-8.356784	6.056420	5.722596	0.246454
510	2	7.110842	-10.890599	7.532082	4.778143	2.516623	1.867159	6.280475	2.177982	-6.963871	4.075827
511	2	2.533519	8.236681	1.099812	-7.040008	8.879665	6.153333	-13.303554	5.510522	6.598091	5.158903
512	2	1.926520	8.046137	-0.104049	-7.046544	6.796407	5.513833	-8.522319	6.475476	6.197904	0.665312
513	2	7.465673	-13.525006	6.401877	8.122583	0.900209	0.867405	7.556782	2.012883	-2.721486	7.091773
515	2	0.362665	6.932316	1.376548	-6.355862	8.066828	5.347384	-13.251619	6.590721	7.294252	2.353895
516	2	8.833392	-13.351267	8.477237	6.863223	0.435175	3.495071	5.380249	3.032935	-4.131921	2.405099
517	2	3.583905	6.041069	-1.197750	-10.451699	8.645812	8.970929	-9.509684	3.024316	4.482715	2.049180
518	2	-2.681500	3.959320	2.100033	-6.788975	6.594192	2.499473	-5.409575	8.352441	8.043664	0.327054
519	2	6.089850	-14.348037	7.467026	6.694777	-1.164023	0.615573	5.556685	4.526234	-5.100759	2.968764
520	2	6.527329	-8.264333	7.499020	4.946623	0.140196	6.115971	6.817599	2.819289	-5.162880	5.219186
528	2	1.922521	6.332214	-1.292102	-12.291605	6.447255	6.016021	-6.086423	5.008309	4.709135	0.395238
532	2	-4.825206	6.843429	-0.014118	-7.463461	5.279778	1.313661	-8.732562	6.277787	7.244013	-0.243859
533	2	5.943210	-6.775606	8.547467	6.630718	2.404481	2.184060	6.847417	3.572753	-5.858075	6.692384
538	2	5.804734	-9.807523	6.156890	7.269265	-0.280869	-0.392036	5.542554	2.873330	-5.178244	5.802753
541	2	0.731118	6.719179	-0.784179	-6.659639	5.990746	6.175058	-11.016243	5.796107	6.510949	0.705296
542	2	6.208304	-9.942317	4.890800	5.631742	2.380929	0.614704	8.858524	0.225441	-2.520074	6.155008
544	2	4.160313	6.317900	1.591919	-8.412939	4.481036	6.576616	-9.045371	6.814572	8.281948	-1.517618
545	2	5.611371	-6.532939	5.012523	9.613576	-0.696544	-0.783699	5.940272	1.129436	-2.448977	5.270258
551	2	7.001677	-4.700105	6.203381	5.497209	1.098291	0.779918	5.688059	-0.276855	-6.768242	4.781884
552	2	3.695984	-7.671570	6.977394	5.095907	0.913657	-0.426182	7.515710	1.055332	-11.757703	6.817535
555	2	1.092588	8.493120	1.492511	-12.272064	6.566001	4.376316	-2.956135	7.276615	-8.243042	6.564891
556	2	0.234775	8.515746	0.635500	-3.850565	5.104619	0.234775	4.905423	1.586773	3.216111	-0.861809
558	2	0.243081	4.532429	-1.196336	5.531275	1.560077	0.239669	7.065030	-1.196345	-0.455349	5.364483
563	2	5.678388	-13.066097	6.225383	5.771565	5.787440	1.828743	3.051632	2.647437	-9.409286	7.642985
565	2	7.163438	-12.536943	9.206870	7.177311	-0.677792	7.163437	-7.886103	9.206870	-1.235104	4.934173
568	2	7.417650	-13.260338	6.156805	7.730688	-0.050743	1.178869	4.723279	0.234393	-5.882221	5.884976
569	2	1.248085	5.896073	-2.824865	-8.879300	7.443636	5.078383	-0.313039	2.133974	5.855091	1.671786
570	2	5.452868	-11.837647	5.731681	7.658630	1.381499	-0.945507	5.280046	-0.255328	-4.149885	6.907402
572	2	3.959895	5.891021	-3.829577	-9.899954	6.974872	6.643959	-6.261434	2.226763	7.207257	2.981410
573	2	2.072963	5.703729	0.620039	-6.329865	4.245818	6.872587	-10.866116	6.117293	6.398432	-1.318801
574	2	7.285244	-13.831043	7.148126	4.442346	2.898050	0.966896	3.455991	0.775368	-4.250392	5.691994
577	2	3.148834	4.871555	0.228989	-6.689261	7.020678	7.954878	-14.211926	6.506603	6.066065	0.643523
578	2	6.155688	-10.279942	8.582547	5.786762	-0.153735	1.140307	6.259943	2.977941	-7.348821	6.231402
580	2	0.616261	7.595845	-2.291818	-1.601746	8.991124	0.616261	2.673522	-2.291818	7.400073	3.901956
589	2	5.504909	-11.803452	7.300654	5.452495	0.033689	-1.088566	4.528856	0.861667	-8.461724	6.271027
590	2	-0.374014	6.209452	0.804006	-7.035710	6.663913	6.006076	-8.608068	6.373181	7.813359	0.825571
592	2	7.240861	-4.028638	5.106649	7.832546	-4.963828	4.635983	2.872131	-1.291283	5.794153	-4.963827
593	2	3.071285	7.241642	3.625743	-8.297966	1.665188	5.061788	-4.267624	7.726376	-4.166118	1.639564
594	2	5.597991	-11.410611	8.050363	5.848122	-1.309308	1.118225	6.429426	4.433894	-6.750831	4.682184
598	2	1.525625	6.548709	0.171501	-2.445167	3.248665	7.177154	-15.222407	5.966584	8.109376	-2.761494
600	2	6.196466	-12.660602	6.245751	6.236955	1.236315	-0.046979	5.054133	0.156446	-6.889222	6.859122
601	2	6.818412	-8.912359	2.762686	6.950952	1.376530	0.795878	5.365398	2.077841	-10.234131	7.116721
602	2	2.246176	4.126512	4.230771	0.257924	6.976523	7.253347	-13.706720	7.306812	7.787194	1.742454
603	2	7.456914	-11.085449	7.250478	-0.362528	7.295011	5.321914	1.427711	1.959978	-6.807390	7.787413
604	2	5.756682	-17.877290	9.508540	7.240308	2.148312	5.756682	-11.876607	9.508540	-1.662041	4.912060
605	2	-1.744658	5.316979	0.118594	-2.289819	4.292892	4.430451	-5.548059	5.375931	8.642880	-2.222998
608	2	1.737554	5.968345	-0.704071	-6.062320	5.171464	7.509172	-11.862649	5.508702	7.002320	-1.115024
610	2	6.718928	-16.794677	6.945941	6.318357	2.751164	0.855095	5.543251	0.344771	-3.412475	8.475135
611	2	6.817567	-14.732965	5.806693	6.226322	-1.519064	0.896962	7.966258	0.354721	-7.643282	4.318847
612	2	5.844841	-8.721955	6.660032	6.626852	2.432145	1.466404	5.393697	1.212687	-0.147269	8.618233
613	2	6.859220	-7.716608	5.298978	-3.632430	6.032005	0.772815	3.444942	-0.284373	-10.204995	6.032014
614	2	-0.824266	6.604062	0.113060	-5.049056	1.756253	5.509427	-7.868965	3.907335	6.065190	-0.872272
618	2	5.648514	-16.580075	8.177844	6.645966	-0.998960	2.996116	2.301867	2.262659	-4.247309	3.243127
619	2	2.252308	2.034359	-0.656593	1.763143	5.436176	6.756637	-9.504310	4.117548	8.408788	5.421296
620	2	8.612540	-14.137705	8.097856	5.928011	2.478180	2.899145	2.340683	4.064624	-6.384241	5.181254
621	2	7.492822	-16.804452	6.229525	6.711922	0.828719	2.649236	5.155214	0.909260	-6.142290	6.580339
622	2	1.270215	5.591164	4.574016	2.009420	2.607620	1.270215	6.599034	4.574012	-9.281921	7.628793
623	2	0.840872	7.445382	0.649735	-18.381408	8.748665	5.944138	-6.095619	6.461107	-12.257871	8.748665
625	2	1.933717	8.564728	0.011116	-12.357272	7.229585	7.595702	-8.549402	6.296610	4.030341	1.679849
626	2	6.470674	-11.338738	6.283381	7.242979	-1.008091	2.329735	6.309771	0.098766	-4.154649	5.193974
627	2	2.884977	5.445697	0.164193	-8.285180	5.103274	5.718468	-7.593868	5.880782	6.853916	-0.294662
629	2	-0.783851	6.846582	1.620844	-3.938470	6.369127	5.695327	-8.855200	7.057573	6.724210	2.695759
631	2	-3.970294	6.569866	0.877196	-6.522019	6.788455	2.498656	-3.307154	6.086695	4.648383	2.792527
635	2	1.609937	5.851263	1.703751	-3.215047	5.279618	7.758391	-13.608111	7.391186	7.600491	-1.107501
636	2	2.791030	3.562336	0.924371	-6.504780	8.182640	7.982449	-10.498621	5.065251	8.739274	3.062851
637	2	7.022886	-10.213025	7.372556	7.253463	1.460239	0.512033	6.696564	1.702935	-10.324371	6.554829
638	2	5.142628	-10.199076	6.309080	7.974328	-2.279294	-0.438466	3.420824	3.347899	-0.928769	1.990721
641	2	-2.266268	6.501318	-3.384883	-10.057677	7.415154	3.387099	-3.065737	2.267296	3.672939	5.037318
643	2	-1.110554	5.987905	1.002519	-10.514690	6.867295	5.323351	-8.827654	5.208827	4.671087	3.480815
647	2	7.270041	-8.938901	8.123202	5.045325	-1.664793	3.962127	6.921614	2.235985	-4.231663	4.154155
649	2	0.665140	6.735710	-1.188898	-7.996174	6.979685	6.864102	-7.608992	4.924913	6.023532	1.599485
650	2	2.384094	6.858043	0.978701	-7.278300	7.420250	6.440125	-9.064271	5.816105	7.696419	1.238847
651	2	-3.159041	8.683248	0.909117	-7.948343	7.258728	1.846583	-7.432426	6.857628	6.104676	2.053437
652	2	2.621047	6.468403	-1.996259	-7.373605	5.487251	6.076525	-6.518687	4.149739	6.474567	-0.533125
653	2	6.648764	-10.905908	9.094641	7.251337	0.225337	0.447603	4.120540	6.480840	-3.836335	6.095616
655	2	0.877200	5.813669	3.183320	-6.881152	5.822935	7.206299	-10.570389	7.722222	5.921212	-0.272605
657	2	2.639086	-7.677501	8.007650	6.525516	2.037793	-2.205436	7.297766	1.742548	-6.211118	5.770291
658	2	5.636759	-4.979058	7.148368	5.697267	-0.060544	-0.622939	9.043345	1.104014	-6.768087	6.528534
660	2	6.223349	-13.836614	4.444518	4.802710	5.581090	0.492161	6.146399	0.449617	-7.580690	7.590860
666	2	-1.328698	6.092665	-3.752626	-12.200486	7.665768	3.203753	-4.053233	1.964948	5.701860	2.572523
667	2	6.466584	-10.497913	5.349990	-1.423992	6.226670	6.473908	-15.388961	5.349990	6.652837	-0.064191
670	2	7.896927	-12.448158	6.627719	-3.923344	7.853824	1.950526	5.090271	0.373917	-8.574802	7.853832
672	2	-1.339351	2.156094	3.995495	9.128832	-1.503965	3.317922	-4.825336	6.249026	9.167144	-1.503965
673	2	7.634232	-13.290829	6.933477	7.243563	-1.941089	2.090688	6.336190	0.938312	-5.731998	4.575398
678	2	3.953850	4.173076	1.478340	-4.327183	4.877691	7.640025	-19.104611	7.973096	5.997175	-1.757517
679	2	0.766013	6.601151	0.633809	-7.612380	7.414511	6.357714	-6.102812	4.742302	7.201512	4.454012
682	2	1.398496	4.850395	2.589399	-9.998878	6.988082	6.080598	-12.566724	7.086605	6.235684	2.528965
683	2	7.744979	-16.386199	6.087060	8.159842	1.060404	2.519860	1.800848	3.986091	-2.025261	5.977449
684	2	2.135678	7.620951	-0.507219	-6.607683	4.076573	7.471978	-12.317830	5.930757	5.636788	-2.549039
685	2	0.161606	6.095997	1.453034	-7.583725	6.071433	5.623853	-1.747324	6.213605	4.179475	1.802961
688	2	0.560653	7.387977	0.878821	-10.788404	7.623943	7.097097	-5.439021	5.574450	4.454936	2.299392
689	2	8.128201	-6.415414	5.172643	7.354891	-1.410231	3.820894	5.596193	-0.173494	-4.311839	4.222055
690	2	1.724192	6.158565	2.412150	-10.810681	6.736098	7.626564	-11.996283	7.312519	4.552931	0.246929
691	2	6.915220	-16.445316	7.942870	6.785167	1.796616	1.650619	3.902753	2.600942	-3.726017	7.292253
696	2	5.781246	-12.503434	6.350498	7.340585	2.738624	-0.206494	7.429517	0.047560	-4.984618	7.532750
697	2	-1.561919	3.564276	-2.247669	-9.914613	7.796360	3.991620	-8.703999	2.221050	4.729781	1.544561
700	2	6.440878	-13.924238	6.469557	7.581765	2.192845	1.658241	6.090671	0.793790	-6.388159	8.186564
702	2	2.394780	6.621108	-5.793026	-7.479164	5.785077	7.739536	-9.479817	0.614809	6.094293	-0.543103
703	2	6.241116	-9.945886	8.508411	6.492320	0.536188	0.354758	6.634814	2.056958	-5.698400	6.740536
705	2	-3.321971	7.350147	-0.897725	-11.777252	7.244395	2.981948	-4.397972	5.560411	4.719604	1.460734
706	2	6.725624	-19.282029	7.021239	8.416602	-1.519911	2.330541	2.330926	0.785003	-4.233243	4.669323
707	2	6.865442	-17.618763	9.525664	6.629544	-2.181623	1.474473	5.194119	2.883378	-0.853702	-1.392356
710	2	4.035093	-8.098718	3.508465	6.233485	2.904964	-1.956801	4.470731	-2.936436	-3.190822	4.864205
711	2	6.570336	-14.573597	6.607134	7.033979	2.403830	0.076714	4.966472	0.000364	1.201194	4.971739
715	2	1.303282	7.037898	0.977557	-8.053321	7.643460	6.917710	-12.846998	7.195355	3.665921	1.969209
717	2	2.262350	5.039511	2.646683	-6.871573	5.993654	7.653043	-14.388774	8.765406	5.525404	5.640737
723	2	6.574639	-11.117025	7.078443	6.901022	1.310407	0.542520	6.191397	0.671605	-4.495670	6.150036
725	2	6.072309	-14.556237	5.454762	6.233776	-0.896103	0.774305	6.173918	1.902715	-2.343916	4.858901
728	2	1.113176	5.984157	0.486216	-5.230279	5.150978	7.178878	-7.507892	6.587199	7.567224	-0.972652
731	2	-0.484151	6.751356	-0.347678	-7.644942	6.729541	4.213459	-1.468654	5.755731	6.068589	1.302733
732	2	6.791858	-15.480491	7.785638	6.553214	1.059177	0.569403	5.341234	1.889307	-6.775891	5.664395
734	2	1.316642	8.174597	-1.265514	-10.155787	6.603388	7.707706	-9.432370	3.663220	6.774369	0.461494
736	2	5.276808	8.075188	2.145589	-8.716039	7.512592	7.143456	-5.677935	8.202799	6.183615	2.517694
738	2	6.788315	-14.749648	6.543723	6.634135	1.240395	1.238946	5.637391	1.128887	-3.921343	6.563587
739	2	7.386676	-15.851673	7.237701	2.802315	3.702250	2.034617	3.774987	0.642452	-6.622102	6.981195
741	2	-0.179847	6.539002	1.200726	-11.372125	6.926746	6.220383	-10.433266	6.427478	4.453911	1.303708
744	2	0.219032	6.386474	-2.717737	-6.413443	8.746520	0.719271	-1.861977	2.288991	5.225884	3.120439
749	2	7.226399	-15.911308	6.935336	8.006504	1.290244	0.948213	5.311132	0.455009	-5.916782	6.395586
750	2	-1.550497	9.111874	1.981118	-13.205167	6.347786	4.460041	-5.870655	7.269191	5.068953	0.422590
751	2	6.493645	-12.824489	5.806862	5.403865	1.736787	6.493645	-6.777336	5.806862	-7.289607	7.858735
754	2	6.233541	-9.106025	5.185139	6.029427	-0.178051	2.596236	6.660054	-1.316576	-3.707592	5.285783
755	2	1.022203	9.228347	0.089924	-10.211425	7.754501	6.514992	-8.112015	5.965428	8.481980	1.859799
759	2	5.256732	-10.205196	8.158173	8.292615	-2.079576	0.415740	1.783448	6.846938	-2.936659	3.998865
760	2	7.786845	-14.232331	6.224427	6.420780	1.321495	1.860411	2.211901	2.148028	-6.839401	6.481228
762	2	2.052912	4.034360	0.589862	-1.915125	3.501138	2.053454	1.387621	0.598468	4.326243	-1.680204
767	2	0.208587	6.737255	1.544538	-8.603923	7.894204	5.614526	-4.137392	8.110387	5.706773	1.826885
772	2	2.137411	-4.155957	4.925501	6.446040	1.771304	-3.731012	4.722381	-1.285641	-5.980270	7.480052
774	2	5.094311	-12.333203	7.839946	6.539665	0.990318	-1.192438	5.465573	1.632760	-6.288120	5.563820
776	2	6.303832	-12.082366	8.816199	7.020485	0.878018	2.029682	1.107372	3.552024	-1.309536	6.905417
780	2	0.539379	6.958030	-2.529653	-9.927763	5.412710	7.018929	-7.745807	3.215416	6.336442	0.138490
781	2	1.636523	6.270077	0.355825	-9.620515	6.669721	7.949321	-12.732251	5.944503	5.990746	0.950361
784	2	7.814257	-18.062472	7.180936	7.033615	3.020073	4.320964	3.225063	2.877345	-0.425040	4.628925
788	2	6.659552	-9.298005	5.447571	6.471084	1.882184	1.189509	5.886843	1.262612	-7.300956	7.114184
792	2	3.969535	3.198868	1.961577	-4.459972	6.201045	6.248389	-11.756149	7.604318	8.151470	1.291684
793	2	5.772460	-8.913240	8.341958	-2.164086	8.961118	5.772460	-14.900814	8.341958	6.632083	2.703884
794	2	0.337482	6.775620	-1.029573	-5.866188	3.532332	6.655300	-13.080560	5.288146	6.169600	-2.196914
798	2	-0.273876	6.172101	2.255626	-8.605856	7.081848	5.782591	-6.158543	6.529419	4.285392	2.610900
800	2	7.655550	-11.652462	7.367314	3.000814	2.100454	5.972167	1.017018	3.009081	-6.821306	5.465911
801	2	0.726887	6.545894	-0.906398	-1.231324	7.525850	7.158549	-9.977265	5.727872	8.059934	3.032647
802	2	8.543941	-9.679503	7.448939	-7.713696	6.264290	8.543943	-15.461793	7.448939	3.453289	1.569746
805	2	4.699916	-10.724203	7.047721	6.874017	-0.103679	-1.733193	9.174538	0.780742	-4.885688	5.874823
806	2	-2.183346	2.937156	-0.721994	-7.564247	4.576120	3.557787	-4.378051	4.641073	3.860869	-1.569924
809	2	7.439627	-8.136932	5.705300	-5.423757	8.258074	2.221731	6.856531	-0.062239	-11.964419	8.265912
811	2	7.112876	-11.386893	9.123659	9.070977	2.556781	3.494485	6.595886	4.074776	-3.701397	8.089759
812	2	4.093242	-8.836954	7.717606	7.312853	-0.722823	-2.139898	7.167482	4.041317	-6.979039	5.261991
814	2	5.552199	-12.995667	2.140961	7.303239	1.316841	0.948626	3.326971	-3.970361	-3.943057	5.923442
816	2	0.969284	7.562612	1.066077	-5.581868	4.481885	7.154344	-12.321991	6.679158	6.093612	0.915868
818	2	-0.965221	2.192072	0.048118	4.548699	2.882020	-0.965417	6.535538	-1.323976	-6.473594	7.608818
819	2	4.018861	-11.043669	8.110479	7.195854	0.424592	-1.241413	4.907907	2.431590	-7.275629	6.638635
820	2	0.393167	5.436877	4.220488	-5.165342	4.045195	5.716918	-14.559952	8.975797	5.715182	-2.190205
825	2	8.414213	-7.331611	6.542338	6.308919	-1.076243	4.166710	5.964512	1.953881	-5.193367	3.702310
826	2	6.874759	-11.483504	7.216373	8.132774	1.587592	2.683671	6.935681	2.611491	-6.938555	6.775788
828	2	9.710177	-13.467184	8.239273	7.529778	0.861857	3.278477	3.315335	6.276279	-6.688456	5.183616
829	2	1.729386	6.911253	0.693286	-6.626709	6.990168	6.721127	-8.135962	6.384419	6.216559	1.708872
831	2	0.366726	7.809058	2.046947	-7.788217	6.977468	5.747038	-7.476943	6.128759	8.149477	2.726012
835	2	6.405020	-11.781462	5.473016	7.772949	-2.220017	2.946334	5.829581	0.544550	-1.872143	3.467689
836	2	0.749253	7.379490	-1.258249	-3.665127	8.374785	0.749315	4.976569	-1.258115	5.159589	1.840673
837	2	4.852929	8.595032	1.409183	-5.839914	6.985398	5.786899	-4.698326	6.695257	6.369508	2.089142
840	2	6.857885	-12.264283	6.697322	6.484583	3.111799	6.837486	-7.726378	6.697322	-3.321945	7.283428
841	2	6.460349	-10.285419	4.921543	3.981386	-0.957063	2.173054	7.029194	-0.866269	-5.240504	4.774252
842	2	8.601634	-10.591456	7.745357	-5.897658	5.102327	8.601635	-15.130550	7.745357	7.039137	0.060812
845	2	2.904375	7.884038	-3.003954	-1.411099	2.580277	8.028609	-4.626944	3.095694	6.927887	-1.600908
848	2	4.409469	-10.420506	5.187460	5.520546	1.405483	4.092262	3.017731	-0.828971	-6.768355	7.703088
851	2	1.091998	7.880149	0.039577	-9.046768	7.696197	7.631646	-5.759415	5.806832	7.114869	2.172938
853	2	2.242470	6.223605	0.649423	-7.898040	5.025324	7.598834	-10.614182	5.354501	5.080599	-1.613472
854	2	6.828138	-16.603874	6.375184	7.038789	1.713790	0.355960	6.208055	1.661310	-2.467062	7.058231
857	2	-1.514955	6.777161	-1.617850	-4.999236	4.080426	1.500710	-2.214253	2.134821	4.084819	-2.424128
858	2	3.143016	5.787957	-1.345677	0.437530	7.628189	8.889544	-8.893528	3.421327	6.263477	1.403783
859	2	5.590439	-8.441681	5.869226	7.305026	2.220596	1.287490	6.094924	0.620568	-3.881293	7.483168
862	2	6.451912	-13.417942	6.046914	6.980821	-1.875708	1.173498	6.264610	0.296722	-5.326043	4.632942
864	2	7.457642	-6.997372	8.816303	-6.863719	7.767409	7.457642	-12.253364	8.816306	4.583668	2.332561
865	2	6.269995	-6.850470	5.887527	5.675290	1.400033	0.920421	8.327942	2.571656	-6.086865	7.904706
866	2	2.072016	8.175651	1.600478	-10.485890	8.841435	6.550298	-7.261895	7.110729	5.207463	3.136065
870	2	6.765752	-7.205443	8.548612	2.242500	6.899015	2.206005	4.906774	3.234434	-4.336411	8.905597
873	2	-0.155924	6.709503	1.566804	-8.774405	5.354209	6.161341	-13.388878	5.462867	6.904035	-0.383900
874	2	-1.028200	3.343930	1.955469	-9.872640	7.381858	5.511326	-11.835022	8.077752	6.192169	4.927156
875	2	2.041864	6.534653	-3.817263	-10.220723	5.985139	7.825300	-5.954571	1.323961	8.310884	3.209074
876	2	5.884660	-9.240441	2.549519	5.592932	-4.047738	0.321248	5.967266	-2.303400	-3.913145	2.536340
880	2	3.372221	7.222290	0.442747	-10.220053	8.300950	5.088904	-3.245413	5.395792	6.866806	2.936466
881	2	5.027089	-9.603074	8.978115	8.200371	-0.331379	-0.001659	6.065338	3.482390	-4.162186	6.186405
889	2	4.595496	-6.035656	6.571791	-5.295885	6.683183	0.458032	6.172344	1.608390	-9.845380	6.683462
892	2	6.394135	-9.108915	6.392975	6.968830	4.110539	0.913332	6.218444	0.368297	-2.267966	9.424617
895	2	1.420693	7.257049	-2.981645	-6.396345	4.744215	2.927405	-4.710588	2.863427	7.565772	-1.372604
896	2	-2.019400	5.995625	2.688155	-0.435779	7.446034	4.112917	-3.973457	6.832379	6.665153	2.684811
898	2	2.553803	5.719570	3.796777	-5.130902	9.442185	8.489909	-5.583510	9.496537	-3.940134	9.442179
900	2	3.246147	8.082587	-1.208306	-7.755543	7.444367	6.622399	-3.123884	4.252421	5.911680	2.104475
903	2	6.005654	5.964129	0.745462	-2.611228	9.728198	7.065376	-11.939516	7.249952	8.688519	3.769213
904	2	7.529405	-14.594059	7.293888	6.741303	1.490943	2.551182	8.120914	2.807663	-6.398934	7.772404
905	2	0.957604	7.072833	2.248403	-7.351105	3.905131	5.283914	-9.879435	8.237221	5.695599	-0.453980
907	2	6.838393	-5.379620	6.983091	-5.521157	6.706311	3.610307	5.492999	2.762186	-11.530844	6.713661
909	2	1.228285	7.017712	-0.551762	-1.501361	5.133960	7.301236	-5.445335	5.419462	6.835673	-0.491062
911	2	-0.893045	5.168862	0.738931	-1.992160	4.231750	4.932742	-10.908601	6.653024	4.966332	-1.502397
913	2	7.475815	-17.129979	7.612023	5.998889	1.014798	7.475815	-12.041233	7.611756	-2.512982	6.281494
914	2	6.479084	-13.755698	6.334307	5.636908	0.461791	2.838110	2.682731	3.953786	-5.030096	3.811819
917	2	-2.095948	7.126302	0.759990	-10.666994	5.504327	2.090531	-4.604119	6.526108	5.102368	1.088166
922	2	2.024206	6.025446	-0.928115	-2.661810	5.886280	6.616140	-8.877725	4.279378	7.976712	-0.184247
923	2	3.717915	6.335488	-1.035266	-5.561412	6.894261	6.972540	-9.519560	5.098200	8.103466	0.628066
924	2	5.325508	-5.865868	5.119932	6.847653	1.623217	3.758478	7.323093	-0.172080	-8.563160	7.601032
927	2	1.964051	7.884736	-1.331765	-11.541136	8.646336	7.676383	-4.382243	4.749919	-4.060487	8.646329
928	2	6.846066	-15.107170	6.356905	4.411869	1.387439	0.203424	7.327148	1.034713	-8.253157	6.797756
929	2	0.525829	7.034649	0.368476	-8.871726	7.564106	6.884961	-6.244784	6.083235	6.397239	1.836917
934	2	-0.643613	7.293515	0.461550	2.899220	1.956043	-0.643619	7.576303	0.461543	-2.411948	5.517806
935	2	3.765005	-6.199219	8.827726	6.447547	-0.088493	-2.318139	4.251618	3.545460	-2.008660	6.470710
938	2	-0.176479	0.397041	4.408336	6.333144	2.592883	-0.665308	3.581097	3.404982	-1.832006	8.069739
941	2	1.623066	7.845332	0.315786	-7.738633	6.035530	7.411005	-7.799031	6.716581	-4.795900	6.035530
942	2	-2.916897	7.096399	2.013059	-4.740310	7.286937	-2.882145	3.125865	2.050109	4.514306	0.797928
943	2	1.758308	7.116950	-1.117837	-9.097862	6.548773	6.407918	-7.924773	5.334212	5.347358	0.291611
944	2	-1.315378	6.718335	-2.087465	-12.929920	6.854857	4.492576	-6.698764	3.126789	2.902379	1.023943
947	2	4.810224	-11.585318	5.066469	4.224931	1.392085	-1.056205	6.414740	-0.375570	-8.442673	5.936015
949	2	5.067996	-4.474876	4.387714	6.029275	2.870769	-0.127508	6.975003	-1.771380	-9.223816	6.913934
950	2	-0.430603	6.829363	0.369088	-10.978616	7.862758	4.848513	-6.252602	5.968606	6.270346	5.707341
952	2	-1.414692	5.338977	0.008307	-6.878623	8.560358	5.040696	-11.282296	5.912439	6.917560	3.044104
955	2	6.758972	-11.772133	9.575151	5.002720	1.369256	2.898929	4.253740	4.637374	-8.836619	6.291708
959	2	5.984872	-12.606579	6.857752	6.775869	-1.059114	1.454408	6.341506	1.889982	-2.582980	5.511660
960	2	0.123306	8.422606	-2.682281	-8.003952	7.135231	6.246398	-12.750827	3.904606	7.022250	1.529943
962	2	2.324359	7.350127	-0.092039	-9.232251	7.730594	8.281525	-8.927180	6.406131	-2.592175	7.551131
966	2	2.335132	7.208662	0.217621	-8.489319	4.538218	8.396094	-6.258803	5.649371	5.455687	1.157548
969	2	-0.796873	7.851225	1.536457	-9.260512	7.275046	4.986209	-5.981175	7.048237	6.018718	3.191047
972	2	5.555260	-9.440665	7.424216	5.434302	1.045440	-0.804227	6.302939	0.842817	-9.680296	6.446533
977	2	6.290227	-3.930122	4.205026	-5.638202	8.373087	-0.042081	6.754230	-1.777950	-10.696449	8.373087
978	2	-0.818392	8.222951	1.469467	-9.670900	7.335235	4.378312	-5.377402	7.548736	4.132502	5.094807
982	2	6.112400	-13.049034	7.335796	3.556104	0.230394	1.371135	8.378211	2.191848	-9.066651	5.844996
983	2	5.900460	-6.032689	5.782448	6.073563	-1.431712	0.199097	6.232563	-0.270913	-6.000791	3.289564
984	2	4.942387	-8.782880	4.967433	2.469794	3.688643	-1.114965	7.086814	-0.932131	-8.543842	5.660277
990	2	0.213619	5.755964	0.163536	-6.581679	2.287577	6.186513	-13.648872	5.027115	4.666227	1.800034
992	2	1.643590	5.620907	-4.443278	-9.997044	6.481169	6.660206	-1.565350	2.110249	-6.614356	6.481161
995	2	1.927683	8.297543	-0.378020	-13.625535	7.298515	7.917371	-1.837518	4.485209	4.555238	1.129788
996	2	1.336273	5.925181	2.265492	-5.965279	3.674651	7.303039	-8.924724	4.926901	6.407244	2.692186
1000	2	6.315385	-13.238157	6.996141	6.638180	-1.667621	-0.105356	6.143035	1.600100	-5.248566	4.504324
