3	2	-0.061143	6.143128	-1.062797	0.472630	3.775180	-2.653813	5.236120	6.406382
4	2	-0.555640	6.592865	-1.654885	-0.020333	6.021848	-5.216368	9.440447	6.548807
7	2	7.908341	-8.576865	6.730485	5.789327	1.912588	5.842142	-4.429473	-0.732715
13	2	1.281985	7.084666	-1.294686	3.307943	6.572713	-6.872505	7.169153	9.354744
14	2	3.525196	-5.901060	7.961708	7.860844	2.004140	3.706108	-0.471645	3.533825
17	2	1.350649	7.918758	-3.146936	-0.834946	6.448063	-0.911842	6.276446	4.128160
18	2	0.070242	6.712598	-2.884433	1.758676	2.838679	1.220197	7.161782	5.494054
20	2	0.602248	6.400417	-2.426272	0.545160	4.854753	-3.614968	8.295962	5.165491
21	2	0.176743	6.488809	-2.920871	2.362430	5.998885	-6.182452	6.363702	8.191898
22	2	6.101730	-6.623587	5.189271	7.254253	0.367106	6.895614	-4.823726	2.472387
24	2	7.918214	-2.067159	5.652557	5.452076	2.382503	3.081232	-2.449353	-0.917351
25	2	5.189551	6.166049	-5.265727	-0.524167	8.362927	-3.530250	4.995204	6.056489
27	2	1.959768	7.742533	-0.301510	1.286176	8.106295	-6.198795	5.540390	6.406182
28	2	3.271001	1.048427	6.671301	3.968538	-0.539661	6.502135	-5.694238	-0.787222
30	2	0.698090	6.240607	-5.261987	0.304337	2.698121	-0.728496	6.802083	5.865019
32	2	7.837648	-9.726986	6.608208	7.620266	1.261081	4.825677	3.278470	1.918618
33	2	7.426754	-3.822603	-0.201090	6.280479	7.455706	-8.182591	4.533221	6.280480
37	2	4.203013	-3.916523	8.567045	5.984011	-1.575012	6.180011	-0.727319	-0.629024
38	2	-1.304444	7.982543	-5.843923	1.105752	4.017790	-1.374398	6.194505	6.855673
39	2	5.478506	-7.859148	8.165933	7.028874	4.534597	3.944656	-1.105830	1.128608
42	2	0.322797	4.451351	-4.532551	-0.918604	6.549230	-4.614294	7.815816	2.688745
43	2	2.228969	6.070155	-9.971380	-0.882299	6.852043	-4.171717	-2.807663	5.432068
44	2	2.807322	5.317723	-5.534304	-0.944357	6.990606	-1.076202	5.952283	3.365255
47	2	4.232457	-3.858415	6.999038	7.258669	-2.241946	5.324818	-0.984769	2.108335
50	2	2.448610	7.621888	-3.355422	-0.858689	9.017971	-5.943869	5.971142	5.752820
53	2	6.884047	-5.785247	6.834844	5.552077	3.068918	4.242287	-5.777576	0.140736
55	2	3.078480	7.832571	-5.015200	1.627491	7.307281	-5.054446	5.279839	6.720584
56	2	1.138635	6.832720	-0.258076	-4.429031	7.522638	-2.709089	7.582325	2.069715
57	2	2.650207	6.543693	-0.573425	0.501973	7.519056	-10.268360	5.809511	5.802789
58	2	5.691247	-3.161564	7.475055	6.110429	-0.315762	5.019505	-2.956200	4.213566
59	2	7.647508	-7.228552	7.028608	7.536806	2.432016	6.325862	-2.221853	3.774854
60	2	2.563603	6.573744	-6.413803	2.759159	5.713978	-2.840986	5.895520	6.605465
61	2	4.121751	6.235584	-2.183701	2.093834	7.711224	-1.173632	6.345158	6.589901
64	2	1.378786	6.866289	-8.517927	-0.575542	7.503339	-0.707002	3.267704	6.008957
65	2	2.272454	6.067203	-4.312337	2.981080	8.492218	-4.019039	8.410016	4.955112
66	2	-1.134453	4.877604	-1.435990	1.075203	4.127567	-5.501640	6.474981	7.382915
67	2	2.630676	7.130898	-3.653641	1.035300	6.962482	-7.625866	8.906156	6.104176
68	2	0.702036	4.243493	-1.439061	2.231830	4.917462	-1.746518	6.437271	7.245654
75	2	1.116135	7.726421	-2.524924	2.266495	5.621300	-4.951414	9.743317	7.530696
77	2	6.539154	-13.249939	7.206297	6.561388	2.645729	4.154923	-0.701592	-0.015245
78	2	6.115529	-6.080798	7.010627	7.329286	1.832537	7.896460	-5.373845	1.735622
79	2	5.794252	-2.522911	7.006411	3.730988	-0.707188	6.897368	-3.697514	-1.561461
81	2	5.048449	-2.994839	6.314597	7.193679	-0.247142	8.189402	-5.294435	0.977192
86	2	0.172582	4.263275	-2.648072	0.854000	4.581870	-5.099805	7.530307	6.233808
87	2	6.177876	6.448879	-3.326554	0.119408	7.050258	-1.602304	9.409848	6.526141
88	2	0.089719	6.808139	-1.706484	1.037806	6.514718	-9.941546	7.738360	6.176366
89	2	4.592203	-3.870186	8.966243	8.673248	-0.591270	6.691856	-1.782396	2.294887
90	2	5.081886	-0.628105	7.892668	3.519766	-0.721806	6.941008	-4.301351	-2.293008
91	2	9.011147	-11.649198	8.252385	7.050468	3.453586	3.759401	-1.688701	0.569234
92	2	5.836063	-1.808306	-1.426051	6.893565	1.349450	6.995146	-7.790063	1.483757
97	2	-2.991252	7.308765	-6.496209	5.375818	2.701767	-0.895477	4.700527	8.899049
98	2	4.294680	6.088803	-7.278879	1.529540	6.622500	-3.859274	4.753112	4.605453
99	2	-2.071219	5.740506	-5.910001	0.972710	3.902779	-11.143575	6.103663	6.849026
100	2	0.927080	6.514595	-6.802829	2.200196	6.553146	-0.801922	5.811933	6.599315
101	2	7.073965	-5.869137	6.353844	5.262349	3.918303	5.114593	-4.284101	2.123196
103	2	6.418163	-4.837646	-0.043201	9.376307	2.189345	5.478325	-1.634616	3.086440
104	2	5.458406	-6.174389	6.990938	7.073172	1.321038	4.793619	-2.693710	1.515214
109	2	2.510429	6.948193	-3.895086	-0.022690	7.192174	-3.119768	6.732558	6.040261
111	2	-0.495394	6.523634	-4.516053	1.779135	6.027948	-6.501948	6.701548	8.406130
112	2	-0.796227	7.839892	-4.502670	0.793063	4.919267	-6.253560	6.867629	5.398702
113	2	0.071741	5.836634	-6.065047	-0.128742	6.588561	-4.986551	4.983973	6.114471
116	2	0.452180	5.728595	4.151000	0.412561	0.447656	6.678277	-2.053188	0.412561
117	2	3.710853	5.429774	-4.350383	0.821922	6.302614	-5.930289	4.363408	3.661408
118	2	-0.453399	8.264686	-2.551964	1.107030	3.793556	-0.547911	5.258564	7.097635
119	2	6.532839	-4.562431	6.395453	7.611134	1.316768	4.528205	0.232607	1.907131
120	2	-0.870982	7.863733	-2.340515	-0.642608	-0.870677	6.196963	3.905666	-0.642605
122	2	6.909247	-11.268109	5.921470	6.631097	3.497104	3.843236	-1.677216	0.151793
125	2	8.257023	-9.675738	5.696781	7.734370	3.185415	3.311236	-0.730400	4.200854
127	2	-0.902484	6.979761	-1.338093	1.771325	5.500476	-5.569921	6.035856	6.058786
128	2	8.136565	-6.984751	7.156560	6.188105	1.612716	6.874113	-3.577258	1.319721
131	2	3.151156	-4.029447	5.034399	5.846187	-2.646907	4.740260	-3.753927	3.449063
133	2	-0.243876	5.489533	-0.315520	1.400618	6.337232	-7.408555	6.641315	6.907139
135	2	6.328407	-5.108238	6.291987	5.646886	1.977983	7.349989	-3.180562	1.443896
136	2	1.356964	5.122070	-4.622813	4.404543	5.851285	-4.284169	8.333875	7.742411
137	2	0.452060	7.753216	-5.267961	-1.890258	0.452060	7.751074	0.976280	-1.889366
138	2	0.664936	4.516096	-7.257077	1.778272	5.458203	-0.890558	4.134200	4.952399
139	2	6.339585	-4.533728	8.466655	9.125355	0.797482	5.198713	-2.861588	8.615304
140	2	-0.784439	5.416006	-5.480283	3.988744	-0.720845	0.548825	5.234136	8.176605
141	2	6.240326	2.261268	-0.007837	5.768241	7.994349	-2.646254	5.273226	6.359472
142	2	4.898997	-5.845823	8.725542	9.392621	-1.133064	5.357017	-3.620532	3.041035
143	2	8.148030	-10.365431	5.833984	5.272622	2.838413	6.801670	-3.233739	0.133615
144	2	1.608448	6.749731	-3.192937	-0.672830	7.635057	-4.571332	6.982032	5.882548
146	2	6.327314	-6.479797	5.445816	6.350019	1.298808	6.714658	-1.508199	1.463064
148	2	6.894025	-8.936966	8.185629	7.757604	1.485945	5.988098	-1.668339	1.754288
149	2	0.798433	2.329344	7.789225	0.137227	6.974785	-8.518607	8.065244	5.516497
150	2	5.944889	-7.942682	7.656572	8.709036	-0.555373	4.626945	-0.147188	5.106376
151	2	6.283195	-6.597905	6.000676	6.363411	1.230838	6.414428	-4.318910	1.894803
153	2	0.214882	8.050287	-0.196559	1.386771	6.316991	-1.669907	9.597609	6.008574
154	2	0.057323	7.875911	-2.820728	0.643015	6.424856	-2.458063	7.243346	5.717797
155	2	6.678151	-5.754150	7.452180	2.103968	2.914330	4.663623	-4.716879	-1.670828
158	2	7.525582	-8.599597	9.197096	6.532787	4.517998	4.193940	6.959482	1.659471
159	2	-1.353922	8.462084	-2.953092	3.875078	4.465811	-2.097379	7.323845	6.200457
160	2	-0.969524	6.070615	-5.163409	0.446266	5.312014	-2.414397	6.963769	5.468875
161	2	9.718455	-6.138422	6.354635	6.251087	3.488680	7.405035	-1.185871	-0.032491
170	2	0.244683	4.925160	-2.317950	1.733321	6.634236	-7.346398	5.948548	7.192064
172	2	7.885200	-6.649182	7.382053	6.434567	1.473463	6.777451	-3.251134	0.325977
173	2	6.513874	-5.533047	1.294549	6.900452	0.450123	6.289244	-3.188439	3.131110
175	2	6.617311	-1.805082	6.644280	5.888424	2.513598	6.505006	-4.486333	1.335235
177	2	8.302453	-11.170014	6.453050	7.615973	1.892756	6.395481	-0.647974	1.734749
178	2	8.009205	-7.151177	6.981467	5.130418	3.300964	7.083291	-2.984492	-0.609078
181	2	6.829885	-6.660092	7.520180	6.378483	0.322049	4.463023	2.518795	3.163378
182	2	-0.306889	7.033095	-6.520973	1.233380	4.619920	-4.191578	6.171521	7.619938
184	2	6.707048	-13.204072	9.466342	7.779238	3.039194	4.271549	0.508371	1.543555
185	2	7.052410	-0.739665	-2.145085	5.501822	7.640919	-4.622426	6.709547	5.507771
186	2	7.283845	-8.520557	7.404807	6.110469	2.563821	6.354526	-0.922430	1.670325
188	2	8.231547	-5.634944	7.082448	6.580166	3.453392	4.797326	-1.000017	4.502938
189	2	2.259229	4.067387	-0.561967	-2.567945	5.085805	-3.059096	6.430795	2.142834
190	2	2.833708	6.828859	-0.978533	2.872083	8.194282	-8.250407	7.439873	6.700682
191	2	4.268916	-2.692756	4.604648	4.767026	-1.339012	6.426618	-6.946116	-0.361813
193	2	0.764515	9.132348	-7.105640	-0.906565	6.655569	-0.234404	-2.002008	4.334865
196	2	6.842956	-5.633786	5.696242	8.359350	0.251601	6.295791	-4.289475	2.495278
197	2	7.198486	-6.140833	7.264692	6.189149	3.337752	5.819700	-4.630595	2.592387
202	2	5.465433	-9.753086	8.895727	8.086745	-0.508467	6.747328	-2.087089	4.127680
203	2	5.748356	-2.052429	2.880471	7.540285	1.248799	6.767984	-8.213926	2.643398
204	2	3.110380	7.126034	-5.279328	0.819175	7.597312	-2.301688	4.843925	5.565460
205	2	-1.967248	5.963759	-2.948879	1.218979	4.538833	-2.954958	7.995958	7.198372
208	2	2.324000	6.457791	-8.698683	-0.313555	8.353735	-5.031732	4.434828	5.389837
210	2	2.110570	2.586445	4.946908	0.896876	6.553553	-1.579301	6.186383	4.083069
211	2	7.207273	-1.627886	0.522875	8.716518	7.207324	-6.253989	7.032263	8.716519
218	2	-1.707049	7.008912	-3.637393	0.865302	4.458568	-1.223241	7.725290	6.560155
219	2	0.778199	6.269573	-5.849047	-0.555494	6.053056	-7.747126	6.496219	5.953954
221	2	-2.405645	4.907842	-3.229614	1.983270	3.521992	-4.641338	6.839238	7.520775
223	2	6.268386	-11.767412	7.493708	6.489083	1.629966	3.772686	1.495786	0.592160
226	2	1.562777	7.719640	-2.115463	-0.033733	7.715936	-3.912890	8.363078	6.453257
227	2	-2.155161	6.895665	-7.276979	3.154378	2.753354	-2.873577	5.606142	6.711049
228	2	1.519534	7.387446	-5.015780	2.365796	7.770570	-3.667646	6.352473	8.089591
230	2	0.921464	8.974431	-2.096219	1.155247	7.231572	-4.628370	6.740284	6.819295
231	2	5.474669	-7.769352	1.960962	6.470150	5.474691	-7.772746	7.619577	6.470150
232	2	1.331074	5.436503	-8.238960	0.303050	7.090630	-5.307917	3.691187	6.656113
234	2	1.431293	4.547218	-4.594414	2.315820	6.391327	-10.305900	3.734631	7.480364
235	2	1.472903	8.424838	-0.204542	2.604378	7.451307	-4.149649	8.047957	5.742522
236	2	-0.771063	5.239241	-5.089139	2.569427	5.832533	-4.568162	7.156181	6.673200
243	2	3.984255	5.902824	-3.439256	0.310064	7.155206	-1.340778	8.608396	5.038759
246	2	4.746716	-3.493196	-0.227976	7.454933	0.731702	7.077067	-5.206008	1.646598
247	2	8.725814	-6.095656	8.772626	6.724913	4.032408	6.571139	-2.971833	1.172497
249	2	0.357021	7.607664	-2.213696	0.759760	6.665863	-0.350750	7.480495	4.624493
251	2	8.036797	-3.789333	0.898693	7.286926	8.036798	-5.775490	5.544788	7.311442
252	2	0.582633	4.590814	-5.532123	3.739153	6.381958	-1.170881	5.272550	7.997145
254	2	3.455464	7.516776	-5.066733	-2.463633	7.479617	-2.846371	6.373005	3.786688
256	2	5.691156	-6.024807	6.933994	6.350243	0.713115	4.945171	-2.975602	1.552258
259	2	6.558254	-11.501891	8.527876	8.542965	1.717784	6.068104	-3.371277	5.018420
260	2	8.160437	-2.753039	8.196368	4.990169	3.281296	7.043438	-2.504246	2.100938
262	2	3.843137	5.905697	-8.717970	3.666389	7.699727	-4.878456	-2.186617	8.866887
264	2	6.316090	-4.112510	-0.399414	6.305591	3.711672	3.814828	-8.957011	2.414132
265	2	5.627142	-12.313261	6.251581	6.229910	2.131606	3.297371	-3.127986	1.158323
266	2	7.695155	-8.041748	6.840862	6.859702	3.879154	6.098341	0.635034	0.624889
267	2	4.189281	0.049640	6.981773	7.038573	-0.973872	6.305263	-5.610605	1.564816
269	2	2.277897	7.282235	1.404619	1.592072	8.494515	-7.881791	8.874369	6.335330
272	2	3.234832	4.504832	-6.198966	0.915441	6.688077	-5.390322	4.401480	5.893671
273	2	5.896149	-6.961097	6.245788	5.705563	3.889022	4.915728	-2.267901	-0.857365
275	2	-3.979938	6.630974	1.235304	-1.754357	1.468990	0.982059	6.274777	0.887346
276	2	9.297804	-4.173979	0.731923	6.147184	9.319817	-10.415462	6.692415	6.147184
277	2	-0.581228	4.665302	-0.848168	1.007418	5.210935	-7.254837	6.647079	6.474761
279	2	3.077243	1.281140	-2.299745	6.609672	4.837619	-3.632823	7.584583	7.678199
282	2	0.579838	3.880661	-6.146731	4.025990	6.407993	-3.359589	6.420957	7.450400
283	2	0.458849	5.436793	-5.780938	1.334998	6.221893	-11.597211	5.885452	6.835557
289	2	3.953289	-3.273405	6.683761	6.774114	-2.220107	6.083473	-2.531404	1.619705
290	2	8.626779	-4.437608	6.328171	6.198592	2.529781	8.219476	-3.879750	1.195301
295	2	1.157070	1.466069	6.181224	0.038084	7.077632	-4.104122	7.107831	4.899006
296	2	6.292881	-2.356544	8.145527	7.822182	1.382157	4.958378	-0.947418	4.962751
299	2	9.119860	-11.722633	7.204431	5.618586	3.233266	5.684134	-4.444060	1.336109
302	2	5.551302	-3.348569	7.703196	4.965292	1.736594	5.973798	-2.203522	-0.033258
304	2	0.109062	7.125789	-4.810334	0.777325	5.812333	-2.560792	6.798476	6.906784
305	2	0.942242	7.273668	-1.135393	-1.209726	5.921677	-2.795559	7.304820	4.412310
306	2	3.747942	5.925762	-5.726057	1.077948	6.037527	-5.470210	6.044037	6.415684
307	2	-1.894084	5.852059	1.571247	1.530706	-0.465692	1.474209	6.374100	2.089195
308	2	8.660967	-0.834658	-0.225381	5.875576	8.899882	-5.586051	5.609425	6.328788
310	2	-1.826572	4.515443	-3.184900	-1.050417	4.213889	-3.084069	6.682784	5.155844
311	2	-0.538712	6.832676	-2.305093	0.573605	6.054430	-8.588415	7.251206	6.574390
312	2	0.670370	5.946059	-2.773256	1.230068	6.645254	-5.447973	7.953043	6.557403
314	2	2.150474	7.307114	-5.026622	1.922471	6.532606	-5.980896	6.279878	6.333783
315	2	0.082892	7.286349	-2.953428	-0.770412	6.221669	-1.460977	8.219105	4.129527
318	2	2.103063	6.287346	-4.772312	-1.614707	7.744471	-4.197418	7.138995	4.854404
319	2	-0.916393	6.220340	-4.068073	-2.149191	5.617527	-3.914752	5.978624	4.345021
322	2	0.893462	7.610498	-0.946625	2.104451	6.433522	-5.810311	5.955380	7.503399
326	2	6.757388	-4.635491	-3.248617	8.163558	1.681883	6.062926	-8.896532	4.263530
328	2	0.803765	6.375098	-4.863046	-3.440719	6.946034	-4.502176	8.002539	2.810911
329	2	7.360890	-5.517387	8.328497	5.804241	1.815417	3.531009	-2.385912	0.697557
330	2	1.303002	5.812529	-5.299208	3.227319	6.863042	-9.567999	6.969019	9.262190
333	2	7.154457	-11.450659	8.170488	6.581465	2.139543	5.907379	-2.120883	0.781691
334	2	6.694944	-10.045580	7.753826	7.958276	1.176894	7.172265	-1.603527	2.172775
335	2	0.534868	6.810471	-4.317674	0.924910	5.076430	-2.302942	6.848002	6.690851
337	2	3.772735	7.307932	-4.295703	0.167252	6.017315	-3.071954	4.739880	6.136946
338	2	-0.916894	5.373945	-2.869812	3.096449	2.667254	-4.739992	7.128729	7.256461
343	2	2.276765	6.013408	-5.437344	-1.766029	6.400987	-4.856045	6.667684	3.466952
344	2	1.223432	7.453643	-4.468985	-1.311816	6.683596	-6.680049	5.565892	4.881557
345	2	2.916587	5.816073	1.697895	0.745859	6.076921	-8.678677	6.814603	5.910360
346	2	5.223032	-1.430974	7.765379	3.356680	-0.471920	3.998686	2.141865	-2.924024
351	2	3.063195	4.711005	-2.427274	1.814789	5.578936	-8.420275	6.924273	7.107689
353	2	-3.424629	7.777974	-2.600231	1.174008	2.603603	-2.203432	8.371183	7.640961
356	2	1.337997	5.593295	-4.156485	0.660496	7.009199	-0.377189	6.995806	4.637301
358	2	0.235346	6.056529	-3.997108	-0.956504	6.300835	-4.494757	5.976682	4.802245
359	2	2.959996	7.152852	-7.449175	0.931071	6.560802	-5.706794	4.468155	5.981825
360	2	7.628437	-9.992562	9.452363	6.815482	2.329348	6.546675	-1.181510	0.630605
365	2	1.625163	8.300808	-3.132057	-0.214411	6.233939	-0.261633	4.952178	2.917845
371	2	6.264495	-9.392459	7.087137	6.005984	0.671281	3.840916	-1.771097	5.275381
374	2	0.543096	5.802494	-1.381282	0.085593	6.485853	-5.141361	6.355673	6.360792
375	2	0.785312	5.087794	0.445573	1.147600	5.008501	-2.135910	6.868923	6.450312
376	2	2.794175	6.332401	-7.507773	1.333414	8.721863	-8.555674	4.898297	7.907239
377	2	1.072032	8.739087	-6.739695	-1.011892	6.136333	-3.023042	5.671921	5.459293
378	2	9.320193	-3.967834	-2.056423	8.995020	9.320756	-5.757533	3.775740	9.016768
379	2	0.855226	7.402465	-4.461114	-2.028903	5.381340	-5.453301	6.070353	3.352509
380	2	2.435772	5.374542	-5.451231	-0.453871	6.834058	-5.741953	6.669902	6.187014
382	2	1.829478	6.228320	-2.720827	0.010905	7.217514	-6.808696	7.467090	6.436566
383	2	6.790567	-6.953112	5.107733	6.638636	1.120599	6.279750	-6.086904	0.609712
384	2	6.404539	-5.028304	6.750369	6.050195	1.979994	6.326992	-1.714679	1.267263
388	2	6.927090	-6.135343	6.215679	4.457297	6.927090	-1.823971	1.423701	4.421427
389	2	2.617731	3.467368	-2.503635	1.274557	8.229086	-5.859558	7.202855	6.630233
391	2	-0.428132	5.859139	-4.236138	0.653474	6.118954	-3.534375	6.090755	6.025205
394	2	-1.474124	7.378719	-5.353674	1.990819	4.411704	-3.595240	7.426330	7.020288
396	2	6.500120	-6.290987	7.201736	6.322328	4.197479	3.723622	3.021756	3.542805
397	2	6.105054	-6.994023	7.932603	5.068676	0.012833	4.296746	-1.626195	-0.902671
398	2	4.441104	-0.830670	-5.414371	5.892616	1.486836	7.015345	-7.999568	-0.041059
399	2	0.745230	6.390609	-5.239930	2.903638	7.147417	-7.836282	5.947959	7.337508
404	2	7.810426	-8.469671	7.718090	7.269127	3.627921	6.213878	-3.695587	2.578658
405	2	-1.630914	6.574572	-3.820540	4.301565	4.958438	-4.854401	6.863865	7.980483
406	2	-2.807235	6.715733	-2.255166	-0.078746	1.580437	0.846981	6.835097	-0.078746
409	2	0.455784	6.832410	-3.581150	-1.572178	0.803151	6.350808	1.242860	-1.536924
411	2	1.919803	6.966303	-1.625336	2.285263	7.042809	-4.086142	7.223290	7.358173
413	2	-0.575502	6.881220	-6.251096	2.147824	5.644716	-3.332563	6.045435	7.036925
414	2	5.165196	3.912216	-4.991585	0.575366	7.050340	-5.268304	0.296231	5.814504
416	2	-1.129191	2.770400	-2.799619	4.810704	5.219799	-4.522480	6.025544	6.138291
420	2	0.606088	5.965977	-7.942429	-1.365295	7.249529	-0.918883	-1.482524	5.248106
422	2	0.222205	6.784020	-2.794291	4.205205	6.680595	-5.083618	6.847486	9.392511
423	2	1.749765	7.955833	-9.604138	0.740204	6.168483	2.065394	-9.499412	3.850641
425	2	7.331981	-2.709130	0.955446	8.067705	7.386344	-9.177454	6.539922	8.134591
426	2	1.605380	6.021695	-5.742278	1.349913	6.167132	-3.272075	4.793796	7.188137
432	2	0.316937	-1.380318	5.856761	5.706040	-0.905249	6.103569	-5.538710	0.012564
434	2	7.446016	-5.250132	-0.688129	6.828227	7.446226	-6.598913	5.683647	6.837086
436	2	6.877170	-8.336597	8.703333	8.332449	2.988562	2.992611	4.822871	1.872952
437	2	0.931582	5.872457	-4.489718	1.316302	5.064176	-1.624551	6.969916	5.968642
439	2	2.445874	6.364977	-3.677181	3.561493	6.737634	-4.446441	5.813519	5.976439
441	2	2.696706	7.663302	-6.998166	0.181066	4.473375	-1.508130	5.085926	6.616177
442	2	3.636652	6.549326	-3.127912	0.768047	6.859169	-4.305689	7.023155	7.084009
444	2	6.988137	-6.212218	9.235125	7.267626	1.479579	2.379490	6.057702	3.256902
449	2	-1.889415	5.438181	-4.118676	-3.418387	3.846489	-0.841652	6.396668	-3.336675
451	2	8.082711	-3.009437	7.458140	6.281825	2.845543	5.877170	0.726836	0.066128
453	2	9.105359	-3.386802	-1.559310	8.371500	2.857985	5.669802	-6.130560	2.111988
454	2	1.003961	7.439293	-5.185201	-0.871552	6.887928	-5.622153	6.861855	4.069694
457	2	7.229127	-9.207842	8.928225	6.703789	3.223001	5.790101	-2.198739	4.521071
460	2	9.893649	-6.354096	5.535855	5.450457	3.529511	7.948065	-6.335214	-0.430887
462	2	1.044286	7.232247	-5.972112	2.063455	6.674167	-7.475624	6.985672	7.116615
464	2	1.994597	4.328846	-5.084711	-1.682873	7.973022	-7.092784	6.539747	4.950027
465	2	6.214391	-4.920412	9.226714	8.654817	1.926277	6.446915	-1.400589	3.191563
468	2	6.841605	-3.555824	-1.321300	6.836393	2.733740	4.035803	-6.249003	1.536935
469	2	-0.810957	4.627491	-4.571856	1.085713	5.204635	-7.911916	5.708227	6.803104
470	2	6.063583	-4.258034	8.124396	5.940150	-0.508532	3.970675	3.103413	-0.126799
474	2	7.965256	-3.996645	6.328015	3.924834	3.579502	5.617940	-5.582611	-1.778051
476	2	1.016307	8.005570	-1.593344	2.360351	6.581520	-1.090633	7.633573	6.953229
477	2	2.305319	5.641625	1.615655	-0.231134	6.134751	-7.333151	7.803499	5.548792
479	2	6.954792	-3.451732	-1.269640	8.569187	6.992395	-8.342318	5.216521	8.609016
480	2	1.142117	5.051826	-2.225142	0.988446	6.434677	-2.747166	8.987240	4.839814
482	2	3.238323	6.551342	-4.975542	1.460418	7.420334	-2.599011	7.636317	5.227505
483	2	5.943710	-3.161807	8.069677	7.371247	0.980582	5.895436	-4.025595	3.757424
487	2	-0.184151	4.900131	-3.224594	0.847888	3.064151	-7.391530	5.428775	6.444063
489	2	2.130537	3.762020	-5.637803	2.394610	6.717966	-8.468114	6.143947	7.279625
490	2	7.495861	-5.098602	-1.400053	4.412433	7.528928	-11.577077	5.252402	4.433870
491	2	9.003839	-6.477410	8.209198	2.428152	3.990081	5.157010	0.410052	-2.720525
492	2	6.753457	-4.175149	6.506222	4.042798	2.751264	6.098021	-5.655190	-1.417485
493	2	5.977120	1.970945	-2.596059	4.555482	6.230626	-5.836580	6.516081	5.907069
496	2	4.151622	7.025606	-1.804329	1.815818	6.648412	-8.241454	7.040999	6.939442
499	2	3.080505	3.966808	-2.308698	6.455053	4.908481	-1.406215	8.285453	6.552264
502	2	6.123412	1.667707	-1.945777	-0.054885	7.123471	-6.175408	8.192937	6.105558
503	2	0.377211	5.500560	-6.099767	1.320600	6.794240	-8.047328	5.990308	7.646041
507	2	3.058438	-3.659307	8.138125	5.049067	-2.412241	4.066280	-2.014282	0.941830
510	2	7.082069	-1.382895	6.115756	4.582737	2.545061	6.123593	-3.429074	-1.945491
511	2	5.663996	-5.022873	5.493649	7.594345	-0.792293	4.412205	-5.854697	5.587800
513	2	2.457303	1.829487	4.618714	-1.119034	-0.517404	8.290026	-5.213374	-2.387613
514	2	-1.301182	6.262451	-4.084165	2.004357	4.789881	-5.173095	7.196304	7.720753
515	2	2.268782	7.357131	-2.139730	1.713743	8.246925	-6.507965	9.589856	6.631827
516	2	6.463535	-2.497417	6.654547	5.662369	-0.040583	8.225535	-4.128619	0.450506
518	2	1.535369	6.204813	-9.514564	-0.598979	7.463834	-0.176155	-9.399690	-0.279712
522	2	6.850122	-4.152144	1.841113	7.950855	6.850689	-7.406706	6.890009	7.950855
523	2	-2.770337	5.160555	-3.971143	-0.127372	2.844702	0.367239	6.142845	3.830685
524	2	0.059114	2.860704	5.708358	-0.644834	-2.440657	7.317760	-0.739520	-1.884509
525	2	4.508438	-2.731715	6.918987	6.274918	-0.194970	6.387669	-3.917152	0.075071
527	2	0.243972	7.431771	-5.610436	2.350068	6.523809	-6.332734	6.898845	6.273675
528	2	2.555897	6.255576	-6.939210	-1.553127	5.745956	-3.995112	4.690616	4.564062
529	2	0.629620	-0.761003	5.614871	4.832957	-4.674769	4.936335	-2.773310	1.953358
531	2	3.956645	7.634247	-5.183869	1.931816	8.024356	-6.157557	5.346876	7.327011
532	2	8.244363	-6.412211	7.140563	8.453106	2.123522	5.089386	1.719854	5.003691
533	2	2.538375	7.427729	-2.544040	2.251270	9.173278	-10.225280	7.478567	7.210077
534	2	8.008909	-6.114147	8.461422	7.068658	1.511354	6.807029	0.020919	4.984956
536	2	2.391827	6.801514	-5.197749	4.267532	7.153182	-3.104455	7.022881	5.915462
539	2	4.847631	-8.449357	4.201195	6.811528	0.450826	6.427113	-6.885863	1.481880
540	2	6.783975	-6.152681	-0.266789	3.593318	6.783975	-10.914931	5.352560	3.593318
541	2	4.183475	-0.265648	6.028449	6.171412	-1.221494	9.509111	-6.029152	1.100757
542	2	1.434536	5.015879	-4.939298	4.924066	4.665390	-3.269948	5.864285	8.954182
544	2	7.263715	-3.518771	6.751615	4.094299	4.641827	4.990978	-1.293230	0.393474
545	2	-2.151706	4.553889	-6.053702	-1.075114	3.814025	-2.599104	5.505719	4.760293
546	2	-1.974495	6.770942	-5.841622	3.068610	4.019022	-2.754167	5.770500	6.261602
547	2	5.291005	-4.175141	-0.522321	8.893451	5.291067	-8.659235	5.604923	8.893548
549	2	5.908178	-12.024898	8.062369	6.816529	-0.699000	6.090614	-1.314485	2.325568
554	2	4.813638	-3.047598	7.770820	6.542098	-1.472838	6.786120	1.281827	0.045942
556	2	1.424388	3.399031	7.708608	2.500410	5.413432	-1.899750	9.590745	5.929408
561	2	0.397305	7.610743	3.999413	-3.678345	0.178044	8.952860	-0.916044	-3.678345
563	2	0.883916	5.308910	-1.800401	1.186040	7.391948	-2.590341	6.553716	4.841889
566	2	3.831489	6.166073	-2.400248	1.490031	8.862562	-11.090874	6.467856	5.656221
567	2	3.599909	4.156330	2.061095	-0.415350	6.320650	-4.433544	7.663202	4.128856
568	2	0.686222	5.249544	-8.073793	2.386349	7.199652	-4.009788	-2.603569	8.338589
569	2	7.511291	-3.321561	6.125249	6.536370	1.603798	8.185580	-0.163401	2.161572
570	2	1.735568	6.293918	-8.752695	1.556973	6.292230	-1.235318	-3.433116	6.915986
571	2	1.133511	8.342237	-5.676724	2.782627	6.783694	-9.328238	6.349601	6.641365
573	2	7.022950	-9.467879	5.601980	6.373774	1.264651	5.917822	-1.776607	0.236145
575	2	7.772955	-8.869017	6.675018	6.423850	4.408920	4.906339	-1.017398	2.361851
576	2	6.336183	-5.459755	8.480392	5.237648	0.018758	5.777488	-0.977903	-0.777115
577	2	6.319609	-3.707765	-0.514233	7.466478	6.319609	-9.074527	5.789805	7.466478
579	2	1.475320	6.899695	-5.122141	-2.395921	5.705827	-0.267209	5.050616	1.206566
580	2	6.036212	1.521612	-0.541091	5.524960	6.628712	-0.446465	5.521056	6.172304
581	2	0.377327	6.578635	-1.857121	1.657495	6.630371	-7.361729	6.936583	7.909858
582	2	8.419109	-1.826032	5.173885	2.229630	2.564059	5.640086	-0.376188	-1.854839
586	2	8.150741	-5.704945	0.209597	8.021056	8.153054	-6.216401	6.709738	8.021155
587	2	2.626819	6.344083	-3.053152	5.012755	6.400130	-6.062208	7.083312	8.949563
588	2	0.147773	7.034387	-3.671279	1.794924	5.708283	-4.573197	7.436321	6.231566
590	2	7.420263	-6.577170	7.844250	7.092839	2.608229	6.260032	-4.533685	2.744990
591	2	7.310922	-10.201101	7.907744	8.095251	2.213923	3.880573	-1.445702	1.486175
592	2	0.371854	6.778300	-5.475754	5.924995	6.913808	-3.333435	5.950220	8.893424
593	2	8.854121	-1.841819	-1.375951	7.596329	9.097453	-5.531464	5.030949	7.597204
595	2	8.932518	-7.859971	7.280330	6.545830	4.915517	6.177955	3.685239	0.408351
597	2	3.872550	-1.958043	5.391988	5.514474	-1.778612	5.451858	-2.707558	0.372734
598	2	4.940165	-9.444403	5.152830	6.163557	0.233235	6.797912	-2.188537	-0.214319
599	2	-0.600697	4.286798	-1.401171	4.063986	4.898995	-13.061854	9.732947	8.355958
602	2	6.949915	-5.508205	6.038027	7.100829	3.690015	5.918594	-6.523382	2.859947
603	2	1.749196	6.813213	-5.032890	1.756398	6.803526	-4.532224	6.030641	6.552886
606	2	5.225839	-7.134553	7.410386	8.056411	-1.057627	7.384325	-2.202995	4.742759
609	2	6.728180	-2.690962	-0.243499	5.476894	6.728191	-7.684329	5.292801	5.594692
615	2	6.503774	-6.533765	6.664417	7.531458	0.930654	6.740346	-5.254450	4.105136
616	2	5.925575	-6.078913	-1.882165	8.269482	-0.681413	4.652086	-6.939934	4.625446
619	2	2.401393	9.535848	-2.517128	1.629075	8.292284	-7.223959	7.791386	7.663993
622	2	3.380105	-1.860408	8.206533	3.369610	1.496062	4.060367	-4.120180	-2.776730
623	2	6.211652	-4.850074	6.729013	6.747425	-0.342042	6.204508	-3.110203	1.147450
625	2	6.474667	-11.876650	7.728241	6.449043	0.844819	5.234787	-0.442208	-0.171811
627	2	0.634797	5.800107	-1.352872	-0.277754	6.470063	-2.590795	6.356158	5.993737
630	2	5.863603	-3.520914	6.876119	7.252094	0.336986	4.790213	4.430136	3.216170
631	2	2.411209	6.703159	-3.137661	1.802179	6.647324	-2.048756	5.543612	6.883057
634	2	9.455119	-2.100401	5.620602	2.152450	3.959099	5.662058	-3.933776	1.082487
635	2	-1.115954	6.297709	-4.519238	-0.531134	5.135856	-2.500829	6.323215	5.823135
638	2	7.802134	-4.895424	6.556627	7.181670	1.623587	7.324364	-1.091390	1.400431
639	2	0.699804	5.005601	2.979019	0.048860	6.196615	-5.946883	6.207701	6.664406
642	2	2.459689	6.263435	-3.768111	0.474098	7.188724	0.790792	5.564337	2.137452
644	2	6.469690	-9.019170	7.365319	6.569555	0.077580	3.266454	3.995569	1.274771
645	2	3.414255	7.231853	-4.641531	0.127303	9.034555	-7.137070	5.992835	6.563422
647	2	7.573335	-7.482628	7.716429	4.485597	1.104463	3.423074	-2.345869	-0.233404
649	2	0.868883	7.632414	-2.970815	4.458116	6.734192	-8.648159	6.789697	8.618919
650	2	-1.095151	9.048526	-1.960466	0.111379	4.662816	-7.050295	7.115381	6.498087
651	2	6.009010	-3.178775	7.880870	5.642507	0.637109	5.316799	-2.273868	-0.087825
652	2	1.672108	5.978649	-3.497254	2.141618	7.883208	-2.947975	6.598551	7.941289
654	2	2.452272	4.980646	-4.112020	1.218826	4.215206	-2.912281	6.690386	6.759779
655	2	0.778467	6.898927	-1.851716	-3.982739	6.674456	-2.832761	6.533426	2.249827
657	2	6.870539	-10.087119	9.249758	8.752666	2.793851	5.971729	-2.318115	3.627798
661	2	5.206190	-0.828178	8.204185	4.670033	-1.223732	4.244890	2.033937	-1.230992
662	2	7.495963	-4.883611	0.602477	4.672310	7.495964	-9.816827	6.176820	4.672775
664	2	1.857094	6.901703	0.021403	2.541925	6.511232	-5.248162	7.852567	7.022631
668	2	7.966982	-3.819629	6.857929	7.794734	1.474235	4.920138	-1.336306	2.369798
669	2	3.832819	7.028414	-3.764794	1.074766	6.455657	-4.622059	5.969134	7.291449
670	2	2.442915	8.239657	-6.330412	1.539262	6.318816	-2.858827	6.778789	6.827788
672	2	7.419352	-8.774712	5.872327	7.071438	2.627349	4.543789	-5.700307	1.746840
675	2	6.973909	-6.882421	4.077839	7.793055	0.363454	6.657408	-1.572037	3.277335
676	2	4.256499	-3.777275	9.476501	7.147537	0.424176	4.004219	-0.333827	4.302880
680	2	2.001022	6.425112	-3.593563	2.350641	6.413003	-6.392872	8.218205	7.496726
682	2	7.430578	-2.315710	5.336106	4.294183	3.183974	8.068925	-4.984227	-1.799049
683	2	4.154118	-2.917455	0.240467	9.375381	4.154144	-5.429377	6.768313	9.375467
685	2	5.649907	0.337106	7.786083	1.055356	0.321452	7.276675	-3.535212	-1.743165
686	2	2.700888	7.402063	-6.441502	1.247407	8.590259	-4.679571	5.473213	6.598845
687	2	0.133758	5.089045	-2.389451	0.138763	6.579257	-2.286922	7.396113	5.361829
689	2	6.248326	-3.132803	6.501126	7.036350	-0.348579	4.999971	-3.353512	1.595023
690	2	-1.357233	6.686545	-7.667885	0.753516	2.683711	-0.128221	4.992845	6.935096
692	2	4.423708	-8.053892	6.313712	7.083496	-1.562483	4.783063	-5.804717	1.095099
694	2	3.106669	7.289222	-7.064124	-2.596053	6.598649	-2.702190	5.688450	2.817090
695	2	6.594492	-8.944523	6.659352	9.294665	0.482260	4.694930	2.231264	2.954663
696	2	-2.382263	1.300551	-4.227375	8.470576	0.288921	-1.128842	6.266627	8.959210
697	2	5.986784	-6.349326	9.320655	7.585325	0.531031	5.756267	-2.144330	4.782404
698	2	-0.604952	5.275859	-4.062843	1.634604	4.101438	-6.178859	5.806429	7.860369
699	2	7.220230	-4.781831	6.739805	9.648582	4.372512	2.840170	-2.232803	6.145634
705	2	0.183992	5.656136	-3.365818	-0.884436	6.206703	-2.073474	8.588590	5.669313
708	2	0.775837	4.373263	-8.665869	0.468883	6.264623	-2.378717	-3.660352	5.612640
710	2	6.842295	-7.450542	6.458500	6.779193	0.738391	3.933922	-5.531194	1.354899
711	2	6.698495	-8.754832	5.856308	5.985127	0.445025	7.642599	-4.437262	1.181786
714	2	1.036598	6.489324	-3.339477	-0.213627	7.427608	-0.373765	6.559702	3.941517
715	2	-3.017420	4.348453	-5.016894	-1.959450	0.947166	-1.388917	7.120158	3.856800
716	2	0.472862	6.124708	-5.342888	4.478497	4.730575	-4.843066	6.486865	8.925789
718	2	1.408752	6.497325	-5.006154	3.204291	7.087979	-10.089836	6.765011	9.063856
723	2	0.985123	6.123519	-4.636584	-1.109818	6.990222	-3.725697	5.341191	3.226454
725	2	3.635190	-1.389184	0.022981	7.613900	3.920637	-6.716968	6.287716	7.613921
730	2	8.765645	-5.756873	6.520666	6.136778	2.551836	5.109826	-4.226995	4.007969
731	2	7.609247	-10.696236	6.229424	7.032882	1.670011	4.994241	-3.312403	0.836528
734	2	1.421496	5.684630	-4.898340	1.299255	7.210602	-5.620650	5.102053	6.535751
735	2	-1.367216	6.125952	1.942492	-3.374242	-1.367216	6.391871	-3.171524	-3.374243
737	2	5.866811	2.380146	4.594465	0.155203	7.591733	-3.511181	8.091974	5.487648
738	2	-0.975799	4.332815	4.644591	-4.125883	-0.975799	5.751528	0.315172	-4.125896
740	2	1.279218	6.219274	-5.692846	1.703954	7.037698	-5.694037	5.397609	6.865136
741	2	1.686287	4.123449	5.982929	3.740624	7.580547	-0.326963	8.730635	8.111599
742	2	1.763698	1.985938	6.817537	-1.987270	-1.604771	7.920364	-4.237863	-4.865223
743	2	1.054163	7.622106	-3.407017	0.793624	6.488376	-4.082397	5.594906	7.227075
745	2	1.891313	7.036801	-2.197943	-0.990353	6.020781	-2.420401	6.703891	4.737347
746	2	6.985170	2.151937	-3.257306	4.006475	8.283886	-4.458788	6.818612	5.729497
751	2	7.047200	-4.499134	-0.328882	9.750815	1.918462	6.107492	-7.942114	3.843608
752	2	5.222250	-10.862078	7.849776	6.880655	-1.267932	6.463250	-4.698819	0.860661
753	2	8.187474	-5.541941	6.820522	7.342574	1.718900	6.389385	-4.026594	2.988806
754	2	4.048990	-2.565455	7.715625	7.469249	-1.214504	6.219621	-2.814163	1.974004
755	2	2.618545	8.566230	-3.976620	-0.063205	7.048359	-4.093987	6.980312	5.943151
756	2	0.693328	6.985800	-4.568304	2.152783	7.238048	-4.582072	5.709599	8.151410
757	2	0.014903	4.533068	-6.446830	2.174430	6.586303	-6.415227	6.073671	5.587235
762	2	0.399577	9.064145	-7.046370	0.992852	6.671489	-4.814041	5.191391	7.605674
765	2	2.462396	6.431882	-3.973158	-1.515124	6.882510	-5.750634	6.450213	5.049919
766	2	0.012995	7.157943	-4.070921	1.726002	6.278513	-7.239167	5.851265	7.412060
768	2	9.184284	-10.532409	6.031969	9.544882	3.887764	-0.156265	-0.897190	9.525325
769	2	0.564091	8.105142	-1.538751	0.235217	6.437472	-7.935252	6.083393	6.255198
770	2	6.040888	-11.209143	7.310952	7.822714	-0.515122	5.460612	-3.381191	1.319153
771	2	4.521276	5.672716	-6.523846	1.422527	7.172839	-11.079075	6.090359	7.722378
772	2	5.239403	-14.589604	7.842486	6.891369	-1.242221	2.694401	0.454603	2.423958
773	2	9.282673	-7.084621	7.212312	7.550134	4.482957	5.811276	-1.765942	3.573449
776	2	6.741457	-5.536056	7.564217	6.729792	1.614682	5.047671	-1.420950	3.004093
778	2	6.379669	-3.688669	5.326300	8.483019	3.217977	3.368747	-1.391542	4.828053
780	2	7.757803	-9.489287	6.895669	7.651049	2.819213	5.525140	-3.010689	4.647188
783	2	1.711599	6.312392	-6.290393	-0.210786	7.982519	-1.842398	1.463477	6.378511
790	2	4.865417	3.248624	-4.990587	-1.100180	9.816697	-7.657612	7.311933	5.486456
791	2	-0.018766	5.825642	-3.963223	3.093958	6.233223	-8.416056	6.820095	7.227059
792	2	5.717388	-5.343664	6.327898	5.798499	-0.462611	5.326623	-3.410716	0.213537
794	2	1.509518	5.591864	-4.034497	-1.225198	6.628976	-1.140544	6.455960	5.361712
798	2	6.098077	-10.344487	8.457450	7.039742	-0.388653	6.475639	-2.767930	1.051234
801	2	8.354497	-5.938060	5.222875	1.997580	2.572546	6.525457	-0.084640	-2.360449
802	2	6.767297	-3.033778	5.531497	4.253371	6.761410	-0.410224	-1.015035	4.252844
805	2	7.566467	-9.399636	8.180072	5.866135	1.226086	5.546619	5.517860	1.945735
807	2	5.972221	-11.660217	5.596846	8.577443	-0.037581	5.959031	-2.263960	2.471482
810	2	2.221125	6.418303	-4.320743	-0.062068	6.715642	-7.304354	4.970974	4.987150
812	2	6.908949	-2.484224	7.084398	5.195792	3.023954	4.222363	-4.457478	2.455473
815	2	1.722515	6.540115	-3.212583	3.041193	5.597780	-3.138364	7.251110	5.858510
816	2	7.845585	-2.579986	5.575860	7.764721	2.616645	9.252857	-2.552806	1.863348
818	2	1.014189	6.544990	-5.556424	-3.409607	5.155163	-0.106284	4.928781	2.933962
819	2	0.269202	8.114124	0.949537	0.627329	6.248450	-2.084208	7.296601	5.723897
823	2	2.462665	7.859185	-4.478962	0.837799	7.647290	-5.448403	6.415745	6.188891
824	2	-1.095187	5.975015	-5.423166	1.278709	1.124065	1.060014	6.210273	1.289458
825	2	5.833645	-5.421511	6.712770	7.103467	1.242910	7.335677	-4.202140	0.736663
827	2	-0.162793	6.029085	-7.752945	0.399503	5.175996	-0.865631	5.104838	6.581490
828	2	3.238550	4.575747	-6.318984	1.625994	9.234771	-3.154151	-2.387645	5.987269
830	2	5.393290	5.104408	-5.308087	1.017322	8.202428	-8.683243	6.492107	6.670665
833	2	6.318293	-2.723680	9.258593	6.299636	0.057187	5.386944	0.380822	0.181447
835	2	0.927090	-2.828718	7.257911	6.017765	-2.952431	5.421239	-0.430143	0.251839
836	2	4.462581	2.829257	1.150124	5.907038	6.093133	-3.514609	8.193240	7.263146
838	2	6.022327	-7.173171	8.782470	7.594618	2.379945	4.494447	5.448198	1.911315
839	2	5.450344	-5.495969	8.178372	4.736953	0.786071	6.243200	-3.433194	0.865805
840	2	-0.588298	3.500380	2.916048	1.503299	-0.594860	6.890841	-2.145609	-0.471039
841	2	3.358738	1.790474	5.764778	0.394455	5.072204	-1.206786	7.883813	4.359905
842	2	-0.352588	6.655582	-4.830771	1.489224	5.978335	-3.832353	5.942290	7.002305
843	2	7.179617	-3.029217	-4.099357	6.551701	4.647643	4.010343	-8.055725	0.210359
844	2	7.566331	-1.354541	-2.006819	8.249315	1.000761	6.810288	-9.724218	3.756452
845	2	6.826407	-8.431198	7.653276	5.301095	2.137287	4.904460	-3.952016	-1.294769
846	2	-1.090370	5.221667	-6.513735	-0.264069	5.485665	-6.173814	5.931621	5.793746
847	2	4.537127	-9.199904	8.321676	7.276151	-1.861027	5.664324	-1.516922	0.830275
849	2	6.701515	-10.352090	8.426787	6.541730	3.467717	5.694133	-3.924811	1.408319
850	2	5.708654	-6.556373	1.700956	8.565638	0.531961	6.481911	-4.122167	2.750692
851	2	5.632459	-7.734550	7.375002	8.463351	-0.585386	6.108450	-1.172839	3.414828
853	2	-0.291491	3.763347	-4.558544	4.004626	3.862088	-2.909370	8.176092	6.458660
855	2	0.495365	6.275559	-2.220339	-2.738208	6.678267	-4.564640	8.109012	2.865444
858	2	6.276951	-6.284205	8.437965	5.261464	4.480515	4.649165	-0.815376	-0.857434
861	2	2.838255	7.874126	-3.762118	3.553834	7.196076	-6.453653	7.225877	7.958876
864	2	3.092559	6.525675	-3.600255	0.895128	9.469615	-5.807681	4.948546	6.708091
865	2	1.789540	5.027908	-1.984998	-1.599080	6.664948	-6.621156	9.374144	4.372684
866	2	1.719374	7.054130	-0.196391	1.001242	6.280698	-6.957771	6.900561	7.455151
870	2	1.748211	7.544799	-0.751203	1.656658	7.267311	0.436825	5.315981	6.615911
871	2	5.103979	5.103437	1.804613	2.769233	6.625270	-3.052696	6.229083	6.664422
872	2	7.404920	-10.254248	7.840632	7.074132	4.006535	6.485514	-4.430592	0.566924
874	2	4.481707	-0.411125	-2.603941	8.654885	4.577115	-2.939020	6.417028	8.776057
876	2	3.128689	-6.159601	6.837881	9.526064	-1.968795	3.717254	-4.752733	3.490812
878	2	2.465830	7.545638	0.466326	0.124879	8.191723	-7.113263	7.264394	6.759497
880	2	4.657873	-1.621843	7.040112	5.855308	-1.088744	7.525018	-3.203717	2.507618
882	2	3.346998	8.538119	-6.381414	4.320718	7.914001	-1.735923	5.590741	8.039225
887	2	2.042082	6.355900	-2.664185	-0.248798	8.047907	-4.790499	6.400943	6.342555
891	2	6.749707	-8.116988	8.628705	9.512778	2.621096	6.297571	-0.921201	3.710391
894	2	1.936995	7.167488	-4.141205	0.511910	8.198246	-3.829138	7.313375	5.860057
897	2	6.454959	-2.858652	2.418517	5.763736	0.729442	7.038784	-3.446005	-0.711254
901	2	-0.217284	7.315655	-4.444755	-1.955888	5.972540	-2.468859	6.564343	4.595255
902	2	7.530185	-8.288209	7.862817	7.104577	2.320599	6.642456	-4.470102	1.109675
909	2	7.020793	1.887182	0.344951	-4.189805	7.048616	-4.548171	7.123033	2.394093
912	2	4.542223	-4.836287	6.474695	6.879083	-1.974343	5.838252	-2.453541	0.468657
914	2	1.554699	6.248101	-4.771859	3.238805	6.969494	-4.187674	6.445171	7.890415
916	2	4.437113	-6.142018	5.324877	6.774454	1.591545	3.028633	-5.517003	4.481355
918	2	1.440717	6.015857	-6.503129	3.274528	7.594384	-7.764222	4.067762	8.647556
920	2	6.377932	-7.317473	7.039303	6.169730	-0.226336	5.847571	-2.857273	0.143601
921	2	0.517108	5.364090	-5.550678	2.734626	4.604688	-7.970936	5.903861	6.584010
922	2	6.340151	-0.223009	-1.287139	3.033485	7.764089	-2.103609	5.116633	3.062684
923	2	4.248017	7.522564	-4.094528	0.388697	7.238470	-5.269293	6.481464	6.109723
928	2	-1.331963	7.184080	1.035870	-1.031799	-1.331997	7.184426	-5.287416	-1.031799
931	2	8.160593	-4.012617	-0.284609	5.765420	2.424775	4.527303	-1.130132	-0.219649
932	2	4.032443	-4.500486	7.240848	6.644026	2.047644	4.578994	-4.901310	2.431152
934	2	0.029667	5.896481	5.571371	0.075073	0.029667	9.203904	-0.318277	0.075073
938	2	4.299677	-4.385557	6.687355	7.360037	0.251621	5.473335	-5.298869	1.216214
942	2	6.391050	-5.500376	-0.447236	9.655577	0.778366	4.372063	-6.782255	3.487497
943	2	2.073826	7.285948	-5.194182	-1.219295	6.621526	-1.663841	5.683587	4.853974
944	2	0.737171	6.347227	-7.565401	1.799625	7.285935	-5.158932	-1.865128	7.075336
947	2	3.518504	-0.300046	-2.289126	7.233743	5.319167	-7.070448	6.841028	7.261370
948	2	1.550296	7.314169	-1.251985	2.939096	7.710037	-8.146781	8.558572	8.094893
949	2	1.805654	6.494243	-4.965730	-1.059061	6.601966	-0.642514	6.642491	5.195935
950	2	-0.480416	5.601977	-5.730717	3.389341	3.368443	-2.598299	5.476007	7.326269
955	2	-0.966656	6.974504	-3.131746	-0.953247	5.489383	-3.237001	7.742341	3.759608
960	2	1.372337	9.212120	-3.574264	2.686207	7.076816	-2.930619	8.551338	6.100195
961	2	1.938461	5.834660	-5.061876	0.353719	5.375681	-0.276296	6.564041	1.218884
962	2	6.699030	-7.541951	6.458211	7.840774	2.319517	7.030708	-3.719261	2.213098
964	2	1.632740	5.037258	-4.366985	-1.714278	5.917816	-1.442172	6.970362	3.309737
968	2	4.801085	-3.310977	6.212918	7.069938	-0.848630	6.755433	-5.347506	0.889466
973	2	5.151266	-7.198117	8.236060	6.546444	-0.320495	4.892800	2.595159	1.644563
974	2	8.107443	-9.760987	4.491971	6.781643	3.843790	6.023826	-3.106637	1.199141
978	2	1.880113	4.658007	-2.677958	2.032183	6.834846	-3.125092	6.578751	5.978058
979	2	7.245629	-9.538036	8.003622	7.677405	2.866559	5.361310	-2.833113	4.031973
980	2	3.692056	-5.157195	8.308767	6.647939	-0.736485	6.995934	-3.090697	1.932903
983	2	4.919483	-9.399170	8.423328	7.738935	-0.129460	5.003229	0.064211	2.093570
986	2	1.402658	8.569869	0.415723	1.229696	1.402658	8.580323	-3.113419	1.226517
988	2	2.164292	6.258478	-4.011207	-0.325121	6.266443	-7.347074	8.722299	6.309020
989	2	6.659584	-3.728141	4.539189	1.535024	4.005747	3.043208	-2.240759	-4.077154
990	2	3.501064	6.207753	-1.343520	2.325720	5.759892	-6.003407	8.023309	7.264460
992	2	6.823884	-6.156942	6.616110	7.505709	0.240414	6.649483	-5.689029	1.335100
993	2	5.885005	-6.361921	6.649826	7.119395	-0.543547	6.533299	-4.304121	2.350485
994	2	4.750020	2.116958	-1.920196	5.293693	5.923196	-3.084793	5.861625	6.509800
996	2	7.107996	-11.347900	7.884270	5.910793	3.725898	3.710666	-3.842236	1.454076
998	2	-0.382623	8.371351	-2.444703	1.010629	6.147240	-4.469658	6.749068	6.876038
1000	2	5.248472	-6.116501	6.962859	7.240648	-1.155535	6.899945	1.026055	1.160370
