1	2	8.196720	-1.195100	6.114890	8.196720	3.167705	6.114890
4	2	6.738458	3.612855	5.708652	6.738458	-2.949981	5.708652
7	2	4.154762	-1.155630	7.789343	4.154762	3.176038	7.789343
9	2	6.094208	0.917029	5.493038	6.094208	-5.373465	5.493038
15	2	6.167495	0.916087	6.945022	6.167495	-4.233282	6.945022
23	2	8.121847	-3.337635	8.202533	8.121847	1.198018	8.202533
25	2	7.179538	-3.057882	4.952119	7.179538	2.269911	4.952119
28	2	7.689607	-3.931791	6.782247	7.689607	1.798187	6.782247
31	2	5.597005	-1.002163	5.863586	5.597005	4.770969	5.863586
32	2	7.547265	1.607014	6.296947	7.547265	-4.925519	6.296947
40	2	5.623821	-4.926647	8.835505	5.623821	1.494842	8.835505
45	2	6.634378	4.567001	6.677127	6.634378	-1.504418	6.677127
56	2	6.617620	-2.328217	5.444807	6.617620	3.886902	5.444807
57	2	4.904461	3.567881	9.268069	4.904461	-2.952549	9.268069
58	2	9.288016	2.663724	3.900758	9.288016	-2.286125	3.900758
62	2	6.714895	5.626051	6.337049	6.714895	-0.829234	6.337049
71	2	8.362615	1.315876	6.967487	8.362615	-4.211529	6.967487
78	2	6.999755	-3.389518	8.135240	6.999755	2.915905	8.135240
86	2	6.627475	-0.768825	6.921454	6.627475	5.245827	6.921454
89	2	7.466410	5.990387	2.026570	7.466410	-0.584875	2.026570
102	2	7.327358	-2.359212	3.261898	7.327358	3.383240	3.261898
104	2	6.996631	-1.756274	6.608026	6.996631	2.731083	6.608026
111	2	7.428154	-3.646413	6.210865	7.428154	2.839562	6.210865
112	2	4.136618	-4.649041	6.037097	4.136618	1.529654	6.037097
116	2	6.893141	-4.526789	4.867177	6.893141	2.062073	4.867177
119	2	7.077916	-2.184528	5.335755	7.077916	4.340830	5.335755
122	2	6.334444	-0.491738	6.476123	6.334444	4.578322	6.476123
123	2	7.061226	4.706523	6.556719	7.061226	-1.797678	6.556719
134	2	6.468257	2.586873	6.633391	6.468257	-2.692277	6.633391
137	2	7.772295	2.060196	7.384568	7.772295	-4.535756	7.384568
142	2	7.990548	-3.397591	7.353966	7.990548	0.893641	7.353966
146	2	6.726348	-2.316166	4.186532	6.726348	3.298633	4.186532
152	2	6.727020	-3.673537	6.298500	6.727020	2.891245	6.298500
156	2	8.658647	0.165634	5.334964	8.658647	4.757701	5.334964
165	2	6.857775	3.904572	7.609365	6.857775	-1.397470	7.609365
169	2	6.183069	-2.815598	7.964375	6.183069	3.331898	7.964375
184	2	4.985962	-2.463441	6.180348	4.985962	4.070278	6.180348
189	2	7.437390	3.127576	7.729516	7.437390	-2.511229	7.729516
192	2	8.121602	3.585613	7.678541	8.121602	-2.736954	7.678541
206	2	8.197620	-1.182712	6.700294	8.197620	3.499508	6.700294
217	2	4.831769	2.206100	8.267262	4.831769	-3.908396	8.267262
218	2	6.336911	2.235827	7.859538	6.336911	-4.268644	7.859538
219	2	6.436584	4.192626	5.184643	6.436584	-1.738018	5.184643
221	2	6.341782	-2.190173	7.640638	6.341782	3.072470	7.640638
227	2	7.225230	3.741386	3.217500	7.225230	-2.091524	3.217500
229	2	7.038456	-2.977310	6.655584	7.038456	3.143531	6.655584
233	2	7.067582	-3.866875	4.342607	7.067582	1.836837	4.342607
239	2	6.546101	-0.676304	8.133470	6.546101	4.690283	8.133470
241	2	5.831071	-1.013433	2.472659	5.831071	5.363275	2.472659
242	2	5.979773	-1.017819	5.452749	5.979773	3.706328	5.452749
249	2	5.510531	4.771499	6.447578	5.510531	-0.958561	6.447578
250	2	6.276205	3.314176	6.508433	6.276205	-2.585620	6.508433
255	2	6.510740	4.116540	5.834701	6.510740	-0.289291	5.834701
259	2	7.111816	-1.124296	3.149118	7.111816	4.273076	3.149118
262	2	6.691241	-3.109994	5.981292	6.691241	3.193172	5.981292
263	2	6.451221	3.763739	5.715466	6.451221	-2.764413	5.715466
269	2	7.845433	-3.351548	6.702872	7.845433	2.641055	6.702872
276	2	9.497776	-2.373327	8.083564	9.497776	2.473752	8.083564
285	2	6.820970	-3.392984	6.565345	6.820970	1.996480	6.565345
286	2	7.035857	-2.110789	6.894503	7.035857	3.000186	6.894503
289	2	5.406248	-3.222160	5.753159	5.406248	3.141623	5.753159
290	2	7.054251	3.130099	5.197570	7.054251	-1.333850	5.197570
303	2	8.039441	1.034512	4.484423	8.039441	-5.149153	4.484423
304	2	5.867270	-2.574825	3.992632	5.867270	3.292503	3.992632
307	2	6.847636	-2.749132	6.434335	6.847636	2.830293	6.434335
311	2	9.203095	4.625140	5.121771	9.203095	-1.849862	5.121771
314	2	5.103395	-1.557886	6.461290	5.103395	4.940812	6.461290
327	2	8.508944	-3.529153	6.066929	8.508944	1.752326	6.066929
333	2	7.855574	-4.035937	5.401009	7.855574	2.568770	5.401009
338	2	3.630450	-3.421614	7.186707	3.630450	2.743252	7.186707
340	2	6.638583	-1.823828	6.126746	6.638583	4.628532	6.126746
342	2	5.618303	-1.579832	2.632175	5.618303	4.815807	2.632175
348	2	5.201239	4.880729	0.847991	5.201239	-1.511797	0.847991
359	2	4.016701	-0.971765	6.020915	4.016701	5.253395	6.020915
368	2	7.852036	2.589315	4.757755	7.852036	-3.463526	4.757755
379	2	5.515945	3.866726	4.561117	5.515945	-2.082017	4.561117
381	2	9.398209	-4.307329	6.591700	9.398209	1.428105	6.591700
388	2	6.947783	-2.254850	7.303259	6.947783	4.019209	7.303259
403	2	4.880994	3.968791	6.651783	4.880994	-2.482305	6.651783
404	2	6.390753	2.742897	6.383051	6.390753	-1.731926	6.383051
414	2	7.499097	-2.828417	6.587798	7.499097	1.454296	6.587798
427	2	7.100091	4.052162	6.011519	7.100091	0.599630	6.011519
428	2	7.867285	0.178097	6.071552	7.867285	-5.934228	6.071552
430	2	6.158543	3.518134	7.853263	6.158543	-2.231548	7.853263
433	2	4.764325	-5.127141	6.579838	4.764325	0.985227	6.579838
437	2	7.880281	-2.304535	3.359031	7.880281	2.855755	3.359031
439	2	6.406450	2.231906	2.028134	6.406450	-3.703284	2.028134
443	2	6.315969	-2.325729	6.615969	6.315969	4.081855	6.615969
446	2	6.683420	3.004575	6.987401	6.683420	-2.625899	6.987401
449	2	4.696861	-2.594060	7.587028	4.696861	3.797114	7.587028
457	2	6.658668	-0.982821	6.653237	6.658668	4.330382	6.653237
460	2	5.935835	-2.838836	5.240548	5.935835	3.232287	5.240548
461	2	2.728898	-0.877509	3.905914	2.728898	5.237192	3.905914
462	2	6.268337	-3.543581	6.894929	6.268337	2.915315	6.894929
474	2	7.963455	2.679256	4.945780	7.963455	-3.421816	4.945780
482	2	6.170965	0.226577	7.891749	6.170965	5.581002	7.891749
485	2	3.834561	2.641793	8.675951	3.834561	-3.549617	8.675951
490	2	5.384515	3.074092	6.968903	5.384515	-2.906434	6.968903
495	2	4.219428	-1.013506	7.751760	4.219428	3.441691	7.751760
501	2	6.224619	-0.246307	6.422902	6.224619	5.624308	6.422902
505	2	6.085086	3.158197	6.416176	6.085086	-2.429542	6.416176
509	2	4.984159	5.546223	5.269116	4.984159	-0.620546	5.269116
511	2	6.756838	-3.246013	6.570973	6.756838	2.721224	6.570973
513	2	7.064583	4.989387	6.519005	7.064583	-0.362218	6.519005
515	2	3.944481	-1.566134	7.032210	3.944481	4.491103	7.032210
521	2	6.353755	-0.916079	7.127749	6.353755	5.231900	7.127749
532	2	4.599815	-2.266130	4.930966	4.599815	4.376908	4.930966
540	2	6.732458	1.969264	6.756769	6.732458	-3.856662	6.756769
544	2	8.349530	-3.661750	6.293433	8.349530	2.184066	6.293433
551	2	3.344103	2.723575	8.534545	3.344103	-3.834490	8.534545
561	2	6.921308	-1.065025	2.464327	6.921308	4.051448	2.464327
568	2	6.951822	2.884530	6.830361	6.951822	-3.191114	6.830361
569	2	6.362732	2.589058	6.701158	6.362732	-2.118417	6.701158
570	2	3.174853	3.955834	8.205134	3.174853	-2.513706	8.205134
590	2	7.647896	3.431323	7.050453	7.647896	-2.728806	7.050453
598	2	9.072766	1.477143	6.742565	9.072766	-4.131227	6.742565
607	2	6.880194	0.194611	4.815391	6.880194	4.224239	4.815391
611	2	8.824119	4.098586	8.698353	8.824119	-1.405586	8.698353
617	2	5.784492	5.522947	8.618451	5.784492	-0.913861	8.618451
621	2	5.727103	-0.685214	6.779823	5.727103	4.808425	6.779823
627	2	5.735720	2.199608	6.278214	5.735720	-3.745033	6.278214
630	2	7.026384	-1.755550	5.530560	7.026384	4.550725	5.530560
644	2	6.368598	3.095114	3.799711	6.368598	-3.105821	3.799711
645	2	2.055214	2.828275	8.268138	2.055214	-2.384924	8.268138
646	2	6.462111	-2.639558	6.199080	6.462111	2.637894	6.199080
658	2	2.582301	-1.106292	7.459591	2.582301	5.482671	7.459591
660	2	4.988049	-1.975704	7.764052	4.988049	3.572486	7.764052
662	2	7.407173	-0.379939	5.094223	7.407173	5.754865	5.094223
664	2	5.295441	4.542083	5.750272	5.295441	-1.084981	5.750272
670	2	4.949691	-4.771319	8.055430	4.949691	1.818372	8.055430
674	2	5.548816	-1.142314	7.788290	5.548816	4.809608	7.788290
680	2	6.489721	5.231581	7.068476	6.489721	-0.197024	7.068476
684	2	5.243603	1.806627	8.928806	5.243603	-4.672443	8.928806
690	2	8.298117	-1.126791	1.222703	8.298117	2.948139	1.222703
691	2	5.908424	-1.042256	6.714609	5.908424	4.994325	6.714609
697	2	4.336882	4.393129	6.857947	4.336882	-0.983579	6.857947
707	2	4.524938	-2.250613	7.863548	4.524938	4.304850	7.863548
709	2	7.716996	-1.971562	8.090639	7.716996	4.274522	8.090639
712	2	6.992219	3.301304	7.685431	6.992219	-2.922940	7.685431
720	2	8.510431	-2.630100	2.478078	8.510431	3.594188	2.478078
727	2	5.544976	-2.129990	5.801143	5.544976	2.248772	5.801143
730	2	3.100701	-0.182902	4.559483	3.100701	4.638990	4.559483
738	2	1.896019	-2.880669	7.208053	1.896019	2.868153	7.208053
742	2	5.807094	5.726849	7.012966	5.807094	-0.534475	7.012966
754	2	6.291460	-2.657638	8.517640	6.291460	3.405297	8.517640
755	2	7.831204	-2.242560	6.720293	7.831204	3.447909	6.720293
767	2	6.654168	0.782329	8.939126	6.654168	-3.684545	8.939126
771	2	7.015609	3.597313	7.071041	7.015609	-2.520577	7.071041
772	2	6.397891	-4.387589	7.443625	6.397891	1.502925	7.443625
775	2	1.365166	0.682037	7.695797	1.365166	-5.452525	7.695797
786	2	6.853390	5.116081	7.534073	6.853390	-0.654909	7.534073
800	2	6.996961	-2.705467	4.653980	6.996961	3.413543	4.653980
803	2	6.143762	-0.625934	5.833310	6.143762	4.719561	5.833310
806	2	3.076158	4.808896	6.235079	3.076158	-1.220891	6.235079
810	2	7.174272	5.198696	5.524993	7.174272	-0.930708	5.524993
818	2	4.798639	3.579439	5.966017	4.798639	-2.082506	5.966017
826	2	7.254456	5.316263	5.783709	7.254456	-0.864796	5.783709
834	2	3.389201	-3.595396	6.964994	3.389201	2.517899	6.964994
840	2	7.801396	-4.049399	4.330940	7.801396	2.162854	4.330940
841	2	6.644683	3.772280	6.256598	6.644683	-2.860384	6.256598
843	2	5.682798	-0.112778	7.815418	5.682798	2.979677	7.815418
844	2	7.665776	-1.352605	5.270641	7.665776	3.743054	5.270641
851	2	6.800163	-2.275752	8.983623	6.800163	2.450240	8.983623
854	2	7.356891	0.225802	4.723702	7.356891	3.705353	4.723702
858	2	6.710644	2.281720	7.165232	6.710644	-3.423284	7.165232
860	2	6.430448	-3.156127	6.639544	6.430448	3.384893	6.639544
861	2	3.755315	-3.633028	6.812484	3.755315	2.763473	6.812484
863	2	4.521844	0.845472	5.792541	4.521844	-5.638615	5.792541
866	2	9.627416	-5.647576	6.585618	9.627416	0.332217	6.585618
868	2	7.168808	3.330803	5.423775	7.168808	-3.097288	5.423775
869	2	4.450480	-4.016454	8.884612	4.450480	2.507072	8.884612
874	2	5.350913	-1.884492	6.847504	5.350913	3.298224	6.847504
875	2	7.984804	1.587199	5.244920	7.984804	-4.842566	5.244920
878	2	6.382650	0.573194	2.661707	6.382650	-3.035721	2.661707
886	2	3.844522	-3.001853	7.754886	3.844522	3.128322	7.754886
888	2	5.691589	1.463059	8.553141	5.691589	-4.331639	8.553141
895	2	6.217760	-4.572697	6.500282	6.217760	1.722020	6.500282
905	2	7.169998	-2.895274	5.950664	7.169998	2.389055	5.950664
906	2	6.736056	-2.975518	4.201091	6.736056	3.469203	4.201091
918	2	6.664679	-2.516488	7.337955	6.664679	3.099002	7.337955
923	2	8.199901	2.375585	6.416711	8.199901	-1.452374	6.416711
927	2	5.666238	2.769328	6.466177	5.666238	-2.711166	6.466177
930	2	4.520198	2.979005	6.084883	4.520198	-2.050615	6.084883
931	2	9.391447	-2.902690	5.455946	9.391447	2.848558	5.455946
932	2	7.001291	-1.194082	5.240722	7.001291	4.861152	5.240722
947	2	6.320217	3.106776	7.908076	6.320217	-1.312291	7.908076
950	2	0.493662	-2.548247	6.750650	0.493662	2.667832	6.750650
954	2	5.197618	-1.117613	7.503592	5.197618	5.431682	7.503592
955	2	6.828354	-4.191589	2.947450	6.828354	2.264508	2.947450
962	2	7.274247	-2.331554	7.096166	7.274247	4.309263	7.096166
977	2	5.916687	-0.984847	7.425615	5.916687	4.947576	7.425615
980	2	6.977941	-3.858673	5.658324	6.977941	2.669525	5.658324
981	2	5.950146	4.259298	7.091047	5.950146	-1.577526	7.091047
987	2	7.537535	-3.272136	6.098397	7.537535	3.199463	6.098397
994	2	8.490086	-2.306604	3.969376	8.490086	2.794787	3.969376
