2	2	3.419554	8.100699	6.965702	7.046218	-0.512359	3.419554	1.834719	6.965702	7.046218	5.730261
5	2	5.275284	1.038625	6.554632	7.765774	6.303330	5.275284	6.272066	6.554632	7.765774	-6.350475
7	2	6.306590	-1.839009	6.918692	8.205541	8.634719	6.306590	3.699009	6.918692	8.205541	-1.266199
8	2	5.062895	5.990865	7.323518	4.673449	-4.589148	5.062895	1.165153	7.323518	4.673449	8.294378
10	2	6.739221	3.241697	8.404585	2.878369	-1.780500	6.739221	0.663971	8.404585	2.878369	5.694301
17	2	6.638194	3.089290	6.036277	4.511342	-3.237936	6.638194	-1.812158	6.036277	4.511342	5.440643
20	2	6.536493	0.290183	7.250432	6.108913	-0.404364	6.536493	-1.592545	7.250432	6.108913	5.937972
21	2	5.939827	6.082695	2.861216	6.302862	2.712941	5.939827	-0.339730	2.861216	6.302862	7.101607
22	2	6.783945	-2.134369	8.493268	3.534076	6.578968	6.783945	4.467007	8.493268	3.534076	-2.636230
24	2	7.260556	3.706272	5.178573	7.862612	-3.428769	7.260556	-2.395268	5.178573	7.862612	6.525322
26	2	5.490262	4.991104	2.433158	4.274300	-0.893037	5.490262	0.031472	2.433158	4.274300	5.316435
29	2	6.668528	4.610999	4.834085	7.730687	-3.410238	6.668528	1.456286	4.834085	7.730687	6.841169
30	2	8.790495	3.616121	6.845820	3.084801	4.675898	8.790495	6.536414	6.845820	3.084801	-1.200718
35	2	7.022488	2.303352	7.281971	7.792999	0.466856	7.022488	-3.036579	7.281971	7.792999	6.586001
36	2	5.046713	-3.042586	7.502292	8.961805	6.122226	5.046713	2.963925	7.502292	8.961805	-0.455930
37	2	6.948939	-3.526463	7.938113	6.239153	6.899629	6.948939	2.309376	7.938113	6.239153	0.672643
39	2	6.270747	2.781378	8.954336	9.434819	-1.332365	6.270747	-1.764400	8.954336	9.434819	5.574123
40	2	6.635627	8.065541	2.253069	6.786387	-6.794193	6.635627	1.782430	2.253069	6.786387	5.471523
43	2	7.997433	-2.211848	7.362099	6.651495	6.313759	7.997433	1.719811	7.362099	6.651495	-0.235518
47	2	7.127896	1.414214	5.308519	8.631235	0.664529	7.127896	-4.553821	5.308519	8.631235	5.173707
48	2	7.999881	-2.558084	7.494390	7.575763	1.764826	7.999881	-9.001767	7.494390	7.575763	6.853673
50	2	7.724606	2.420843	6.215347	7.356729	5.843736	7.724606	4.457576	6.215347	7.356729	0.106000
51	2	7.159893	-0.563326	6.645795	6.972228	-0.462944	7.159893	-2.887767	6.645795	6.972228	5.995811
52	2	5.904441	5.965490	6.833156	7.518663	-1.001641	5.904441	2.060701	6.833156	7.518663	6.491209
54	2	5.194933	-2.591804	7.841356	6.416414	7.868103	5.194933	3.648881	7.841356	6.416414	-0.117761
56	2	6.298505	3.973599	4.071312	4.681419	-3.764970	6.298505	0.701966	4.071312	4.681419	5.840181
58	2	2.228593	3.451867	7.910245	7.927589	-2.236502	2.228593	-2.232268	7.910245	7.927589	6.564197
59	2	7.597853	5.498954	3.384031	5.515868	-6.245547	7.597853	-0.813202	3.384031	5.515868	6.532568
65	2	8.675489	1.058508	6.592357	5.534449	1.073047	8.675489	-4.947386	6.592357	5.534449	5.939841
70	2	3.018973	2.153629	6.729384	6.689995	-1.056323	3.018973	-3.484561	6.729384	6.689995	5.626231
71	2	5.700717	2.712241	5.889206	7.345516	-0.022170	5.700717	-2.461069	5.889206	7.345516	6.143845
75	2	7.918065	2.039223	8.263122	6.255513	-0.174813	7.918065	-2.734125	8.263122	6.255513	5.743687
76	2	5.952602	-3.064384	8.070080	5.980151	6.589972	5.952602	0.917935	8.070080	5.980151	0.911973
78	2	5.517082	7.137315	3.267870	3.454220	0.873533	5.517082	2.540885	3.267870	3.454220	5.626221
79	2	7.750275	0.097694	5.569558	6.650716	5.865604	7.750275	3.611580	5.569558	6.650716	-3.620451
83	2	6.991226	4.668816	4.544250	6.977606	-6.684428	6.991226	0.041242	4.544250	6.977606	4.972431
84	2	6.765574	-0.179004	6.428592	5.823961	-0.851963	6.765574	-5.811342	6.428592	5.823961	6.059916
87	2	8.115137	1.052104	5.935697	4.483427	2.246619	8.115137	-3.536556	5.935697	4.483427	7.219176
88	2	4.380567	-3.124089	7.391786	6.038473	6.129904	4.380567	2.773722	7.391786	6.038473	-2.071495
90	2	2.057910	-2.881147	5.610245	6.953973	2.393327	2.057910	-2.917239	5.610245	6.953973	5.664151
92	2	2.866733	11.451477	6.674453	6.115744	-1.247856	2.866733	4.895539	6.674453	6.115744	5.692481
94	2	3.950265	-2.971885	6.917646	8.202922	6.540415	3.950265	1.900643	6.917646	8.202922	-1.341916
100	2	5.774854	5.487549	5.358486	5.913229	-3.274808	5.774854	1.128102	5.358486	5.913229	8.140710
104	2	6.754416	5.256637	5.208191	8.220883	-3.383710	6.754416	0.998745	5.208191	8.220883	5.374744
109	2	3.815967	1.356272	7.880243	6.458543	-0.812516	3.815967	-4.539651	7.880243	6.458543	5.771330
120	2	5.934042	2.769608	4.340855	8.559445	-4.045963	5.934042	-0.930227	4.340855	8.559445	7.044358
127	2	6.029193	5.971329	5.832172	6.969403	-4.854698	6.029193	-0.554180	5.832172	6.969403	5.405253
129	2	6.405284	6.000232	6.625617	7.134050	-3.743366	6.405284	2.471840	6.625617	7.134050	5.063184
131	2	4.959453	0.053940	6.908704	8.516308	7.283384	4.959453	5.924730	6.908704	8.516308	-3.870205
132	2	4.177092	1.988198	6.006304	7.934703	5.916544	4.177092	3.912450	6.006304	7.934703	1.784564
133	2	7.958759	-8.475716	6.066259	6.717699	6.410448	7.958759	-2.108356	6.066259	6.717699	0.070022
136	2	5.008377	6.035986	6.107188	6.652764	-4.316921	5.008377	0.990482	6.107188	6.652764	7.298623
137	2	6.745302	0.545664	6.472080	2.012189	-0.454958	6.745302	-6.076143	6.472080	2.012189	6.276717
139	2	6.700299	0.140510	8.250192	4.166015	7.088951	6.700299	4.721903	8.250192	4.166015	-1.664924
141	2	0.229743	8.529450	3.657555	2.848003	-2.257781	0.229743	8.135681	3.657555	2.848003	2.323969
144	2	2.584630	10.245359	4.127921	2.768183	3.511417	2.584630	10.405917	4.127921	2.768183	-2.906465
145	2	7.334732	5.320762	8.558963	6.626693	-3.208567	7.334732	-0.965672	8.558963	6.626693	7.713870
146	2	6.534765	3.917594	6.247580	6.785484	-2.009238	6.534765	-1.772274	6.247580	6.785484	7.073291
149	2	4.037723	4.024359	7.529609	7.989886	-4.210477	4.037723	-1.694500	7.529609	7.989886	6.657612
156	2	6.454078	3.867753	5.494545	6.847027	-5.602528	6.454078	1.933036	5.494545	6.847027	4.389677
158	2	4.989599	5.096894	5.297974	6.737188	-2.243209	4.989599	-1.110508	5.297974	6.737188	8.011782
160	2	4.693628	3.619380	6.232371	7.354100	-5.749258	4.693628	1.629871	6.232371	7.354100	5.603096
165	2	4.629350	6.536716	6.520713	6.606167	-3.749401	4.629350	1.280619	6.520713	6.606167	5.057558
171	2	6.809526	3.128725	4.865657	7.427634	1.802506	6.809526	-0.235981	4.865657	7.427634	7.834254
172	2	6.369959	2.029111	6.844891	6.868041	6.224591	6.369959	4.627161	6.844891	6.868041	-3.550910
177	2	3.998908	-1.910853	7.455240	8.498006	7.716551	3.998908	3.432651	7.455240	8.498006	-0.677046
180	2	6.473955	2.903704	7.269461	2.845453	4.976286	6.473955	8.687704	7.269461	2.845453	0.298374
181	2	3.062528	4.222537	5.699779	8.071477	0.047311	3.062528	-1.691887	5.699779	8.071477	8.834634
183	2	6.664450	0.804646	8.498861	7.740809	-5.117638	6.664450	-4.287659	8.498861	7.740809	7.509564
185	2	6.174078	3.988494	8.498789	4.864676	-1.174469	6.174078	-0.404257	8.498789	4.864676	6.123761
187	2	5.859153	2.562948	8.080537	4.474143	5.525116	5.859153	4.943962	8.080537	4.474143	-5.467039
188	2	7.111210	0.331316	5.135247	7.659319	6.302588	7.111210	5.061868	5.135247	7.659319	-5.749931
189	2	7.042791	5.912385	6.793465	9.250992	-2.939367	7.042791	-0.058404	6.793465	9.250992	5.410370
190	2	7.364067	2.261563	6.653551	5.708560	-0.459530	7.364067	-1.398013	6.653551	5.708560	5.681762
193	2	3.255276	6.221959	3.487592	8.927586	-1.903807	3.255276	-0.085599	3.487592	8.927586	8.825980
194	2	7.506265	0.556084	4.521234	6.298085	0.773600	7.506265	-5.865023	4.521234	6.298085	7.022405
197	2	8.104371	2.500823	7.500810	6.056084	-1.785342	8.104371	-3.770982	7.500810	6.056084	5.171390
200	2	6.856600	4.897906	5.307822	7.017873	-3.971912	6.856600	0.259658	5.307822	7.017873	7.990327
206	2	6.969512	-3.399993	7.772425	5.244324	5.984463	6.969512	1.801751	7.772425	5.244324	0.331605
208	2	7.963532	4.321755	3.587982	6.573453	-4.947228	7.963532	-1.430022	3.587982	6.573453	6.903990
209	2	7.312482	1.803666	6.501140	6.155683	-0.679720	7.312482	-4.486871	6.501140	6.155683	5.798735
210	2	7.948255	4.352136	6.015331	5.057345	-7.197714	7.948255	-0.561115	6.015331	5.057345	4.446911
213	2	6.548560	3.718694	8.027613	8.516300	1.332455	6.548560	-1.962952	8.027613	8.516300	5.864618
215	2	4.351996	3.300880	6.446676	4.253400	-0.610276	4.351996	-1.596511	6.446676	4.253400	6.898467
216	2	6.769137	1.647454	7.680714	8.003877	-0.083692	6.769137	-0.866450	7.680714	8.003877	5.215049
218	2	7.206293	6.999535	7.491388	5.965296	-0.585657	7.206293	1.635970	7.491388	5.965296	7.934993
219	2	3.061169	-1.343529	6.051455	7.183635	7.237745	3.061169	2.084819	6.051455	7.183635	-4.178702
222	2	4.811116	6.280941	7.150548	3.962914	-4.744207	4.811116	0.211081	7.150548	3.962914	6.785466
223	2	7.414535	-5.131265	8.786179	7.931937	6.139504	7.414535	-4.006370	8.786179	7.931937	0.375935
225	2	6.146104	2.987037	5.710765	6.981819	-4.442059	6.146104	1.033687	5.710765	6.981819	5.126346
227	2	7.014648	-2.053432	6.855902	7.413897	6.780092	7.014648	3.940249	6.855902	7.413897	-2.075366
229	2	6.942417	3.210965	8.716548	7.357577	-1.489371	6.942417	-0.277300	8.716548	7.357577	5.996698
233	2	5.077664	6.756385	5.787490	6.759875	0.004790	5.077664	0.591378	5.787490	6.759875	6.373688
237	2	4.208764	7.365654	8.439978	4.011861	0.593856	4.208764	7.366605	8.439978	4.011861	-4.883901
240	2	6.042895	4.017308	5.547394	6.636140	5.499200	6.042895	7.956544	5.547394	6.636140	-1.856154
242	2	6.235207	1.239436	6.749135	7.584961	-2.216959	6.235207	-1.874716	6.749135	7.584961	5.214926
243	2	5.847075	4.116079	8.125450	6.547751	-3.686023	5.847075	-0.752820	8.125450	6.547751	9.028121
244	2	2.842346	3.351531	8.127394	4.306930	-1.972040	2.842346	-2.942881	8.127394	4.306930	6.252712
246	2	4.412941	5.194186	7.152616	6.124838	-0.644532	4.412941	3.043682	7.152616	6.124838	7.147265
250	2	7.130109	6.700004	6.522883	6.870914	-5.048129	7.130109	1.035988	6.522883	6.870914	6.733019
254	2	5.458262	2.277516	3.956234	7.092864	5.282738	5.458262	7.370075	3.956234	7.092864	-5.435665
257	2	6.388544	2.578636	3.230605	7.748441	-1.412412	6.388544	-0.060608	3.230605	7.748441	7.213743
259	2	6.723899	2.008310	6.274481	6.694088	8.778688	6.723899	8.160911	6.274481	6.694088	0.261156
260	2	5.532206	8.295513	5.742563	4.738526	-3.559726	5.532206	2.010878	5.742563	4.738526	6.719093
263	2	4.836442	-4.174670	6.190338	5.079449	4.747866	4.836442	0.496323	6.190338	5.079449	-1.779096
266	2	4.916053	-1.366409	8.321224	6.451856	6.690547	4.916053	5.015803	8.321224	6.451856	-5.015276
271	2	8.810926	7.536634	3.574916	5.617715	-2.499050	8.810926	1.667902	3.574916	5.617715	6.002709
273	2	6.926386	-2.479675	6.604922	7.300483	8.350798	6.926386	3.600719	6.604922	7.300483	-0.892258
276	2	5.218292	-2.688376	6.028206	8.399663	4.452704	5.218292	-0.630418	6.028206	8.399663	1.244933
278	2	4.318265	9.264580	6.031014	5.862834	1.819092	4.318265	9.311124	6.031014	5.862834	-4.392907
280	2	7.600944	0.829330	6.704701	9.075707	6.543606	7.600944	4.276763	6.704701	9.075707	-3.679588
282	2	6.063609	4.699362	7.331799	7.046771	-3.464533	6.063609	-1.312543	7.331799	7.046771	6.794917
283	2	5.863583	8.607660	7.316636	4.636984	-3.018139	5.863583	2.673026	7.316636	4.636984	6.569409
286	2	7.301145	3.023309	6.384045	6.333231	-3.781993	7.301145	-0.597427	6.384045	6.333231	7.604420
290	2	5.438606	7.745765	7.968913	5.679976	-2.389084	5.438606	1.356472	7.968913	5.679976	7.623137
292	2	6.381706	4.640480	7.753414	6.148525	-4.017391	6.381706	-0.744049	7.753414	6.148525	8.002578
294	2	4.765427	5.929123	7.205166	4.738021	-4.158850	4.765427	0.590753	7.205166	4.738021	6.265497
298	2	7.009669	3.992084	6.473742	7.372720	-2.120696	7.009669	-2.581883	6.473742	7.372720	7.208067
300	2	6.200576	2.572907	7.447717	3.388999	6.805750	6.200576	7.614450	7.447717	3.388999	-0.800986
304	2	8.165590	-2.248497	6.135321	6.811869	-1.399542	8.165590	-6.702002	6.135321	6.811869	4.610354
309	2	7.339613	4.944626	6.152676	1.789126	-3.447953	7.339613	-0.375478	6.152676	1.789126	6.373664
314	2	8.126302	4.212911	6.344213	6.643426	-3.544130	8.126302	-0.774054	6.344213	6.643426	7.910902
315	2	3.132878	5.839542	6.029257	6.617433	1.637550	3.132878	5.840412	6.029257	6.617433	-4.116991
316	2	9.240776	-1.271411	7.664828	6.023260	0.607940	9.240776	-3.517863	7.664828	6.023260	6.223046
317	2	8.350553	-3.038911	6.981244	7.673987	4.754866	8.350553	1.322120	6.981244	7.673987	-0.690950
320	2	6.471941	-0.500825	5.963159	1.047535	7.386379	6.471941	5.490951	5.963159	1.047535	-4.537519
321	2	6.628824	7.946295	4.632308	6.786080	-2.653317	6.628824	1.563270	4.632308	6.786080	6.605163
322	2	7.021979	0.143421	6.760439	4.828536	5.231793	7.021979	4.084670	6.760439	4.828536	-5.029031
323	2	6.907735	5.328918	5.542184	7.504537	-4.875534	6.907735	-1.017930	5.542184	7.504537	7.321934
325	2	8.919769	2.801005	6.235591	5.092436	0.043088	8.919769	-1.705786	6.235591	5.092436	8.572193
329	2	6.306455	6.120504	5.767310	2.588135	-5.548040	6.306455	0.243015	5.767310	2.588135	6.792505
330	2	5.425160	5.814305	8.673317	3.654257	-1.069060	5.425160	-0.595566	8.673317	3.654257	7.789302
334	2	6.379215	5.241972	8.587483	7.793465	-2.052615	6.379215	0.938286	8.587483	7.793465	7.892867
335	2	5.043919	5.615174	6.753316	4.107100	-5.167769	5.043919	0.777091	6.753316	4.107100	6.227184
336	2	6.004002	4.414259	3.649269	5.900169	3.131844	6.004002	8.350093	3.649269	5.900169	-3.036295
339	2	5.758346	6.063194	2.606660	7.961399	-5.105458	5.758346	-0.459523	2.606660	7.961399	7.701919
342	2	1.127321	1.381666	8.094852	6.963912	6.056071	1.127321	4.649559	8.094852	6.963912	-4.418024
346	2	6.103875	0.101869	6.789907	8.070028	6.389441	6.103875	4.657555	6.789907	8.070028	-2.764585
347	2	6.217315	2.788524	6.762466	5.868127	-4.265689	6.217315	-3.758137	6.762466	5.868127	8.297958
348	2	4.813682	2.443881	7.426368	6.307800	1.762249	4.813682	-3.814061	7.426368	6.307800	5.273568
350	2	4.748457	8.891174	2.958313	5.640575	-0.223441	4.748457	4.013512	2.958313	5.640575	4.615756
356	2	9.438163	-1.564453	7.083536	8.832250	6.813723	9.438163	1.976053	7.083536	8.832250	-0.265884
357	2	6.758283	6.025202	8.156310	5.749002	-3.507963	6.758283	1.525705	8.156310	5.749002	6.658641
359	2	7.943951	-0.445650	4.236934	4.655761	7.022322	7.943951	6.000160	4.236934	4.655761	-2.697685
362	2	6.886093	8.543506	5.457858	7.126086	1.662755	6.886093	8.986404	5.457858	7.126086	-3.554654
364	2	5.968089	5.606657	7.755308	6.763410	-2.421948	5.968089	-0.388698	7.755308	6.763410	6.354967
373	2	6.337288	7.297157	7.363209	6.549998	-6.292122	6.337288	0.915123	7.363209	6.549998	6.250511
374	2	6.755822	-3.410224	5.423666	6.920829	8.695739	6.755822	3.012948	5.423666	6.920829	-1.393661
376	2	7.079512	4.604983	7.996385	4.971222	-3.664568	7.079512	-1.224829	7.996385	4.971222	7.077838
378	2	6.294859	8.567859	5.236876	3.077613	-5.141560	6.294859	2.383160	5.236876	3.077613	4.605642
380	2	7.248746	-3.112816	5.801007	6.945514	4.827348	7.248746	-1.468888	5.801007	6.945514	-1.065719
383	2	5.799425	1.837210	7.646739	6.189948	6.133033	5.799425	6.543106	7.646739	6.189948	-3.677566
386	2	6.053016	4.425646	6.590107	7.259375	4.327383	6.053016	8.573073	6.590107	7.259375	-2.452048
389	2	6.750269	-4.669548	6.831151	7.015706	6.304789	6.750269	0.975314	6.831151	7.015706	1.416151
390	2	7.416212	6.265385	4.412980	6.513021	-5.424424	7.416212	0.957251	4.412980	6.513021	6.500809
391	2	6.189124	6.731839	7.506221	6.707413	-5.034398	6.189124	0.707173	7.506221	6.707413	6.347829
405	2	8.072403	4.780378	4.406950	6.694134	-7.501003	8.072403	-0.850753	4.406950	6.694134	3.848348
413	2	2.390478	9.560109	5.194376	6.759844	-3.217230	2.390478	9.465928	5.194376	6.759844	2.269830
414	2	6.327717	6.894997	5.999962	6.182872	-3.978448	6.327717	1.414113	5.999962	6.182872	5.345101
417	2	5.751986	5.506991	5.269764	6.960310	-3.657560	5.751986	3.993324	5.269764	6.960310	3.997223
418	2	5.972639	4.972320	6.233148	6.846239	-6.084754	5.972639	-1.267491	6.233148	6.846239	5.646394
421	2	5.281395	2.786969	6.503631	7.046851	0.855467	5.281395	-0.863357	6.503631	7.046851	8.529458
434	2	3.749088	7.550682	8.457482	5.772199	2.244970	3.749088	7.574183	8.457482	5.772199	-2.403979
436	2	6.562305	4.604465	8.128446	8.524352	2.977533	6.562305	2.730536	8.128446	8.524352	4.750090
438	2	6.725954	0.078032	6.805283	4.639696	7.277291	6.725954	6.052979	6.805283	4.639696	-4.142153
441	2	6.200506	5.777543	3.850962	7.421433	-0.337313	6.200506	-0.399134	3.850962	7.421433	5.966723
442	2	7.586019	1.628042	7.200852	7.607782	-4.981068	7.586019	-2.787842	7.200852	7.607782	5.531055
444	2	7.488960	-1.880800	7.980336	7.151823	-0.931040	7.488960	-7.540553	7.980336	7.151823	5.428443
445	2	8.209434	-2.732441	6.651315	6.758284	7.813416	8.209434	-0.070587	6.651315	6.758284	0.146323
446	2	5.086345	1.242913	7.179657	4.733812	5.807179	5.086345	5.912511	7.179657	4.733812	-2.995216
449	2	5.202928	1.759061	6.179271	5.255434	7.410148	5.202928	5.182909	6.179271	5.255434	-4.660454
450	2	7.713979	9.621077	2.887249	4.926614	-0.180708	7.713979	4.301201	2.887249	4.926614	5.100609
451	2	9.221077	2.359297	7.817226	4.887865	-2.799046	9.221077	-4.087524	7.817226	4.887865	7.162168
453	2	5.829814	2.220959	7.872163	5.726332	-2.275064	5.829814	-1.593681	7.872163	5.726332	5.618991
455	2	7.100961	5.095544	4.886027	8.286493	-4.684194	7.100961	-0.865239	4.886027	8.286493	6.276170
456	2	5.946120	3.739909	6.503672	6.744530	-4.996553	5.946120	3.707110	6.503672	6.744530	1.431285
458	2	6.735294	4.875410	4.642049	7.490855	-6.415113	6.735294	-1.564903	4.642049	7.490855	5.486036
462	2	5.915301	2.637230	4.829621	7.954079	-5.324085	5.915301	-3.678440	4.829621	7.954079	6.012674
464	2	5.153613	2.196698	7.980720	7.150578	-3.896723	5.153613	-2.710778	7.980720	7.150578	5.611712
466	2	7.193902	2.214284	8.134944	6.289083	-2.221117	7.193902	-4.291144	8.134944	6.289083	6.439277
468	2	7.903281	-2.228714	8.932934	7.426092	-1.023411	7.903281	-2.666350	8.932934	7.426092	3.183565
470	2	5.878877	6.715038	6.065945	4.795485	2.029351	5.878877	4.850945	6.065945	4.795485	5.511817
471	2	3.846390	0.890219	6.288155	7.462918	8.082679	3.846390	5.692208	6.288155	7.462918	-0.289708
478	2	6.452319	-2.547546	8.611014	5.898566	-0.063682	6.452319	-8.635828	8.611014	5.898566	6.294948
481	2	7.429541	6.644315	6.697717	7.452108	-4.129801	7.429541	1.342840	6.697717	7.452108	6.563121
482	2	2.731274	-2.106568	6.588904	5.819576	6.245462	2.731274	4.109894	6.588904	5.819576	-3.366181
483	2	7.872553	-4.254277	7.499187	7.939351	0.091996	7.872553	-10.009644	7.499187	7.939351	6.133774
484	2	4.840457	0.489834	7.340383	5.166367	9.097250	4.840457	5.261451	7.340383	5.166367	-2.843296
485	2	8.963329	1.919950	3.392638	6.637414	-0.787406	8.963329	-0.465866	3.392638	6.637414	4.826011
488	2	7.075284	5.613857	7.105879	6.224478	-5.280580	7.075284	0.461165	7.105879	6.224478	6.281312
491	2	9.875675	6.242624	6.352495	6.787488	-6.234863	9.875675	1.379639	6.352495	6.787488	5.210256
496	2	6.540947	1.310746	5.828955	7.620295	7.034990	6.540947	7.385191	5.828955	7.620295	-3.317628
500	2	6.536573	1.276329	6.415050	6.562172	5.335966	6.536573	3.958894	6.415050	6.562172	-3.066333
501	2	6.600017	-1.900753	5.321873	5.613229	6.022483	6.600017	2.037835	5.321873	5.613229	-6.148413
505	2	6.060482	5.496200	2.855430	7.824941	-2.177674	6.060482	-1.001685	2.855430	7.824941	6.391463
508	2	6.333678	5.949962	6.498642	5.787282	-2.990327	6.333678	0.188645	6.498642	5.787282	8.046336
513	2	4.002156	3.922616	6.704591	6.085849	-4.874155	4.002156	-2.563549	6.704591	6.085849	5.510150
516	2	6.356323	6.619444	5.182910	5.317241	-4.286036	6.356323	2.918089	5.182910	5.317241	4.951815
518	2	7.003927	-1.424028	6.834487	6.525884	5.587123	7.003927	2.803831	6.834487	6.525884	-4.412765
524	2	8.255594	4.873896	5.818548	5.740218	-3.966439	8.255594	4.870387	5.818548	5.740218	2.203173
525	2	6.260145	1.680258	6.564145	5.123695	6.715349	6.260145	4.956356	6.564145	5.123695	-0.959486
526	2	6.097785	5.500391	6.949371	7.807719	-5.258863	6.097785	-0.494908	6.949371	7.807719	6.292613
527	2	7.494950	-0.213484	6.520818	3.437553	7.056392	7.494950	6.265232	6.520818	3.437553	-4.188611
528	2	6.572850	3.273430	9.580264	6.062782	-3.138190	6.572850	1.108792	9.580264	6.062782	6.094617
529	2	6.593973	-6.157242	5.458283	6.112067	2.029433	6.593973	-8.951427	5.458283	6.112067	6.578486
530	2	7.050299	6.732711	5.919431	5.810198	-4.012224	7.050299	0.328722	5.919431	5.810198	6.335872
533	2	7.090861	2.432016	7.119476	6.845463	-0.835391	7.090861	-0.099103	7.119476	6.845463	5.298791
539	2	2.987368	3.913447	6.656992	7.125164	-2.079710	2.987368	-1.713404	6.656992	7.125164	7.501848
540	2	6.915294	5.872453	5.830058	5.925677	1.993477	6.915294	7.978410	5.830058	5.925677	-0.830919
545	2	4.262470	1.510874	6.834289	6.571984	7.414719	4.262470	7.950923	6.834289	6.571984	-5.308272
552	2	7.520169	0.372268	7.386060	9.957457	0.857359	7.520169	-5.428211	7.386060	9.957457	6.707750
554	2	7.658269	8.252055	6.274185	3.553248	-3.808060	7.658269	8.251971	6.274185	3.553248	1.879204
557	2	7.217882	1.332353	8.214183	6.538636	0.667366	7.217882	-4.913726	8.214183	6.538636	6.677391
558	2	8.133464	3.503337	6.520958	5.525121	-1.070942	8.133464	0.796017	6.520958	5.525121	4.470971
561	2	8.141702	5.765636	6.362840	6.207372	-1.628432	8.141702	0.280914	6.362840	6.207372	6.495881
565	2	4.916588	7.298770	7.823365	6.489835	-5.792542	4.916588	1.491851	7.823365	6.489835	5.061367
566	2	5.678519	4.814261	7.181309	8.735266	-4.147868	5.678519	-1.548278	7.181309	8.735266	7.896228
567	2	6.469131	-0.373079	5.707235	7.851028	7.724727	6.469131	6.040579	5.707235	7.851028	-0.437452
570	2	3.677493	-2.836674	6.184690	7.553069	4.959144	3.677493	3.151815	6.184690	7.553069	-3.717088
571	2	7.142103	5.306819	6.398546	5.557353	-4.246127	7.142103	-0.004378	6.398546	5.557353	7.722762
579	2	7.120445	5.462274	5.849308	6.474527	-4.822975	7.120445	1.781037	5.849308	6.474527	7.551007
580	2	6.098732	-2.850943	6.751310	8.059799	0.606344	6.098732	-8.888159	6.751310	8.059799	6.425712
581	2	6.747703	-0.792141	7.023483	5.569449	2.732003	6.747703	-2.548924	7.023483	5.569449	6.541197
583	2	7.547282	3.793088	6.494432	5.629444	1.159922	7.547282	-1.611131	6.494432	5.629444	5.198250
584	2	2.804545	-3.393636	8.076194	7.553104	4.693223	2.804545	2.214383	8.076194	7.553104	-1.532997
592	2	9.342141	3.023883	6.416536	6.941461	-5.280640	9.342141	-1.154153	6.416536	6.941461	6.880651
594	2	5.512610	7.191415	6.541793	4.963957	-3.256944	5.512610	0.699570	6.541793	4.963957	6.866339
597	2	5.599470	-4.823203	3.888409	6.832681	7.529513	5.599470	-0.051203	3.888409	6.832681	1.388606
601	2	6.634344	4.234811	6.136488	5.468708	-2.384049	6.634344	-0.993477	6.136488	5.468708	7.059310
602	2	6.903097	4.969840	7.591830	6.795390	2.467057	6.903097	5.502107	7.591830	6.795390	-3.539430
614	2	6.127779	-1.286914	8.346952	5.994414	-0.921882	6.127779	-7.202901	8.346952	5.994414	5.249201
615	2	6.040620	0.718714	9.196364	8.721702	1.538678	6.040620	-5.477539	9.196364	8.721702	6.577485
618	2	4.678254	4.068826	8.495240	2.799031	-5.196472	4.678254	-2.445381	8.495240	2.799031	6.529294
619	2	6.560703	3.107304	8.689085	5.384480	-0.293999	6.560703	-1.651395	8.689085	5.384480	6.845401
621	2	3.469290	5.837501	4.009073	3.230829	0.081230	3.469290	-0.537416	4.009073	3.230829	7.590776
627	2	9.309055	6.135740	6.789129	6.382317	1.383478	9.309055	0.929849	6.789129	6.382317	7.593257
631	2	5.819956	0.617204	7.316333	9.275446	-1.739091	5.819956	-0.264812	7.316333	9.275446	4.439547
635	2	6.833421	1.876913	8.071517	4.395353	-2.308215	6.833421	-2.598794	8.071517	4.395353	4.520652
636	2	5.866642	2.914415	5.384125	7.011239	0.493220	5.866642	0.682808	5.384125	7.011239	6.188088
643	2	6.077091	-2.470394	6.399988	6.450195	5.955289	6.077091	3.387061	6.399988	6.450195	-2.045950
649	2	6.522473	-3.638620	7.664973	7.138992	6.164910	6.522473	0.943409	7.664973	7.138992	0.258769
650	2	6.516224	5.378349	6.755703	7.098443	-2.077725	6.516224	0.117905	6.755703	7.098443	6.074547
651	2	5.483362	4.505682	8.093229	5.450777	4.316627	5.483362	5.619316	8.093229	5.450777	-0.129741
656	2	4.393722	-2.473354	3.759703	9.857099	7.200267	4.393722	3.685459	3.759703	9.857099	-1.277308
657	2	8.016456	2.960324	5.049223	5.349223	7.671531	8.016456	7.928081	5.049223	5.349223	-0.340748
661	2	9.770443	-0.845469	5.726432	6.091715	0.504252	9.770443	-5.967602	5.726432	6.091715	6.906083
662	2	5.843225	1.926039	6.536313	7.114921	-1.227809	5.843225	-4.521752	6.536313	7.114921	5.453957
663	2	4.461348	-1.030659	6.712750	7.676837	8.625353	4.461348	5.162819	6.712750	7.676837	-1.575262
667	2	8.853691	-0.363222	6.620579	1.796197	6.088472	8.853691	0.752729	6.620579	1.796197	0.542076
674	2	4.601199	0.964523	6.363176	6.807217	1.337232	4.601199	-4.393547	6.363176	6.807217	5.980851
676	2	5.486898	5.518352	6.663294	5.511447	-3.708076	5.486898	-0.061122	6.663294	5.511447	6.428089
681	2	6.076805	0.016656	7.650348	5.936236	0.716483	6.076805	-5.708851	7.650348	5.936236	6.705361
684	2	6.824401	3.884691	7.156985	6.481553	-7.631949	6.824401	-1.190287	7.156985	6.481553	3.538857
689	2	7.006106	5.382119	6.471784	4.958859	-2.325156	7.006106	-0.670968	6.471784	4.958859	7.049294
690	2	7.383501	-0.628782	7.701282	7.751379	4.967619	7.383501	1.621645	7.701282	7.751379	-1.652493
692	2	4.923875	6.359665	7.442347	2.104543	-6.400733	4.923875	1.848830	7.442347	2.104543	5.395118
697	2	9.224532	3.923761	4.976446	6.124272	-4.179728	9.224532	-1.319357	4.976446	6.124272	7.536733
699	2	2.861539	1.805961	6.554245	5.151655	7.053124	2.861539	4.932019	6.554245	5.151655	-2.870602
700	2	5.195263	3.234902	7.153618	8.341812	-3.014105	5.195263	-3.133760	7.153618	8.341812	6.491226
701	2	7.285277	1.788121	6.487187	3.356491	1.199511	7.285277	-2.711545	6.487187	3.356491	4.969512
714	2	8.096330	0.901590	7.188363	5.341032	-1.885731	8.096330	-2.459915	7.188363	5.341032	6.896655
715	2	5.931492	1.991730	7.154716	7.967154	-0.464126	5.931492	-0.584610	7.154716	7.967154	6.214287
728	2	7.625661	7.164950	5.111141	5.268733	-4.651772	7.625661	3.314268	5.111141	5.268733	4.471561
733	2	5.945422	7.943403	6.377315	2.938267	-3.469789	5.945422	2.470879	6.377315	2.938267	6.975889
735	2	7.495042	0.870720	4.318424	4.610305	6.889359	7.495042	6.183711	4.318424	4.610305	0.105640
739	2	6.650429	4.455299	1.960040	5.947322	-0.381502	6.650429	-2.017078	1.960040	5.947322	7.323180
741	2	6.679353	-0.248750	5.305361	7.849482	7.726268	6.679353	4.936677	5.305361	7.849482	-4.654854
744	2	7.780491	-2.160642	6.508730	5.990309	6.609467	7.780491	2.847696	6.508730	5.990309	-0.354585
745	2	7.508100	2.245994	8.058336	8.261893	-1.631921	7.508100	-1.639623	8.058336	8.261893	5.152304
749	2	7.791706	0.989067	6.563816	8.125765	-1.470615	7.791706	-3.992348	6.563816	8.125765	6.857901
754	2	8.072125	4.334347	6.139688	5.296482	-5.894885	8.072125	-2.138922	6.139688	5.296482	6.570230
757	2	5.707742	3.896132	6.753713	7.441518	-1.113400	5.707742	-2.541326	6.753713	7.441518	5.966572
759	2	7.993440	-1.714222	6.016804	6.976994	5.826497	7.993440	4.146159	6.016804	6.976994	-2.535882
761	2	6.398854	1.106551	4.953296	8.437200	-0.489323	6.398854	-5.067476	4.953296	8.437200	5.943640
762	2	6.893239	5.366258	5.593160	7.477218	-5.208226	6.893239	0.943486	5.593160	7.477218	4.806005
765	2	7.655755	-1.049942	7.831846	5.695851	7.393786	7.655755	3.776714	7.831846	5.695851	0.319075
766	2	7.323817	-0.694769	7.345788	6.892812	6.907364	7.323817	3.240862	7.345788	6.892812	-0.708680
770	2	6.391779	-0.474343	6.966698	6.786375	7.232756	6.391779	4.787463	6.966698	6.786375	-4.223875
772	2	6.046074	7.146426	7.277096	4.172430	-1.265124	6.046074	1.303247	7.277096	4.172430	8.280260
773	2	6.643324	7.353763	7.325114	5.692925	-2.311418	6.643324	2.811537	7.325114	5.692925	5.328138
774	2	9.341356	-9.306351	7.671177	9.278418	-2.009042	9.341356	-12.776223	7.671177	9.278418	4.394464
775	2	7.043461	1.428717	6.449476	6.858125	0.468948	7.043461	-3.250826	6.449476	6.858125	6.970350
776	2	6.079561	1.624746	6.497803	5.503161	6.779333	6.079561	4.303359	6.497803	5.503161	-4.772659
778	2	4.998880	8.563721	5.778004	5.071491	-3.840687	4.998880	2.380682	5.778004	5.071491	6.398878
779	2	6.934664	2.411016	6.179994	6.723779	-3.541385	6.934664	-1.771830	6.179994	6.723779	5.094665
783	2	7.309123	-1.508183	6.940970	6.819203	6.661106	7.309123	4.783975	6.940970	6.819203	-2.204668
784	2	6.826641	2.279354	8.570149	7.445659	6.339796	6.826641	6.755011	8.570149	7.445659	-1.555248
786	2	5.104611	6.420897	3.467559	4.353568	-2.909729	5.104611	-0.147872	3.467559	4.353568	7.654376
787	2	3.903235	1.537624	7.146145	5.693438	7.336250	3.903235	7.735695	7.146145	5.693438	3.071327
788	2	5.291003	-3.476254	9.685014	7.894144	-0.477730	5.291003	-7.126045	9.685014	7.894144	4.807582
791	2	7.895403	0.083178	5.903893	4.227169	7.190020	7.895403	6.407741	5.903893	4.227169	-3.098951
792	2	7.211712	1.245578	7.017465	5.225575	4.552780	7.211712	2.505343	7.017465	5.225575	-1.932873
797	2	8.396024	0.068831	6.072929	8.181372	0.215179	8.396024	-5.293048	6.072929	8.181372	5.390772
800	2	4.953906	2.151264	7.282747	6.733509	8.444740	4.953906	5.544591	7.282747	6.733509	3.618553
801	2	6.301912	6.125201	6.596351	7.840773	-2.963209	6.301912	1.677602	6.596351	7.840773	6.771076
802	2	7.355078	-1.922502	5.871701	7.193003	0.978183	7.355078	-8.423491	5.871701	7.193003	6.049214
808	2	6.678419	-3.729262	6.595248	7.631577	0.747662	6.678419	-9.890537	6.595248	7.631577	7.235259
810	2	6.346499	-0.538240	6.192199	8.540413	7.496390	6.346499	5.550189	6.192199	8.540413	-4.111946
811	2	6.153992	3.472484	8.572605	6.084864	-4.711673	6.153992	-2.424761	8.572605	6.084864	5.522006
813	2	4.956580	4.634424	6.084986	7.315816	-2.032024	4.956580	-1.591066	6.084986	7.315816	6.000990
814	2	6.596182	1.824580	7.385393	6.856263	7.051020	6.596182	5.549638	7.385393	6.856263	-0.926048
815	2	7.390401	0.792008	8.119858	9.482115	1.718336	7.390401	-5.261204	8.119858	9.482115	7.732116
816	2	6.401425	-5.670625	6.786898	8.875948	6.033045	6.401425	-0.897271	6.786898	8.875948	0.179448
818	2	6.749530	2.052937	4.628596	4.977592	5.094000	6.749530	8.363007	4.628596	4.977592	-5.528310
820	2	8.377627	-1.566423	3.739942	6.349742	8.703466	8.377627	4.911968	3.739942	6.349742	0.030028
823	2	5.446425	7.154321	6.599021	4.284397	-6.459574	5.446425	1.342376	6.599021	4.284397	4.960226
827	2	7.357729	3.417135	8.118398	7.147060	-4.779795	7.357729	-1.806431	8.118398	7.147060	6.079620
828	2	5.714034	-6.359117	8.862957	5.922614	6.253574	5.714034	0.019909	8.862957	5.922614	1.791358
831	2	5.901587	4.758243	5.077102	5.751105	-1.315144	5.901587	-0.364209	5.077102	5.751105	6.743790
832	2	6.708590	-2.232758	6.013320	6.606932	7.832008	6.708590	4.080744	6.013320	6.606932	-1.360680
834	2	5.037344	6.634174	5.327557	4.360370	-6.336317	5.037344	1.484271	5.327557	4.360370	6.224935
837	2	7.576862	-0.194859	6.812429	7.280169	-3.451598	7.576862	-5.802685	6.812429	7.280169	5.299255
839	2	6.396992	4.324838	6.370231	7.677328	-3.571931	6.396992	3.110310	6.370231	7.677328	5.202845
850	2	5.307903	4.563801	6.047120	9.708488	-1.102609	5.307903	-0.867970	6.047120	9.708488	5.870782
853	2	5.479344	3.983482	7.157692	3.921550	-2.212761	5.479344	-1.482727	7.157692	3.921550	6.832146
854	2	7.108584	2.281168	8.670317	3.082627	-1.114050	7.108584	-2.872082	8.670317	3.082627	6.504557
857	2	6.172784	1.749454	4.860795	4.425215	5.960750	6.172784	6.555573	4.860795	4.425215	-6.028945
859	2	7.070250	7.876409	4.642277	5.836368	-3.808733	7.070250	1.435898	4.642277	5.836368	6.430957
861	2	4.168530	5.257755	6.935088	3.301153	-2.976043	4.168530	-0.940258	6.935088	3.301153	8.405315
862	2	7.507805	1.846249	6.659025	5.952519	7.708632	7.507805	4.651234	6.659025	5.952519	3.551683
863	2	7.071791	0.602448	6.741504	5.531316	4.784975	7.071791	6.054202	6.741504	5.531316	-2.840656
867	2	8.007177	5.369076	6.042401	3.828115	-4.251174	8.007177	-0.976066	6.042401	3.828115	8.068662
870	2	6.694206	-0.667022	6.900067	7.902764	7.048199	6.694206	5.430470	6.900067	7.902764	-5.510418
871	2	6.717773	0.172590	5.676007	8.916978	7.143594	6.717773	6.459653	5.676007	8.916978	-2.724833
873	2	5.670460	3.967844	7.050202	6.715971	-4.639720	5.670460	-1.698632	7.050202	6.715971	6.392413
874	2	7.185457	4.538104	5.146557	5.735670	-1.385755	7.185457	0.822296	5.146557	5.735670	6.542173
875	2	6.905707	6.624389	6.900704	2.681856	-3.143167	6.905707	0.231208	6.900704	2.681856	6.822798
877	2	6.662352	4.335432	5.916015	5.443790	-4.204270	6.662352	-0.026983	5.916015	5.443790	6.502409
882	2	6.959706	6.347010	6.861016	6.322631	-4.228062	6.959706	0.584800	6.861016	6.322631	5.626820
883	2	8.691953	0.838180	7.313739	5.520121	6.189407	8.691953	5.304892	7.313739	5.520121	-0.523084
888	2	4.772149	2.472524	7.927694	5.903673	7.423580	4.772149	7.845682	7.927694	5.903673	-2.537891
890	2	9.024363	1.806239	6.913798	6.240356	-0.113510	9.024363	-3.533510	6.913798	6.240356	4.848420
891	2	5.839867	-1.473435	7.097496	7.677633	0.392860	5.839867	-5.769191	7.097496	7.677633	6.058889
892	2	6.659586	0.742463	6.412088	7.229480	-2.228566	6.659586	-3.316024	6.412088	7.229480	4.259500
893	2	5.615660	2.961603	6.576250	7.031575	4.813654	5.615660	9.155333	6.576250	7.031575	-5.907558
896	2	6.793300	6.252672	7.457925	4.558835	-6.420458	6.793300	-0.012485	7.457925	4.558835	4.587253
897	2	7.321139	-1.355597	7.339690	4.031455	8.029664	7.321139	3.793747	7.339690	4.031455	1.454101
898	2	8.114231	3.475021	8.005395	7.425534	0.370639	8.114231	-2.245110	8.005395	7.425534	7.858684
902	2	8.523393	2.720926	5.765911	5.657177	0.116065	8.523393	-3.619890	5.765911	5.657177	6.921106
906	2	4.261088	4.634064	3.634461	5.864381	6.336811	4.261088	10.130972	3.634461	5.864381	-0.169474
908	2	6.864802	-2.348215	7.912195	7.522833	7.464586	6.864802	2.573446	7.912195	7.522833	0.709275
910	2	7.111170	-2.710596	9.290245	7.305705	6.118646	7.111170	1.239327	9.290245	7.305705	0.549684
911	2	4.981920	-2.429779	6.055741	5.754994	6.096349	4.981920	3.655633	6.055741	5.754994	-4.435951
914	2	6.600059	0.953572	7.335022	6.694752	-0.903486	6.600059	-3.368849	7.335022	6.694752	4.949461
916	2	6.936214	-3.291574	7.917054	5.180896	0.128741	6.936214	-6.920823	7.917054	5.180896	5.458801
917	2	9.098088	-1.061100	6.941687	8.047552	0.387133	9.098088	-6.967381	6.941687	8.047552	6.759408
918	2	6.083131	6.568736	5.109342	5.581637	-2.804334	6.083131	0.115656	5.109342	5.581637	6.638683
919	2	7.263735	0.343170	9.309994	6.397922	-0.015292	7.263735	-3.469052	9.309994	6.397922	6.056320
920	2	5.631996	-1.033854	6.375667	8.772328	-1.111467	5.631996	-1.433819	6.375667	8.772328	3.785472
921	2	8.380963	-6.838735	5.288082	6.708120	6.988760	8.380963	-3.740591	5.288082	6.708120	0.482076
922	2	6.206250	2.652283	7.853526	2.502811	6.195848	6.206250	6.945934	7.853526	2.502811	-3.940092
924	2	7.958965	-7.142712	5.639639	9.419749	5.906234	7.958965	-5.683991	5.639639	9.419749	0.138141
930	2	7.587732	2.718523	9.420862	6.273260	-3.520862	7.587732	-3.799187	9.420862	6.273260	8.106035
936	2	1.677778	6.262162	6.040810	5.359815	-1.628449	1.677778	2.757558	6.040810	5.359815	4.789024
940	2	7.772481	6.872453	7.109594	7.981929	-5.201256	7.772481	0.931752	7.109594	7.981929	6.433688
941	2	5.184181	3.283121	6.444461	7.173855	-6.430780	5.184181	-2.885218	6.444461	7.173855	5.548318
945	2	6.613353	-2.067060	6.915349	4.272091	7.102451	6.613353	4.385479	6.915349	4.272091	-0.408206
955	2	6.755131	-1.245799	7.687909	6.586879	7.064636	6.755131	5.153410	7.687909	6.586879	-3.886442
956	2	3.601732	-1.300062	6.783176	9.258449	7.811709	3.601732	5.141645	6.783176	9.258449	-2.995414
959	2	4.450999	4.673446	6.836848	8.591682	1.269105	4.450999	-1.133662	6.836848	8.591682	6.296342
963	2	4.952397	2.797760	6.012670	9.494136	0.515358	4.952397	2.045085	6.012670	9.494136	6.926944
965	2	5.640885	3.606237	5.896953	5.231281	-2.657302	5.640885	-1.549473	5.896953	5.231281	7.205493
974	2	6.601839	-8.816889	7.722902	6.816093	5.972473	6.601839	-3.346248	7.722902	6.816093	0.439627
976	2	5.467426	0.203754	7.263364	6.962009	5.498008	5.467426	6.026066	7.263364	6.962009	-5.085571
977	2	5.606330	-5.676998	7.341034	7.570184	-1.374078	5.606330	-10.245041	7.341034	7.570184	4.750364
979	2	5.500883	0.814986	5.077813	7.636134	6.546818	5.500883	6.929895	5.077813	7.636134	-4.204922
982	2	5.271428	-2.500854	6.586135	8.467737	0.810140	5.271428	-8.934155	6.586135	8.467737	6.534970
985	2	7.034360	-4.540021	6.860231	6.653331	0.115440	7.034360	-5.465643	6.860231	6.653331	5.831091
988	2	6.180712	-1.661411	7.593537	8.494683	4.940315	6.180712	3.433998	7.593537	8.494683	-7.277910
992	2	6.900080	4.549542	6.626541	3.446452	-0.844872	6.900080	-0.182897	6.626541	3.446452	5.892660
995	2	7.853579	-1.119980	6.569630	8.148014	6.775211	7.853579	3.807906	6.569630	8.148014	-0.773781
997	2	4.596977	-0.174215	6.585110	5.781083	8.198283	4.596977	5.554454	6.585110	5.781083	2.315462
