2	3	7.521169	-14.409222	7.968534	6.821690	8.065131	-3.201528	8.358581	-4.755472	-1.594839	-2.370792	-3.201527	7.882732	1.685037	-1.594747	-2.370792
3	3	-4.805417	11.040813	-5.068387	-7.891300	-2.396304	6.628180	-12.262253	6.038982	2.724925	7.867310	6.628120	-6.682479	1.726098	2.719273	7.861123
5	3	0.396393	-9.025153	6.467613	8.381680	7.516632	-5.539123	5.081262	-0.333092	2.404350	-3.658555	4.888629	-13.582374	6.467613	8.381680	7.516632
10	3	6.237780	-12.807847	-3.753562	7.775290	7.427461	-6.246607	10.051276	-10.220970	-2.435053	-1.588277	-6.246607	9.201369	-10.220970	2.756632	-1.588277
17	3	4.575729	10.386767	-5.806053	-5.364067	-1.850437	7.762021	-8.825657	5.052975	6.252376	8.232600	7.762021	-3.971609	0.340869	6.252375	8.120547
19	3	-0.313532	-15.727634	5.372971	7.628440	6.834357	-5.700552	6.124736	-5.921060	-3.866560	-4.483566	5.106875	-21.530963	5.372971	7.628440	6.834357
21	3	-3.690438	7.474303	4.089409	-4.650795	-1.055647	-3.482322	7.070375	4.089410	-4.626126	2.683144	4.901900	-11.722327	7.379991	7.292785	4.732546
22	3	8.781763	-9.465867	6.932087	5.272561	5.836354	2.619791	8.267656	-3.155109	0.583513	3.379635	2.619780	8.438983	-3.155128	-6.046190	3.379634
24	3	8.487319	-11.707675	8.002683	6.265181	0.143154	7.561462	3.179988	-2.716170	-0.001073	-3.296955	8.487418	-16.125544	8.002683	6.265467	5.912214
26	3	-6.610988	10.363973	-5.911949	-3.762118	-3.975541	6.177503	-6.001430	0.364263	7.446592	6.325471	6.177503	-12.370614	6.802860	7.446592	6.325471
27	3	-7.811037	9.252935	-0.670679	-3.675026	-2.735810	-2.380234	-5.328686	7.504980	6.926731	1.169981	-2.322504	-10.305258	7.504982	6.926731	6.710993
28	3	-4.213480	9.987439	-9.034306	-7.369411	-3.235572	6.425961	-3.604279	-2.734029	-1.207734	6.275221	6.499458	-9.677551	-2.734028	4.382781	6.560125
30	3	-3.745531	9.452437	-2.922441	-6.857612	-4.912859	5.875013	-10.087496	7.616835	4.575094	3.874914	5.875013	-4.884032	7.616743	4.571218	-2.682563
42	3	-1.443131	-8.437059	-1.177969	7.088694	5.381231	-8.060139	7.227584	-7.540813	-3.825679	-6.413607	-1.443131	-8.490269	2.764400	7.088694	5.381231
43	3	-9.163424	9.900828	-4.924019	-5.508278	-0.497387	-2.831379	-3.230814	-0.032167	3.887117	6.593526	-2.831379	-9.226451	6.578785	3.887117	6.635909
44	3	7.523397	-15.929159	2.418234	7.999925	7.602157	-1.451337	1.556270	1.563738	6.968180	-2.203717	-1.561515	9.439018	-3.500688	2.463932	-2.208221
51	3	-0.611280	-7.380485	7.541598	7.471949	7.460398	-6.865798	10.282296	-2.562030	-1.689710	-3.434860	5.450979	-11.556843	7.541605	7.471956	7.460398
55	3	-0.914604	-9.234287	8.933361	6.247634	7.984346	5.679161	-14.727947	8.933361	6.247634	7.984346	-4.953246	8.499574	0.003430	-1.797496	-3.427958
57	3	-4.693172	10.639012	-5.797927	-6.425349	-3.035980	5.092137	-13.125165	5.637499	4.976772	8.042748	5.092136	-11.131922	-0.764722	4.976772	8.042748
59	3	-3.497351	9.872553	-2.680402	-9.122787	-7.376151	5.661778	-6.688563	7.182152	-3.545516	-1.206006	5.661778	-9.128227	7.182152	-3.545433	4.679152
62	3	6.286693	-13.091197	8.936855	7.226837	6.296373	-3.655301	9.593054	2.122838	-5.191203	-5.940591	6.286693	-10.880260	8.936855	1.229650	6.296373
69	3	9.051448	-10.151378	6.580770	6.491266	1.227916	3.304109	8.749188	-3.026501	-3.181096	-5.022589	9.051448	-16.715199	6.580770	6.491736	7.213326
79	3	8.024482	-13.004475	6.412837	5.843337	5.980346	-3.633751	6.955234	-3.346114	-1.094586	4.699744	8.023902	-1.165902	1.970914	0.720725	5.725672
88	3	7.071299	-8.276949	-4.810215	9.685046	6.967418	-5.981859	7.103431	-11.364136	6.228712	-4.896020	-5.981859	10.914228	-11.364136	-0.373447	-4.896033
89	3	-0.372171	-14.264682	6.382670	7.816357	8.046723	5.874672	-19.787568	6.382670	7.816394	8.046723	-4.697123	5.190956	-2.531913	4.137074	1.735647
93	3	6.593324	-14.872021	6.616320	6.252541	7.945365	-2.119864	9.993237	-1.258194	-6.228770	-0.906157	-0.322139	4.327726	-1.258194	-6.166449	4.983827
96	3	-1.572541	9.194243	-0.874990	-5.183761	-2.931138	4.256716	-8.617333	6.655273	6.807791	6.710186	4.230937	0.241632	-0.865074	6.566742	-2.927781
99	3	-2.860642	10.878289	-6.946069	-1.574694	-5.419105	1.814973	-3.852084	-2.022356	5.519491	6.199572	7.287431	-7.072813	-2.022336	5.533140	6.199821
102	3	-7.471335	10.377242	-4.217205	-3.192490	-7.157182	-3.479358	-3.309690	6.705079	6.771843	5.675580	-2.989113	-9.835333	6.764437	6.771846	5.679804
103	3	-2.869268	10.334763	-3.272403	-4.038115	-6.897627	5.274165	-13.532596	7.280064	7.724806	5.624675	5.274165	-8.691031	7.278742	7.724806	-0.508310
111	3	-4.036564	6.323859	-1.747272	-1.705959	-7.291430	6.732189	-13.323609	8.071710	8.169873	-0.850103	6.732435	-17.594001	8.071710	8.170253	5.477091
112	3	-5.285703	11.851199	-7.755636	-5.282436	-5.010729	5.951949	-4.448012	-2.899112	6.444127	6.346230	5.534426	-0.474111	-2.917371	0.328795	6.345627
113	3	3.482733	9.139147	-4.352575	2.764830	-3.896130	4.910299	-12.579872	4.527641	7.118682	7.698242	3.482732	9.169549	-4.352575	-2.555567	-3.898446
115	3	-2.696890	7.782977	-5.037958	-3.935030	-1.104492	9.590024	-16.316631	6.470873	6.564936	6.568703	9.588229	-11.175859	6.470873	0.172700	6.568703
116	3	-2.603902	11.331210	-5.885970	-4.853561	-6.208069	7.345512	-8.031113	6.881092	7.071355	3.532893	7.345225	-2.671718	6.746075	1.320846	3.140135
117	3	1.330576	4.553169	4.882826	-6.321374	-2.291652	6.814926	-15.331000	8.853846	3.577261	5.003680	1.317171	11.063681	-1.610311	-6.556850	-2.291652
120	3	6.674427	-15.212780	3.970436	7.084199	6.360602	6.674427	-10.419738	3.970436	7.084198	-0.280893	-4.556430	7.686398	-8.337369	-4.486335	-5.754339
122	3	5.861320	-16.908680	7.044635	6.948502	7.658620	-5.195446	7.330409	2.301714	-1.923830	0.613601	-5.197607	7.528058	-4.195672	-1.923830	0.613601
123	3	8.603333	-13.152361	5.815560	7.115539	6.820665	-3.909998	9.876020	-6.026184	-3.116126	-2.533643	8.603333	-9.930430	5.815560	7.115539	2.618972
133	3	4.525263	-16.692410	9.094737	5.490594	7.164807	4.525263	-10.583422	9.094737	-0.504719	7.164807	-6.059853	9.454168	-1.189960	-5.082640	-5.281494
134	3	-2.780638	6.021339	5.928522	-8.077119	-2.758663	6.896569	-12.537037	8.164837	3.139563	5.903752	1.349426	-8.192625	8.164834	3.139557	5.903752
136	3	-1.023123	-9.280031	-4.800691	6.794356	9.313890	5.413421	-15.354504	-4.800691	6.797109	9.313890	-2.868868	7.094672	-10.713866	-4.173210	-3.383263
138	3	-5.695939	7.251302	-3.076403	0.037888	5.004885	6.623268	-16.087071	8.414697	5.339372	9.257912	0.623198	-10.415796	8.414363	5.339368	9.257912
139	3	-2.594875	10.932186	-4.507205	-5.540041	-3.806710	6.756239	-10.354030	5.579842	6.230554	7.159985	6.756239	-4.023691	5.579842	0.457029	7.159710
141	3	5.828575	-8.795200	7.795571	6.053218	-0.121228	-5.311631	9.317785	-2.064400	-4.832719	-6.115233	5.828577	-14.990651	7.795571	6.059499	6.419072
148	3	-1.267664	-13.345449	8.985524	7.945785	7.052024	-6.320512	6.298779	3.577477	-5.063125	-3.740048	-6.320514	9.914087	-2.803439	-5.063125	-5.025865
150	3	-8.132329	9.884293	-4.532909	-4.450776	-6.649972	-1.584013	-12.564591	6.908635	6.660252	5.877621	-1.584015	-9.038163	6.908635	6.647486	-0.314945
153	3	6.706731	-12.560105	7.222622	-1.653882	6.468528	-2.835157	8.436487	-5.326277	-7.660011	-4.410290	6.706788	-14.100416	7.222622	4.985540	6.468528
156	3	7.831077	-16.604138	7.322939	7.653966	6.164147	-4.564781	7.984014	-4.021268	-5.319155	-5.050779	7.831077	-10.952059	7.322939	7.653966	0.886239
161	3	-9.025389	8.682242	-6.196097	-6.432401	-3.044425	-2.614482	-4.412753	6.383686	0.152710	6.536369	-2.614447	-6.959623	6.383686	6.207803	6.536369
163	3	1.518199	4.179473	6.711908	-1.703967	-8.485780	7.154285	-14.191542	9.202711	7.441955	4.019851	7.154285	-12.910079	9.202677	7.441955	-1.467895
164	3	-4.864927	10.022484	-5.942709	-2.388492	-3.642812	6.800786	-12.316716	6.704045	0.032533	8.748045	6.800786	-13.852717	6.704045	5.167751	8.748045
166	3	-3.974769	8.624812	-2.633443	-8.133720	-3.244895	9.284930	-8.284376	6.498497	-3.775778	0.779838	9.284930	-11.065551	6.498497	-3.774642	6.708238
167	3	-6.510747	12.213747	-3.456715	3.158719	-5.228698	-0.486802	-9.534628	7.044802	6.883930	6.390260	-0.486802	-5.509992	7.044132	6.883928	0.119976
175	3	4.577285	7.504706	-2.700001	-5.999313	-1.900569	7.601694	-3.878186	6.930113	5.991129	1.713790	7.602593	-9.027505	6.935480	6.002644	6.497109
178	3	6.909175	-6.994056	2.874919	-0.112937	8.096035	0.946296	9.408651	-8.472515	-6.629450	-2.343353	6.909181	-12.770987	2.874919	6.341395	8.096126
181	3	2.548813	9.519359	-3.682342	-1.502608	-3.554811	8.087762	-13.417353	6.771394	5.932061	6.843706	8.087529	-10.807175	1.945679	5.932061	6.843706
184	3	6.504868	-12.668323	1.106475	5.090699	7.883367	-1.486090	11.528599	-5.430276	-1.908631	2.574434	6.504868	-14.446959	5.440594	5.090859	7.883367
186	3	6.500313	-10.179330	0.627635	5.811216	5.952142	-4.260935	7.654971	-4.800595	-6.046941	-3.892299	6.500313	-15.862656	6.428081	5.811216	5.952859
192	3	5.335178	-12.066466	6.815077	1.274586	8.011163	5.335178	-16.549338	6.815077	6.756918	8.011163	-3.216330	8.533936	-1.696516	-4.298860	-0.037734
200	3	-0.256675	-11.816981	5.701389	7.579703	6.708268	5.881894	-18.084887	5.701389	7.579841	6.708268	-4.863655	7.960238	-6.975204	-2.233630	1.874903
201	3	5.300524	7.875180	-3.708600	-2.646302	-4.998168	9.268356	-6.326220	7.644897	7.226239	0.371861	9.268356	-11.792744	7.646749	7.226240	5.953768
202	3	-4.399153	9.424309	-6.695255	-0.276092	-1.980775	6.732872	-6.660798	-1.080958	8.041452	2.921279	6.732872	-8.177464	5.121588	8.041452	2.924232
208	3	-2.002690	10.593681	-4.982899	-5.095445	-5.993930	7.833795	-7.973405	5.821429	6.252738	5.595407	7.833794	-4.035666	5.821429	6.252713	-0.965379
211	3	6.915341	-13.051535	8.132973	6.605842	4.908340	-2.010051	3.533716	6.209431	0.070473	-2.649983	-2.048651	9.898804	-1.686790	-0.034624	-3.953433
220	3	-3.358693	10.307920	-8.019074	-9.175139	-1.421379	3.205987	10.108893	-8.005112	-9.175139	-1.421370	8.425349	-3.953211	-0.511302	-3.312726	6.115967
223	3	7.227903	-20.500955	7.292366	6.282797	8.395517	0.860754	-16.092838	7.292366	6.282787	8.395517	-3.543114	8.317521	-0.376050	-4.698069	-0.028064
224	3	6.377585	-10.409131	-1.264556	5.518359	5.724002	-2.682034	10.376362	-5.560026	-4.535341	-5.139436	6.246859	-2.743145	-1.763484	5.385347	1.027329
225	3	-3.181222	7.214415	-5.986205	-3.963932	5.444261	8.586472	-10.048382	0.671163	4.730932	7.546161	8.586472	-15.837163	6.105404	4.731537	7.546161
228	3	7.241754	-15.909835	7.922124	6.293595	9.318394	-3.184226	10.041392	-1.718495	-1.500866	-1.306137	-3.179323	5.106542	4.920659	-1.500762	-1.261557
230	3	-2.368596	5.184673	-0.947857	7.341356	-4.990478	9.106685	-17.167221	9.424129	8.455814	7.518763	9.106685	-13.844329	9.424080	8.455814	1.310223
238	3	-4.025235	11.240769	1.005683	-5.998602	2.247953	0.591094	-6.737052	7.828994	-0.711246	7.460542	6.155585	-11.545663	7.828994	-0.711245	7.460542
239	3	6.783141	-16.802039	6.799910	7.200021	8.165240	-2.674663	9.274907	-2.957688	-3.283030	-2.675349	1.326744	-10.463521	6.793496	7.200021	8.165240
241	3	-5.985096	5.513682	-4.363648	-0.813327	-3.268303	-1.792957	-10.800421	6.369934	8.072481	-0.541876	4.690312	-12.220725	6.369934	8.072482	-0.541712
245	3	-3.835043	10.371573	-6.607822	-5.800761	-4.568198	7.768253	-10.143857	5.514419	6.206260	1.140070	7.772205	-16.378360	5.514419	6.206260	7.283893
246	3	9.173547	-9.732722	8.057577	-2.019454	-0.224349	9.173547	-14.094275	8.057577	-2.019451	6.100389	-3.205947	5.968084	-0.883951	-5.189571	-5.305087
256	3	7.727467	-21.416876	7.360886	6.260680	6.011831	7.727467	-15.181939	0.736153	6.260662	6.011831	1.791706	6.577756	-2.389822	-3.097458	-6.321612
257	3	-2.493933	-9.211479	6.318983	8.267803	7.634552	-7.700830	8.196098	-5.493609	-2.047823	-3.918284	-3.966863	1.801777	-4.852241	5.280581	-3.417607
261	3	-7.810440	12.756478	-4.278594	-6.849565	-9.045319	5.211885	-5.195456	7.496857	4.833027	-2.504726	5.211885	-3.693479	7.496853	-1.401354	-2.507732
262	3	-2.581174	10.293824	-6.112926	-1.933338	-4.299967	6.641041	-8.978127	5.906408	6.853486	8.074349	6.641041	-2.579567	-0.169680	6.732890	8.072174
264	3	-1.346346	7.812298	-1.111028	-6.148167	-7.438292	6.067628	-15.530720	7.365317	5.750593	5.063829	6.067628	-10.966166	7.365317	5.750593	-1.152429
265	3	-1.039513	9.131353	-6.134903	-6.717563	-6.299646	3.302874	-6.769017	6.565789	-0.612476	6.269810	3.302874	-13.195830	6.565789	5.747713	6.269880
267	3	-6.704531	10.705341	-3.517329	-4.287246	-9.158048	-0.613836	-1.143541	6.334019	6.486170	-2.951583	5.722429	-9.883594	6.727945	6.559162	-2.951517
268	3	-4.890252	7.829160	-1.151833	-6.393041	-4.849112	7.223488	-12.625649	7.631494	-1.650823	1.812518	7.223490	-16.408621	7.631494	-1.650706	7.571564
270	3	5.398331	-6.007947	7.053021	5.995470	6.494472	-6.684610	11.044016	-5.465033	-7.063627	-5.056705	5.398330	-3.412136	7.053021	-0.558622	6.428870
273	3	-3.895988	10.366083	-6.895859	-6.816202	2.077417	0.712078	-8.885590	6.093703	5.401175	7.339315	6.956612	-15.187482	6.093705	5.401175	7.339315
274	3	0.239364	-5.224679	7.014574	8.332855	3.619783	-5.714153	8.212626	-2.729872	-0.248956	-6.860224	5.793243	-7.836148	7.035317	8.332855	3.679417
279	3	-5.635201	10.139615	-3.650630	-5.482366	-2.296220	4.209316	-13.678870	7.230785	7.296882	6.095211	4.209316	-8.152741	7.230785	0.759760	6.092034
281	3	-2.511462	-3.764932	7.331335	-0.150334	5.604905	-8.682432	11.445409	-1.662301	-6.559989	-3.384078	-2.511459	-9.260234	7.332669	5.693924	5.604908
283	3	5.772147	-9.555838	7.172033	1.136212	5.222513	-2.754837	7.556652	-3.285418	-4.408439	-3.245669	5.772147	-13.881537	7.172670	6.310965	5.222513
284	3	-4.132073	9.342523	-5.487855	-5.335452	-5.162319	6.850592	-17.166399	6.743564	7.029329	5.834918	6.850592	-13.344628	6.743564	0.547144	5.834918
285	3	-2.027621	6.499101	-2.283519	-10.087988	7.435490	8.188472	-5.104367	6.148309	-3.453646	8.450579	8.177900	-0.744795	6.148042	-3.474793	8.273711
288	3	-7.260682	8.364162	-2.646492	-4.853910	-6.949257	2.962100	-3.164201	7.238481	6.991992	-1.412966	3.007218	-7.584974	7.239450	7.042641	3.831392
289	3	-5.113380	11.082219	1.905324	-9.479277	-3.375272	-1.374602	-2.652155	6.270938	-3.151024	7.721123	-5.113430	11.108632	-4.107337	-9.480704	-3.375274
290	3	-1.654780	-5.987580	7.266926	8.078888	-0.117370	-1.654778	-12.557862	7.267058	8.225552	6.340570	-5.304666	8.758781	-2.923739	3.202836	-6.112189
292	3	7.025407	-15.277938	5.692850	6.449468	4.965851	-3.573397	8.885900	-1.787768	-4.371554	-7.217378	7.025407	-9.911453	5.692850	6.449468	-0.782369
295	3	-5.892907	11.091224	-1.635495	-2.349039	-2.402894	6.667928	-16.231455	8.804275	6.211233	7.455398	0.133635	-10.922939	8.803957	6.211233	7.455398
296	3	5.158215	-10.156856	4.274820	6.794183	-0.293519	5.150770	-7.082800	-0.855887	6.794183	-0.295264	5.159036	-12.598740	-0.855887	6.794183	5.992134
297	3	-5.643529	8.706578	-0.063050	-2.860795	-8.043141	6.517721	-16.813626	6.762671	6.373600	2.976664	6.517721	-15.821040	6.762557	6.373600	-3.343253
298	3	-4.702160	5.342573	-3.876565	4.385474	-5.234759	6.326316	-12.517242	6.179537	7.392090	5.381026	-4.738422	8.170955	-3.876969	-1.884195	-5.234761
299	3	-2.025276	9.253144	-5.229975	-6.176653	-4.760584	7.215303	-9.580079	6.776220	4.840026	4.589720	7.215303	-8.126269	6.776153	-1.202920	4.589720
308	3	9.354633	-5.410422	5.618421	-0.128486	-0.167112	9.354633	-11.207900	5.630933	6.243535	-0.166842	4.045667	6.659341	-3.393701	-4.609374	-6.373437
310	3	5.681767	-11.087178	8.574257	8.990785	6.933432	-3.280043	6.328761	4.013279	-2.769522	-2.610723	-3.280043	11.709505	-1.975427	-2.775803	-2.612797
311	3	-3.215633	10.524320	-7.369171	-3.780284	-6.810440	8.278643	-9.154395	-1.120058	5.737705	5.552820	8.276900	-3.656056	-1.120058	5.652875	-0.151988
315	3	-6.451386	10.000999	-3.427704	-5.021800	-5.867095	4.957508	-3.081697	5.723087	-0.603369	6.101407	-2.580906	-0.430884	5.686115	-0.604061	6.088847
319	3	0.452332	-10.449127	7.286479	3.208937	7.849613	-5.102273	8.984278	0.703839	-2.526927	-3.771314	4.795721	-15.182204	7.286479	3.208937	7.849613
320	3	-0.617289	6.995087	-0.471806	2.472845	-7.817761	1.037663	-1.543550	6.921751	5.266496	-1.078890	6.279405	-3.194317	7.064481	5.404247	-1.033026
332	3	-3.069083	9.362315	-3.815702	-5.488157	-6.005123	7.348081	-6.491608	7.666285	5.569238	-1.388354	1.766488	9.053431	-3.815699	-5.487617	-6.005108
336	3	8.648424	-13.499054	6.005970	-0.200619	7.333005	-0.740387	11.365708	-4.409709	-4.753801	0.153746	8.648424	-17.263314	6.005970	6.154555	7.333005
340	3	5.663980	-11.210802	7.889168	7.260099	6.895449	-5.043426	9.699861	-5.021610	-4.711666	-5.698237	-5.043426	9.699480	-5.021610	-4.711666	0.295148
341	3	-5.103056	8.436195	3.865671	-5.060616	-4.748971	6.361977	-12.644426	5.508890	6.425546	7.083955	-5.103056	10.414641	0.032938	-5.278732	-4.748971
344	3	-3.568592	10.645359	-6.323736	-7.186043	-5.697878	5.785256	-2.131391	5.748980	-1.314221	6.101224	7.373081	-4.601488	5.750747	5.213573	6.126504
349	3	6.089003	-12.690253	6.536464	-1.796736	7.810169	-4.377592	8.840480	-3.476171	-7.668509	-1.688949	6.089003	-14.917494	6.536464	4.310051	7.810256
350	3	-7.162910	10.583568	-5.404621	-6.378584	-2.614913	2.652498	-7.523311	6.528492	5.984745	5.776766	2.652372	-1.876041	6.253219	-0.630556	5.775493
363	3	-4.461664	11.279801	-5.231008	-2.259159	-6.591910	7.736895	-9.007478	6.627140	7.381204	-0.410160	1.405190	-6.370701	6.627140	7.381204	-0.410160
368	3	-3.593934	9.742959	-6.829376	-3.752961	2.421782	5.741344	-6.760048	-0.221319	-0.272366	7.728451	5.741344	-12.928455	-0.221319	6.102305	7.729208
370	3	-4.926488	11.105301	-6.605511	-4.956737	3.862193	5.399732	-8.697758	5.233598	6.456105	6.228119	-1.054216	-3.983262	5.232424	6.456094	6.204499
371	3	-1.853996	10.315225	-5.723332	2.906948	-4.311612	6.858417	-15.153620	5.383503	6.546703	6.459168	-1.853996	10.583224	-5.723347	-3.344047	-4.319408
372	3	-0.346944	7.276055	-4.415607	-5.942905	-6.038204	6.530922	-14.774174	7.067810	5.723722	-0.049224	6.530922	-21.092059	7.067810	5.723787	6.555723
373	3	7.816388	-16.628809	9.534115	6.782274	5.535640	-2.908842	9.812730	3.368776	-6.052963	-1.983783	2.564086	9.544679	3.368776	-6.052963	-1.966633
387	3	-6.510234	10.048378	-3.822753	-5.525873	-2.122778	4.214657	-10.079542	7.730368	0.708832	5.014093	4.214657	-14.627689	7.730368	5.936085	5.014094
388	3	5.944723	5.674035	-5.953353	-5.086378	-4.508735	7.631878	-12.236341	0.465093	6.685983	8.077679	7.631878	-14.316585	6.078068	6.686689	8.077679
392	3	-2.964569	4.906431	-4.720473	-3.877756	6.116800	8.065420	-14.722035	6.738217	6.785662	8.825137	8.065412	-9.589331	6.738217	1.187894	8.825136
393	3	6.886506	-8.971900	0.878303	1.049551	6.216421	6.887294	-11.504955	0.878304	4.907587	6.216456	-3.857167	7.213632	-5.901383	-5.562481	-1.051141
396	3	-1.905548	7.664792	-3.434610	-4.900055	-6.242211	8.484028	-17.928466	8.282034	6.659969	5.232494	8.484028	-14.581415	8.282034	6.659933	-0.058034
397	3	-3.121926	11.098103	-6.276642	-6.432827	-7.264027	8.449368	-2.541521	-1.643402	5.814303	-2.051095	8.449824	-5.715908	4.096082	5.816746	-1.974092
401	3	-5.368265	10.977071	-5.576972	-5.643390	-0.701437	4.655884	-9.717712	7.173969	6.322575	7.709366	0.399545	-4.789814	7.173969	6.322571	7.709366
406	3	2.259364	10.408188	-4.040270	-2.881501	-8.085291	6.271476	-7.213882	7.839876	1.650969	-1.985426	6.271476	-12.897932	7.839876	8.043675	-1.985426
407	3	9.189096	-17.773545	3.654854	8.709430	6.662091	-3.351739	9.329587	-9.221373	-4.209459	-3.840662	9.189096	-11.912316	-2.690302	8.709430	6.662091
410	3	6.680263	-3.392061	-1.484962	1.525137	6.417865	-3.522887	10.945902	-7.703755	-5.017906	-3.350674	6.680263	-6.470677	-1.477289	6.094686	6.419128
411	3	-5.305991	7.533484	-5.331406	-6.558773	4.892170	-5.305991	11.230743	-5.331420	-6.558788	1.045335	6.817438	-6.652842	4.745827	-0.390767	7.139355
412	3	7.644204	-18.633755	1.922713	8.290252	7.095454	7.644204	-22.992454	5.611584	8.290252	7.095454	-4.095197	6.645203	-4.660147	-3.760225	-4.200886
415	3	4.973641	-8.683714	3.181055	7.623213	7.406451	-6.384219	6.322157	-8.247073	2.217440	-3.398407	4.973641	-2.571486	3.181053	6.881904	1.270594
419	3	-4.531060	9.089385	3.579266	-5.665932	-5.080789	7.008331	-13.441681	9.004871	0.514535	6.656815	7.008331	-18.184753	9.004871	6.104676	6.656815
422	3	5.829247	-11.278506	5.161240	7.297666	7.817216	-5.023316	6.530658	-7.207912	1.048130	4.128811	-5.023320	10.416237	-7.207912	0.933956	-1.470346
429	3	-5.584408	10.070836	-2.607338	-3.849732	-2.181435	-0.453686	-11.576461	7.635838	6.317423	6.965672	5.307135	-16.320915	7.635838	6.317423	6.965672
431	3	-3.052459	9.081793	-4.744517	-6.479420	2.246582	6.403380	-11.936097	7.068725	-1.628598	7.232719	6.403380	-7.404284	1.443983	-1.634324	7.232719
433	3	-1.936041	4.899463	5.657445	-6.173432	-0.396271	-0.043947	-9.473144	7.027949	6.628857	6.068790	4.729659	-15.497134	7.027950	6.628857	6.069772
438	3	6.436317	-12.909055	7.353047	6.109691	1.588131	6.436317	-15.487757	7.353047	6.109691	6.129871	-5.408040	5.852830	-4.619257	-1.759419	-2.627740
441	3	-5.191794	10.646224	-2.209207	-6.650530	-4.022136	6.243231	-6.182219	6.448499	6.367629	2.052009	6.248312	-7.518005	6.448539	6.367629	5.019926
444	3	5.398033	-12.158467	5.433551	0.986756	7.308529	5.398033	-15.657944	5.433551	6.468043	7.308529	-5.228243	10.668870	-4.168021	-5.444008	-4.662805
446	3	-0.797610	9.219867	-4.260707	-1.755139	-5.034030	9.078263	-12.382237	7.802602	8.675154	1.355773	9.078760	-17.712647	7.802602	8.675302	5.229721
447	3	6.689418	-11.578986	3.710735	8.974792	-1.939740	-1.442905	2.342453	-7.214554	7.686481	-7.088863	-3.112433	8.240893	-7.217065	1.420636	-7.099184
457	3	-0.420215	9.713196	-5.988648	-4.458710	-2.334213	7.159644	-15.092518	0.749806	6.478995	6.468347	7.159644	-21.597496	7.123453	6.478995	6.468347
458	3	6.148531	-10.665146	1.517658	4.727688	7.181423	-3.359011	7.815841	-3.485190	-1.616680	-5.168129	6.148728	-11.613857	6.589247	4.727688	7.181423
460	3	-5.084882	9.074230	-5.393729	-4.304345	-3.559938	3.566675	-6.829747	-0.709792	6.786544	6.987180	0.010102	-5.780102	-0.709792	6.786303	6.987180
462	3	-2.228401	3.179215	-1.814215	-1.727627	5.293470	5.159624	-14.111696	6.786895	6.577805	8.796106	5.158973	-11.195192	6.786895	0.164891	8.796103
464	3	7.786804	-15.195518	6.209610	5.696971	7.374980	3.643995	2.440088	-3.631178	-2.619454	7.083599	-2.899288	3.293739	-4.706699	-3.314067	7.076565
466	3	-5.689272	5.434088	-8.544785	3.236287	-2.859862	4.718668	-12.887534	-2.087525	7.935986	7.182109	-5.691280	8.358096	-8.544798	-2.043182	-2.859875
467	3	7.118076	-7.804081	5.752628	1.335163	7.541401	-3.683532	10.172425	-6.015873	-2.552341	0.820182	7.118076	-12.876042	5.752628	6.930014	7.541401
471	3	0.468879	9.472046	-1.812882	-6.539425	-1.323749	6.992281	-8.540039	6.618970	4.264823	6.315340	-5.024032	9.600455	-1.812882	-6.543568	-1.323795
474	3	1.956737	9.959045	-4.370497	-3.466518	-3.092682	7.941794	-10.059576	6.012682	7.849830	6.777242	-4.641319	9.959682	-4.370497	-3.466531	-3.092789
476	3	-4.937209	9.040378	-5.058765	-4.180725	-5.161911	7.196487	-5.914833	0.999982	6.203418	1.191498	7.196590	-11.683232	5.209562	6.203418	1.191768
477	3	6.745856	-15.601610	9.676788	6.061963	3.814629	-0.913491	7.928887	-1.299680	0.795384	-1.826200	-0.913493	7.945873	-1.299680	-4.211690	-1.826234
480	3	-7.990537	11.100125	-9.243935	-6.792516	-4.663254	4.284260	-12.209322	0.711820	5.511571	6.371933	-2.165648	-6.684532	0.710973	5.511571	6.367387
483	3	6.858895	-12.456964	8.084171	9.593178	8.740316	-0.654038	9.851382	-3.240041	-2.893348	-1.402500	-0.593620	4.806114	-1.345899	-2.893269	5.008704
484	3	-5.881435	11.258730	-10.539459	-5.581020	-4.231126	-1.016701	-2.496119	-3.822780	4.495225	5.598595	5.019906	-7.104036	-3.822646	4.587158	5.619600
494	3	6.522666	-9.691435	9.445928	0.543478	8.000313	6.522666	-12.974143	9.445928	6.638406	8.001307	-5.888211	3.788894	-2.717344	-2.082594	4.889837
500	3	3.429218	10.285436	-9.289173	-4.595023	-3.534519	8.921269	-5.869423	-3.352171	6.110522	4.704733	8.920369	-3.887554	-3.362909	6.103061	-0.764501
503	3	-6.542348	11.033158	-6.268934	0.613159	-4.118333	6.633326	-9.887718	3.136953	5.698349	6.392994	-6.542348	11.033796	-6.268934	-5.359197	-4.118333
510	3	7.161203	-9.408795	5.701463	-2.291156	6.122543	-3.132595	7.064693	-5.399092	-7.547225	-6.194474	7.161203	-9.562779	5.701463	3.588273	6.122543
513	3	7.392062	-9.795680	6.664216	-3.555287	6.954584	-3.100154	9.825278	-4.066547	-6.627544	-2.891947	7.392062	-9.887024	6.664216	2.546927	6.954584
514	3	7.144671	-18.786925	8.779081	8.058058	6.519908	-4.001564	5.247121	4.829987	-1.404321	-4.930268	-4.001564	10.062478	-0.730818	-1.404322	-4.930276
519	3	7.062172	-19.696499	7.217042	8.629071	4.434588	-3.319748	8.124424	-4.418319	-4.215447	-4.784574	7.062172	-15.546582	7.217042	8.629071	-2.070546
526	3	-1.448787	-11.193216	6.243872	8.520050	6.826761	-6.526721	6.216137	-4.778440	-4.003355	1.396928	3.585451	-11.601977	6.243872	8.520050	6.826761
527	3	-9.173090	9.584653	-0.424870	-5.267944	-6.693782	-2.231191	-7.175531	6.887458	5.778094	-0.089105	-2.231191	-12.992834	6.908167	5.831975	5.691477
530	3	-3.857925	-5.939704	8.438919	8.025675	0.181619	-10.466183	5.634023	-2.916822	5.329929	-5.228077	-3.857915	-11.147209	8.438919	8.025715	5.286858
534	3	1.577403	9.589034	-8.156077	2.980677	-5.367188	6.821528	-8.054950	-2.786747	3.931558	4.795379	6.821479	-3.450335	-2.786747	3.931558	-1.169923
535	3	8.244912	-12.642791	5.834288	6.897024	0.355979	8.245014	-17.074802	5.834288	6.897024	5.841647	-1.705970	5.724076	-5.492708	-4.016846	-5.928975
536	3	-11.570772	11.265801	-3.050076	-4.827107	0.594900	-4.592224	-8.013271	7.748792	6.402524	6.621741	-5.555599	0.349620	7.598871	6.301117	0.594909
542	3	9.175102	-8.445429	7.522609	4.191515	-0.572500	9.175286	-11.445722	7.522613	4.191515	6.042297	4.121528	6.185151	4.116651	-3.554216	-6.547846
543	3	-5.130451	9.678387	-5.939938	-3.442459	-5.192785	7.089889	-13.709049	6.910914	6.227283	-0.401037	7.089889	-19.721632	6.910914	6.227283	6.225880
547	3	-2.558946	9.750210	-5.865130	-4.194176	0.444787	6.140218	-11.531611	5.022820	6.990768	5.475094	6.140109	-8.281868	5.022820	0.560137	5.475094
549	3	6.686044	-13.152159	-3.830595	6.610979	5.764484	-1.355308	11.004968	-9.822097	-1.179454	-7.241106	6.686041	-8.176410	-3.830595	6.610977	-0.828489
550	3	5.174349	-17.157993	7.137243	8.019086	7.163970	0.282207	10.531402	1.239329	3.668629	-2.753055	0.282207	11.235944	1.226455	-2.592568	-2.753055
553	3	-6.781343	11.825716	3.771229	-7.100614	-1.009020	-0.430431	-4.328352	7.325219	-0.991096	4.983506	5.675452	-7.831784	7.325237	-0.989867	4.983506
559	3	-6.868167	7.125998	-5.600280	-5.210516	-5.675469	4.148232	-12.507789	4.813669	6.813357	-0.699616	4.133325	-6.978540	4.813464	0.367107	-0.699616
560	3	7.668622	-12.359856	8.043822	-1.289938	5.924492	-0.779499	4.752057	3.331044	-5.361902	-4.986216	-2.542185	9.395497	-3.017877	-5.362737	-4.986829
562	3	-1.242323	9.748600	1.036894	-9.655477	-5.718659	6.463844	-10.490112	7.130767	-3.399096	6.147719	6.463843	-4.727810	7.129908	-3.399096	0.811529
569	3	-4.950294	8.207578	-7.377723	-2.210689	-3.557698	-1.215035	-13.312872	4.993467	7.798889	6.151392	-1.215035	-8.191473	-1.115893	7.798889	6.151340
578	3	7.847634	-17.385284	7.423044	6.358228	4.130393	7.847634	-15.787273	7.423044	6.358221	-1.418162	-3.982924	7.654845	-0.310289	-0.272968	-7.058315
579	3	6.721560	-8.023623	1.030753	5.191596	6.061378	-4.113604	10.830591	-5.424096	-4.578025	-2.768731	6.721560	-12.408527	7.283288	5.194532	6.061378
580	3	-3.370962	8.514378	-6.379829	-4.005277	-5.106641	6.053665	-10.145425	-0.073787	8.612109	4.568217	6.053661	-1.547163	-0.073935	7.864543	0.189665
581	3	5.276655	-11.350489	9.119314	-1.028824	5.155756	5.276655	-12.931581	9.119425	5.583449	5.155756	-5.201630	3.343957	7.791439	-3.021124	-3.463501
583	3	-1.587806	7.753170	-6.881759	-4.439265	-7.224209	6.846372	-9.101366	-2.272337	6.786553	-2.199390	6.846834	-10.244761	-2.272337	6.787508	4.347172
587	3	4.553600	-12.371304	6.809714	6.867420	7.421738	-4.453002	9.661290	-4.585369	-3.332303	-2.265661	4.553600	-9.126650	6.809714	6.867420	1.678930
588	3	-5.622081	9.510375	-8.441135	-1.466814	-5.910210	4.987017	-2.603651	-4.533101	8.244413	-0.426623	4.987498	-4.679866	-4.510998	8.303947	6.442596
595	3	-4.836355	9.891609	-3.122140	-6.314408	-5.045018	7.203023	-16.042384	6.734833	5.832477	7.730626	7.203023	-10.720098	6.734233	5.832477	1.457317
600	3	-5.707352	9.720467	-5.387728	-6.368580	-6.178912	4.807323	-11.325530	6.760757	6.734854	6.847048	4.807323	-6.802171	6.760721	6.734854	0.491024
601	3	-0.540572	-8.599717	7.230617	0.574529	7.914237	-4.410383	5.946699	4.766107	-4.709479	2.620326	-0.539469	-14.239129	7.230617	6.524781	7.914879
602	3	6.414576	-12.776668	-3.628836	6.609930	6.065483	-3.894415	8.224728	-10.002974	-2.281395	-4.751785	-3.894258	2.031654	-5.407316	4.361875	-0.872286
605	3	7.631433	-9.766800	5.565322	6.956560	6.777576	-3.644772	12.730715	-4.334896	-3.444573	-5.716718	2.000887	7.229894	-4.334896	-2.509693	-5.716677
607	3	8.595232	-11.306795	6.738716	5.075906	-0.451002	-0.492780	11.062105	-5.236446	-6.692414	-6.735839	8.595232	-13.106106	6.738716	5.075906	4.926940
614	3	-0.403905	11.853713	-7.809843	-0.847259	-3.768470	6.967215	-5.988953	-1.204988	9.698237	6.825367	6.967215	-7.329886	3.862134	9.698237	6.825368
616	3	0.219959	11.634730	-3.041776	-6.185814	-2.684865	5.798307	-5.631145	7.188403	0.457145	8.275758	5.798551	-10.094295	7.188404	5.588956	8.275758
618	3	6.085264	-7.619789	6.945669	-1.648767	6.575285	-4.661662	9.977583	2.841070	-7.839559	-1.680250	-4.661662	10.039618	-1.261648	-7.839561	-1.680250
621	3	-6.324944	10.859562	-10.248644	-1.277080	-6.659191	6.125258	-5.954363	-4.549556	7.102721	-0.462442	6.125259	-8.031959	-4.549525	7.102726	5.047032
623	3	-5.935123	8.447005	-1.737598	-2.825741	-6.510798	4.982392	-13.806186	6.396016	7.205152	6.302263	4.982392	-8.405470	6.394900	7.205147	-0.041277
628	3	8.137332	-10.060745	-0.095331	7.701097	6.167441	-1.362719	8.562638	-6.475770	-3.217289	-0.391925	8.137332	-13.267822	6.515599	7.701097	6.167441
629	3	1.403240	9.472588	-0.741857	-4.912729	-8.524984	5.929035	-14.428143	8.856079	5.467029	-2.457946	-4.773426	9.484530	-0.741857	-4.912758	-8.524984
633	3	-3.047585	5.655255	-3.881666	-4.990655	-4.445946	4.675947	-6.110301	6.820912	0.700811	-0.685650	4.675947	-7.762577	6.820912	0.705234	4.622559
634	3	-2.954019	9.891734	-6.666584	-6.397417	1.549029	5.304295	-3.227914	-1.387374	-2.310378	7.454467	5.569939	-7.473289	-1.387374	4.315239	7.454522
635	3	-6.716465	11.156871	-5.250936	-5.965573	-5.705868	6.075618	-12.839496	7.555698	5.751562	6.038375	-0.384055	-6.755850	7.555634	5.751562	6.038374
637	3	-3.828131	10.390334	-5.827384	-7.491010	-9.646738	6.963168	-4.192064	6.805889	2.201171	-4.242003	6.931391	-1.761169	0.461513	2.200864	-4.387039
638	3	8.149021	-14.497172	7.642142	6.531844	5.284969	8.149019	-8.581672	7.642142	1.167134	5.267695	-2.529455	11.501646	-3.904765	-5.312601	-6.497429
640	3	-4.374045	7.193177	0.720545	-4.317630	-5.446667	1.221090	-1.011451	3.930111	4.915906	0.866577	1.676283	-6.402546	4.116863	5.259267	5.108050
643	3	6.536008	-16.063757	6.436725	6.029002	7.991585	-4.836845	4.463496	-1.052644	1.722695	2.315655	-4.988641	5.212028	-1.673814	-4.283843	2.313712
647	3	-5.294076	10.214234	-7.600295	-1.214072	-0.243485	7.003616	-11.037332	-2.670069	5.548162	7.366946	7.003616	-14.098201	3.707832	5.549271	7.366956
650	3	6.156105	-14.705698	2.821407	6.526414	8.100723	-2.330541	9.850682	-3.495994	-4.354389	-0.835351	-2.330541	9.757735	-3.495993	1.496757	-0.835324
654	3	4.240671	7.316160	-6.017446	-4.364587	-1.498937	8.262749	-7.777356	-0.637629	4.537042	7.934850	8.265377	-13.738527	4.783521	4.549886	7.934850
656	3	6.956905	-8.309658	5.966578	0.045841	8.318900	2.159204	8.444022	-3.905559	-4.415858	-1.105904	6.956905	-11.814708	5.994913	6.592843	8.318900
657	3	-7.105243	8.639415	-4.885956	-5.475541	-4.273666	-1.778436	-6.102343	6.553873	6.040183	2.769598	-1.778436	-3.179983	1.029963	6.031230	2.746669
661	3	6.227900	-16.774575	6.959691	6.471301	8.755303	-1.666642	11.159365	-2.598493	-5.868030	2.308829	-1.666794	11.161545	-2.598493	-5.868030	-4.300032
663	3	7.262306	-12.133234	0.082778	6.042881	8.418024	7.262306	-16.456101	6.278033	6.042881	8.418024	0.061000	9.662060	-5.043352	-6.713179	-2.680276
668	3	6.163840	-14.427709	0.611625	8.569710	8.725977	-3.148840	8.114539	-4.249661	-4.002600	0.212724	6.163840	-19.737608	6.773998	8.569710	8.725977
672	3	-2.079771	8.752945	-0.270265	-3.709815	-5.769436	-2.076290	3.910052	5.232139	-3.709815	-3.789345	7.733119	-17.995444	6.708673	6.813800	6.412641
677	3	-6.084504	10.244579	-2.868606	-5.140892	-3.240399	5.955156	-11.320321	6.819035	6.624706	6.722598	5.955156	-9.554975	1.837645	6.624705	6.722598
678	3	6.973878	-15.458394	7.124543	0.127792	6.352321	6.973878	-18.024629	7.124551	6.387586	6.352321	-3.712951	4.923276	3.342854	-6.359401	-5.789017
679	3	6.272225	-16.561097	6.472844	5.337939	-1.162972	6.272225	-10.561253	6.472844	0.398402	-1.162972	-4.552186	4.035155	-5.038679	-5.073816	-6.144402
681	3	7.367713	-12.355952	7.070575	8.672357	5.829813	-3.358927	6.704504	0.924650	-3.465237	-1.949613	-3.359312	9.600192	-5.686546	-3.465237	-1.949853
682	3	-3.996340	9.324625	-2.463188	-5.920086	1.160884	6.364162	-17.068371	9.488635	5.677342	5.431664	6.364162	-10.756895	9.488635	0.347684	5.431664
684	3	-3.931193	11.903762	-6.233092	-3.487034	-6.520153	6.968267	-12.420619	-0.633286	8.742159	6.037373	6.968267	-17.716888	4.201708	8.742159	6.037373
688	3	5.076060	6.767574	0.525921	-4.250725	-4.830516	7.331730	-8.886374	7.382790	6.837473	6.986271	7.331730	-5.891016	7.373929	6.837473	1.640003
690	3	-5.467782	11.280345	-3.740089	-4.087580	-4.685885	6.674458	-13.682010	6.047310	6.076261	7.064262	0.121882	-7.735611	6.047310	6.076261	7.064262
691	3	9.122610	-6.094403	-0.464361	6.090436	7.388544	9.122643	-11.214315	6.156562	6.090436	7.388544	-2.249842	9.560113	-6.053686	-6.031352	-0.110756
693	3	3.345472	9.992295	-0.989251	-0.976876	-4.983651	9.377179	-7.910663	1.459159	7.203569	7.403969	9.377181	-13.070613	5.509047	7.203569	7.403969
694	3	8.370669	-7.764329	2.975600	8.533169	7.889090	-0.507328	10.881330	-6.975480	-3.857350	-2.235993	8.370669	-7.753329	-2.591956	8.533169	7.889090
699	3	6.700535	-19.157092	5.138658	6.889403	8.861469	0.286503	2.497338	-2.443990	-4.755145	6.733979	6.700516	-14.595803	-1.082213	6.889403	8.861434
701	3	-7.150469	9.770668	-3.205516	-3.193878	-2.733060	4.186613	-9.941075	6.797820	6.019648	7.167278	4.176238	-6.645574	6.797820	1.018443	7.167278
712	3	3.641423	6.796001	-0.921856	-7.718286	-5.277099	7.829457	-7.642238	6.278167	-3.095501	6.715333	7.448463	-5.327344	6.278167	-3.095503	0.776415
717	3	-3.751005	11.802401	-2.548309	-9.888775	-5.820814	9.010744	-1.505709	6.008047	-4.852387	-0.007689	9.060385	-4.143498	6.008133	-4.686788	4.201771
719	3	-6.703255	8.783851	4.760841	-5.227646	-3.250450	-1.403746	-3.855999	5.703319	6.334155	6.053991	4.811975	-5.704381	5.704189	6.335126	6.121945
722	3	-2.780250	8.709174	2.715564	-2.629599	-3.250428	6.428964	-19.270796	8.287075	6.570041	7.359319	-2.391263	7.156642	2.715564	3.096777	-3.222532
723	3	3.657302	10.772893	-6.809558	-4.762561	-5.319783	6.992463	-4.932276	5.992591	0.235270	6.412774	6.993273	-8.329171	6.026159	5.817461	6.412775
724	3	3.630923	-7.545607	8.723631	7.424229	0.081020	-4.290540	10.585373	-2.073518	-5.518959	-4.112676	3.630973	-13.457193	8.725911	7.424229	6.591775
726	3	-5.195503	9.393283	-7.615055	-4.886597	-4.336209	6.563994	0.094334	-5.459888	-4.373947	8.081897	6.699498	-3.597741	4.899468	4.645011	8.086566
727	3	2.873337	9.344948	-4.515653	-3.676248	-2.676149	7.161037	-8.021101	5.139296	7.911497	7.067342	-3.181568	9.536648	-4.515654	-3.676249	-2.676322
729	3	-1.423825	10.244237	-4.399886	-6.220413	-4.849660	7.342291	-17.803879	7.769456	5.984476	6.649870	7.342200	-12.705607	1.285425	5.984476	6.649870
735	3	0.449865	-6.822514	6.222440	3.326531	8.153585	-5.215721	10.292070	-5.114049	-7.723911	-2.923284	6.585819	-11.279884	6.222440	3.326531	8.153599
737	3	8.385174	-17.765371	6.066641	7.954945	6.039938	4.122919	9.415760	-3.951644	-4.510962	-5.624876	0.820626	10.433799	-3.951954	-4.510962	-5.624876
739	3	-0.959860	6.902635	-5.040383	6.666062	-4.398822	7.834309	-12.225021	6.021183	7.637657	1.076671	7.834309	-13.218700	6.021183	7.637657	7.351703
740	3	-3.531962	9.369401	-3.542647	-5.065891	-5.434347	7.672574	-13.097748	7.277156	7.544742	5.661219	-3.389505	3.011738	-3.399169	4.705017	-3.062793
744	3	-4.276749	-6.952013	8.498287	9.194946	-1.785354	-4.269564	-8.713977	8.498287	9.194946	4.563251	-9.933786	7.625052	1.435574	-2.724536	-7.849151
745	3	-1.604954	9.385814	-4.555101	-4.387512	-4.776872	7.387299	-12.846383	5.708384	5.160515	6.763902	7.371600	-7.493834	-0.748829	5.160515	6.763896
746	3	5.444648	-15.371579	7.268449	8.398346	6.308738	-3.197462	9.867225	-4.536666	-1.422770	-4.957782	1.980755	6.282562	-4.536649	-0.977163	-4.957779
749	3	-4.627001	12.250995	-4.078171	-4.191154	-1.127894	7.217254	-13.437174	6.573605	5.644012	9.535536	-1.050117	0.260641	5.591735	4.913994	8.535409
753	3	-4.073380	10.783255	-6.521252	-2.204568	-5.384401	7.745150	-5.098971	6.214711	6.567559	0.817066	7.755797	-7.427468	6.214992	6.567559	6.598461
754	3	-0.714357	-9.953496	7.415804	7.209968	5.411218	-6.682157	9.309754	-3.760561	-2.239819	-5.664997	5.559347	-16.280468	7.415804	7.209968	5.411218
758	3	-6.464716	4.091039	6.209648	5.790027	-4.155794	-0.500962	-9.091068	8.105477	9.417472	6.713372	5.463286	-12.299003	8.105477	9.417472	6.713376
759	3	0.508381	-11.801936	6.663708	8.433642	7.184179	6.666398	-18.071203	6.666877	8.433642	7.184179	-5.315349	5.317923	-1.626602	-0.109125	-2.212001
761	3	-7.372104	8.731473	-5.602237	-4.652913	-0.126756	-2.995296	-8.757844	6.968782	7.298988	9.444897	-7.275987	5.462049	-5.602237	-4.652903	4.217667
762	3	0.215451	-6.770400	-2.549141	5.943316	6.379507	-6.298846	9.395108	-8.029344	-5.942435	-2.475762	6.713219	-12.837972	-2.549141	5.943316	6.379507
766	3	8.651278	-4.290847	7.425392	-3.001045	0.247044	-3.102687	10.448794	-4.028809	-9.493040	-3.235935	8.651290	-8.358427	7.425724	-3.001043	6.230835
768	3	6.566172	-16.514652	6.855840	6.087642	5.775142	2.528717	4.915584	-5.470610	-3.382195	-0.187694	2.502636	5.096293	-5.470610	-3.523692	-3.473604
769	3	-4.075765	11.276609	-3.698935	-5.346785	-5.389497	8.463022	-15.692309	5.603821	6.564303	5.982537	-4.075765	11.252023	-3.698935	0.819320	-5.389497
770	3	8.809460	-11.242370	9.727203	0.281682	6.764279	-3.098404	3.561535	4.908637	-3.555924	-2.621482	-3.533894	9.949634	1.798525	-4.071778	-2.868850
774	3	-1.735541	7.685855	-4.078541	-7.090756	-1.994860	6.734641	-9.667499	5.134569	-2.074090	6.939312	6.734641	-12.463196	5.135175	4.090536	6.939312
775	3	-4.057003	8.626648	-2.601829	-5.331807	-3.730549	7.956103	-10.240095	3.992234	-0.010138	6.527460	7.956103	-12.751021	3.992235	5.976386	6.527460
777	3	-6.771504	7.094295	-1.011213	2.011126	-4.087857	-1.010912	-5.230274	7.779784	5.588700	4.416716	5.527188	-10.487583	7.779784	5.588868	4.456748
779	3	-5.330709	8.803425	-3.420840	-6.258103	-1.423128	6.025040	-15.845830	6.609582	5.911672	5.961489	6.025040	-9.670866	6.609580	-0.297503	5.960913
780	3	6.422919	-16.377344	8.257328	-5.525535	5.917084	-4.920990	2.017252	6.063736	-9.007231	-5.065626	-4.922049	4.194879	0.288491	-10.568001	-6.068726
783	3	-5.954726	9.081218	1.506334	-5.569709	-3.056176	4.850139	-18.674194	6.854873	6.885059	6.087046	0.100146	-13.048687	6.854820	6.885059	6.086969
784	3	-5.135441	9.507791	-6.421441	-6.101040	-6.293735	6.027059	-12.473593	-0.524799	5.559252	5.547273	6.027055	-7.370994	-0.529233	5.559068	-0.548902
787	3	-5.222741	10.854845	-6.721167	-8.180959	-4.474476	7.116371	-7.223173	5.756086	-1.607168	7.501408	7.116371	-7.414159	5.756086	4.038658	7.501408
789	3	-4.403193	10.746633	-5.298136	-6.585720	-5.458013	4.263782	-7.126851	6.444367	6.220128	7.457941	4.263780	-5.904193	6.434705	-0.186213	7.457941
794	3	7.448248	-18.926793	5.358645	7.667388	8.295063	1.159828	11.359752	-5.788014	-3.318333	-3.042161	5.646477	4.860226	-5.308708	-3.281722	-3.041879
798	3	8.464826	-13.265768	4.435920	6.379712	8.332259	4.212262	9.307305	-7.502432	-4.197877	2.057615	4.212262	8.517851	-7.502432	2.164409	2.057615
802	3	-6.174535	9.110857	-4.616167	-6.039408	-0.204012	6.475408	-13.007904	6.599106	-0.674444	8.425284	6.475581	-16.242828	6.599106	5.873783	8.425476
808	3	8.746314	-15.984050	7.573437	6.337617	7.995391	0.854643	9.813753	-3.771342	-1.022018	-4.563465	0.874374	6.106289	-3.771034	5.397604	-3.606173
814	3	-6.332868	3.911934	-1.896238	-3.247287	1.560157	-0.496913	-8.399234	6.395999	7.907157	6.867874	5.445210	-9.996615	6.395999	7.916478	6.867874
816	3	-1.745595	-5.488555	6.388066	7.517368	8.803254	-7.140748	8.657149	-0.374601	-0.739240	-2.380800	4.372635	-6.869326	6.388066	7.518148	8.803254
818	3	-2.740513	9.677407	-0.249956	-4.277546	-5.443384	8.853097	-13.880124	7.349662	1.324971	5.507758	8.853097	-14.394475	7.349662	7.187053	5.507758
820	3	-5.447403	9.580552	-6.290079	-3.482166	-7.617295	5.309305	-10.776472	5.260155	4.954543	5.071134	5.309304	-8.718227	5.260155	-0.160043	5.071134
822	3	-0.638875	9.660216	-4.842573	-1.897182	-4.774376	6.313756	3.587890	-4.727390	-1.745114	-3.752603	8.518555	-13.037056	7.226771	7.387875	6.474674
824	3	-6.595283	8.080182	4.629540	-2.628126	-6.637693	-0.905420	-10.481646	7.437929	6.736140	5.301543	4.722256	-14.651320	7.437929	6.736421	5.301543
825	3	-8.321159	7.616994	-2.924223	-3.595527	-2.793478	3.533993	-12.527208	6.925712	7.874693	6.787694	3.533993	-8.595375	6.924293	2.075948	6.787694
826	3	4.729853	-12.315162	6.170950	6.073100	8.565547	-0.526105	8.447197	-5.561438	-3.680351	-1.613709	-0.526105	8.090010	-5.557009	2.645219	-1.613052
828	3	6.709551	-14.925717	6.488561	1.222656	3.194646	6.199651	3.378800	-3.213270	-4.199418	-8.746149	6.709551	-14.927208	6.488561	7.541775	3.194646
830	3	5.829915	-6.062855	2.244853	-0.097798	4.353375	5.829915	-9.478249	2.263431	4.678791	4.353431	-6.024277	3.685642	-4.083972	-4.948819	-4.660552
833	3	-5.150321	9.084826	-6.633946	-1.563736	-5.113228	1.277833	-13.312320	6.505539	7.108622	7.232568	1.277832	-9.484258	0.299013	7.108622	7.232568
837	3	-5.606841	8.455448	4.194609	-5.999639	-3.711810	4.948193	-7.791951	7.600819	5.440882	7.019559	-0.996191	-6.518789	7.600819	5.440882	7.019559
838	3	-3.539408	9.607799	-10.628355	-0.654077	-6.977603	8.575772	-6.418280	-4.017274	7.309545	-0.700056	8.575772	-11.872992	-4.017274	7.309545	5.411574
841	3	-4.655496	10.739446	-0.969216	-1.642988	-6.368651	7.466305	-11.397872	6.567487	6.021887	0.176743	7.466305	-13.762587	6.567487	6.022035	6.387565
848	3	-2.583160	9.879046	-3.702709	-3.425705	4.497312	-2.583160	11.014092	-3.702709	-3.425705	-1.434709	8.216821	-7.075107	7.692663	6.376182	5.884996
849	3	8.251945	-18.800315	7.590951	7.369625	4.936639	8.251945	-13.188150	1.437501	7.369625	4.936639	-2.133776	3.428768	-4.500680	6.148968	-4.808370
854	3	5.893161	-14.130109	8.280297	5.478967	3.985789	-2.820000	7.419347	-3.121489	-5.581831	-8.471162	-2.820000	7.409950	2.403074	-5.581831	-8.471162
859	3	-3.759836	8.236290	-4.421936	-5.093030	-6.167470	6.701024	-8.081097	6.428483	-0.476706	6.162969	6.701024	-13.852291	6.430197	5.988966	6.162969
860	3	6.539283	-12.571133	4.674702	7.494951	6.792219	0.946802	10.655788	-5.384394	-0.745652	-5.060564	0.946805	7.375325	-5.384394	4.120622	-5.060563
861	3	-6.472591	10.717790	-4.016423	-5.173156	-1.068692	6.006636	-15.123756	7.488611	4.324290	7.977049	-6.472157	8.713540	-4.016423	-5.173156	4.409685
864	3	3.892346	-11.006579	0.069216	6.129703	7.883499	-7.568308	10.049002	-6.174885	-3.338631	-3.705574	3.914512	-14.110173	6.566719	6.129703	7.883499
866	3	6.152361	-14.487509	0.291338	6.495974	6.430284	6.152361	-16.578567	6.157167	6.495974	6.430284	4.511268	4.863079	-6.394113	-2.377082	1.054162
867	3	5.600023	-14.965463	-2.546766	7.453253	7.075046	-3.688420	6.639432	-8.285439	-3.614121	-4.069366	0.512469	-9.178101	-2.546766	7.453252	7.075046
868	3	8.724607	-15.017801	5.399083	7.476267	6.442028	-2.952157	4.740934	-3.767728	-4.944911	-2.071580	-2.952157	4.740894	-3.767690	1.004316	-2.071580
870	3	-6.461697	10.927290	-3.909430	-2.790110	-5.853238	-0.014020	-10.766637	5.407851	7.011993	6.582921	6.488937	-14.129099	5.407851	7.011993	6.582921
874	3	6.460283	-11.557249	8.166898	-0.968092	5.373592	6.460283	-12.060409	8.166980	3.688603	5.373592	-1.147080	8.453185	-1.763892	-4.694526	-6.147914
876	3	-5.584927	10.677595	0.860743	-10.336170	-4.015607	-5.584927	10.680083	-5.422047	-10.336170	-4.015607	7.416938	-10.391995	7.061450	-4.826090	6.927437
878	3	6.873415	-18.534927	6.267410	7.972615	6.921125	0.621232	-12.251273	6.266734	7.972615	6.921125	-3.466223	7.348201	3.330037	-0.496350	1.205439
880	3	-5.378972	11.016957	-4.158116	-2.175416	-7.153227	6.916431	-2.184077	-0.119015	8.962222	-1.618724	6.917050	-8.244147	6.107496	8.962231	-1.609861
881	3	-2.192883	5.384599	5.781348	-7.218841	1.215915	7.565540	-10.249526	8.388574	-2.336441	7.644772	-2.192883	6.847120	5.458124	-7.218841	-5.042473
887	3	0.184790	-10.692023	6.777223	7.812197	5.962124	-6.211338	10.044207	-3.397847	-4.833517	-6.263852	6.335730	-12.461829	6.777223	7.812197	5.962124
888	3	-1.810583	-0.627709	7.817111	-3.824147	7.495111	-1.773469	-5.494407	8.099092	-0.588060	7.495288	-1.773467	-10.151129	8.110196	4.901082	7.495288
889	3	-7.623884	9.370181	-5.110874	-5.059160	-6.606112	-1.709945	-1.204780	6.200022	6.548870	-0.044888	-1.700184	-7.502474	6.599444	6.548975	5.722997
891	3	4.655895	-11.325407	0.553245	6.988025	7.081837	4.655895	-16.529541	6.889894	6.988025	7.081837	-1.434144	5.038779	-5.929981	5.702179	-2.751188
894	3	6.065500	-17.131361	6.736542	7.220043	7.136239	-3.491989	7.262456	3.909669	0.055110	-2.941824	-3.492096	10.078352	-2.332106	0.055110	-2.941824
895	3	-5.031383	11.612994	-7.326845	-3.533965	-0.109370	7.166995	-7.432583	5.250082	7.892814	6.742030	7.166994	-5.821164	-0.685906	7.892814	6.731388
901	3	-4.131306	9.189149	-6.741554	-5.425225	-7.250213	6.595642	-6.162038	-1.305650	5.909100	2.581856	6.595642	-6.018603	-1.305650	5.909098	-1.317709
906	3	8.757425	-9.034558	6.143723	6.204867	1.210961	-0.559333	11.817008	-0.836388	-3.161946	-2.970089	8.757425	-13.628169	6.143723	6.205143	7.376604
912	3	5.458275	-6.916944	7.016842	8.688348	0.264690	-2.565179	4.501448	-4.707647	3.098611	-5.619682	1.227142	-4.220527	7.016562	8.659532	0.264690
914	3	-4.118780	9.565836	-2.555944	-5.735561	1.014404	5.093955	-20.994784	8.511408	6.525486	8.222882	-4.092860	3.131545	-2.161762	-3.968811	6.748401
916	3	9.097623	-13.134983	6.833353	6.784981	-0.163349	-0.516415	8.582343	-5.305705	-5.903646	-5.796108	9.097623	-19.367800	6.833468	6.784981	5.962876
924	3	4.020902	-9.887361	0.973310	6.767596	7.435620	4.020902	-15.863376	6.624362	6.767596	7.435620	-0.959574	6.792531	-3.608236	-3.345432	-3.086205
927	3	-7.243389	9.339947	-5.881498	-2.467490	-4.386992	3.457467	-11.004640	6.865458	6.996115	6.281404	3.428751	-4.891389	6.865458	6.974354	-0.325784
930	3	-5.982741	10.404250	-5.545017	-4.199685	-4.713457	-0.169056	-6.171736	7.163664	8.505274	5.350695	5.883064	-8.515729	7.164802	8.505274	5.350695
931	3	-3.188498	9.475713	-4.413995	-3.675513	-2.331097	7.167390	-13.203575	7.211797	4.362148	5.579567	7.167390	-8.021118	1.118238	4.362146	5.579567
934	3	5.648194	-7.229261	7.234941	-0.224620	8.482578	5.657867	-12.236253	7.234941	6.062877	8.482580	-6.771272	9.162259	-3.852504	-4.608269	2.434826
936	3	-9.763711	8.075875	-4.220980	-6.768080	-6.607563	-3.178614	-5.760014	7.542711	-3.365959	5.538642	-3.178614	-5.770738	7.542712	2.291458	5.538643
937	3	-6.298800	10.957219	-7.572545	-3.720962	-2.091275	-0.348663	-7.643192	3.852702	6.864613	7.119692	5.689932	-13.282328	3.852702	6.864613	7.119692
938	3	-4.538811	9.442644	-5.738349	-2.649530	-7.420982	6.995036	-12.000113	6.965948	8.014848	-2.496396	6.995036	-12.762288	6.965948	8.014968	2.786353
945	3	-3.173610	5.163902	-2.314915	-5.639809	5.800598	8.758635	-12.185786	6.486307	-0.310634	8.011779	8.758635	-18.088757	6.486307	5.162079	8.011779
950	3	-3.355418	9.639266	-9.791992	-1.700392	-4.674686	7.973701	-8.804921	-4.978375	8.230831	0.483785	7.974736	-15.490879	-4.978375	8.230833	6.863679
951	3	-5.552953	6.882295	-1.696795	-3.517628	-5.368184	7.171545	-6.553100	6.184426	8.608457	1.037264	7.171545	-11.697414	6.184427	8.608457	6.175942
957	3	6.068798	-8.359415	6.379681	4.802145	3.465371	6.068783	-6.767021	6.379681	-0.914245	3.462033	-4.429360	9.857936	-3.624944	-7.475965	-6.998234
964	3	-6.321757	10.144656	-6.983117	-5.722610	-3.147031	-1.388755	-4.304068	5.941256	5.298259	8.505225	4.753090	-7.691135	5.941264	5.298260	8.505225
965	3	6.806162	4.122777	-6.490066	-4.465934	1.750765	8.423292	-15.535406	5.200591	5.986680	7.921163	8.423292	-9.959855	-0.827809	5.986680	7.921163
966	3	-0.782389	9.901257	-3.088190	-5.104169	-6.368079	7.653058	-12.655719	5.803122	7.674525	3.509833	7.653058	-9.308863	5.803122	1.559218	3.509833
967	3	-0.166842	-7.475541	6.081444	7.172351	7.447000	-5.419502	11.357489	-4.526226	-3.325977	-4.351651	4.945174	-13.137092	6.081444	7.172356	7.447021
969	3	-5.995583	9.299848	-3.610442	-2.364108	-1.520939	5.440938	-14.790707	7.469917	8.653342	7.577554	0.054873	-8.736442	7.469917	8.653342	7.568764
970	3	0.178001	-5.910789	9.342840	3.826165	7.131457	-6.767073	6.079053	3.570292	-7.495097	-2.318107	6.199005	-11.837731	9.342840	3.826169	7.131457
971	3	6.585823	-16.724328	0.058019	5.272241	6.384366	-2.692603	5.904694	-5.419198	3.289057	-5.191881	6.585823	-21.665935	5.279075	5.272241	6.384366
972	3	-4.891911	10.241681	-8.253196	-3.332264	-5.189864	7.532223	-13.710755	-2.307824	5.387514	5.838170	7.532223	-7.694059	-2.322361	5.382430	-0.754642
973	3	-3.800469	6.993282	0.123176	-6.535829	1.035839	7.847595	-17.559755	6.203710	6.026188	7.793063	1.441232	-11.660694	6.203710	6.026188	7.792905
974	3	3.448540	8.380517	-5.124394	-0.827124	-7.559072	7.500922	-12.358028	6.757356	7.131679	-1.997980	7.500922	-4.116422	0.212412	7.125139	-2.030746
978	3	-0.823589	11.593733	-4.284536	-3.230786	-0.997635	8.385711	-10.239423	7.261537	4.391947	6.742058	8.380099	-7.128762	1.218940	4.391947	6.735878
980	3	-3.352415	10.096340	-4.462900	-5.222349	-6.908516	9.675479	-6.075295	1.843530	5.795837	5.222669	9.675491	-7.920842	7.788153	5.795837	5.222671
982	3	-6.268974	8.708719	-7.273800	-9.183007	-6.859265	5.943966	-4.734628	3.514255	-3.676258	-1.568673	5.974904	-11.003926	3.515527	-3.676189	5.840019
985	3	6.613349	-12.275910	4.112862	9.164430	7.470346	1.564826	-10.888682	4.112862	9.164430	7.470346	-3.580696	6.162734	-8.608294	-2.550700	4.781003
987	3	-6.701786	13.119711	-4.439154	-6.762569	-2.087554	6.097876	-7.171428	7.594950	3.690569	7.202695	6.097876	-6.371625	7.594950	-2.310948	7.202695
988	3	1.074027	-12.779890	6.921977	5.437843	6.914173	5.661459	-19.155859	6.921977	5.437843	6.914173	-3.607787	5.355086	-1.450266	-0.339436	-4.490396
989	3	-4.983500	10.225114	-4.507497	-3.553662	-4.842907	5.044187	-8.534158	7.202836	7.922648	0.688766	5.044188	-8.893465	7.202836	7.922648	6.540028
990	3	-5.055333	9.193475	-5.113189	-4.914466	-0.945600	3.485195	-4.767376	0.004690	5.801006	6.783637	3.485196	-11.005012	6.364723	5.801243	6.783637
992	3	7.390716	-14.386750	6.862830	7.732854	6.632714	-3.105489	8.522697	-4.522973	2.719297	0.056979	7.390473	-11.375563	0.894978	7.732854	6.632714
994	3	7.780182	-8.306600	0.505917	-0.275737	6.813186	7.780182	-14.251328	0.505917	6.082725	6.813186	-3.107750	8.922050	-5.546239	-6.856482	-1.646032
