11	5	-3.692011	7.255899	-3.661056	2.692238	-3.669619	5.761921	-3.661056	7.557501	8.773683	-3.995463	2.176746	2.692238	8.781502	-5.489494	2.177020	7.557501	6.027109	0.925116	-3.644774	2.692238
21	5	-4.931554	1.766544	3.183571	7.838192	-5.150612	8.050596	3.128187	2.020257	7.586734	-5.298772	7.875521	2.020257	7.587025	-12.793532	7.875524	7.838192	1.216974	-8.594281	7.875524	7.838192
45	5	-0.174261	4.899708	-1.613569	-0.925210	0.135832	1.193823	-1.440066	5.370301	8.267792	-8.140601	4.765076	5.370301	8.267792	-4.595110	4.765074	-0.925210	3.307585	3.547941	-1.613516	-0.925210
78	5	-6.378560	8.220125	0.311273	0.486836	-4.456892	4.265326	0.328441	7.104539	6.158087	-10.285874	6.351290	7.104539	-0.452458	-6.504668	6.348795	7.104539	6.141728	-6.317440	6.348052	0.486836
86	5	8.868571	-9.031297	7.748978	0.444836	3.672372	0.344012	6.726412	0.444836	-3.050003	0.766448	6.501290	0.444836	-3.922183	6.576930	2.645542	0.444836	2.587647	6.571074	2.647944	0.444836
89	5	6.106278	-10.909280	5.310956	1.690554	6.106278	-16.979735	5.310956	7.796822	-3.176070	1.166747	-1.123601	7.796822	-4.020706	7.318518	-1.131101	1.690554	2.125179	-11.626317	5.310956	7.796822
109	5	-3.367724	8.092998	1.992356	2.677368	-3.367639	3.184598	3.207016	8.758964	7.345426	-11.646658	8.609003	8.758964	1.135766	-5.059046	8.607877	8.758964	7.345426	-6.887652	8.608913	2.677368
110	5	5.703934	-11.652612	7.062634	6.880441	-5.192509	7.484245	2.147571	0.356998	-4.541649	3.822861	3.744084	6.880441	-0.634361	-2.542010	6.868467	0.356998	5.692787	-8.002922	7.058273	0.356998
111	5	6.880231	-5.862471	6.037861	0.813858	-5.415370	2.827227	1.577496	7.123711	-5.419490	6.397111	1.577424	0.813858	6.880231	-9.432395	6.037881	7.123711	0.863040	-4.955301	6.037634	7.123711
118	5	8.882505	-4.405937	4.699331	-0.871549	1.161251	6.505081	-1.297150	-0.871549	8.882589	-6.693348	4.699331	5.689298	1.238916	4.190829	-1.297141	5.689298	8.463406	-0.240542	4.553546	5.689298
183	5	4.625965	-9.262538	7.077042	0.191373	-4.815037	7.090622	0.732424	0.191373	-4.769945	5.610758	0.732886	6.335175	4.625971	-10.742582	7.077343	6.335175	1.459258	-5.953641	7.043870	6.335175
227	5	-4.659160	8.854420	3.780819	1.617296	-4.658663	5.044527	3.780840	7.182459	5.898745	-9.032640	6.567576	1.617296	5.899764	-12.843251	6.567576	7.182459	1.546792	-6.503154	6.567576	7.182459
230	5	0.654792	-11.360636	5.813567	7.540504	7.216511	-17.258594	5.813567	7.540504	-5.770791	4.009578	-0.727189	1.342986	0.653065	-5.661182	5.813563	1.342986	7.216511	-11.565751	5.813567	1.342986
247	5	-4.685389	5.149649	0.392649	6.225773	-4.685389	6.640945	0.392649	2.017400	0.540553	-3.118752	6.470026	6.225773	6.204288	-6.936374	6.470028	2.017400	6.204311	-8.427670	6.470028	6.225773
325	5	6.080605	4.361815	0.473018	0.510633	8.393587	-4.499505	6.892077	0.510633	8.393587	-8.543112	6.902752	6.310368	-0.124260	6.901266	0.473018	0.510633	-0.124257	2.874025	0.473018	6.310368
333	5	-3.438014	1.673778	-2.593973	6.966932	-5.819938	4.792694	-3.030783	1.402244	-1.546426	-4.427523	3.362634	6.966932	4.761667	-8.012594	3.362634	6.966932	4.716810	-4.806196	3.362634	1.402244
385	5	8.460039	-4.982401	0.905408	6.523195	-0.370777	8.684298	-4.987272	2.801052	-0.370774	5.311110	-4.987272	6.523195	5.914114	5.356266	-4.987272	2.801052	5.947500	1.963515	-4.986346	6.523195
419	5	-3.336726	6.244047	1.072868	0.957964	6.911074	-6.687299	7.704640	0.957964	6.911074	-9.714136	7.704642	7.356431	-3.336724	3.410910	1.203500	7.356431	0.509242	-6.665208	7.704640	7.356431
426	5	7.337510	2.572201	-0.199507	1.469679	7.843290	0.220282	2.750618	7.074886	8.652988	-4.915901	5.874061	7.074886	0.836764	8.034723	-0.713498	1.469679	0.887640	5.963228	-0.708188	7.074886
432	5	-1.065984	-5.419888	8.200712	0.512369	-1.065657	-10.137953	8.201649	7.055151	-6.284778	4.745556	3.915672	0.512369	4.353755	-10.171257	8.201649	0.512369	4.353755	-14.887505	8.201649	7.055151
479	5	-0.266507	-10.001128	8.516349	7.011171	-0.272878	-6.712506	8.498131	1.298002	-5.434360	0.352035	7.002649	1.298002	6.337195	-11.953618	8.517900	1.298002	6.337199	-15.233510	8.518385	7.011171
562	5	9.622052	-9.807567	2.870759	6.734136	9.621823	-3.456002	2.868451	0.672826	-0.519451	5.770212	-1.614911	0.672826	7.373981	0.195528	-1.610240	0.672826	3.533325	2.219977	-1.614910	0.672826
572	5	6.092363	-6.342163	7.276532	7.186323	-4.092950	6.248058	0.935133	7.186323	-4.092950	6.891898	0.935133	1.154544	-1.689409	-2.400296	7.247971	7.186323	6.091687	-5.698014	7.276529	1.154544
599	5	1.665087	-11.780471	6.404417	6.780401	1.608428	-5.746653	6.404405	0.284928	-4.965096	5.379596	1.141858	0.284928	6.291981	-10.782613	6.404417	0.284928	6.291981	-16.816170	6.404417	6.780401
639	5	-3.273922	6.322451	3.705647	-0.834679	8.495027	-7.545275	7.605013	5.554322	8.495025	-6.797018	7.604855	-0.834679	7.645754	-0.617468	6.728191	-0.834679	-3.273536	5.574139	3.708189	5.554322
654	5	-3.760954	7.454807	1.559306	-0.441805	5.859189	-12.674804	7.002665	5.895124	-0.126395	-5.963978	7.002365	5.895124	-3.759359	4.731957	1.657821	5.895124	5.859189	-9.901757	7.002664	-0.441805
666	5	-10.795803	3.865189	0.256859	3.658128	-4.636112	-2.665917	6.806156	6.587345	-10.753015	2.717397	0.912718	6.587345	-4.635037	-7.071122	6.809010	3.658128	-4.666022	-1.449700	6.773620	3.658128
703	5	-3.639401	1.563346	5.833244	2.710721	7.531554	-12.749849	8.692169	6.806126	1.156591	-8.329042	8.692167	6.806126	1.146995	-3.904699	8.319167	2.710721	7.531554	-10.662987	8.692169	2.710721
738	5	-2.183635	7.552777	3.107948	1.365259	8.503535	-8.248989	6.679821	7.319064	8.503533	-6.620304	6.679791	1.365259	6.531688	0.327530	3.110955	7.319064	-2.183572	5.928764	3.107948	7.319064
741	5	-2.031969	-4.823613	5.546503	8.435600	-5.312007	2.728346	-0.091118	8.435600	-6.283355	5.143668	-0.092057	3.938120	4.443046	-6.462207	5.546587	3.938120	4.474785	-8.930772	5.546588	8.435600
762	5	-7.062392	4.307145	1.966428	7.030002	5.356522	-9.281942	7.692271	7.030002	-7.349003	5.538412	1.966428	3.994964	5.159286	-1.265308	7.620670	3.994964	5.356508	-8.050273	7.692271	3.994964
861	5	-3.712140	3.354143	2.570956	8.048432	-3.712593	5.557650	2.530972	4.201321	7.219121	-8.262361	6.628273	8.048432	7.219121	-5.839388	6.626188	4.201321	7.095449	-0.681810	5.191631	4.201321
903	5	9.447092	-8.115493	4.611533	8.745265	9.443678	-5.917446	4.611510	3.072941	0.370146	5.834567	-1.770256	3.072941	0.370152	3.655669	-1.753671	8.745265	6.859194	0.448226	1.444905	3.072941
905	5	-3.320348	9.154268	0.523769	1.606856	3.216796	2.833745	0.961510	6.908254	6.652050	-4.927189	6.966556	6.908254	3.215520	8.815304	0.523770	1.606856	-3.319960	3.176905	0.755227	6.908254
915	5	1.029100	-11.269087	6.951434	6.608653	-4.186534	7.148692	3.499781	1.477609	-4.119405	1.745202	3.499781	6.608653	6.578501	-11.269357	6.951434	6.608653	1.028951	-5.866257	6.951294	1.477609
939	5	-4.657685	6.905931	-2.550320	0.989969	-1.698324	1.545775	-1.051970	6.482293	5.455005	-8.835227	3.583506	6.482293	0.559603	-4.334373	3.583249	6.482293	5.266991	-3.440716	3.581858	0.989969
943	5	3.399715	6.363667	0.500654	3.822364	5.324478	1.388259	1.352048	3.822364	8.038257	-5.384174	6.976298	3.822364	3.391300	6.457877	0.500654	-2.503522	8.024081	-5.169141	6.976298	-2.503522
952	5	7.869521	-2.993589	6.090357	0.265902	-2.141592	4.545884	5.184417	0.265902	-1.963602	2.418791	5.275696	6.882364	7.869644	-8.773319	6.273871	0.265902	7.869644	-10.835549	6.277000	6.882364
993	5	-6.977640	7.984042	-0.722408	2.186947	5.335747	-4.529888	4.381424	2.186947	-4.503919	2.206429	1.425961	6.784890	-0.394957	-3.929929	4.324054	6.784890	5.338011	-10.371844	4.497881	6.784890
