34	3	5.565658	-7.278430	6.392444	4.522882	7.548587	5.565658	6.281770	0.631663	0.126241	1.024695	5.565658	-1.318010	6.390565	4.341020	1.024695
41	3	5.644325	0.546595	8.935354	7.512223	-0.104534	5.644325	5.834895	8.615095	1.998620	-0.104534	5.644325	-0.903564	9.046914	7.514338	5.694860
43	3	6.239124	7.092422	1.152738	3.049148	2.941205	6.239124	-9.173199	7.708827	6.221999	6.596065	6.239124	-4.026027	7.708824	6.221999	2.941205
59	3	6.198850	0.376420	4.759071	2.936365	5.008763	6.198850	-5.142333	6.346432	9.016893	5.008763	6.198850	6.191439	0.356834	2.935935	5.008763
61	3	9.721627	-10.904933	7.444781	7.378476	7.094547	9.721627	-0.240422	7.424942	1.978425	2.074572	9.721627	-6.314463	7.444776	7.378476	2.074572
75	3	3.157623	5.725323	1.034997	1.346202	5.331282	3.157623	-3.250357	6.112241	7.291077	5.331282	3.157623	9.986827	0.122517	1.346186	-1.075351
80	3	6.602550	2.762380	3.411109	5.060328	0.846120	6.602550	-1.026900	6.349713	6.164221	0.846120	6.602550	-6.448071	6.349714	6.303080	7.165934
90	3	5.783313	0.336466	6.682425	6.597881	3.514644	5.783313	8.834653	1.005231	0.656609	3.514644	5.783313	-5.076764	6.705295	6.598259	7.902771
96	3	2.883884	-3.071785	6.794551	8.341030	2.832262	2.883884	5.347020	0.596123	3.922271	2.832262	2.883884	-6.071166	6.794551	8.341030	7.043282
99	3	5.415142	4.216951	0.355724	2.496724	6.446937	5.415142	-1.375827	6.648296	8.508201	6.446937	5.415142	6.606881	0.353299	2.343604	0.890030
105	3	6.269979	8.737401	-5.139170	1.234192	-0.408523	6.269979	1.323911	0.954591	6.213593	5.356131	6.269979	6.498414	-5.136983	1.268665	5.356131
113	3	5.837814	4.274829	2.181678	1.123078	6.825653	5.837814	9.853221	1.506593	-0.534587	2.299019	5.837814	-5.446827	7.820203	5.497783	6.825653
121	3	5.711579	-6.180491	6.493892	6.579351	7.073724	5.711579	7.525187	0.959425	-0.036424	0.661006	5.711579	-1.619533	6.493892	6.579351	0.661006
140	3	7.592285	6.079816	0.717939	-2.425778	0.638028	7.592285	-0.293752	6.000235	3.308908	6.462542	7.592285	2.353775	0.738008	2.576322	6.462542
146	3	6.593394	-5.968429	8.127825	6.578161	0.556712	6.593394	-11.249243	8.127825	6.578161	6.714049	6.593394	4.449624	2.457261	3.123619	0.556712
163	3	7.518435	6.343608	1.743306	2.464448	7.164702	7.518435	-2.571602	7.352742	6.445306	7.164702	7.518435	9.932678	1.738506	2.464412	1.243707
182	3	5.963766	9.848778	0.536233	1.862139	1.836640	5.963766	7.060407	0.536233	1.862140	8.382288	5.963766	-2.756218	5.419156	7.856259	8.382288
184	3	8.014084	7.356585	1.256419	2.115115	-1.091732	8.014084	5.690816	1.256435	2.170237	4.246742	8.014084	-0.198080	3.305125	6.919974	4.246742
186	3	6.699419	4.198006	1.510228	5.540643	-0.217013	6.699419	2.712108	5.658173	6.333734	-0.217013	6.699419	2.022479	5.766278	6.865967	5.084161
191	3	6.273360	0.780244	6.955718	6.802684	-2.059071	6.273360	-0.305437	6.993830	6.809501	4.508290	6.273360	3.993666	2.295708	5.451923	-2.059071
192	3	7.974425	-7.774208	8.323064	8.499855	6.057527	7.974425	-6.057438	8.323064	8.499855	0.845783	7.974425	4.964496	2.037172	2.834924	0.845783
193	3	5.965908	7.726308	1.775674	2.570971	2.563783	5.965908	-0.458230	6.757161	6.430737	6.353402	5.965908	2.902675	1.778121	5.703873	6.353402
195	3	6.728242	7.938663	1.584758	4.148850	7.283474	6.728242	-0.971217	6.925651	5.770080	7.283474	6.728242	9.697811	1.584758	4.147241	4.252689
196	3	3.283962	-2.119454	7.442784	5.396503	5.880821	3.283962	2.242455	2.573684	5.300258	5.880821	3.283962	6.227287	2.422192	4.707721	2.293026
197	3	7.032269	-6.006783	6.694434	4.238925	8.705337	7.032269	0.051198	6.439218	4.218202	3.113164	7.032269	5.930924	2.212761	-0.613126	3.113164
199	3	5.998477	8.064945	2.192314	3.031571	-0.378990	5.998477	-0.030641	5.842416	6.066707	6.139319	5.998477	1.435704	5.630939	5.699868	-0.378990
201	3	6.248428	6.572758	1.777934	0.163348	0.662318	6.248428	-5.475819	6.704594	5.796219	7.121536	6.248428	-1.134428	6.704515	5.792324	0.662318
240	3	6.705645	-3.790346	7.126617	7.441988	3.665798	6.705645	-9.751166	7.126777	7.442097	6.580466	6.705645	6.699787	2.372629	2.302391	3.665798
246	3	6.653328	1.170090	0.701185	4.940698	0.236460	6.653328	-3.031979	6.633551	4.968300	6.040701	6.653328	-1.154944	6.538727	4.968082	0.236460
252	3	7.343530	6.595301	1.737966	3.369953	8.193559	7.343530	9.542013	1.736223	3.365442	1.561199	7.343530	-1.022556	7.177255	5.905873	8.193559
260	3	6.705653	-0.064720	7.525350	8.674681	5.059793	6.705653	9.037971	3.049410	2.580534	-0.101991	6.705653	3.186004	6.655117	2.967377	5.059793
265	3	5.168835	11.424972	0.346867	2.615140	2.060107	5.168835	5.858797	0.735101	2.621051	6.974659	5.168835	0.283024	6.765996	6.285651	6.974659
267	3	9.278031	-3.323312	4.877015	7.375488	7.204695	9.278031	5.078003	-0.138008	2.235980	1.288863	9.278031	1.066615	1.353313	2.257158	7.204695
276	3	4.182345	-5.901783	7.655366	7.059729	6.155202	4.182345	-2.315497	7.654136	7.059729	-0.408697	4.182345	6.217408	2.737298	2.086885	-0.408697
278	3	7.572776	6.522678	0.788850	-2.044758	6.696432	7.572776	8.571705	0.783471	-2.044778	1.474276	7.572776	2.158474	6.061079	-0.266619	6.696432
286	3	7.867325	-5.206966	7.715516	7.374558	1.218246	7.867325	-7.296413	7.723628	7.374558	7.661098	7.867325	5.554921	4.109417	0.830301	1.218246
287	3	6.906223	-6.146022	6.832944	5.916805	8.816715	6.906223	8.460701	0.905355	1.205058	2.552121	6.906223	0.056487	6.832872	5.916802	2.552121
295	3	6.002942	-5.339619	6.256597	7.396392	7.399670	6.002942	-1.731785	6.227778	7.396386	1.162137	6.002942	6.247226	0.738539	1.993633	1.162137
297	3	6.628456	5.779746	4.265742	0.535102	0.458069	6.628456	-5.015270	6.831102	6.780663	0.458069	6.628456	-11.191239	6.831102	6.780663	6.385749
309	3	2.168044	11.021124	0.798699	1.442007	2.277829	2.168044	6.830719	0.801829	3.336132	7.533945	2.168044	0.648587	6.840829	7.105693	7.533945
313	3	7.431580	-0.974912	5.155481	7.537903	0.422122	7.431580	8.218319	-0.556358	4.014665	0.422122	7.431580	-5.119755	5.253912	7.696088	6.990720
331	3	6.788312	1.454371	9.117926	1.978737	-0.825803	6.788312	4.647284	4.916267	0.362347	-0.825803	6.788312	-2.478030	9.123748	2.394846	5.254315
350	3	7.677919	-6.830836	6.071986	6.267554	1.012896	7.677919	5.244125	3.406359	-0.230561	1.012896	7.677919	-10.286145	6.071986	6.267554	7.091531
355	3	8.047710	-0.425058	5.094305	2.659270	3.621087	8.047710	-2.425977	5.094307	2.663261	6.519524	8.047710	3.369934	1.862520	-0.316941	3.621087
357	3	6.294476	-4.625319	6.174968	7.972139	7.198160	6.294476	7.482766	0.576961	2.603401	0.748951	6.294476	-0.402575	6.160372	7.969167	0.748951
366	3	5.055907	3.963467	1.819184	2.711507	7.424474	5.055907	9.995875	1.819184	-0.279799	1.309949	5.055907	-6.002806	7.942492	5.893586	7.424474
374	3	6.373213	-2.822214	5.271677	2.795162	7.007881	6.373213	1.461928	5.173055	1.643899	0.945242	6.373213	4.963531	1.467031	-0.723875	0.945242
387	3	8.509842	-3.028702	6.603061	9.671317	6.543805	8.509842	7.308487	1.425734	4.335107	0.742919	8.509842	2.144442	5.726563	9.638863	0.742919
397	3	4.535913	1.471907	7.471760	-0.318257	1.162084	4.535913	-9.803443	7.595707	5.716169	6.986789	4.535913	7.330970	2.727020	-0.469031	1.162084
401	3	6.504648	7.830596	0.728268	-0.495808	-0.504438	6.504648	7.089817	0.728271	-0.495805	5.411808	6.504648	1.644577	6.585798	2.662261	5.411808
408	3	6.414365	-4.622558	6.530058	9.116322	6.805221	6.414365	6.810004	1.487357	2.695612	6.805221	6.414365	0.720760	1.507081	7.844276	6.805221
409	3	6.295285	9.602146	0.597447	0.874583	1.153432	6.295285	4.878824	0.655744	2.016912	7.071175	6.295285	-3.479914	7.192939	4.607104	7.071175
416	3	7.070321	-4.146960	7.472713	7.351091	2.160056	7.070321	9.024298	1.383914	4.395004	2.160056	7.070321	-8.133003	7.472716	7.363147	6.711638
432	3	5.837642	8.965485	0.866840	0.543768	6.499628	5.837642	0.298258	6.337863	6.167968	6.499628	5.837642	3.121814	4.988386	5.356060	6.499628
438	3	6.174882	-3.473138	6.253183	7.002873	2.346040	6.174882	-4.263598	6.260530	7.002873	7.311205	6.174882	4.220937	1.764272	2.498773	2.346040
449	3	6.328514	3.859806	2.609919	2.292018	5.816301	6.328514	0.779558	7.305974	2.301430	5.816301	6.328514	-2.563839	7.310016	7.621778	5.816301
460	3	6.653939	4.502283	-1.057228	-0.186772	2.575353	6.653939	-1.728337	3.979040	4.818275	2.575353	6.653939	-5.118872	3.979040	4.818984	7.270995
468	3	8.664228	5.119388	3.746261	1.733510	7.223068	8.664228	6.658358	3.742135	1.719685	0.717629	8.664228	0.624620	7.963370	7.107395	7.223068
479	3	7.865798	1.153134	6.091248	4.878648	0.389909	7.865798	8.580955	-0.068246	-1.584328	0.389909	7.865798	-5.508979	6.100093	5.005362	6.685065
482	3	6.771508	5.572901	1.359875	2.059537	6.965990	6.771508	0.365371	1.455975	7.597399	6.965990	6.771508	-3.365474	7.225652	7.601446	6.965990
503	3	8.217789	-5.799953	7.969041	7.286195	3.020246	8.217789	4.291447	5.190142	2.723067	3.020246	8.217789	-0.492292	5.190247	7.285031	3.020246
506	3	6.956733	-3.781484	9.071335	5.092293	7.008643	6.956733	7.093723	3.205260	0.730680	2.344044	6.956733	2.892850	3.205271	0.871699	7.008643
515	3	6.738340	-4.546535	9.123398	6.363885	7.699787	6.738340	-1.586384	9.122889	6.352992	1.618839	6.738340	4.303868	3.212103	1.931693	1.618839
520	3	4.419729	-0.139689	8.232471	6.695143	0.769430	4.419729	-4.913312	8.232472	6.695181	6.640941	4.419729	7.635069	2.884868	2.897136	0.769430
521	3	4.200784	9.852729	4.425061	-4.629654	2.111956	4.200784	5.489448	4.426608	-3.380168	7.778877	4.200784	2.140198	6.398989	1.186435	7.778877
523	3	6.885178	10.989439	0.221424	1.326082	2.766264	6.885178	7.093450	0.221487	1.326228	6.501973	6.885178	1.740313	5.148798	7.765748	6.501973
528	3	6.684460	-6.503934	7.634267	6.381731	7.379978	6.684460	-2.032051	7.634266	6.381659	0.917408	6.684460	6.235320	1.362927	1.413432	0.917408
529	3	5.958651	8.942681	3.549901	1.420479	2.233101	5.958651	-6.346899	8.910401	7.984408	7.651754	5.958651	-0.553575	8.907797	7.984406	2.233101
532	3	7.764591	5.268710	3.570828	3.430222	7.138099	7.764591	-0.322513	9.043407	7.272984	7.138099	7.764591	10.659740	3.569874	1.849460	1.837155
556	3	6.795125	-5.931138	9.082842	3.377041	8.719101	6.795125	0.587948	3.213938	2.724737	8.719101	6.795125	9.104964	3.213928	-1.447186	3.003505
588	3	8.476520	4.119317	1.894946	1.885784	6.728577	8.476520	8.533870	1.805174	0.454910	2.625524	8.476520	-2.809557	6.150974	6.664961	6.728577
598	3	3.703842	-1.768366	8.131992	7.313445	0.558920	3.703842	-7.484409	8.138653	7.322146	6.443658	3.703842	3.713970	3.241704	7.235523	0.558920
599	3	7.195423	9.044625	1.391771	0.548127	0.791122	7.195423	4.489530	3.646062	0.611059	7.227366	7.195423	-3.320374	6.427990	6.995330	7.227366
600	3	6.458659	-7.616750	4.768097	6.235986	7.850663	6.458659	-1.294286	4.759120	6.235805	1.238705	6.458659	6.874769	0.087052	0.001967	1.238705
615	3	6.579975	9.294372	-1.648769	1.353202	1.536145	6.579975	5.863587	-1.141531	1.465032	7.294575	6.579975	-1.576995	4.514103	7.255090	7.294575
632	3	5.296529	-2.579228	8.365816	9.181795	7.608667	5.296529	1.550912	8.003372	9.172774	1.026761	5.296529	6.666859	5.468632	4.027283	1.026761
635	3	6.398045	6.298039	1.549356	2.979322	6.245574	6.398045	9.986702	1.549342	2.971173	0.260119	6.398045	-1.433569	6.476218	6.634192	6.245574
645	3	8.603311	-13.132964	5.720483	8.318194	7.922511	8.603311	-7.624493	5.720483	8.318194	1.596646	8.603311	4.627317	0.419139	2.527442	1.596646
670	3	4.732247	-6.522457	6.278088	6.283439	6.769282	4.732247	-2.517390	6.278088	6.283427	0.804981	4.732247	7.017142	0.919696	0.028665	0.804981
671	3	5.944736	4.173791	-0.748859	1.605810	8.539139	5.944736	10.548211	-2.112234	-0.924675	3.076040	5.944736	1.032682	3.879978	3.765699	8.539139
677	3	6.623864	5.476200	-0.545681	4.598875	6.754907	6.623864	7.723309	-0.551361	3.866477	0.546529	6.623864	-0.400514	6.013737	6.445331	6.754907
683	3	3.482722	4.078849	2.826285	1.291838	5.494608	3.482722	6.618312	1.648438	1.195438	-0.144191	3.482722	1.485067	6.384026	6.560179	5.494608
691	3	6.902679	5.617887	-3.748289	0.062856	6.677724	6.902679	-0.483823	1.794788	6.042915	6.677724	6.902679	9.730114	-3.748850	-0.517611	1.143866
694	3	6.157487	8.977209	3.415906	-1.459056	0.940041	6.157487	3.477469	3.443017	-0.573255	7.395784	6.157487	-0.358860	6.389887	4.449415	7.395784
704	3	8.191631	9.763119	2.165855	-0.683726	-0.359131	8.191631	6.979900	2.165856	-0.674281	6.013086	8.191631	-1.530436	7.736648	5.953490	6.013086
713	3	7.640835	9.078653	-0.620095	3.347691	0.323226	7.640835	4.198544	-0.184171	3.908630	6.460372	7.640835	0.018612	5.604242	7.152644	6.460372
717	3	7.070597	6.461909	0.222127	-0.100710	1.890788	7.070597	-5.918096	6.194505	5.950775	7.429329	7.070597	-1.410347	6.194505	5.950550	1.890788
729	3	7.243354	-1.052485	7.062332	7.417704	1.421380	7.243354	-6.425116	7.109211	7.417704	7.084026	7.243354	5.159379	5.987247	3.948461	1.421380
734	3	4.884091	-7.032148	6.092696	5.518917	7.359025	4.884091	-1.963375	6.092696	5.515399	1.759688	4.884091	7.276135	1.240842	0.050481	1.759688
740	3	6.923115	-8.814949	7.574644	5.700567	8.637887	6.923115	-3.537582	7.574514	5.692750	2.933371	6.923115	6.756237	1.710327	-0.668576	2.933371
758	3	4.591231	8.179666	3.285175	2.110556	-0.151817	4.591231	4.566867	3.285274	2.110556	6.376089	4.591231	-3.824564	8.270155	8.072409	6.376089
760	3	7.022951	4.188028	0.763377	1.508652	6.581402	7.022951	-3.746053	5.327694	7.389177	6.581402	7.022951	10.544397	-1.043192	1.495178	0.503175
766	3	6.649404	4.695035	-0.308576	1.166019	-0.517220	6.649404	1.313784	1.653894	1.166019	6.094498	6.649404	-4.295020	3.565184	7.669602	6.094498
771	3	7.026257	7.451006	0.407755	2.073450	0.964282	7.026257	1.964213	1.177416	3.762928	7.067358	7.026257	-0.816255	6.058072	6.023828	7.067358
787	3	6.765525	8.930184	0.589100	0.453948	0.639220	6.765525	-0.690108	6.748304	6.594778	6.704146	6.765525	5.883766	0.589361	0.458370	6.704146
809	3	6.397732	-4.963105	6.463981	6.354793	6.538084	6.397732	-2.384186	6.462900	6.354793	0.813571	6.397732	4.838322	2.558960	3.110545	0.813571
823	3	6.297849	8.820193	1.490718	0.303790	1.769302	6.297849	7.398979	1.490720	0.896958	6.991556	6.297849	-2.632212	6.755226	5.945077	6.991556
846	3	6.527509	5.546663	1.183412	0.468508	5.147863	6.527509	7.649903	1.181587	0.468501	2.165264	6.527509	-1.586816	5.699739	7.016496	5.147863
857	3	6.258293	-0.359427	5.959811	6.981558	3.454493	6.258293	-5.898305	6.063101	6.981558	6.514136	6.258293	8.874025	2.250101	1.251418	3.454493
858	3	6.863632	1.937893	5.179873	4.273480	2.951000	6.863632	8.173504	1.105701	-1.720368	2.951000	6.863632	-2.579817	6.356329	4.279322	6.520475
867	3	4.931158	-2.153612	8.239187	5.908707	7.544485	4.931158	1.265952	8.000168	5.830597	2.249344	4.931158	5.125563	3.136569	0.116665	2.249344
869	3	4.269478	-0.425143	6.223819	8.436754	6.148251	4.269478	11.516120	0.532417	3.066450	1.645499	4.269478	5.923053	3.587321	3.068906	6.148251
872	3	6.464402	-6.029968	6.182179	5.686015	7.273996	6.464402	6.927248	1.268127	-0.241294	4.572578	6.464402	-2.090675	6.182179	5.684875	4.572578
875	3	5.801522	11.051062	2.715410	-1.566943	1.390550	5.801522	1.707706	7.017324	5.033496	7.186405	5.801522	6.308910	2.715432	-1.542925	7.186405
887	3	2.756779	0.755700	5.773888	8.628172	1.043648	2.756779	-5.221840	6.183187	8.628296	7.069103	2.756779	8.153443	0.911995	2.224087	1.043648
899	3	5.111227	-7.912298	7.005991	7.545338	7.633802	5.111227	6.571029	2.798601	1.142991	2.049102	5.111227	-1.971039	6.926335	7.545338	2.049102
906	3	6.408538	3.386232	1.184297	5.917484	6.630465	6.408538	8.111009	0.986935	2.824823	6.630465	6.408538	-3.329880	7.085903	7.720863	6.630465
910	3	6.140814	-2.471389	7.976044	6.826292	6.256943	6.140814	9.899266	2.053805	0.283266	-0.191706	6.140814	5.151123	2.175910	0.284629	6.256943
920	3	6.050780	8.701696	-1.787163	1.136884	1.304147	6.050780	-3.145289	4.088036	7.201882	6.893290	6.050780	2.683543	3.857477	6.695892	1.304147
924	3	5.959767	9.221876	1.101028	1.771777	2.654651	5.959767	3.757793	1.105455	5.309153	7.072432	5.959767	-2.374403	6.771491	6.844477	7.072432
934	3	6.667760	10.117649	3.633431	2.540384	-1.355438	6.667760	-2.056186	7.468687	8.255882	-1.355438	6.667760	4.206060	4.365251	6.104153	-1.355438
937	3	5.363958	6.428806	-0.638291	-1.316398	1.991287	5.363958	2.330567	2.851239	1.041858	7.228635	5.363958	-1.478126	5.597184	1.639495	7.228635
938	3	4.156757	10.605017	0.769459	0.319074	1.177350	4.156757	9.045565	0.801246	0.319074	6.159979	4.156757	1.999859	6.801431	6.835498	6.159979
943	3	6.479239	-2.292023	5.866035	7.163901	6.673583	6.479239	5.333763	3.157457	1.166752	0.308049	6.479239	-0.029927	5.707217	7.159394	0.308049
951	3	8.339700	4.980260	0.042932	0.559742	6.776102	8.339700	7.303331	-0.011152	0.559742	4.422401	8.339700	-3.723272	6.065211	6.836510	6.776102
961	3	4.959575	7.122402	3.044013	0.533710	1.532698	4.959575	-0.372494	6.508544	6.280774	1.532698	4.959575	-5.343044	6.623382	6.280779	6.308666
964	3	4.146889	-1.382328	6.032064	5.906174	5.649114	4.146889	10.527831	-0.433080	2.006329	-0.475464	4.146889	5.604408	-0.430252	2.006585	5.649114
965	3	5.596118	5.264434	0.953399	0.367370	8.633838	5.596118	1.910570	7.110816	3.934087	8.633838	5.596118	8.761795	0.898587	0.350483	4.020981
