1	2	7.364388	-2.301189	6.685870	3.738048	0.858636	5.385602	1.964010	-0.313268
3	2	2.060430	4.773039	2.413883	4.021890	4.496452	-0.396065	7.761553	6.568708
4	2	7.342415	0.131417	6.547791	8.221199	4.138945	5.061823	0.136386	3.342344
6	2	0.219467	6.631909	1.529782	4.331802	6.712601	-3.828691	5.973885	7.204658
7	2	6.588681	-0.762306	8.339153	6.467332	3.635063	4.356318	2.708450	4.460291
8	2	6.965340	-2.083016	5.900591	6.862147	1.451058	6.660125	-0.573277	2.889728
11	2	1.516715	8.183045	-0.189441	1.996739	6.778169	0.166832	5.756162	4.753161
21	2	1.504187	5.362581	4.545636	2.906345	6.804490	-0.014012	5.897481	8.353836
23	2	2.578449	0.654833	6.977597	4.695626	6.813513	-3.288382	6.996204	5.762272
26	2	9.231061	-2.880518	6.519947	8.484673	3.397328	7.147768	0.448082	5.263502
28	2	-1.376809	7.354110	2.319572	2.373829	4.409027	1.248860	4.856687	6.249768
31	2	5.822096	0.231856	1.318367	9.641031	0.717315	5.272207	-3.585183	3.482482
34	2	6.781628	-4.415871	4.995994	7.616330	0.283082	5.862276	0.929800	3.624146
38	2	2.722174	7.299455	3.668216	0.575410	8.311300	-0.550190	7.721090	3.166697
39	2	7.231190	-1.704485	7.769621	5.496471	0.889074	7.293312	1.585619	-1.056718
44	2	3.934047	6.891966	2.308569	-1.790322	6.354667	-0.295841	4.564602	2.615025
48	2	2.656546	5.842845	-3.166609	1.808155	8.878364	0.544642	0.369040	6.527904
51	2	1.299396	7.717979	2.345167	1.536694	6.290075	-1.645176	6.864740	6.928996
56	2	1.817049	6.896245	3.159638	0.609615	7.516113	-3.564597	6.021643	7.010366
57	2	3.647998	7.175666	-1.038552	-0.792845	7.727262	3.666385	0.430012	2.330370
59	2	5.144876	-0.069178	8.497942	4.352906	-0.627462	6.665256	1.931395	1.917166
61	2	7.662679	-0.515899	7.366666	8.292687	3.138400	6.599078	5.247540	3.304864
63	2	5.966538	1.060377	6.606701	6.491084	4.455170	4.961496	1.918184	1.004610
65	2	5.177060	-1.151138	6.180555	6.550037	-0.278540	5.939112	-0.144391	4.535454
67	2	0.789292	6.327227	-0.235363	-0.078223	6.988894	-2.044890	4.722194	5.706680
69	2	1.976028	8.073242	0.876739	0.676231	7.908022	1.463521	7.139915	6.586107
74	2	9.549481	1.094928	4.712695	7.035223	3.393649	7.438225	-1.225243	2.033420
75	2	4.485896	-1.825650	8.894044	8.511234	-1.439754	4.012867	4.115900	1.918325
77	2	-0.916752	6.365476	1.479744	3.739660	4.061808	-2.120071	6.252276	6.926586
80	2	6.180823	-1.305236	5.805906	8.345633	2.767107	6.983661	1.961850	3.228698
81	2	7.269693	-1.909382	7.483686	6.632635	1.304383	5.301000	5.875533	1.272877
82	2	2.399858	4.944232	0.350211	-0.338923	5.212267	0.099043	6.740908	5.445461
83	2	8.599780	-1.089783	6.097982	4.124674	3.659538	5.142950	-0.314604	-0.621547
86	2	7.914241	-0.915295	7.415061	8.178220	2.243737	5.262954	1.280552	3.693482
89	2	4.914348	-0.594389	6.679266	7.254761	1.944964	6.726781	1.169469	0.932221
90	2	6.412633	-6.409191	5.346737	6.604705	0.830497	5.248866	-0.499891	3.469542
91	2	6.240510	-4.622617	6.714342	8.222099	0.197701	7.187541	1.137164	3.438076
92	2	2.252513	7.085438	-0.983236	2.835874	6.981455	1.614189	3.915084	5.858913
99	2	0.519900	6.964605	0.790042	5.837938	3.779151	1.903157	6.576753	6.950757
100	2	7.221489	-1.669150	6.197382	6.486132	1.154017	5.543602	0.514354	2.616526
102	2	0.479599	6.571607	0.363200	0.385194	5.745735	0.064458	5.991368	6.421060
104	2	3.900735	8.258542	2.447435	0.416565	9.742488	-0.406455	7.316553	6.791067
107	2	5.787793	-3.997495	8.394402	5.984629	-0.081445	4.657615	5.139189	0.468835
109	2	2.755247	5.947792	3.595026	0.104579	6.543812	-0.794913	7.713555	5.111714
111	2	-0.914613	7.380223	1.503652	-0.620878	0.814117	1.606375	8.073583	5.081027
114	2	6.709365	2.182182	5.429562	0.418996	0.343841	6.863904	0.482795	-2.660033
115	2	2.790422	5.648689	0.488888	4.598048	4.879753	-0.253677	6.873188	8.748571
117	2	3.803456	6.126940	2.494146	2.260301	8.898009	-2.249631	5.664310	5.274577
118	2	4.138691	0.044922	6.605876	7.067211	-2.418816	8.577169	2.306085	0.541552
119	2	9.468284	0.345947	6.376783	6.291001	3.087617	7.543390	2.575413	1.351941
120	2	4.144143	7.360757	1.790499	3.514148	7.164333	-3.047720	7.422330	6.065321
121	2	6.834613	-1.515944	6.548883	8.514242	2.398300	5.671022	2.520714	3.245305
122	2	7.631505	-4.705879	8.091386	3.466591	1.510078	5.498155	4.828922	-2.746088
123	2	1.808839	7.670447	2.450318	0.013396	6.193593	1.572542	7.440448	6.574117
124	2	4.489556	-0.174044	8.029322	4.838264	3.142970	6.458604	2.906168	2.979277
130	2	0.865268	4.061477	2.979641	4.721389	7.049133	-4.572343	6.851645	7.610149
134	2	5.417500	0.222275	7.153265	5.797463	1.064256	6.063960	1.577212	1.337465
135	2	4.145696	-3.014015	6.387384	8.582138	-0.510093	3.454859	2.007826	6.592118
136	2	1.676781	-1.642959	4.683382	5.370863	0.999630	1.587915	0.612160	4.514248
139	2	7.970092	-6.514193	6.524193	5.005910	2.867518	5.522813	1.219230	3.132771
146	2	-0.772281	5.762681	4.627979	3.443939	5.112800	-4.997830	7.906613	9.317615
147	2	3.231915	5.567104	2.512912	2.168152	8.051642	-1.802746	5.495427	7.383354
150	2	8.015654	-4.121376	7.050948	8.044482	2.463473	5.805599	1.531761	2.963688
151	2	5.936460	-0.114594	4.190330	7.037339	1.130306	7.028847	-1.353915	1.464006
152	2	4.906320	-3.176073	6.454404	7.003387	-1.106077	6.033790	1.965074	0.850918
154	2	7.453612	-0.397082	5.687343	1.267852	3.330724	5.280611	-0.285380	-0.730821
163	2	6.706331	-2.531920	6.351096	5.149377	1.759593	5.283976	1.975095	1.810337
165	2	5.943441	-1.279044	7.563854	4.858460	2.603808	6.620302	0.983186	-1.722573
174	2	0.453286	6.745410	2.734945	2.830932	6.123563	0.219418	7.707337	4.727300
175	2	9.286113	-0.349303	6.725572	6.126408	2.862196	8.290442	2.369964	2.299126
179	2	2.005486	6.857154	4.230791	4.049575	6.056335	0.800149	6.809975	6.350218
181	2	6.071750	-4.765565	6.595788	6.590887	1.345684	4.545792	5.066833	3.895970
182	2	5.223169	-3.530390	7.899291	5.863290	0.013426	7.041637	2.044974	0.497223
183	2	2.399853	8.645149	1.490421	0.409884	6.916840	-2.161529	6.363613	6.791791
185	2	4.170079	-1.686637	6.287130	6.718049	2.524060	5.689352	0.597007	0.975914
187	2	6.394003	-0.969885	7.250897	5.841910	0.038457	8.059349	1.642514	3.299645
189	2	-3.344205	8.241858	-0.780877	1.359897	2.784103	2.732683	-0.780659	4.928551
190	2	6.314700	-2.193780	4.812514	4.748861	2.776230	6.480168	0.951173	1.650848
193	2	6.905090	-4.120189	7.209006	6.161223	3.363052	6.259168	2.960038	0.564362
200	2	6.616500	-3.102211	6.405700	6.964635	0.877823	5.768622	-0.048530	4.343781
206	2	8.839195	-5.137582	6.278233	5.935190	2.626790	6.070407	0.381110	0.873203
208	2	7.862647	0.192510	5.594320	5.825014	2.250222	7.038156	-0.107904	1.970211
210	2	7.165573	-1.412697	7.390302	1.760729	2.432738	6.600191	3.277710	0.006543
211	2	2.249614	7.019394	-2.657520	-3.474209	7.375250	2.898687	-0.485380	1.876710
212	2	7.798596	-3.667768	5.992198	5.352221	1.988110	6.052503	-0.138532	-0.320875
219	2	0.702493	4.589764	0.542542	2.986154	5.230225	-1.149689	7.116404	6.686807
220	2	7.672364	-1.411973	5.398002	5.784290	1.216638	6.103793	-0.872800	2.631692
222	2	1.822698	7.877761	0.252833	0.547548	7.508387	0.325928	6.722560	6.011353
224	2	0.749829	7.020009	0.054843	0.952814	6.662866	-0.474564	5.915866	3.820274
225	2	0.774510	5.438307	0.239467	2.293158	6.763551	-1.173174	6.281280	8.018737
227	2	0.286911	6.456092	0.232325	1.676457	6.388594	-4.696459	6.517336	7.591465
228	2	7.921488	-2.378676	5.780274	6.461549	2.048252	6.338652	1.147095	-0.132927
229	2	5.789123	-1.223268	7.530403	2.431675	-0.719475	8.690978	1.204164	-0.007846
231	2	1.874782	5.460900	4.433275	-0.334913	6.566368	-1.302697	7.531872	6.022141
234	2	-0.054436	6.155201	2.653376	0.893462	5.881223	-1.256559	8.862047	5.988465
235	2	0.739589	4.285930	1.646399	5.562413	6.767422	-2.683288	6.015240	6.875639
237	2	8.106266	-4.552167	5.345277	7.220193	3.254086	5.947382	-0.006988	1.941556
240	2	2.015618	6.430011	1.374441	1.191809	8.551502	-0.479630	7.145214	7.445099
241	2	4.039130	6.117103	2.200814	-2.185552	5.862879	-0.810006	7.624434	-1.339633
242	2	4.810381	7.829640	0.868562	1.619665	6.890579	0.642959	6.701688	6.914837
244	2	6.524537	-0.303722	2.790393	5.179161	1.597379	5.173731	-3.041862	2.741762
249	2	1.888623	5.784021	2.652139	0.139191	6.788717	-5.630093	7.475620	5.522964
252	2	2.005847	6.024723	0.123231	0.544164	6.324110	0.378240	5.070709	4.733689
255	2	7.745864	-4.275034	7.560266	7.244104	2.700302	6.552913	2.901638	2.677384
256	2	1.025219	5.565596	3.727710	0.439392	7.121945	-0.448497	6.546659	5.756806
257	2	7.239386	-1.973057	6.693335	7.121155	1.210221	6.696138	0.071416	4.247595
260	2	2.398726	7.891854	2.232546	2.893774	7.525081	0.321550	6.356489	7.249488
266	2	-0.429545	7.651490	0.785878	2.195687	6.148954	0.817942	7.007464	6.245389
267	2	6.505409	-5.618072	7.022009	6.967419	0.207482	4.782951	0.634533	4.499561
272	2	4.189824	5.243581	0.008677	3.493818	7.876150	-1.480592	5.149796	5.647903
274	2	5.656579	1.261287	4.897995	4.688883	3.531606	5.425199	2.241947	-0.754717
277	2	4.840194	-1.578049	6.999729	6.675523	-0.210055	4.916464	1.968709	0.271316
280	2	3.364443	5.537165	0.678010	0.614604	6.377860	-5.589967	6.921161	3.663338
281	2	6.209557	-3.685285	6.535879	6.101890	1.145803	4.653152	1.695607	0.917041
283	2	2.021702	4.471093	3.928356	4.648666	7.666162	-1.548920	6.665685	6.159886
284	2	0.027711	6.595234	3.102830	3.236611	4.463252	-1.267856	7.282445	7.397039
285	2	0.830947	6.595800	1.661529	0.315855	5.897003	0.085401	7.500516	6.924318
289	2	5.332919	-0.860775	7.477930	6.464216	1.253160	6.352791	2.140814	0.436640
290	2	1.850642	1.097147	8.266122	3.194167	-1.107921	6.354967	2.359775	-0.392658
292	2	2.890223	2.334895	8.168002	6.877282	-1.127055	6.724322	4.964895	0.419814
293	2	1.195534	5.407525	-0.417796	2.937311	6.320258	-1.520117	4.982640	7.772134
295	2	-0.578384	6.133308	0.249765	0.472706	4.017731	-0.918653	6.689467	6.806170
296	2	7.101147	-2.912893	6.878440	6.488310	2.597734	7.542342	0.279052	0.756431
297	2	7.720608	-4.743952	5.290780	7.607946	2.671850	5.691873	-1.107133	1.739971
301	2	6.676342	-6.156927	6.600565	5.764976	2.392200	5.152114	0.656561	5.063796
302	2	1.273246	3.195858	6.062423	6.065809	7.713789	-2.227440	6.829778	7.329514
303	2	-0.818694	6.206031	5.000605	1.802326	1.345802	1.139693	7.800326	5.182082
306	2	5.744619	-2.766091	6.144138	5.579777	0.013406	6.105297	0.945475	-0.715479
307	2	3.945600	6.883469	2.460623	3.107359	7.005187	-0.043418	6.609130	7.836475
311	2	0.261224	7.117342	1.220710	1.801930	5.731933	-2.026668	7.124093	7.712944
318	2	3.272269	7.548598	-0.043533	0.002943	6.135034	1.943160	2.899511	5.713879
320	2	6.979197	-4.118277	7.414088	4.454612	3.090607	2.829144	6.002658	4.262178
328	2	1.266263	5.782435	3.332291	0.649589	7.615918	0.069769	4.792804	6.869811
329	2	0.260662	4.698699	0.224399	0.729558	4.967034	0.415955	6.596095	4.540207
332	2	3.416255	1.461368	8.178351	6.606454	0.868570	6.371020	2.205514	0.658952
333	2	6.995444	-4.587958	7.473605	6.320033	4.462308	6.221890	4.743013	2.669209
339	2	7.202548	-2.823217	6.582458	8.531638	2.857033	6.872920	2.403129	3.263069
341	2	6.956305	-2.208921	6.115039	3.397722	3.403629	5.708675	2.769292	-2.567684
345	2	6.622981	-2.220068	6.082803	8.250593	2.118060	7.331339	0.138059	1.665091
346	2	1.125957	5.273671	1.565962	0.906857	6.669705	-0.816557	6.622777	6.776904
349	2	2.989694	6.322535	1.301259	1.447669	7.429248	-4.830483	7.233358	6.942931
350	2	7.507276	-1.654176	6.782479	2.264913	1.344006	5.512669	1.000181	0.072315
352	2	7.049833	-2.579012	4.868729	7.148240	0.931003	5.611097	0.399684	4.994280
354	2	-0.003759	6.270135	0.205691	0.528201	5.298590	-1.867904	5.898499	6.402965
355	2	5.820906	3.888697	2.497700	3.192244	7.215347	-1.880383	8.094052	5.382442
357	2	1.120062	6.276273	2.138278	1.109606	7.413926	0.739254	6.083164	7.543734
358	2	6.748930	2.409656	2.966029	5.758847	0.696064	5.605219	0.541252	2.599797
359	2	1.527791	6.428372	2.619419	1.156223	8.079484	-5.032609	7.183540	7.140502
361	2	2.297440	7.126332	0.271862	1.103935	4.502617	0.657579	6.744945	5.137487
362	2	2.591743	6.900854	2.564975	1.655482	8.486836	-4.912951	8.742948	6.689655
368	2	7.292731	-0.303867	6.745048	9.379959	2.151734	6.138454	2.551938	6.406557
370	2	6.283761	1.039688	8.534201	5.382509	2.940894	9.058681	2.549615	-0.332342
371	2	3.917298	5.625727	0.101478	-0.391596	6.954829	-0.953813	4.570075	6.011463
372	2	0.121222	4.294325	2.277164	4.037926	4.269511	1.199806	5.593225	5.084899
379	2	4.129994	1.630778	8.630010	5.398997	0.727505	7.402668	3.143414	1.427969
380	2	6.815864	-4.081650	6.842191	6.455139	2.788421	5.118077	0.552916	4.677359
381	2	-0.610820	9.253080	-0.571752	0.037326	5.338151	-2.808994	5.326249	6.149619
390	2	4.295530	-3.142854	7.096837	6.689664	-1.943916	6.938761	0.659493	2.311865
391	2	-0.453664	8.988121	0.006541	2.499154	5.763823	0.718565	6.069100	7.090144
395	2	8.489232	-4.052022	6.430856	7.937722	5.359133	5.060130	2.349545	3.915115
396	2	3.060258	5.436620	1.092621	-0.732079	6.455126	1.358785	7.512684	4.050633
401	2	-1.762635	6.545056	0.297032	-0.000484	3.704565	2.050354	5.778567	2.831383
403	2	6.290564	-1.703447	6.863232	6.740639	0.139164	6.455756	1.791977	1.548567
405	2	4.032737	6.995664	-0.178450	1.354422	7.985527	0.704248	4.583947	5.042425
407	2	3.573774	7.158433	0.411844	-2.249164	8.113500	-4.516168	6.429160	3.322023
410	2	6.497565	-4.760001	6.179451	8.976903	1.159402	6.560193	2.550775	7.874749
412	2	7.858429	-4.194452	8.293152	7.586768	3.578166	8.128616	3.887862	4.168474
414	2	1.441154	6.580978	3.071772	-1.034158	3.874297	-3.531359	8.301868	5.168069
417	2	1.802459	1.407557	7.019611	6.054101	-3.064244	7.564527	3.305960	3.286336
418	2	9.498717	-3.209583	5.141186	7.790895	3.522957	6.559724	0.079304	3.040271
426	2	6.777934	-3.228987	6.682052	3.634874	0.313411	7.335356	4.349656	-2.499212
427	2	2.807067	7.080611	1.183629	3.753308	5.345449	-0.999212	7.127588	6.500608
429	2	7.567409	-2.166395	5.673631	6.010572	2.253556	5.650653	0.472850	1.343487
431	2	0.081465	7.423549	1.659438	2.970189	5.557352	1.104978	5.366648	6.541912
438	2	0.410990	6.831561	0.117076	0.647182	3.678599	2.159348	4.102845	7.256132
439	2	5.358843	2.051087	4.964481	6.868263	2.284860	4.324487	3.171911	4.605364
441	2	2.607380	7.065867	0.499746	0.415991	7.604267	-4.262855	7.101996	6.969011
442	2	1.199035	6.162423	1.721114	-4.425187	6.821731	0.634012	5.833180	1.788990
445	2	2.152794	6.768912	0.699288	3.978252	8.555906	-2.112614	6.146425	5.360149
447	2	-0.584269	6.008675	4.289987	1.520794	5.851217	0.161089	7.500575	6.643891
449	2	2.756479	6.340407	-1.287267	4.065244	7.055694	-0.188085	5.173846	7.471070
450	2	3.320779	5.784465	2.851904	4.391884	7.951706	-0.708184	6.218269	6.630547
452	2	0.027656	7.481067	1.381613	-2.364925	5.852561	-0.488836	7.245766	4.132545
453	2	4.300818	2.194836	4.288690	6.076669	-0.890617	7.754495	-0.340917	1.596256
455	2	4.843985	0.666035	5.893886	6.604815	2.440313	6.347472	0.008563	-0.003467
456	2	0.527005	5.956467	2.512519	3.254399	7.105343	-2.015230	6.229867	9.784152
457	2	0.509910	6.502825	3.803081	4.278250	6.272659	0.478366	7.130974	8.923921
458	2	1.992854	6.508709	3.473889	-0.080832	8.019443	-4.991691	6.662398	5.434058
459	2	0.338779	7.076150	2.411593	1.395832	5.612309	0.149776	7.987032	7.495162
461	2	1.443932	-1.886277	6.677952	8.680840	-2.252025	4.300404	2.470373	7.143269
466	2	2.689364	1.142506	5.326841	-1.535270	1.564513	7.451693	0.567615	-2.389856
470	2	0.600023	5.802952	3.992857	2.320171	5.705394	3.327429	5.661793	2.343118
471	2	-0.931631	7.119746	-0.057750	3.167445	4.702871	0.145778	5.903095	8.990899
473	2	-0.568664	6.601821	0.288540	2.028961	4.598038	-3.445195	6.144847	7.537965
475	2	5.007412	-1.089269	6.026611	8.937432	-1.554920	6.548808	0.409825	3.849529
480	2	5.619217	4.081848	2.182408	2.167109	6.962744	-2.830864	5.990256	6.752690
483	2	6.961541	1.135804	2.219338	6.712279	1.222033	5.770256	-0.526438	1.172429
487	2	6.466041	-2.640392	6.707112	7.023678	2.014216	7.249160	0.385138	2.834847
491	2	7.616648	0.780041	4.891013	7.849178	2.254447	6.522541	-0.172343	1.368933
492	2	3.556085	2.231773	6.109037	3.679507	2.694195	4.493479	0.873501	-1.327012
493	2	3.601384	7.634762	-1.786891	2.597490	9.603406	1.346242	4.572910	5.562557
494	2	8.444820	0.365345	4.438832	8.641634	2.572639	5.321779	4.063684	5.173441
495	2	2.015632	5.896585	2.130298	-0.367806	6.470821	0.245506	4.764975	6.249458
496	2	4.203747	-1.704068	8.078550	8.962791	-2.261673	8.065340	2.135752	5.625021
504	2	1.430984	6.247864	0.519818	-2.226250	6.911968	-0.444410	6.872374	3.456365
507	2	6.376506	1.251629	6.189619	7.152512	-0.170950	7.868993	0.250729	2.021523
513	2	6.054351	-1.066779	7.913602	6.479965	-0.530089	6.228838	3.943922	1.229284
516	2	0.048038	5.043923	1.530365	3.595741	6.317132	-6.442457	7.884724	8.319656
517	2	2.646955	8.130591	1.781333	-0.083825	6.681772	1.919457	8.389612	5.507125
518	2	6.590421	-1.636963	6.946987	5.628493	0.024395	4.860771	4.660325	0.244586
520	2	4.347145	7.118476	-0.571306	0.603160	6.616911	-1.065234	5.491037	6.784434
521	2	1.327209	9.195920	1.060724	3.954994	5.916931	2.344793	4.339850	3.954994
523	2	1.282282	7.636991	2.235993	0.083421	6.488601	-0.774100	8.568685	6.002870
524	2	1.558870	7.742746	2.742887	0.990911	4.232322	-1.802619	7.631645	6.518691
526	2	1.319676	6.645910	0.954323	3.661625	7.066910	-0.900157	4.301099	7.396066
527	2	7.173813	-3.967740	8.948453	7.364782	1.060073	1.038543	8.930530	7.064466
528	2	4.750195	1.308313	7.513747	4.948817	2.054284	4.619015	2.692273	2.396955
529	2	7.607424	-5.417074	6.205699	9.093316	1.925542	6.126069	0.808327	6.614917
530	2	5.745251	1.523786	4.223368	5.783845	-0.252072	5.918592	-1.130230	3.040465
531	2	1.642276	6.790037	3.795895	0.207620	6.868095	-2.056891	7.760631	6.402046
536	2	2.761404	8.533487	1.872939	1.211645	9.121463	-2.044815	7.227621	7.183032
537	2	2.314239	9.423607	1.433280	2.154801	7.897116	0.335173	6.364604	7.997331
538	2	1.469618	6.391581	3.917387	-2.375877	5.929079	-1.305864	7.340271	1.056489
545	2	7.416501	0.444406	8.303427	5.525847	0.965735	4.659261	4.335408	0.265370
548	2	6.673408	-0.265005	9.118020	5.159714	1.099342	6.386169	2.566048	-1.434342
553	2	6.907003	-2.582059	8.180627	2.534344	1.551762	5.964822	4.295022	-2.473164
554	2	6.499770	-1.552035	4.778547	7.069779	4.510944	4.330379	2.409814	5.676522
557	2	8.411086	-3.290113	5.977875	6.277568	2.451839	6.109445	1.545353	2.964291
559	2	3.506273	5.224016	-1.836912	1.571018	7.013489	0.760225	-1.700286	6.534963
560	2	7.752410	-1.206176	6.964820	6.366595	1.177553	6.550493	1.446485	-0.240123
561	2	8.829730	-0.906216	6.937245	5.643056	5.424804	3.951869	4.861483	-0.461310
562	2	1.426762	7.679691	4.970928	2.546542	6.156682	0.874244	6.659743	6.866715
563	2	2.303601	6.206543	2.180500	3.850998	5.872254	-1.228400	8.000895	8.990585
564	2	6.796650	-6.561429	9.480621	6.800594	0.437773	5.014510	3.784392	1.637239
565	2	6.824627	-1.886804	7.427397	3.474614	0.531240	7.425875	2.841975	-1.921417
567	2	3.731199	6.390123	0.027019	1.828518	6.180278	-0.231072	6.492446	5.944200
568	2	6.080469	0.152325	4.794631	6.798421	3.701887	6.477718	-1.388899	5.009710
572	2	0.154893	6.672138	-3.863982	3.109236	6.411849	1.097014	-3.826109	5.916062
573	2	7.053565	-3.867219	5.636426	7.802616	1.479724	5.950586	1.119106	5.463373
574	2	7.420321	-1.011123	5.873479	7.356389	2.121148	4.861583	4.304563	4.968878
578	2	5.517086	0.417491	6.133544	6.793082	1.962942	6.496603	0.360071	2.823574
579	2	5.970802	-0.084520	6.289705	6.750489	2.537071	4.957661	2.940350	2.974962
581	2	1.135992	2.980378	3.056795	3.598097	7.010477	-3.364833	4.813536	5.706905
582	2	2.293297	7.629625	1.560989	4.390400	6.254671	1.901011	1.665800	5.182959
584	2	8.261168	0.107727	5.709789	6.767504	3.079516	5.503708	4.533622	0.956297
585	2	7.414850	0.532816	5.282395	9.011864	1.103090	6.882981	-1.146872	4.338936
588	2	-0.648530	6.171434	3.327885	0.830982	5.855409	-6.326676	7.152388	4.813707
590	2	7.119916	-5.059687	8.150829	6.579301	4.748431	5.454131	2.334200	0.101355
592	2	0.122082	5.959005	0.835003	4.474693	6.331948	0.806732	6.376596	6.680233
597	2	0.690084	6.652140	2.953761	2.897929	6.774114	-0.239715	8.045850	8.101283
599	2	1.167627	7.323958	2.979601	6.323803	7.167854	1.596247	5.421831	9.412998
607	2	7.643322	-3.554468	6.989376	5.974975	2.666748	7.568670	2.183598	2.256882
615	2	0.793267	7.393991	-0.309639	1.063956	6.472356	0.373912	5.771288	6.663307
620	2	1.423020	8.930267	2.515552	0.025964	6.453179	1.387915	8.307552	4.854092
622	2	8.345065	-2.488909	6.244549	3.520395	3.818606	6.703164	-0.327837	-2.481340
623	2	3.917582	0.694576	6.665844	6.840391	-0.828585	4.684648	2.712283	3.955473
624	2	7.935672	-3.136576	6.043523	6.905245	3.476539	4.531273	1.893537	0.878616
625	2	6.887786	-1.640385	6.328747	7.937420	3.034986	5.465127	-0.019757	5.162365
626	2	6.214823	0.888801	1.867728	2.178006	3.341489	6.849458	0.167768	0.197104
628	2	5.298458	3.992267	3.586014	3.769388	8.006746	-4.129064	7.956146	6.806954
632	2	7.111637	-1.465303	7.680948	6.300522	2.374085	9.038008	1.808281	-0.090344
633	2	1.787826	7.989959	1.560008	-1.822716	6.260846	-0.247161	7.296452	2.703764
637	2	4.377059	5.613401	2.974574	6.830861	5.773230	-0.631059	6.387477	7.396749
638	2	6.102566	-0.069564	6.323524	5.854169	1.684232	5.090675	-0.118332	3.268810
640	2	3.893662	-3.052062	6.700579	7.823715	-1.818862	5.371999	0.427720	3.396477
642	2	0.288092	6.858628	0.803881	0.076801	5.916601	-1.139701	6.685954	6.604719
646	2	-2.531544	6.537438	-0.680941	-0.835314	3.677492	0.473121	5.301625	2.487700
648	2	7.317064	-0.665079	7.822269	2.203383	5.929623	4.653573	3.481594	-3.297965
649	2	0.627439	5.336530	-1.002503	0.500600	6.611906	-2.866757	4.290422	6.925443
650	2	-1.547957	3.475597	6.187349	3.323781	-1.680580	8.401155	2.054717	3.257593
654	2	0.003487	7.952602	4.466596	1.355333	6.134928	-0.677166	7.876873	1.589438
657	2	8.518648	-2.551102	6.893602	7.595294	2.510200	6.774817	1.159592	2.430485
658	2	2.463640	6.111850	4.447602	2.852230	7.975983	-4.770650	7.022430	7.140119
659	2	0.658572	4.931497	1.112371	6.012206	2.339236	1.668126	5.988499	7.877942
661	2	5.592495	5.291213	1.902626	0.856910	6.327430	1.414030	7.036800	6.161409
666	2	6.133876	0.169872	7.723146	6.772335	0.949998	6.886843	1.282008	2.277870
668	2	-2.832807	6.788330	2.555098	4.944000	2.672477	0.820419	7.200424	7.760331
669	2	6.606082	-7.289844	7.519617	6.684294	0.591384	5.421230	1.318436	3.880427
672	2	0.109931	6.421794	1.524525	-1.955564	6.620497	-2.740119	7.218867	3.837805
673	2	6.806601	-3.328969	7.841877	6.774015	2.459807	7.110687	2.747095	3.578561
674	2	1.654003	6.006491	-1.752270	-0.366508	5.761589	1.284549	4.571836	5.414375
675	2	7.349061	1.720798	-1.358164	4.228964	1.679418	7.314107	-1.397221	0.729443
676	2	-1.570492	6.688218	2.320174	3.009250	4.442911	0.807868	7.076988	6.755152
677	2	2.558776	7.508849	0.906382	-4.273097	7.084462	0.484023	5.270790	1.361401
680	2	1.552538	5.342047	-0.023942	0.732142	7.714981	0.026800	4.413234	6.277204
681	2	5.831763	-1.077470	6.808343	6.106090	0.363648	4.292000	1.464264	4.913419
682	2	5.095401	5.561663	-0.245964	3.516383	8.674308	-1.200049	5.321440	9.381191
683	2	6.947673	-1.386779	6.661165	7.428788	5.032803	5.978574	2.186481	5.649083
684	2	8.645501	-1.969689	6.530645	6.361069	3.833291	5.979652	1.035145	2.991533
686	2	1.893499	-0.071653	3.303938	9.299558	-4.279836	3.940344	0.143536	3.902760
688	2	9.768393	0.546672	3.096641	7.903847	9.784066	-4.352084	8.699226	7.905747
690	2	7.433509	-4.846131	8.616434	6.677147	2.397483	6.427161	2.654792	1.507377
692	2	8.600964	-1.210765	6.506929	0.695865	2.759844	5.975532	4.102338	-0.715029
694	2	7.122568	1.019061	6.921110	6.326526	4.803990	4.644301	4.513660	-0.180998
700	2	0.180884	6.365394	2.314152	-3.976998	6.822670	-2.620001	7.376450	1.976748
703	2	4.826210	-3.186069	9.096274	5.115026	2.414842	5.703512	4.452489	2.520588
705	2	3.398384	4.309582	3.000086	5.508633	8.164189	-1.484143	5.814723	8.320959
706	2	6.974888	-0.965285	5.144223	6.979340	2.457196	5.865464	0.643209	2.521123
708	2	5.377914	-6.114736	8.682150	4.433432	1.433465	5.694176	2.496705	1.523143
709	2	-0.076849	8.481152	1.567304	-3.387887	6.287118	-1.269147	7.846681	2.402853
711	2	7.240811	-6.006488	7.269227	8.080328	1.173302	5.979467	1.192778	3.116573
713	2	2.024733	6.375127	-0.251901	0.430606	6.955713	0.239362	6.106077	6.991195
715	2	3.708455	0.810519	6.745993	6.232039	0.496031	6.674161	0.737707	1.599939
716	2	3.993253	-4.341426	5.980999	8.891008	1.150831	5.488959	0.379191	3.940342
717	2	2.517719	5.601304	-0.041674	-2.253622	6.789034	-2.129832	6.357534	3.732489
721	2	2.773307	7.173741	2.762056	3.276492	8.057253	0.308806	7.517079	6.726543
723	2	6.937998	-3.350753	5.996089	6.354603	3.138752	5.871871	1.885948	0.067980
724	2	-2.035797	6.196606	2.017871	1.250933	3.606870	1.509814	7.314957	6.866376
726	2	6.171059	-1.856216	6.882621	6.939178	5.029565	4.222529	3.528875	0.606895
727	2	4.747929	1.418074	7.132147	5.407352	2.222357	6.463358	1.011740	1.622233
729	2	6.901770	-6.884913	7.890083	7.270944	2.400285	4.595758	2.454940	1.417782
733	2	6.760541	-7.612091	6.242472	3.770797	1.148533	4.282262	1.013224	0.305500
734	2	5.048214	0.568528	5.811832	6.203753	2.100824	7.248039	2.929882	2.449461
735	2	-0.211261	6.944052	1.850187	2.744577	6.122595	-0.224564	7.787503	5.856755
738	2	2.237770	6.971183	-0.642850	4.224332	5.771199	0.553004	5.624662	8.468377
742	2	-0.665401	5.908855	0.905366	3.627269	4.149568	-2.904239	6.467312	7.857471
743	2	7.273964	-0.101099	2.442654	4.588339	3.282277	4.658821	-0.310543	4.084990
748	2	0.696737	6.019155	1.420552	0.809061	6.291017	-0.083433	6.365113	5.508458
750	2	6.614858	-0.113401	7.310519	6.361166	0.651870	7.756556	3.960917	-0.170185
751	2	1.152180	6.528313	0.164109	-0.227924	6.511413	-2.652748	5.818492	4.846490
757	2	6.565510	-5.453219	7.555328	5.937450	2.545986	6.153732	3.088546	4.451297
758	2	7.063149	-1.995573	6.106778	7.035961	0.894184	6.852973	1.474140	1.007926
760	2	6.782148	-3.371632	6.139423	5.676012	1.939599	6.266670	0.097506	0.133421
763	2	8.910217	-2.687585	7.296584	8.121484	3.902267	7.241637	2.759392	3.409326
766	2	6.969989	-5.245957	8.372983	8.337331	1.940876	6.816961	2.679760	3.312434
767	2	-0.830341	5.922248	4.740290	-0.868673	5.780082	-1.924482	7.301226	4.591369
768	2	2.323927	1.095211	8.111044	4.831636	-4.067752	6.681457	1.532720	1.302825
770	2	7.921069	-1.006478	6.584646	6.669659	2.819257	5.704410	2.838206	0.776971
771	2	6.908480	-2.473987	7.459650	5.669740	1.007358	6.701894	1.075993	0.246616
774	2	0.742609	5.021603	2.335984	2.299140	6.320870	-2.955009	7.927861	7.113301
776	2	-3.174057	7.204064	2.415288	2.809225	3.412778	-0.927237	5.862157	6.940255
778	2	0.244840	4.614870	2.091715	4.819059	2.615581	2.769258	5.974185	5.888436
780	2	0.271043	1.993558	8.919149	5.632533	6.503371	-3.069173	9.274072	6.470957
782	2	7.974239	-1.939895	3.912833	7.573471	2.700171	5.138314	1.835163	2.740792
783	2	1.613623	6.631459	0.737517	1.719909	5.342545	-1.703008	6.509163	5.871511
784	2	0.381114	9.410815	-0.734494	1.255937	6.670621	-0.079425	5.302806	7.782111
787	2	0.930454	6.515497	2.936823	6.243843	7.389390	-2.281428	5.917048	7.833925
788	2	5.672506	-3.925337	7.231692	7.458123	0.833021	4.941023	5.700297	3.096150
789	2	5.394729	-1.316565	8.151873	7.127283	-1.013525	5.604547	3.420696	5.093628
793	2	7.639876	-3.117739	8.374248	5.263545	3.734896	5.845645	2.673498	3.116712
795	2	6.689326	-1.231628	6.587646	7.739629	1.045161	6.837927	2.735379	1.539531
796	2	0.260219	6.530326	2.134927	0.554832	6.417115	1.093114	6.913426	6.844612
799	2	2.690958	7.331436	-0.568451	2.124797	7.127633	-1.198282	5.880101	7.503002
800	2	2.050607	2.448302	6.519166	5.969050	6.529142	-0.116217	6.652574	6.139656
801	2	2.836663	8.043896	0.199089	2.666776	7.849035	-0.209835	6.143418	7.627111
803	2	7.154951	-2.960493	5.759863	2.573792	2.412166	4.497381	1.294676	0.143426
804	2	-0.804017	5.644611	0.543826	4.643837	-0.333072	3.005424	6.584832	7.785415
805	2	2.237984	7.412825	2.251664	-1.624061	5.464437	-0.302338	7.551968	4.002286
807	2	7.640099	-2.667804	6.715288	4.722144	2.085435	6.014156	2.049613	3.104883
808	2	8.225298	-4.185306	8.776597	7.359774	3.601154	5.406227	2.437455	3.283929
820	2	2.660475	6.749598	1.623171	2.111667	8.804378	-4.546247	7.694636	8.157289
824	2	5.106792	0.113068	6.892052	6.475102	0.333342	5.249048	2.409183	1.284732
825	2	7.643223	-3.377940	7.565419	6.244852	1.521708	5.454776	2.891126	1.880172
832	2	7.346495	-4.011360	6.831310	7.772124	3.430902	4.801312	2.984437	3.409917
833	2	3.031412	2.801849	1.321850	-2.982200	7.321794	-1.678111	1.614213	2.616760
836	2	6.205966	-2.859937	7.155344	4.439669	-0.166917	6.741031	1.576527	3.636865
839	2	7.329023	-5.587421	6.798613	7.659594	1.759496	5.729395	1.637377	1.451602
845	2	4.849613	5.359650	1.330818	1.830584	6.880802	-4.267622	5.819095	4.107623
847	2	5.461422	-0.285678	5.990435	9.749807	0.582089	6.473975	-0.174889	6.391709
852	2	1.391098	6.974242	3.015493	1.919379	5.537422	-1.338758	8.485290	6.885999
853	2	5.741952	1.876781	6.699550	6.611798	1.148448	6.344038	1.703642	1.604930
854	2	6.413437	-4.096751	8.282844	6.592333	-0.111666	7.458308	2.068728	6.379969
855	2	5.749683	0.691840	6.898858	5.411425	3.253981	6.235800	0.690791	1.859581
859	2	5.156793	1.450396	5.891840	2.081411	0.240382	5.328900	4.691641	2.081408
861	2	4.485733	5.842403	4.062190	2.011144	6.848595	-0.099064	8.173406	7.412552
864	2	-1.144496	6.453431	2.700329	-1.917976	4.954815	0.269025	9.014697	2.710720
866	2	6.853113	-3.242823	7.763973	3.262481	1.594862	-0.306605	7.667736	3.257203
868	2	7.888748	-2.211700	6.978310	2.127736	2.653205	7.351394	0.378247	-3.745968
871	2	6.487492	-6.221346	6.671496	6.354084	3.811174	4.971654	1.759607	0.148040
874	2	4.710712	-1.295535	9.082178	8.498937	-0.109078	4.308985	5.087184	2.403439
875	2	7.873721	1.122631	4.869237	3.687705	1.460387	7.643455	-1.765700	-1.893382
877	2	1.744778	5.099104	0.313468	-0.400551	6.854454	-2.216896	6.027299	5.537136
879	2	7.880408	-3.777746	7.316453	6.580602	2.742246	6.521983	2.390582	0.778032
881	2	4.579984	6.195872	3.360897	0.094725	9.266347	-0.858621	5.534852	6.238112
882	2	5.123686	-3.254085	6.290862	6.442627	0.900444	5.478923	3.930230	3.352844
885	2	8.316365	-0.584665	4.406183	4.314910	2.032225	5.824931	1.230977	-0.825823
886	2	7.084484	-2.196857	6.384622	7.281862	3.662105	7.027648	2.396534	3.977502
892	2	2.396050	5.461385	0.321803	-2.193416	7.216324	-0.804068	6.594486	3.377387
896	2	6.881355	0.453248	7.393886	7.391044	3.816368	6.578767	3.003619	1.426102
898	2	1.323602	9.309925	4.280295	0.553245	7.588732	-3.386302	9.312683	7.009291
900	2	6.456873	-1.223860	6.843064	5.536393	2.869398	5.894860	0.654107	1.401094
901	2	8.321831	1.312464	4.080784	6.495194	2.570871	7.536855	-1.974101	2.628225
902	2	6.974993	-1.005880	6.525871	6.447260	1.262505	6.535094	2.013673	4.953876
903	2	-0.197452	5.897909	1.252325	1.843098	5.352489	-0.476396	6.555196	4.715714
904	2	2.235093	7.758878	0.163939	1.762359	7.908191	-2.971060	5.807119	6.971054
911	2	-1.013810	9.536071	2.185339	-0.774682	2.728110	2.957702	7.113547	1.952403
915	2	7.366292	-4.645670	6.610621	5.754081	3.585515	5.883332	2.633770	-0.402502
916	2	6.992285	-2.969188	8.626712	9.614504	2.127697	6.621984	4.748262	3.596245
922	2	-2.159772	8.060712	0.986960	4.087674	4.454063	-1.689859	7.346416	8.395367
924	2	6.204176	-2.211477	5.218360	6.945720	-0.117377	4.616270	-1.362375	0.673343
925	2	5.862472	0.259881	1.483563	6.198550	3.032756	1.761275	1.399262	6.092104
926	2	7.084667	-0.868924	5.254499	7.168354	1.405419	4.682745	-0.756119	1.406692
927	2	7.637482	-2.674828	7.294367	7.939191	2.758478	6.994339	1.386466	1.462752
928	2	6.643587	-2.655777	7.807731	6.699701	5.266081	7.559581	1.578468	0.607752
933	2	6.661369	1.686818	3.484538	4.381893	1.884608	7.653512	-1.204002	0.849385
934	2	6.867276	3.251847	5.725591	6.616895	4.214747	6.850493	1.004489	2.201453
936	2	7.364844	1.710481	2.099244	6.538006	7.482449	-1.401045	6.246364	6.582274
937	2	4.930428	2.950675	4.934407	5.532797	1.540249	6.917084	0.622297	0.042206
939	2	6.395974	-2.940842	7.020388	7.309493	1.428491	8.152942	0.455704	0.821645
941	2	6.879113	-4.277387	6.130246	8.382531	0.400998	3.783464	1.318810	7.191672
943	2	3.827572	6.618737	2.383814	0.556321	8.441579	-0.683765	8.405457	6.869596
944	2	-0.075000	6.111033	-2.368316	5.187416	5.638316	-0.643160	4.014240	7.225266
950	2	2.192078	6.547966	-0.383119	1.632076	7.778090	-1.374868	5.942946	7.971178
951	2	3.328351	6.823045	0.305315	1.932249	9.320894	0.850492	6.675802	5.460172
952	2	6.674540	2.145867	5.986461	4.089518	4.222819	5.079482	3.035917	1.065878
956	2	2.168473	6.344568	-1.528798	0.281085	7.069899	-1.032436	4.844116	0.473815
957	2	8.863789	-6.922973	7.525251	7.423019	2.617262	5.400757	1.658722	3.354838
958	2	0.465028	6.831099	1.036537	0.398104	5.545272	-3.534620	5.874940	6.501756
961	2	2.192852	4.429258	3.187812	7.494596	6.964242	-0.835123	5.181747	8.242768
962	2	7.988551	1.086650	6.391108	5.945229	1.488902	6.896382	0.854435	0.054165
968	2	3.317260	6.904871	2.638693	-1.108314	7.106645	0.872490	6.759205	-0.242507
969	2	7.453944	-2.419791	6.213488	8.587790	3.125513	6.323354	1.717352	6.582103
970	2	5.173181	-1.232039	5.995780	5.134842	-0.135162	5.723118	3.946136	2.390261
971	2	6.077971	-4.226873	8.104174	3.855402	0.569844	5.245583	1.952756	-1.400629
972	2	5.019877	-2.560727	6.942326	2.160100	1.461249	8.729862	0.624091	-1.091901
973	2	8.127241	-3.158950	8.487990	9.192813	7.167326	3.384762	2.500516	7.953014
975	2	6.407908	1.514723	1.826223	7.740898	0.284605	7.360102	-3.362170	2.319758
976	2	1.226451	5.660893	6.960238	2.359191	6.556016	-0.783732	8.495231	5.837958
982	2	2.798519	6.073147	2.039483	0.510739	3.782417	-0.064830	7.869129	2.302461
984	2	2.570556	-0.248515	8.474453	4.908768	-2.350915	5.223416	4.177868	1.104720
987	2	2.822263	7.813168	-1.054098	0.833730	8.948265	0.640651	5.113026	7.415431
992	2	5.801041	2.878880	0.237596	8.798490	6.154300	-2.624463	5.730799	9.081181
996	2	1.293922	8.609710	1.692065	0.282289	6.453599	-3.482422	5.775331	6.309286
997	2	3.356037	6.946498	-0.052732	2.842519	6.339961	-0.002288	6.221742	6.954261
998	2	6.410217	-0.470031	7.865653	7.567346	0.039779	7.603496	3.213431	1.953210
1000	2	8.595566	-2.894189	5.795745	6.196195	2.065633	5.307988	-0.409569	-0.344557
