579	4	1.836421	6.365185	6.995434	-6.133287	7.122661	8.216224	2.144308	-5.084060	3.940364	0.759808	1.836460	6.365185	6.995098	-0.149628	1.490133	8.212172	2.144308	0.492136	-2.790362	7.011866
712	4	7.592271	3.877424	-4.131832	7.487273	1.592672	2.615794	6.759577	2.358945	7.479653	1.594568	7.592270	3.877425	-2.877933	1.038285	7.421826	0.967253	7.006792	5.548222	-5.201689	7.508160
775	4	9.027249	-1.215856	-0.392397	2.278719	6.716481	3.131791	1.373396	5.101566	-3.587935	6.761905	9.027252	-1.215856	-3.027817	6.484172	1.919997	9.027066	-1.215856	0.763602	-0.922044	6.761898
876	4	5.633797	2.383369	3.788223	-4.309028	7.934644	6.699896	0.795855	0.550995	0.461331	7.931488	1.034854	4.991261	6.119759	-6.090844	7.934644	6.699917	0.795826	-0.885236	6.696978	3.876473
1486	4	3.043427	5.949086	0.619922	3.382765	7.281251	3.086011	5.896410	0.592965	7.513256	2.635478	6.370725	4.712442	-3.557831	7.601567	2.604351	6.369180	4.712442	-3.533817	3.474189	7.203801
1504	4	6.397008	-0.080282	-4.881083	5.643493	0.632717	-0.004116	4.104124	5.657583	1.049117	0.702242	-0.005021	4.104124	5.659532	-4.998396	6.049150	6.396770	-0.080102	1.185634	-3.168631	5.879625
1553	4	0.887974	6.363145	7.066364	-3.039527	5.184203	1.097061	6.363144	5.793145	2.354474	1.793913	6.933810	2.279277	-0.091485	3.137488	-0.393070	6.901252	2.281448	2.271396	-2.499983	5.184203
1567	4	6.195076	-0.934906	-6.766499	6.514551	-1.430381	0.669101	5.073355	5.897125	-4.366587	5.096365	0.670676	5.073355	5.872557	1.959314	0.761769	6.187429	-0.927455	-0.303678	0.194894	5.021013
2298	4	0.293559	5.857005	6.359813	-3.958256	9.481826	6.455276	2.647498	-4.867429	6.368971	3.512767	5.948277	2.649248	0.556712	0.357317	9.065421	0.297453	5.857005	6.323735	2.085018	3.697113
2355	4	3.807045	8.132287	1.141245	1.502787	5.713272	3.460658	8.195723	6.495838	-0.799711	5.713415	6.329530	7.176886	-0.666281	7.357973	-0.472122	3.862567	8.120934	1.098700	4.142583	3.035900
3245	4	7.662898	2.908567	-2.243865	4.755247	1.111271	1.943327	7.065061	6.217538	2.731393	3.346774	1.932223	7.065718	6.841921	-2.351392	6.854798	7.504270	2.974953	2.339488	-0.346144	6.854747
3269	4	1.874863	3.043474	5.107118	-3.527836	5.838667	8.385006	-1.758540	-4.818452	6.183965	1.305740	8.385006	-1.758540	-4.305141	1.997302	5.793757	8.311693	-1.748861	1.134282	-1.969500	5.838656
4145	4	6.696591	2.790914	-1.311219	2.855595	6.408175	1.398038	6.677116	7.238129	-3.261128	7.302941	6.696591	2.790914	-1.507130	8.266342	0.939540	2.691428	6.488764	3.670605	7.216150	0.940249
4483	4	6.529360	0.717055	-1.897587	4.647268	3.018730	6.520151	0.728751	1.827185	-0.780060	6.589697	1.776597	5.102257	5.013590	1.184262	3.027076	1.773497	5.102512	5.014955	-4.210610	7.616467
4781	4	1.471260	6.781763	5.812041	4.913496	2.130893	1.396742	6.781763	5.977487	-1.601062	7.079534	6.366355	4.201407	1.141921	9.105522	2.020940	6.366004	4.202526	1.288961	2.604856	6.363517
4832	4	8.385990	1.851413	0.391961	0.119650	6.499132	2.325360	6.325165	4.547089	4.005312	3.575302	8.386549	1.851411	-2.235263	5.706357	3.575189	2.317808	6.325165	6.478580	-4.372794	6.658309
5032	4	2.324249	3.077581	5.254434	0.070348	7.129971	7.903603	-0.393467	1.092777	1.963166	5.342529	8.454629	-0.399115	-1.138438	7.349370	1.283912	4.171075	0.759173	3.000907	6.586780	1.314724
5038	4	3.533320	5.357162	6.397852	1.673542	-1.853349	7.590179	3.536311	-4.531793	5.410229	-1.906587	7.553229	3.553455	1.266908	-0.776838	4.105775	3.531897	5.357244	6.399396	-3.920695	4.198825
5070	4	6.544778	-0.934943	-0.421393	0.914069	6.654953	0.468093	4.983875	5.734403	-1.828624	7.717239	0.522040	4.983765	5.317343	3.668642	2.574892	6.544782	-0.934946	-0.835915	6.311972	2.428638
5147	4	4.746375	4.255923	7.687766	-4.009616	6.660764	6.690298	-1.394214	-1.542771	7.374923	1.028575	6.655627	-1.369445	2.016260	0.930597	6.501101	4.746617	4.255730	6.731160	2.406471	1.924614
5502	4	6.535272	4.097995	-4.997444	7.061545	2.656463	0.265013	7.486263	6.530696	-2.725032	6.259702	6.530546	4.102029	0.732313	0.795048	6.167845	0.265311	7.486263	5.185161	3.471750	2.783212
5776	4	8.178476	2.400274	-5.779528	6.179582	0.025539	2.218184	6.162766	6.809769	2.544348	0.328032	8.175018	2.402141	0.727728	-0.072647	6.556135	2.217493	6.163014	6.994831	-3.595048	6.566642
6261	4	5.206862	2.222904	-6.167468	5.560742	1.040943	-0.066060	6.277460	4.281627	-7.279050	6.763049	5.201645	2.240531	-2.126639	-0.904342	6.758062	0.259095	6.277459	0.420051	5.318435	1.041276
6727	4	0.503499	7.418443	5.258001	-2.557098	6.478341	6.883459	1.103727	0.682844	0.268689	6.476563	2.480745	7.417991	2.565661	4.967823	1.063837	6.898852	1.099343	-3.419640	6.266794	1.063683
6735	4	5.237172	3.048425	-1.197801	7.042575	1.994394	5.234334	3.048425	0.788081	2.884759	7.003675	-1.040224	7.292960	7.416241	-0.762969	7.437067	-0.664603	7.010872	6.378501	3.925540	3.981846
6827	4	1.806093	7.770331	6.865800	-4.321868	6.083681	6.816514	6.204578	-1.355751	5.855790	-0.290085	6.809166	6.209486	2.435674	-1.169378	6.083656	2.410478	7.722968	4.677489	3.658020	0.026358
6937	4	0.036038	4.965178	2.164085	5.991302	0.544495	-0.208877	4.965178	4.852883	-1.435253	5.426470	-0.208813	4.965178	4.478146	1.771707	1.833686	5.701107	3.925954	-0.867525	6.040018	0.544463
7060	4	1.531388	5.809493	2.076839	6.156204	2.005949	6.845005	0.688260	-3.256205	1.525594	6.863990	0.304192	5.810375	8.091501	-2.539477	6.884985	6.845017	0.688260	-3.411335	6.316460	1.954632
7182	4	2.468306	6.132765	7.379309	-1.657324	7.705344	8.319102	1.301714	-2.665701	7.492956	1.583726	8.199104	1.301716	0.844695	1.606311	7.696321	4.489115	4.728494	4.639288	6.035966	1.652825
7214	4	0.746665	9.623124	7.576027	-0.821408	6.298873	0.746665	9.623124	7.573399	2.168681	2.905644	6.456056	6.425397	-1.892722	5.953161	0.636236	1.382550	9.623105	3.178635	5.204168	0.637391
7715	4	5.926274	4.565450	1.901547	0.930781	5.833540	5.948077	4.554462	1.815235	1.393946	5.424382	5.939477	4.558758	1.850108	1.230864	5.582134	5.950568	4.553220	1.804978	1.436949	5.380244
7921	4	7.056997	3.884347	-3.776404	6.294269	2.726744	0.555013	7.289100	7.252306	-2.158933	6.723631	6.282753	4.267715	2.114920	0.484490	6.722750	0.555023	7.289098	6.138683	3.647474	3.199600
8163	4	6.696443	4.372937	-2.868364	7.176652	2.046878	0.759797	6.600330	7.434370	0.050491	8.089995	1.202831	6.599072	4.651152	5.349201	3.716118	6.696421	4.372971	0.767641	2.065077	7.759416
8571	4	1.703498	4.502609	7.347247	2.389150	2.414957	7.624409	-0.656517	-0.519483	7.842527	2.215381	1.703498	4.502609	7.787869	-4.083779	7.410185	2.741883	4.499462	2.319462	6.005229	2.215495
8656	4	2.833503	1.523202	4.977876	5.859803	2.814940	2.831507	1.529158	7.098877	-1.725585	7.010445	6.010027	-0.692259	2.365511	1.692949	6.914877	6.055896	-0.692358	2.350239	7.678469	1.066126
9016	4	6.727820	5.022184	-2.161952	5.147252	1.754495	6.722106	5.029369	0.331688	-1.212751	6.547118	2.174950	7.168053	6.482977	-2.929690	6.547130	2.815834	7.166080	4.718612	3.882028	1.846035
9262	4	6.702840	-1.958400	-2.577328	5.155793	2.602896	5.962737	-0.741121	-0.731927	-0.796509	7.314764	1.683188	1.866221	5.538371	-4.049529	7.324938	1.746059	1.866042	5.393775	1.914960	2.962484
9488	4	5.906021	2.582747	-1.255792	5.750076	2.373888	0.420019	6.626238	4.590706	-2.266410	7.209507	5.896550	2.602054	-0.201581	1.114835	7.200590	0.594128	6.626088	3.656743	4.440247	2.866756
9692	4	1.731296	5.624991	7.003263	0.461427	6.320324	7.218235	-0.658634	-4.339616	6.082265	2.217518	1.826814	5.622015	3.234388	5.007268	2.217575	1.731459	5.624987	6.208588	2.882491	2.561289
