4	2	-3.704932	10.668911	-3.266368	1.070485	-4.562126	5.497371	4.478573	-13.566584	7.959253	6.514413	6.499347	1.425434
5	2	-5.499173	8.166579	-2.330069	1.446828	-11.779316	5.350115	7.093560	-17.611767	6.275276	7.593164	4.756390	1.478096
7	2	-1.400932	9.414619	-3.566477	1.392946	-3.011320	7.267558	7.161332	-16.943515	5.825855	7.315223	6.336008	3.167030
22	2	-5.375454	9.378253	-5.725716	1.011956	-4.250846	6.221977	6.092517	-13.609311	4.621582	6.626340	7.573421	3.278677
30	2	-6.125641	11.908172	-4.955970	-1.375171	-11.478487	7.003359	6.925869	-1.771434	6.757190	4.186415	-4.371906	6.982485
34	2	-4.058377	7.118571	-3.876715	1.122811	-5.584092	5.922595	6.294529	-13.188106	3.983707	5.837832	7.465020	-0.530557
35	2	1.388302	7.309681	-5.449385	1.479681	4.583166	-1.769608	6.883454	-9.894626	6.803164	6.914495	6.893341	-1.769904
40	2	-10.011493	9.268969	-3.195693	0.410807	-4.192551	4.263258	-4.686759	-7.443083	8.558138	6.741295	6.363776	-1.722707
41	2	-2.124969	9.861503	-6.450140	0.648367	-8.833734	6.111967	7.138887	-13.347236	3.214124	6.428049	7.383241	0.488701
42	2	3.910598	-11.453692	6.296167	8.138761	-4.499112	7.317225	-4.433352	8.454478	-3.112592	1.756184	-9.858745	7.336598
47	2	6.268001	-11.273526	6.217272	6.215110	5.889152	-0.299408	-4.208142	8.478385	-2.914761	0.404002	-6.369302	6.014480
49	2	8.624202	-12.834751	4.495725	5.481690	8.721206	-0.753403	-1.226319	7.323992	-5.966672	-0.099841	-3.679868	5.130760
53	2	8.259254	-9.679284	7.086673	4.935259	7.495453	1.586941	-1.237257	8.633015	-5.492672	0.505134	-7.084774	7.244164
58	2	8.584879	-13.999400	8.600633	7.334133	6.561987	1.396059	-2.669312	8.985879	2.247322	1.092056	-6.153999	7.248674
71	2	5.150127	8.143286	-6.366823	0.924135	-8.942299	6.661461	9.022180	-9.754269	2.456230	6.795929	5.297041	0.851683
72	2	-4.094714	10.124535	-5.044729	-1.005068	-11.591516	4.106931	5.126859	-5.746445	5.148615	5.478098	-1.991316	4.100039
77	2	-7.736510	10.734387	-5.964610	0.379224	-4.339221	8.344715	-1.535888	-8.770922	6.320708	5.943131	4.688321	2.962464
79	2	-4.555203	10.588430	-1.157529	0.382955	-4.102585	1.385562	6.362363	-7.484830	7.383554	4.296383	7.397387	-3.599723
88	2	1.558995	3.587350	-4.976988	0.756101	4.042983	-1.945031	4.399573	-7.786498	-1.828124	6.761315	6.476790	-2.504491
99	2	-5.416943	9.505532	-8.579607	-0.570278	-3.315984	2.925984	6.726182	-5.230147	-2.957188	4.915405	6.331573	-3.221304
113	2	-1.695346	-11.416057	6.948223	3.374602	5.702969	-0.171692	-5.623782	5.906690	4.363300	-2.935126	-6.066148	5.528970
114	2	-7.754512	10.007167	-7.918896	2.338484	-1.142612	7.340745	-2.892894	-8.925843	4.851505	8.038266	5.217440	6.217999
116	2	-2.022918	11.090547	-6.171224	0.695193	-5.936844	4.214068	7.481040	-13.489595	5.811280	7.232893	5.682967	-1.644760
117	2	6.421122	-16.779988	6.526170	7.376396	6.544675	-0.721480	-2.950673	4.157496	-2.813135	4.598195	-7.525310	5.892259
122	2	6.419841	-17.307530	6.764322	9.145727	6.978655	0.617215	-3.041520	7.779361	-5.095903	2.817810	-6.057561	6.656886
123	2	-0.802210	8.847784	-2.424442	-1.169762	-7.702841	7.144380	4.995014	-12.602418	7.346517	5.077097	6.432161	0.832262
129	2	-2.763526	10.274305	2.758727	-0.535083	-4.872137	2.255384	6.192866	-5.766266	7.704194	5.374885	6.537662	-4.312163
130	2	-6.665005	9.749201	-4.044859	0.441260	-8.593879	5.501947	0.456764	-3.205551	6.387659	3.728228	5.901070	-0.730503
137	2	-0.884783	5.174158	1.436886	1.470386	-4.337835	6.385101	6.372477	-14.102336	6.073891	6.624040	6.696161	0.481331
138	2	-3.789132	-9.122565	-4.560911	8.028470	6.904276	0.573035	-8.206691	3.998267	-9.525818	6.652012	-5.190587	5.909109
139	2	-1.967308	9.282627	-4.030238	-0.477366	-6.442841	5.667319	7.883530	-9.525334	8.511640	5.878995	7.081700	3.728237
141	2	-4.933604	12.597793	0.567498	1.719351	-5.438571	2.389033	5.435390	-6.408025	7.034733	6.882652	6.839670	-2.643572
142	2	7.921686	-8.131226	7.064711	5.394522	-9.937289	5.989467	-0.852640	5.740035	-1.761468	2.721719	-16.473118	5.989469
144	2	-0.117702	-9.676867	7.353970	5.810602	8.199256	0.350083	6.280728	-14.720534	7.358855	5.810602	8.200710	0.350083
148	2	-2.989657	-10.484886	5.950431	8.722270	6.527671	0.318189	-8.257017	11.343034	-4.793761	4.501441	-3.232585	5.369045
160	2	-2.342582	8.388627	-7.137019	-1.358528	-5.892419	4.200373	6.577185	-9.156000	5.531976	4.966397	6.270258	0.944044
163	2	-8.847797	4.984801	-5.337052	6.159056	5.668008	0.427369	-2.841039	-9.557431	6.115356	9.041785	9.759808	-0.142277
170	2	-2.723890	9.611991	-5.638191	2.432197	-11.422701	8.642464	6.439596	-9.076871	6.772257	9.057520	-5.991752	8.635617
174	2	-6.118311	3.396280	0.876408	0.600903	3.902935	-1.556951	5.797854	-11.239147	6.609236	6.811647	7.320176	-4.223273
176	2	2.004411	9.974838	-5.697547	2.915039	-8.073547	6.420884	6.562447	-7.793413	6.828040	6.721247	5.966666	4.259469
184	2	-3.166276	12.184152	-9.936010	1.577932	-9.852308	8.723635	7.182915	-2.318935	-4.333399	5.439309	7.560152	3.783377
188	2	-6.511165	10.788944	-3.039281	0.997919	-8.689521	6.834821	-6.511165	9.100034	-3.039281	0.997919	1.826155	1.984846
193	2	-0.526674	-8.231062	8.659662	4.319673	8.679291	0.957106	5.557089	-14.480240	8.659662	4.319673	8.679291	0.957106
198	2	-1.767024	-8.452279	6.400411	7.620968	7.723905	2.100642	-7.626965	10.321440	-4.647341	1.436631	-6.612596	7.560026
200	2	9.687339	-11.393175	6.418483	5.547054	5.989571	3.710241	4.222202	7.303045	-5.470317	-0.314927	-5.448171	8.031741
201	2	6.870786	-15.889271	5.578158	6.480967	7.023611	0.970885	-4.261231	9.083040	2.041634	0.290072	-7.815632	7.265817
204	2	-2.806961	-10.963892	5.966685	6.187117	7.399072	1.039952	-6.931418	7.328975	-4.546140	1.515079	-4.885759	7.106555
209	2	1.165743	10.258328	-5.336207	0.860672	-9.914943	6.557922	8.088520	-10.086839	5.334618	6.739601	6.937827	1.029451
229	2	0.718870	6.044401	-4.581232	2.367931	-2.534450	4.087357	4.296326	-19.342063	6.713538	7.228292	7.022869	-2.488427
231	2	-7.951841	9.676080	-4.908059	2.067238	-4.736551	3.059336	-1.793209	-9.054704	6.014118	8.266532	6.960567	-3.534021
237	2	7.068202	-13.731133	7.297852	6.708205	6.221593	-0.799074	-5.094549	10.833647	-3.887844	1.083806	-3.250650	3.139067
238	2	0.963370	10.226533	-4.901010	2.873412	-10.013233	7.401517	5.481309	-8.995650	4.878844	7.823883	6.023837	1.683282
240	2	7.357769	-15.449149	8.719302	7.150747	6.086804	1.315460	-3.082002	8.569526	-3.761589	4.518927	-8.389256	6.329793
245	2	-0.077458	10.121324	-5.546677	2.028167	-4.869479	7.803095	5.779673	-9.165613	-0.388834	7.568938	2.207239	5.283469
247	2	5.478381	-4.599247	-1.773177	4.391379	3.930517	0.021749	-2.798911	10.541467	-7.908403	-2.157417	-8.362437	5.944344
248	2	-2.138450	11.637566	-2.427971	-0.003795	-6.418351	8.478442	4.238444	-9.933206	7.770654	6.408219	5.546972	4.892750
253	2	-2.837726	12.670750	-4.703758	2.327958	-6.224989	4.990632	5.994971	-4.751831	6.761497	8.315540	5.812835	-0.938747
262	2	-8.130359	10.800241	-8.205752	1.665905	-9.953918	7.283710	-1.875574	-6.837590	-1.861596	7.456035	6.529895	1.839721
266	2	7.956598	-16.471477	7.254738	6.223363	7.704412	-0.182468	-4.601248	7.182400	-4.805515	1.528877	1.345916	4.445858
267	2	-4.190705	-9.756011	7.431410	6.350162	6.287193	2.209772	-4.190705	-4.693457	7.431195	6.334038	-3.383692	6.637821
283	2	-3.519380	10.003768	-5.721673	3.688775	-13.489129	6.027226	4.905445	-9.065235	7.079036	8.688898	-7.138034	6.027226
287	2	8.046623	-6.466753	0.649257	7.562535	-7.476957	7.625761	5.963892	5.616071	-8.129873	3.796159	-13.681577	7.627584
289	2	-8.172629	9.447645	-4.688483	0.607893	-3.955368	6.298803	-1.742552	-6.194275	7.477059	5.824007	6.473391	4.431416
290	2	8.638927	-5.430533	-1.912289	3.988437	6.164507	2.198111	-1.219432	8.760643	-7.451636	3.223435	-5.305578	8.793988
294	2	7.446439	-10.925518	-1.308195	6.447844	7.506177	0.423417	-4.612590	3.204028	-4.686976	1.278814	3.694310	3.001448
299	2	-5.312560	10.750374	-3.214710	-1.326445	-7.256763	4.747081	4.545076	-13.172135	8.918665	5.293367	5.242392	-1.779667
306	2	-4.952745	10.106044	-5.000456	1.229877	-3.728535	6.652021	7.094806	-16.434529	6.158835	6.591692	8.527148	2.476872
307	2	5.811976	-14.792945	6.525034	5.497085	5.518607	0.882144	-4.769197	9.968120	-3.827998	0.657346	-6.608296	6.123151
311	2	4.765498	-12.297620	7.932287	7.252932	7.762189	1.221701	-3.134631	7.353320	-4.899599	2.157315	-5.948401	7.470267
314	2	-4.775063	12.453878	-7.026508	0.157062	-15.173726	6.513329	7.347754	-4.352398	5.137021	6.746362	-8.962360	6.512603
322	2	7.007612	-16.726933	6.842107	8.012974	4.772527	3.057719	-5.876908	11.527784	-2.712640	2.511991	-6.868695	5.286057
324	2	5.641250	-7.617899	7.353352	5.938810	3.324264	3.422871	-7.004548	9.382978	-2.810655	-0.396828	-13.625717	5.219416
327	2	6.444771	-12.665694	8.065568	5.845358	5.973807	2.602335	-2.833142	10.361857	-1.558288	-0.529478	-7.276998	8.293520
331	2	-4.613055	11.113711	2.955116	2.757712	-11.221080	6.767162	6.952843	-20.338604	7.399320	7.486200	6.469204	2.590121
335	2	-0.937615	5.140091	-5.119920	0.468526	3.876504	-0.946744	7.265718	-16.030418	6.098341	6.068212	6.901757	-0.946849
339	2	-3.907412	9.899211	-6.387436	-1.096955	-9.409638	6.131890	7.409203	-8.057973	6.862980	4.676211	4.326629	2.765710
343	2	5.465852	-16.216973	6.323199	8.640130	6.216771	2.120713	-4.532779	8.621473	-5.564000	5.615738	-0.433338	4.543357
350	2	5.629362	-16.987532	8.778620	6.135272	4.455380	5.366072	-2.980081	3.110591	0.019378	2.713699	-8.168777	6.414532
362	2	-3.267307	-4.105917	2.394856	8.389936	5.569724	3.361247	-5.773947	11.406470	-1.414405	3.727247	-5.160317	4.586213
363	2	-4.567915	10.305674	-8.322678	0.274334	-5.032361	3.321544	7.582505	-5.858119	-2.427050	6.739209	5.047205	-3.073539
366	2	7.127353	-7.160529	-4.289253	5.569577	7.209668	-4.273331	-4.355794	9.528715	-9.946955	-0.657791	-3.958403	1.769791
368	2	6.466918	-9.480689	6.395387	5.971514	3.712977	1.936575	-4.492731	11.004033	-5.253348	0.127008	-11.256428	6.779297
371	2	9.483356	-14.433759	7.971847	6.537265	6.370720	1.705147	9.483356	-10.380655	7.971847	6.536912	-1.566641	5.961815
373	2	-0.084923	10.657544	-2.913827	0.128933	-4.310111	2.767021	6.766334	-6.024175	7.497013	6.592752	6.152333	-1.364492
382	2	5.872636	-16.564900	7.639527	6.158533	5.537415	-0.983470	-1.961957	7.595179	-2.515673	0.152889	-5.234164	5.384607
384	2	-5.324237	12.510378	-6.498507	1.651620	-3.325174	4.145444	6.701809	-4.847347	6.211027	8.101916	7.247957	-1.341305
387	2	0.844738	-11.766017	8.083164	6.573254	2.003851	5.946971	-4.408994	4.369718	-1.529651	1.060046	-5.428933	6.661780
389	2	5.059597	-16.137801	6.168680	6.799532	6.827629	-3.448324	5.059597	-11.730881	0.444686	6.799532	6.827629	-3.448324
398	2	7.327598	-12.275863	1.955145	6.071107	6.609303	2.832176	7.327598	-12.526601	7.371717	6.071123	6.609303	2.832176
400	2	3.184890	-12.053835	6.530350	6.845292	7.540014	-0.865505	-7.831242	6.361648	-2.830751	1.500787	2.345799	-0.858574
415	2	-1.296857	10.896460	-3.697023	-0.718467	-11.342782	7.328031	7.421472	-12.600650	7.632710	5.553755	6.131798	0.983027
420	2	8.062217	-17.026905	7.122811	8.820561	6.180973	2.246349	-2.259297	7.341129	-3.146854	8.560342	-4.415379	5.447456
421	2	-3.529193	9.363439	-4.124552	1.415279	-2.871148	6.492867	8.225314	-17.146758	5.316727	6.755598	6.445654	3.015380
442	2	-3.073931	11.940351	-4.884800	-1.287049	-8.574859	6.781322	5.220588	-8.770353	7.015854	4.888082	5.878318	0.733869
444	2	-5.571498	11.414491	-7.317421	1.415307	-3.170265	2.136999	6.101761	-9.706974	-1.432052	7.297016	7.813685	-0.636627
446	2	5.501595	-21.525986	5.575755	6.519143	6.463711	0.489627	0.845057	-15.926024	5.575755	6.519135	6.463703	0.489627
450	2	-2.259558	10.243393	-2.256385	1.279003	-6.237576	5.738475	7.240755	-12.488581	6.703603	7.557931	6.752265	0.806187
458	2	5.852046	-14.748829	8.634289	8.457985	-5.498938	7.997411	5.852046	-20.717300	8.634302	8.459036	5.129458	2.323041
462	2	9.146357	-15.907883	8.862052	5.688785	9.380336	-0.546992	-2.503347	4.031659	-2.112804	1.900926	4.411810	-0.540847
464	2	-8.329993	9.657769	1.239861	0.439526	-4.502806	8.122885	-8.329993	9.824334	-4.928003	0.439526	-4.502806	8.122885
467	2	-3.801877	8.605708	-2.948789	1.856751	-6.341205	6.318042	7.643420	-16.042113	6.223169	6.834400	5.899300	0.108703
472	2	-1.154529	9.114878	-3.823901	2.702067	-12.537010	7.912886	8.338064	-6.342561	7.211726	4.080902	-7.018225	7.912582
474	2	-5.288075	9.704908	-6.715877	-0.134327	-11.346258	9.507192	6.944243	-8.451336	5.742749	5.977885	-6.212315	9.506776
479	2	8.814765	-10.024904	7.611519	5.060551	7.824764	0.188706	0.106502	5.711977	-5.511398	-0.525184	3.096170	0.834162
480	2	-8.637335	9.994971	-4.829631	0.260908	-8.508388	9.461344	-0.925713	-7.119616	7.817267	6.357415	5.317591	3.225827
484	2	-6.877370	11.197775	-0.139165	0.918048	-2.457032	4.720931	4.380317	-12.200074	6.646933	7.194085	5.285960	0.686354
487	2	-6.769025	9.369701	-3.355365	-0.683289	-8.983994	6.279789	-1.567144	-6.934533	6.636542	5.827880	6.941138	1.814062
492	2	-4.792407	10.377049	-8.130737	-1.286590	-2.450745	4.924606	6.632897	-4.077075	-1.629668	4.499440	5.708290	-1.550174
496	2	6.839100	-16.376035	7.269939	5.213444	-7.448602	6.219962	6.839100	-18.556296	7.269939	5.213444	2.561475	-0.014294
509	2	-4.536492	10.568169	-7.593415	3.104760	-4.552780	5.256237	7.524422	-12.690341	4.922264	6.703520	7.263940	0.608712
510	2	7.660968	-15.980018	4.992863	6.061969	8.519044	-3.628382	-4.946149	6.682573	-3.718133	0.920057	-4.327143	2.943412
515	2	6.941846	-18.320991	1.418706	5.838330	6.592241	1.135038	-3.015849	5.071399	-8.325200	2.678596	-9.829195	7.377367
519	2	-5.878139	10.868604	-5.231514	-1.998046	-7.648653	6.314047	6.107870	-9.238164	6.417473	4.634168	7.042390	1.498342
525	2	-5.986135	10.061844	-4.530271	2.740448	-4.006590	1.046500	5.895882	-7.040254	0.552379	7.195285	6.767468	-5.320809
530	2	-5.416622	7.687740	-1.790978	1.548393	-5.793253	6.113624	-0.432470	-10.703765	7.794972	7.044298	7.437512	-0.331065
536	2	6.563999	-20.446200	7.757813	7.964495	5.381819	1.125240	1.171448	3.994662	-3.023057	4.010962	-5.742681	7.443798
539	2	8.192740	-14.178799	6.779943	6.828095	4.138245	5.446726	-3.909304	6.650471	-5.381211	2.235349	-5.935344	6.896915
540	2	-5.080880	10.490896	-1.369300	-0.087038	-3.648932	2.621925	6.982643	-8.769678	8.536433	6.231803	6.562997	-3.160459
543	2	6.960475	-17.841498	5.772006	8.400309	5.255485	1.652697	-2.435811	9.265631	-4.641902	2.927333	-4.869588	5.488671
544	2	9.356816	-15.255407	6.654804	9.031133	6.391257	1.650274	9.356816	-10.471610	6.654804	9.030618	-4.149458	7.570412
553	2	7.020430	-12.165085	8.162296	5.979157	6.977499	-2.043713	-4.193317	11.115640	-3.438844	0.423688	-3.426287	3.754657
554	2	-9.356694	10.253328	-4.625310	2.178102	-7.408357	5.040316	-3.829293	-2.622897	5.035412	7.437861	5.804514	-0.579204
561	2	-3.649369	9.740969	-4.531431	0.836492	-5.403868	7.016268	5.884772	-12.243218	5.742030	4.870752	6.827313	0.786727
563	2	7.978859	-18.563497	6.637911	8.926645	5.700780	3.017661	7.978859	-13.357042	6.637910	8.926451	-4.623076	6.727322
567	2	-0.328157	-5.517697	5.282484	2.857185	8.512463	2.013164	-1.756704	11.786776	-5.218547	-2.235496	-6.808699	5.458657
572	2	-2.982194	9.432228	-5.308283	-1.206087	-7.573390	8.253300	6.903842	-5.453930	3.873916	4.073850	4.892737	1.962662
577	2	-1.859284	11.091856	-4.277819	1.701167	-9.257708	9.383140	6.803939	-7.297850	8.260728	8.153391	-5.028547	9.372001
581	2	-1.734720	8.230096	-5.238078	0.126479	-14.740204	6.159998	7.113757	-10.128947	6.558130	6.337914	-8.999669	6.159998
588	2	-8.159811	9.959497	-5.032463	1.285785	-7.633183	5.391868	-2.087321	-8.561462	6.231568	6.132911	5.808608	1.089754
589	2	6.909763	-14.482865	6.898967	7.271633	7.695036	-1.657661	-0.948349	6.303209	-4.969036	1.044126	-0.627179	4.669959
595	2	-4.196350	11.487128	-1.669474	0.292197	-10.303565	8.642514	7.968700	-6.211563	6.852564	6.242937	5.861912	2.045074
596	2	-4.496629	-3.140066	-2.795640	7.247081	7.331424	-3.751475	-10.142732	7.969789	-8.730930	1.648124	5.015691	-3.749124
602	2	-6.101167	12.328308	-1.254806	1.065408	-7.716029	7.149540	6.185169	-12.509610	6.066139	4.563036	4.812664	1.613668
603	2	5.970218	-17.743706	7.981325	8.234239	8.493730	0.849888	-5.551028	9.731230	2.097170	3.106113	-4.677043	6.029363
608	2	-7.459445	10.665706	-5.554620	1.016904	-6.359696	6.218878	3.537535	-7.785915	7.013926	6.885518	-0.125694	6.208414
610	2	6.167938	-11.771474	4.981859	1.997091	7.251098	1.277225	-1.204501	7.466274	-4.986612	-3.914766	-4.835066	7.007481
613	2	7.370346	-20.812857	5.879952	6.672484	6.516186	0.573956	-0.304476	4.260550	-3.266066	3.761390	5.426455	0.998783
617	2	-3.905580	3.229442	6.113508	0.692971	-4.649785	5.986623	6.702523	-19.746416	6.969934	7.003197	6.866390	1.230728
631	2	7.230009	-14.763702	-0.018454	7.235447	6.341250	0.867206	7.230009	-16.590573	6.543682	7.235447	6.341271	0.867205
633	2	-5.379639	2.921791	-0.123192	4.518789	5.060545	-1.311488	6.222743	-17.220199	6.612491	7.996027	7.292222	-1.311600
634	2	8.234629	-18.966166	7.364147	7.677871	3.232253	2.992030	-2.739585	4.129411	-1.409042	3.380972	-10.134746	8.879192
635	2	-2.413734	9.756730	-3.506090	-5.328651	-4.963964	2.374843	6.293280	-2.043667	6.705771	0.483658	6.800150	-2.668574
638	2	7.427338	-11.403878	8.408385	6.719224	7.217756	0.959594	-1.629373	10.523774	-2.634197	0.578802	-1.673782	5.656668
641	2	5.434514	-13.958488	6.557392	7.534590	7.051887	0.493314	-4.970038	9.752847	-4.949056	1.762242	-7.709992	7.009864
645	2	1.771065	-7.316010	8.022315	5.881692	6.739747	0.179904	-8.575557	9.857608	-4.076629	0.550999	-7.832207	6.575441
648	2	-0.399603	7.896176	-6.758439	3.323099	-10.117825	6.381384	4.126708	-8.228106	5.482121	8.173972	5.855433	2.721410
655	2	6.591529	-17.792750	5.661129	5.504584	8.345935	-1.243609	-6.260492	3.586828	-1.673346	-0.346280	6.168348	-1.243609
656	2	5.851633	-8.044702	8.174707	6.987884	-4.463191	7.441773	-6.258656	7.060893	-1.556123	5.071300	-9.475925	7.456138
660	2	-5.879045	9.117390	-6.158975	-1.257791	-8.593452	7.136171	6.384724	-12.266031	6.864765	1.582571	5.866192	1.568196
664	2	8.581112	-12.192026	7.102230	6.324729	-7.774007	6.885817	3.545626	5.264902	-3.193241	1.305784	-10.524810	6.885817
668	2	-3.707695	8.868065	-2.178676	-0.957156	-5.810193	7.648897	6.412361	-14.037145	6.415110	4.420315	7.238357	3.460405
673	2	-3.515952	10.805412	-4.781582	-1.901914	-5.805927	9.218662	6.467073	-9.677504	7.505347	3.824134	6.625370	3.584689
677	2	-8.401076	9.593516	-3.564362	1.805291	-4.940109	5.990741	-3.460711	-10.026341	8.366340	6.347195	7.876425	0.947675
681	2	6.460737	-13.204922	-0.611796	6.243204	7.584736	0.146645	-4.703367	10.226316	-5.806159	0.530778	-2.740833	3.041110
687	2	-4.594439	8.300838	-4.207705	2.215930	-1.474007	4.224722	6.674228	-10.309239	0.804167	8.484672	8.038151	0.248753
688	2	5.138307	-10.613130	6.687754	6.025154	-4.091725	6.321316	5.138307	-14.868280	6.687755	6.025154	5.691407	0.047053
690	2	-7.044156	7.329802	-7.042091	0.759995	-9.065920	6.757086	-0.829629	-7.162146	-1.195278	7.280362	6.296163	0.334616
693	2	-9.664625	10.673053	0.494246	-1.596283	-10.216493	6.238277	-9.664625	10.673665	-4.229727	-1.596283	-10.216493	6.238277
694	2	-5.339143	10.602245	-9.484067	1.809103	-7.040698	6.747710	6.395267	-11.523649	-3.166993	6.029781	6.639853	4.359384
696	2	-7.865366	10.256760	0.749330	0.629535	-7.529584	6.846904	-2.333321	-5.604938	7.880264	6.673864	5.388429	2.089389
700	2	-3.457398	12.278603	-0.822045	-2.440438	-15.117132	8.664643	8.710630	-7.009878	7.073098	3.741098	4.160526	2.318044
710	2	1.275433	11.632250	-2.570743	-0.899630	-7.173533	3.240916	8.375871	-4.110369	6.552495	5.183599	5.380167	-2.900487
711	2	-9.481872	11.721475	-3.092382	-2.949779	-14.446215	8.726323	-3.204540	-4.708219	7.837267	2.026746	4.592187	3.961688
720	2	-4.920743	9.191481	-10.021934	1.679809	-8.710336	6.870921	7.425021	-8.940455	-3.392707	7.864757	6.631291	2.938290
722	2	-4.291388	9.325078	-4.816761	0.805136	-9.307094	7.559429	1.944685	-4.186329	-0.942393	3.570218	4.432681	3.072482
725	2	-2.792575	10.818466	-5.382850	4.971748	-6.095266	7.975649	6.598102	-8.094379	6.057768	8.972718	8.681818	4.065967
726	2	-7.181568	12.472985	-7.071879	0.948429	-11.415246	6.956313	-0.759231	-4.336700	3.756159	7.414773	3.650231	1.476514
728	2	7.737100	-15.282007	6.135728	8.213079	5.715666	2.572937	-3.028364	9.493227	-0.227222	3.325827	-7.471216	6.725851
731	2	4.622341	-11.755568	6.246144	6.065713	9.598033	-0.544379	-5.764746	8.752229	-5.218111	-0.372992	-5.643308	5.517908
734	2	7.685233	-17.495080	7.370749	6.726787	6.529164	0.713907	1.308725	8.337764	-4.150370	0.688831	1.008439	6.150867
736	2	-4.227568	10.508034	-5.787644	3.179192	-7.409443	8.749572	6.761458	-11.923882	6.443879	8.752855	-2.556676	8.564300
737	2	-4.919572	10.049644	-3.455199	0.978719	-2.746145	5.362681	7.243728	-17.720577	8.674053	7.260522	6.994316	1.799280
738	2	7.745925	-12.231455	1.308291	6.914557	5.644737	-0.152615	7.745925	-16.834093	5.668923	6.914557	5.644877	-0.152615
744	2	-2.667405	9.773401	-7.065345	2.185569	-8.988536	6.791882	6.382010	-8.357889	-1.006146	7.204326	5.160958	4.980578
750	2	-0.818352	8.919450	-5.729712	0.065296	-9.686900	5.401034	8.338637	-6.611711	6.784616	6.317212	-4.079944	5.380912
764	2	7.406651	-11.721416	8.357507	4.373439	7.371785	-1.151330	-3.401638	7.872158	0.935793	0.293342	-5.777851	4.902613
770	2	-2.393198	12.706356	-1.057772	-1.677907	-5.533737	7.436686	7.128611	-4.881918	6.681646	4.794662	8.791397	1.296656
779	2	-3.899047	9.459009	0.105935	1.518054	-8.207201	6.163062	5.837924	-14.095157	6.864374	6.827490	4.877252	3.012275
780	2	-4.304260	9.486955	-5.779534	2.166292	-6.415010	5.840858	6.764072	-14.871965	5.881950	7.436770	6.322742	-0.196936
784	2	-4.421656	9.972906	-2.662277	0.835774	-11.998687	6.766005	7.185120	-9.948363	6.328846	7.123938	-4.813344	6.766005
786	2	-3.554987	8.907698	-4.814465	1.439509	-6.329928	6.821628	8.870798	-17.452482	7.111008	7.212264	4.589910	2.891750
789	2	7.160912	-14.367734	6.572606	3.536700	7.274736	-1.529386	-2.096312	8.563873	-5.338048	-2.483351	-3.330717	2.725477
792	2	-3.524388	8.312616	-4.846166	0.379393	-6.287894	4.845528	7.235733	-12.326932	5.863997	6.654872	5.733917	1.991225
796	2	-4.827915	8.333032	-5.120491	1.342441	-6.911442	4.785917	6.779236	-18.349692	7.559093	6.176239	6.246129	1.409848
799	2	-6.314639	9.925011	-2.607541	2.647307	-8.794684	8.007178	4.777987	-6.181010	6.329823	7.830966	-7.021356	8.007170
800	2	6.402620	-8.120740	7.714923	4.969149	6.286522	-1.841757	-3.238019	7.681016	1.957185	-1.396562	-5.798162	3.873436
805	2	5.458463	-11.486393	7.740264	9.007047	5.612405	-0.629813	-2.827372	6.880438	-3.022684	3.724443	-5.474090	5.785700
811	2	-6.947563	9.426572	-1.611816	0.518952	-8.028528	6.238933	4.390718	-7.578753	5.031276	3.480743	6.715380	-0.232602
816	2	8.338018	-11.880616	6.328904	5.703298	5.101718	-0.600461	-1.468924	11.122805	-3.517915	-0.461618	-5.881046	0.337181
817	2	-3.002807	10.174986	-2.446252	0.001939	-7.738458	5.199700	5.340330	-6.216785	4.356031	4.425959	6.357912	-0.623987
826	2	-5.849009	11.145159	-5.636128	2.775383	-7.820498	6.338867	6.822947	-4.188291	7.247315	7.837469	-4.613950	6.307148
839	2	-2.099593	9.078615	3.402842	1.010833	-11.597471	4.816753	7.471906	-5.477559	7.443595	7.597704	6.413812	0.823890
841	2	-5.566243	9.681153	-3.760972	0.504933	-12.920515	6.966784	6.110813	-7.764281	5.666509	5.766927	-7.299960	6.966784
844	2	-5.354737	10.562420	-6.164428	1.880872	-11.192769	4.450595	3.842967	-11.569242	-1.250142	7.037664	4.731203	1.069845
850	2	4.011603	-3.649385	6.133005	5.723318	5.477836	-1.823593	2.702082	10.347027	-3.832765	0.217627	-6.145670	4.282354
851	2	-5.208522	9.528624	-6.596911	1.163871	-9.701347	8.414647	7.382243	-5.579006	3.426824	7.307230	6.587196	3.718277
855	2	-0.601401	9.691342	-4.670004	1.739998	-4.196849	5.409148	7.495354	-14.886694	4.280984	7.166661	5.581243	-0.646801
858	2	-6.317958	2.734802	7.255215	-1.871569	-8.451060	7.328141	-1.097886	-9.281602	8.993602	4.230899	-2.689079	7.328112
864	2	-7.365873	10.526792	-5.704066	1.859589	-4.123154	7.128455	5.016018	-3.628546	6.557390	6.327106	5.405389	5.362541
869	2	-5.455319	11.671116	-1.929259	0.938886	-10.517933	6.205660	6.751534	-12.958783	6.063175	6.667269	4.551329	0.177343
876	2	5.006759	-8.676281	8.793365	6.872458	6.900510	0.592451	-1.286439	11.675247	-0.498559	0.518392	-0.015125	6.628453
879	2	-2.395312	8.817174	-3.561910	-2.128681	-6.766919	5.933003	7.323717	-5.874966	8.975720	4.483146	8.210715	-0.382330
880	2	-10.995979	8.517039	-1.018054	-3.213904	3.435806	1.157633	-5.116855	-1.517388	5.374997	1.438827	5.582947	0.402943
882	2	6.385443	-16.052307	5.202868	8.479343	5.278662	0.092057	1.149758	6.652081	-6.241984	3.697647	-4.904546	5.965311
891	2	8.035910	-8.067193	8.157282	3.388525	-8.424931	6.711421	-3.861370	6.555684	-2.244572	-1.852292	-14.943569	6.711421
897	2	9.205846	-6.653696	3.902479	6.314014	7.259284	-2.853643	-0.065307	11.053099	-6.779793	0.035231	-6.414405	3.344365
904	2	-4.205419	7.043678	-3.775707	4.447647	2.071322	6.695418	5.810305	-10.229784	3.632011	9.405624	3.628760	5.578459
909	2	5.552530	-14.721015	4.769702	3.042686	6.249519	-2.110376	-5.093003	8.983731	-3.133171	-0.365253	-6.950285	3.841630
917	2	6.088121	-11.113864	8.449565	7.475733	-6.460516	5.737093	-3.720156	9.330406	-4.157170	4.613799	-12.058305	5.737102
920	2	-4.493495	9.612884	-8.445482	2.634640	-8.606579	6.912618	4.354686	-4.705924	-2.995489	4.573772	6.856382	2.904602
922	2	8.295545	-9.125985	-1.058131	6.100228	6.252919	-4.639158	2.324745	7.826885	-7.159808	2.703368	2.307433	-2.974752
929	2	-4.788532	8.704771	-1.757216	3.603668	1.931625	1.176767	-4.788532	9.099337	-1.757216	3.594555	-4.130958	4.802996
933	2	5.584855	-14.810516	6.525183	6.765152	6.713902	2.145390	-2.945544	10.349116	-6.181315	0.515307	-7.200765	7.004820
935	2	-4.238763	11.463905	-9.341288	3.292357	-7.054813	5.068334	7.074924	-13.944714	2.855787	8.363597	4.296905	0.275184
938	2	7.744860	-13.730632	6.800387	5.603154	9.240445	0.818871	-0.292463	4.067839	0.360773	2.147330	4.159173	0.818872
942	2	-6.236957	12.985044	-2.346727	1.621846	-14.789690	7.043650	6.938539	-3.230997	7.135610	6.554746	-9.398702	7.043649
946	2	-6.755382	4.346983	4.764053	7.366797	-7.922234	4.521070	5.993859	-12.725825	9.312603	9.251296	6.352564	-1.940189
950	2	6.989101	-15.821490	8.616453	6.379799	7.555148	2.417573	-3.634118	9.527978	-2.549370	1.577620	-5.066335	6.690385
956	2	7.518236	-8.433010	6.618645	5.474023	6.122895	-3.262484	-1.522978	10.241159	-3.355784	-1.085728	-6.538934	2.856650
959	2	8.885040	-20.466421	7.382683	8.062964	6.949092	-1.042447	-2.891268	2.177387	-1.330115	5.808529	-1.805428	5.388371
961	2	7.819943	-13.122650	6.457518	6.524225	-2.847009	5.406517	7.819943	-18.820819	6.457585	6.524225	5.548732	-0.982575
962	2	4.571850	-10.949211	7.319023	7.235117	6.850141	-0.321885	-5.111030	8.558303	1.236931	4.301513	-5.245747	5.374453
963	2	-8.556660	10.730289	-5.286838	-1.221805	-2.527907	2.635162	-8.555869	5.629505	-5.283778	0.195840	2.974238	-2.055288
967	2	-6.235135	12.124295	-5.415526	1.061605	-9.588991	8.054632	6.285046	-5.698629	6.491574	5.913814	-4.723350	8.054411
968	2	-5.133431	11.752590	-5.330774	2.152083	-6.920932	3.084390	-1.144963	-7.602201	5.453742	6.027359	6.965448	-2.032982
971	2	3.138685	9.180362	-3.863418	0.364324	-3.607413	4.920963	5.184636	-4.832897	6.794858	5.260726	6.342720	-1.716739
975	2	8.512720	-12.582259	8.383772	6.407684	6.038389	-0.321709	-3.118418	9.824959	0.838489	0.528398	-0.082877	5.698854
980	2	6.691698	-12.744921	6.403700	8.261103	0.053337	7.533266	-3.357254	10.283563	-3.181341	3.843709	-9.369890	7.937992
983	2	7.406157	-15.548160	7.586163	3.916240	5.450982	2.215443	-4.755970	10.937562	-2.287329	-2.465952	-8.796258	6.284644
986	2	-1.705274	11.196228	-5.493687	3.686500	-6.124872	3.428873	7.534210	-0.176576	5.773247	8.217194	-0.698448	3.428185
989	2	9.088796	-11.086788	6.032765	6.308022	-3.510780	6.519716	1.528473	10.790713	-0.548531	-0.043263	-9.619068	6.573587
