3	2	2.680094	9.322817	2.264824	6.481634	-3.495713	7.790316	-13.484317	8.351685	6.481634	6.931972
5	2	-0.639454	6.544924	1.060536	6.618607	-2.666323	5.863460	-8.616795	7.118064	6.618607	5.770605
7	2	1.600199	5.274389	2.087177	6.177305	-5.383826	6.637663	-11.599329	6.701791	6.177305	6.003832
11	2	5.577778	-4.282995	8.457274	7.144175	7.861611	-0.593766	10.265791	2.738480	7.144175	-4.970287
14	2	0.836787	-2.723297	4.988006	4.820160	3.816201	-3.296359	6.965643	0.357712	4.820160	-7.486686
15	2	7.989677	-13.054871	7.051304	6.599092	8.647436	3.541363	5.676140	1.661936	6.599092	2.253568
16	2	-0.166255	8.796601	2.125455	5.493072	-1.876955	6.091909	-5.486203	7.034314	5.493072	7.090056
17	2	-0.000003	10.162061	-1.027176	4.138495	-3.888993	5.881271	-5.753856	5.218282	4.138495	7.333288
18	2	6.874933	-3.226281	6.136083	6.336297	-2.162082	2.209023	6.779833	2.006210	6.336297	-6.881292
21	2	5.255346	-6.599930	7.433568	6.005470	8.203341	1.150936	5.986541	2.255490	6.005470	7.111306
22	2	4.324166	-7.069561	9.205034	6.069672	-1.997334	-0.235344	5.755397	3.289276	6.069672	-7.788485
23	2	2.279125	-5.355320	6.283671	5.173013	7.309604	-4.036535	8.444073	2.875586	5.173013	-2.817034
26	2	6.248938	-4.148591	4.507009	4.497768	5.325021	0.814275	10.175005	-1.693490	4.497768	-7.515991
27	2	5.886712	-13.990972	5.970176	6.775675	7.736766	-0.526937	5.658275	1.265057	6.775675	-1.543887
28	2	8.769271	-4.457857	9.438121	6.856408	-0.860145	3.957505	8.910660	3.587123	6.856408	-2.660974
30	2	0.368433	6.252785	0.722601	6.667460	-9.189903	6.660106	-3.977300	5.656608	6.667460	-1.088644
31	2	2.396775	8.274275	-0.163556	6.216976	-4.238753	6.030302	-8.107625	5.981145	6.216976	8.091123
32	2	8.177105	-10.752745	7.024147	1.641244	7.509129	2.160784	9.337650	4.093209	1.641244	-4.907886
33	2	4.854819	5.403865	3.885988	6.985864	-4.298841	7.475321	-6.048478	6.506739	6.985864	6.327541
34	2	3.258091	-9.815615	4.265360	2.923256	6.769474	-2.487201	8.200558	-2.016949	2.923256	-4.997401
36	2	3.755869	-1.778509	7.615940	7.422017	-0.064474	3.755900	-8.864973	8.973433	7.422017	6.522101
37	2	2.587139	9.218038	1.633358	6.075626	-3.999870	8.522164	-8.553109	6.133998	6.075626	8.738545
38	2	6.510608	-5.950313	3.334800	6.061668	6.738939	1.383639	11.155132	-3.063261	6.061668	-4.661305
40	2	4.725471	-2.824571	6.492146	3.750904	9.333263	-0.718479	11.944423	0.758158	3.750904	-1.821112
43	2	0.910092	9.096109	-0.137728	6.528852	1.748440	5.871223	-2.957255	4.109625	6.528852	7.638782
44	2	1.017962	6.652526	1.964436	1.927373	-9.570700	6.242996	-7.756648	7.497254	1.927373	2.816579
46	2	4.007774	-8.234794	3.391406	6.447467	8.186257	-1.618037	2.590632	-2.463317	6.447467	-0.993297
48	2	6.833492	-8.563362	7.869867	3.521271	6.053017	1.247961	6.311552	6.205065	3.521271	2.714021
49	2	4.750105	-10.695050	7.127198	7.152936	6.502499	-1.674793	6.278691	2.041543	7.152936	-3.616023
51	2	-0.142624	9.113456	0.715461	4.431652	-3.404548	6.370662	-2.570325	6.971983	4.431652	5.929376
54	2	-0.206624	9.835778	-1.815741	5.716054	-5.334034	6.360777	-4.583452	2.669859	5.716054	6.982727
55	2	3.765493	7.456724	-2.668518	3.947833	0.093601	6.264528	-6.148306	3.541790	3.947833	5.910786
57	2	5.642450	-8.688193	7.807346	5.190495	5.630429	1.488927	7.209216	2.713786	5.190495	-6.635350
58	2	0.653211	9.393688	0.055339	6.459912	-6.344581	6.889564	-6.948891	6.504223	6.459912	6.256024
61	2	6.434554	-12.995505	6.011924	9.291486	9.442854	2.032578	5.687493	0.243361	9.291486	-3.158290
62	2	7.827019	-8.866920	7.120773	6.825169	7.175940	1.964643	8.530021	0.656633	6.825169	-5.782299
64	2	1.489713	4.601582	2.158905	6.330735	3.778748	7.099884	-8.796172	5.621750	6.330735	4.700856
65	2	-0.350158	9.014294	2.232834	6.886043	-7.432767	4.767241	-2.487311	6.041850	6.886043	4.557014
66	2	2.645596	7.038959	1.176832	7.950390	-1.737394	6.501399	-10.976339	5.270346	7.950390	5.940780
68	2	6.317430	-13.792079	4.532431	8.448805	8.362611	0.233717	2.455539	1.988031	8.448805	6.844435
69	2	4.933527	-14.441182	6.930769	5.370817	6.424971	-0.032187	8.004898	1.766799	5.370817	0.700890
71	2	6.892245	-10.540003	6.641656	5.232765	5.969539	0.386862	9.976127	2.306524	5.232765	-4.128300
72	2	1.733549	7.765671	0.412628	6.113998	-5.875750	6.842780	-7.159569	4.861447	6.113998	6.782885
75	2	-1.810181	8.736225	1.589753	6.291496	-3.964590	4.453723	-6.529457	7.775193	6.291496	4.821846
76	2	0.831315	8.810477	3.112406	6.575695	-9.365767	6.849481	-3.591400	7.947463	6.575695	-3.458504
80	2	6.832479	-6.073115	4.087756	9.202762	6.592987	1.160038	8.193465	-1.729400	9.202762	-5.638607
81	2	2.314072	10.813039	-1.796096	5.900464	-1.982301	7.350214	-2.528030	3.860234	5.900464	4.889904
84	2	5.307921	-5.807768	6.554823	5.297493	6.983018	-0.650628	9.803674	0.701209	5.297493	-1.533607
85	2	2.052026	7.806379	5.989587	7.103288	-3.458272	6.505618	-9.841745	7.194087	7.103288	7.321362
86	2	6.635092	-9.760752	8.050264	5.983897	6.429623	0.103909	5.149891	1.512527	5.983897	-4.491487
92	2	4.334451	-5.076333	8.636699	6.763957	7.600809	-2.141735	4.860588	4.222396	6.763957	-1.923269
93	2	-3.734468	9.482664	0.496171	6.318410	-2.766471	2.776465	-8.736220	5.855221	6.318410	6.459757
95	2	5.121232	7.397393	4.327876	6.222921	-7.118315	6.537780	-4.632323	7.895002	6.222921	-1.927690
99	2	4.573520	-7.930973	9.702793	4.934691	7.134888	-0.150216	6.158164	9.025317	4.934691	-1.057659
102	2	7.087267	-10.131862	9.302168	7.787438	5.343524	1.177201	5.688684	3.342180	7.787438	1.198087
103	2	5.244356	-7.292904	6.459390	7.864963	8.240100	2.425972	6.508750	-0.171304	7.864963	-3.842595
108	2	4.625223	3.264907	3.924286	7.520435	-6.662003	7.323293	-5.102980	6.115241	7.520435	-1.833838
111	2	0.333556	9.386837	0.653721	5.515690	-3.426814	6.875669	-11.363484	6.316617	5.515690	6.375597
112	2	2.819821	8.526568	-0.053027	7.838396	-2.733535	5.942079	-5.052679	5.182161	7.838396	6.145946
115	2	7.566647	-15.238563	5.531187	7.442135	7.493896	2.593232	2.835900	1.169910	7.442135	-3.429568
117	2	3.307733	7.577031	0.261610	7.773477	-3.052479	7.172374	-6.443115	5.413370	7.773477	4.976513
118	2	7.879577	-13.846735	6.610917	6.866023	-0.466921	7.879577	-18.779975	6.610917	6.866023	5.851833
119	2	7.022230	-13.112752	8.907020	8.359341	8.809003	0.945042	5.770232	3.427932	8.359341	-2.325771
120	2	0.153143	9.682142	2.600105	1.749004	-4.335508	1.446365	-2.794284	8.025602	1.749004	6.160543
121	2	-3.007832	8.420068	2.065680	5.638974	-3.369276	2.468127	-6.841001	8.026281	5.638974	5.155923
122	2	-0.936491	10.124696	-0.373340	3.566053	-5.120200	5.258159	-5.031974	5.427301	3.566053	6.322104
123	2	5.901207	-12.116204	6.767970	7.109918	5.574213	5.901207	-7.711533	6.767969	7.109918	0.378026
124	2	5.674208	-12.953177	7.186112	7.614846	6.833510	2.472492	4.526221	1.890400	7.614846	-5.091985
125	2	0.622883	5.344869	1.377446	3.431429	-6.847195	6.645160	-10.044153	5.823346	3.431429	5.812687
127	2	-0.108863	10.873243	1.097746	5.201615	-1.468842	4.685321	-3.924616	6.653434	5.201615	7.299813
128	2	7.891665	-9.930847	8.204721	4.149392	0.546610	7.892418	-15.606990	8.204721	4.149392	6.392261
129	2	6.883236	-7.468744	6.071131	5.691422	4.998479	1.358745	6.639505	3.580047	5.691422	-3.955999
130	2	5.819153	-11.915746	8.489754	4.301159	8.211750	2.105792	8.461390	4.637296	4.301159	0.271833
131	2	5.223739	-5.919900	5.790245	6.462357	5.391599	1.749784	5.193553	-0.219967	6.462357	4.182438
135	2	5.520566	-6.067774	8.272864	7.152052	0.588367	5.520566	-8.848271	8.272864	7.152052	6.638602
136	2	6.638924	-6.571622	6.668708	6.227888	7.301664	2.123820	7.124406	1.868404	6.227888	-2.865684
138	2	-4.527214	8.829175	0.657115	6.166929	-3.877485	1.801029	-6.489278	7.171769	6.166929	5.728122
139	2	2.237438	6.188229	2.338859	9.422401	-4.831797	7.438836	-13.415440	7.135261	9.422401	6.990445
140	2	7.568226	-13.073111	5.510118	8.810204	6.313689	3.757719	6.170586	1.752660	8.810204	-4.732810
142	2	1.525581	10.503630	0.312479	5.222364	-4.056852	7.810025	-9.363426	6.364811	5.222364	6.835912
143	2	5.997666	-8.657671	7.204652	7.168810	-1.903298	0.557539	4.060167	1.780314	7.168810	-7.484334
144	2	6.657575	-13.481892	5.258691	7.532057	6.346654	0.845749	5.061074	0.459165	7.532057	2.244110
145	2	6.212373	-6.329232	5.072691	8.320726	6.530367	1.827455	5.517215	-1.568121	8.320726	-1.888580
146	2	8.274683	-10.167219	4.046144	6.453771	6.135635	3.525293	5.690654	0.239893	6.453771	-6.037595
147	2	2.745105	3.991607	1.184995	9.068504	-2.814565	6.764237	-15.658026	7.052132	9.068504	3.434431
148	2	1.942639	8.010377	1.786341	7.243271	-3.530750	7.823002	-10.563450	7.207589	7.243271	7.279397
149	2	5.642720	-4.741608	6.905330	6.691625	5.474279	-0.705708	5.641762	1.151039	6.691625	-6.633961
152	2	3.383807	-1.890463	1.651468	6.910485	4.551770	-3.024168	10.447883	-3.150182	6.910485	-5.107809
153	2	-0.193456	3.948014	4.952983	5.040927	-3.641338	5.156525	-4.427871	7.812816	5.040927	6.704832
154	2	3.503805	9.670928	-0.582921	7.085282	-5.487043	7.316424	-3.463078	4.113974	7.085282	4.290875
155	2	9.588540	-6.894440	2.651058	5.437952	6.872773	3.105978	11.440366	-3.772578	5.437952	0.734478
156	2	1.031868	11.754296	2.724410	6.163089	-2.680863	6.818876	-9.695983	8.546504	6.163089	6.216486
157	2	8.216955	-9.889930	5.621295	8.737530	-1.009008	8.216955	-15.155204	5.621295	8.737530	5.475317
158	2	7.442631	-10.317402	5.727924	6.713546	8.126632	2.973925	5.611181	1.992269	6.713546	2.227917
162	2	6.720815	-12.001795	6.739235	9.353123	7.148040	2.724626	4.948661	1.213288	9.353123	2.421479
165	2	2.488773	6.841198	0.349864	5.293965	-5.134218	5.717195	-4.477539	6.379665	5.293965	5.965915
167	2	1.438678	11.288123	2.814457	3.716161	-6.686164	7.594826	-1.714368	5.668518	3.716161	5.576416
168	2	8.276547	-14.005173	7.540653	5.510914	5.899404	2.934856	4.869585	1.068921	5.510914	4.701441
169	2	5.545944	-7.541898	8.239233	8.064917	6.586863	1.632026	1.494656	5.948990	8.064917	2.798121
171	2	1.239469	9.001920	-1.347678	5.774276	-5.878913	6.895767	-4.954980	5.237018	5.774276	6.532878
175	2	1.704157	7.162546	1.603699	6.489356	0.802044	6.833697	-8.492531	6.746901	6.489356	6.749332
177	2	8.088889	-13.787831	7.286434	7.211280	8.133880	3.728228	4.582683	0.828385	7.211280	-3.338339
181	2	6.796481	-14.090648	7.186179	7.066506	5.305891	6.089585	1.755049	1.275817	7.066506	-0.378815
186	2	6.593061	-4.868384	7.422513	6.728278	-0.427299	0.065595	9.269060	2.494564	6.728278	-4.805871
188	2	5.804893	-10.857634	8.221122	8.653652	6.273138	1.781107	4.879836	5.006260	8.653652	-6.054432
189	2	-0.091831	7.116847	0.420279	6.447724	5.131390	6.273172	-7.335152	6.479836	6.447724	7.422655
190	2	7.264161	-10.736422	5.150788	6.248346	0.587688	7.264161	-14.705525	5.151264	6.248346	6.609954
195	2	8.614281	-10.734691	7.480123	6.688593	6.308113	2.637890	6.448744	0.925159	6.688593	-5.288865
196	2	1.126983	10.244224	2.119056	4.251930	-3.405008	5.589494	-3.362825	7.405887	4.251930	7.925082
198	2	4.301309	-13.247910	9.817567	6.249427	6.293211	1.749165	4.783910	3.496898	6.249427	0.023071
200	2	6.296154	-11.004389	7.042566	5.525614	5.583808	1.913205	8.350890	1.422038	5.525614	-4.791042
202	2	6.632190	-10.373234	7.885413	5.036697	7.364848	3.669516	7.726937	2.214195	5.036697	-4.635014
203	2	8.656795	-1.389294	9.678748	3.216923	2.477124	3.880997	6.509289	3.314607	3.216923	-7.352546
204	2	5.890269	-9.407562	6.798933	5.674756	5.820872	-0.175467	8.685759	0.751497	5.674756	-2.947657
205	2	0.379688	10.416425	2.048959	5.564095	-5.937637	6.820105	-8.572996	7.960385	5.564095	6.620015
206	2	7.521484	-11.388208	5.975302	6.168297	6.268094	2.309787	7.075531	-0.422644	6.168297	-4.025289
207	2	5.174224	-7.893536	8.771140	6.487570	6.667285	0.607565	11.948262	2.757014	6.487570	-5.747794
209	2	6.687956	-3.838793	2.295663	7.360149	8.155629	0.523887	10.180146	-3.065565	7.360149	-4.641516
210	2	-2.976395	10.877425	2.583462	6.630052	-5.593090	1.332607	-4.352935	8.208503	6.630052	7.162342
212	2	4.257898	-7.695322	5.256329	6.192821	6.589171	-1.244996	3.509671	2.450091	6.192821	4.039202
213	2	4.553976	1.412581	4.234714	8.691933	-0.531076	7.588254	-13.270874	6.326088	8.691933	5.546152
214	2	4.902101	-13.715447	7.365391	8.048617	8.625433	-1.087040	3.981384	2.750920	8.048617	-1.999580
215	2	-1.633902	8.772889	-0.471333	5.962543	-2.678252	4.396810	-4.003569	5.727374	5.962543	8.962986
217	2	8.882371	-14.847048	8.169320	7.354410	8.463035	3.091826	3.512430	3.425033	7.354410	-1.623859
218	2	0.767381	11.334381	1.605509	5.072474	-5.322951	7.122919	-8.013182	6.329482	5.072474	6.595039
220	2	9.680517	-7.833166	4.795144	7.229653	7.022609	3.910977	7.486397	-1.787498	7.229653	-4.043861
222	2	6.814976	-15.746436	7.469705	9.120906	0.279358	6.814989	-20.488137	7.469705	9.120906	5.151160
225	2	1.948620	6.360894	1.248681	6.511939	-0.658222	6.394469	-10.641674	7.720141	6.511939	5.065944
229	2	0.220181	7.797556	2.475248	6.321722	-2.551142	5.240547	-3.099847	4.861838	6.321722	6.131345
230	2	-0.120055	8.326581	1.251598	7.499581	-0.049322	6.518107	-4.128104	7.348679	7.499581	6.974924
233	2	3.382469	8.997533	2.174458	6.580895	-3.796546	8.871667	-6.540015	6.036557	6.580895	6.413692
234	2	3.570155	5.561532	-0.067403	6.180542	-10.469031	8.667381	-9.086289	5.598996	6.180542	-4.661735
235	2	1.917903	7.690974	1.271440	7.523129	-6.115111	7.103301	-11.089423	6.287412	7.523129	6.591501
238	2	0.706822	3.414439	4.568992	6.703149	0.508987	5.845849	-11.817870	8.680906	6.703149	5.764754
242	2	7.037325	-4.439802	3.787303	6.264936	5.935352	0.556607	8.475597	-0.917601	6.264936	-4.675253
243	2	5.509753	-12.713369	5.546146	6.095227	6.594320	5.509262	-10.929274	5.546146	6.095227	2.494051
245	2	9.123278	-10.007494	6.642550	4.695601	0.291525	9.124148	-12.727641	6.642550	4.695601	6.099672
247	2	6.699712	-13.499702	7.772105	6.291157	8.511846	1.397863	6.371656	1.291496	6.291157	-0.141307
248	2	0.825990	7.600548	1.663299	5.434306	-1.735754	6.108491	-9.463831	6.908766	5.434306	7.228298
249	2	0.124700	9.123734	1.733209	6.844427	-4.926548	6.479355	-11.986680	7.549810	6.844427	6.864309
251	2	-1.133575	5.397103	0.038179	6.674120	-4.247603	5.471308	-9.009937	6.532966	6.674120	8.246971
252	2	8.404033	-9.001127	6.307743	5.222837	7.816607	2.608946	9.769796	0.977885	5.222837	-3.627426
253	2	5.773576	-10.082770	8.972506	8.077507	5.028899	3.402158	7.143880	4.134770	8.077507	-4.831072
255	2	3.780355	9.053692	0.980911	5.964736	-7.311128	7.209091	-5.459842	7.542142	5.964736	4.350686
257	2	1.332278	7.704878	0.815529	5.610671	-3.831840	4.583347	-5.829267	5.953104	5.610671	6.015944
259	2	0.902405	10.196882	1.768444	6.227589	-4.106803	6.977004	-9.673174	7.070827	6.227589	5.870757
260	2	-0.860101	6.077272	1.627203	6.585343	-1.738219	4.874012	-9.998422	6.469056	6.585343	7.698846
261	2	-1.276440	12.199866	3.803105	6.728188	-2.086250	4.725203	-9.166059	8.988060	6.728188	6.386483
263	2	1.886521	9.330373	-4.761748	6.715456	-5.858383	7.236618	-7.271575	1.545783	6.715456	3.250808
266	2	7.705248	-6.848632	5.974434	8.078374	7.474762	1.298254	6.053101	1.924537	8.078374	-0.972360
267	2	4.835331	5.581620	3.531355	6.739972	-4.451157	9.258140	-14.845779	6.930462	6.739972	5.897016
269	2	6.535209	-13.573146	5.256632	8.790299	6.818204	0.091752	5.686923	0.470005	8.790299	0.979376
270	2	5.876095	7.283908	1.386735	6.409210	1.723289	5.876095	7.310078	1.385284	6.409210	-0.758853
271	2	0.089257	6.379487	3.239095	2.404796	4.677200	6.654923	-6.107360	8.502248	2.404796	8.998644
272	2	1.588696	7.539671	-0.845143	7.259059	4.148835	1.588694	8.417387	-1.118919	7.259059	-1.213972
275	2	2.971162	5.018075	3.144388	6.251259	-0.913365	9.245489	-11.724068	6.601771	6.251259	4.498496
277	2	5.524836	-13.687433	6.513677	8.126191	5.924996	5.523360	-7.889735	6.513677	8.126191	1.979308
279	2	1.965000	9.438998	4.784992	6.694097	-11.356612	7.565774	-4.806973	7.236257	6.694097	-5.439550
280	2	3.392100	9.479974	-0.282766	3.438669	-1.800582	7.817217	-3.329871	6.124853	3.438669	4.477027
281	2	-2.265626	10.217791	-0.648126	4.656932	3.252193	3.126689	-5.581418	5.851027	4.656932	8.075565
283	2	8.089331	-14.549050	5.828285	7.730354	6.802038	5.081298	4.514768	-0.239719	7.730354	1.092463
285	2	5.579410	-8.006225	5.370324	7.156451	-0.880106	0.200402	4.510107	3.408755	7.156451	-7.554994
286	2	2.426118	4.566046	0.193289	6.718844	-2.192966	8.151901	-6.906456	5.427126	6.718844	7.959093
287	2	7.578655	-12.542675	5.892845	7.020948	7.017045	3.268063	8.210442	0.499993	7.020948	-1.256689
288	2	4.641138	-9.249808	8.575267	5.850947	6.921032	0.326721	8.047641	3.782118	5.850947	2.124089
289	2	-0.334572	11.064944	-1.118409	3.034522	-6.158936	6.080898	-5.114103	5.173654	3.034522	3.145294
290	2	8.858175	-9.457963	5.409186	6.415799	6.215632	5.468665	5.067671	-0.589786	6.415799	-4.394845
291	2	6.385175	-13.746103	8.235610	5.634790	7.491567	4.208729	7.760248	4.764131	5.634790	-3.357680
292	2	-2.403645	9.186662	2.998412	4.650058	-5.942605	3.502555	-8.012390	6.690019	4.650058	4.676586
295	2	7.216207	-15.014221	7.465937	2.424717	6.822924	5.078856	7.777120	2.461016	2.424717	-3.918918
296	2	-0.384936	7.478540	1.759440	4.198828	-2.428701	5.870044	-6.432354	5.953097	4.198828	6.795199
297	2	4.351569	3.844289	2.296734	5.980405	6.652549	7.469071	-11.629722	6.829280	5.980405	7.086512
300	2	9.045970	-7.126779	5.369298	6.442473	5.950427	2.619188	11.597677	-0.384469	6.442473	-4.869711
303	2	-0.577628	8.066504	2.599147	5.149215	-7.818022	5.814230	-4.759375	7.636147	5.149215	-3.020105
304	2	-1.724855	6.795838	3.406418	7.190301	-3.511382	3.659786	-5.827590	7.403772	7.190301	7.231809
305	2	2.328349	8.802198	0.892636	5.619804	-3.217316	7.975047	-12.878240	6.580075	5.619804	8.254156
306	2	1.500189	-2.569187	3.621217	4.521296	8.524328	-4.982687	7.144481	-2.088514	4.521296	2.375013
310	2	2.326960	8.000589	0.009584	4.249444	-5.833366	6.530284	-1.928544	6.387044	4.249444	-0.202997
311	2	6.270762	-16.808326	6.598951	7.436428	7.172999	1.116794	5.439040	2.951923	7.436428	-3.644366
312	2	-3.126040	8.097626	-0.679539	4.756464	-3.880990	3.206014	-5.545511	5.775387	4.756464	7.735451
313	2	1.011745	9.001353	-1.795882	3.593257	-4.837179	5.903391	-7.500325	4.279995	3.593257	6.806245
314	2	-2.449639	7.949972	3.323209	4.077965	-2.880747	2.368764	-6.145243	6.686890	4.077965	6.049081
315	2	5.918786	-11.036507	5.857158	7.851061	6.524044	-0.031033	7.314141	-0.581167	7.851061	-6.348515
316	2	1.256726	3.154766	2.612371	9.079961	-6.420810	7.816431	-12.079038	6.461891	9.079961	4.289065
317	2	2.825942	11.067309	0.683260	5.716915	-2.919547	4.706050	-1.470068	6.580942	5.716915	6.913594
318	2	7.086312	-13.588632	6.261481	5.950425	6.667051	2.627766	9.502395	-0.337914	5.950425	-4.268313
322	2	9.750362	-9.204024	8.410743	4.675023	-0.106340	3.450312	4.452276	2.503376	4.675023	-9.307525
323	2	5.454439	-10.187996	6.132724	7.313053	8.816938	-0.398679	6.889915	-0.347603	7.313053	-2.724355
325	2	-0.135132	9.506419	-0.480074	7.315589	1.805520	6.487389	-9.304798	6.006182	7.315589	8.211198
327	2	5.833727	-9.982244	7.801624	8.754426	6.565662	-0.107719	4.119190	2.729101	8.754426	-6.428066
328	2	5.396013	-14.799167	7.529102	6.413891	8.123946	-0.732553	4.261053	1.606139	6.413891	0.350963
329	2	-2.270623	10.873149	0.875762	6.229036	-2.195994	3.786694	-4.821725	6.511418	6.229036	6.418330
331	2	6.195212	-9.400327	4.457914	6.065937	7.578438	0.734083	11.818075	-2.153085	6.065937	0.563466
332	2	-0.517441	7.368453	-0.312007	0.968082	-0.304588	3.561098	-6.740221	5.756168	0.968082	6.342907
336	2	1.332493	7.871528	0.896100	3.719404	3.117353	5.773734	-3.069589	6.094030	3.719404	6.439259
337	2	7.084114	-8.304465	6.638387	3.018698	7.914999	0.978482	3.556573	2.334911	3.018698	-4.893720
338	2	2.500228	10.155859	0.937664	5.155213	-3.833189	8.155291	-8.659726	7.488902	5.155213	5.713237
339	2	5.505590	-8.236676	3.503903	7.526952	6.651571	1.557003	3.956149	0.138693	7.526952	-1.423833
341	2	0.586093	10.966140	4.844357	5.598058	-3.701599	5.142977	-7.004732	7.558561	5.598058	5.082627
346	2	5.164505	-5.796747	6.882485	7.912356	6.740336	0.892159	6.693261	1.500695	7.912356	-4.687784
347	2	0.700706	9.500744	-0.804352	5.155119	-3.775879	7.057455	-5.739656	5.231380	5.155119	7.431493
349	2	2.291145	10.446748	1.267550	7.092755	-5.675888	6.368039	-9.076367	7.528473	7.092755	6.658025
351	2	1.265493	9.835228	4.709599	6.277250	-0.314881	7.764261	-4.498157	6.475748	6.277250	4.342856
352	2	-3.641915	9.243788	3.609800	4.048830	-2.546426	1.843768	-6.877417	9.601665	4.048830	8.484010
353	2	0.817804	7.319597	1.110953	5.605879	-5.231113	6.261052	-9.635177	7.638808	5.605879	6.857134
355	2	2.375102	9.298181	2.862274	6.522786	-3.118135	6.113001	-3.401096	7.742976	6.522786	5.311802
356	2	-0.303499	6.105158	-0.580032	6.805954	-4.591206	4.257501	-7.397896	5.053504	6.805954	7.024816
358	2	0.890805	10.843373	1.273787	4.562528	-6.207396	5.773583	-1.518519	6.712487	4.562528	6.200916
364	2	-1.097801	8.399828	1.980363	6.076493	-5.920853	4.939015	-8.638257	7.153128	6.076493	5.062033
365	2	-1.886061	8.921387	0.903731	6.059261	-2.954050	3.652684	-4.324022	5.759911	6.059261	6.302634
366	2	9.774447	-15.276077	7.194371	5.364160	8.446196	5.221309	4.642133	4.015504	5.364160	-3.177824
367	2	6.855229	-9.347235	8.930920	8.288837	0.076887	6.881465	-15.044098	8.932024	8.288837	5.635688
369	2	5.257556	-2.777153	6.528651	4.478451	5.432972	4.690795	10.695349	0.018678	4.478451	-5.147995
370	2	2.785003	10.758597	-1.854552	6.425631	-1.007141	7.708333	-6.949540	3.984647	6.425631	6.680147
372	2	0.921312	8.907507	1.392493	7.381338	-3.215930	5.581937	-8.313217	6.351944	7.381338	5.913787
373	2	7.010295	-4.503485	6.390894	6.779294	-4.281380	5.976224	2.261203	4.885174	6.779294	-7.710479
374	2	-0.401914	9.170651	2.019977	7.525776	-4.560104	4.926023	-5.512616	6.821512	7.525776	5.017049
375	2	2.075886	-8.202329	4.459585	7.184639	6.642555	-3.912895	6.988189	-0.569580	7.184639	-2.776461
377	2	0.445870	6.394634	-5.128406	6.376490	-1.893427	6.115411	-2.883608	1.293405	6.376490	6.639848
378	2	2.502785	11.622390	0.033852	5.523714	-4.443175	7.436999	-3.547951	6.201654	5.523714	6.412885
379	2	2.578323	9.799871	-0.378085	4.765518	-5.505753	7.758086	-5.368222	5.923912	4.765518	7.130314
380	2	5.777805	-7.755915	6.327374	4.597014	7.467214	-0.343337	6.014110	2.113829	4.597014	-5.663042
384	2	6.116888	-11.383844	4.399790	6.016819	6.892202	0.910393	7.477932	0.522020	6.016819	1.095128
386	2	6.934489	-5.890721	7.580935	6.680023	-1.884775	1.211642	6.501465	1.014551	6.680023	-6.234752
388	2	5.991349	-5.318179	5.306155	6.141363	3.620143	4.901793	4.775504	-0.838447	6.141363	-8.290609
389	2	7.284649	-10.436832	6.736711	5.096564	4.944544	2.036112	8.972548	0.235863	5.096564	-6.173098
391	2	2.527230	9.103920	4.439566	7.229528	-8.950947	6.260860	-6.038092	8.990237	7.229528	-2.247410
395	2	-2.531838	6.736479	6.477442	4.141479	1.870358	-2.531838	8.292350	6.477401	4.141479	-3.463338
396	2	6.743128	-8.377102	8.539275	6.732066	7.721005	1.231127	8.502333	3.856937	6.732066	-3.828606
398	2	1.651511	9.987057	0.858193	6.853208	-0.550511	7.241837	-5.325438	7.247925	6.853208	7.139969
400	2	7.648338	-8.497717	5.636476	3.885073	6.653447	1.274133	9.223419	2.314211	3.885073	-2.715276
402	2	-0.730758	7.427607	-0.835879	6.344366	-5.327005	5.149658	-2.095830	4.911634	6.344366	6.427144
403	2	0.637027	8.478464	1.086779	6.517825	-3.719011	5.711555	-2.775802	6.307983	6.517825	8.291191
406	2	8.840091	-6.537056	5.082282	6.734332	7.885320	2.322975	4.129756	-1.227502	6.734332	5.710727
407	2	8.749344	-16.695856	6.699520	6.875547	6.517434	2.990876	4.960030	1.025659	6.875547	2.779004
408	2	-1.349565	9.152385	-0.487711	5.373373	-5.331808	4.673121	-4.430652	4.660247	5.373373	6.120879
409	2	-1.841793	12.026335	1.394341	4.290588	-5.850291	4.632584	-4.624899	6.033676	4.290588	6.134809
412	2	6.746761	-10.514349	6.796681	5.215179	6.475787	6.746761	-6.291929	6.796681	5.215179	1.214849
413	2	0.894877	10.336284	2.214934	3.055274	-4.748075	5.821629	-4.396286	6.920928	3.055274	7.167163
416	2	4.031583	9.381435	2.541268	4.679124	-3.810791	6.246897	-2.912978	6.618947	4.679124	2.804089
417	2	6.989291	-5.733311	6.458544	4.791246	4.597847	0.793632	12.607472	1.075465	4.791246	-6.700122
421	2	6.149871	-5.344971	8.069740	6.179454	8.534610	0.196729	11.891975	1.675042	6.179454	-1.277650
422	2	4.111143	11.445051	-0.825755	7.317331	-1.490435	9.205233	-2.459946	5.604783	7.317331	5.998390
425	2	1.812883	8.096612	-1.306458	7.483642	-4.734151	6.792223	-11.611194	4.692061	7.483642	7.363198
429	2	4.790425	-8.856774	5.124191	4.975777	6.596676	0.825673	7.528147	-0.936661	4.975777	-2.731910
432	2	0.486321	11.309747	0.493995	5.605783	-1.945515	6.455947	-4.260172	4.777472	5.605783	6.523010
433	2	4.127012	7.914339	1.109199	5.164520	-3.536863	7.661781	-14.181197	6.584076	5.164520	6.244913
434	2	1.663313	8.845069	1.151483	3.553350	1.315974	6.818366	-7.534783	5.844226	3.553350	6.307650
437	2	7.284096	-4.501944	5.596019	6.045630	5.817563	2.829133	8.508280	4.324081	6.045630	-0.687561
441	2	4.066439	9.766611	2.021033	3.686923	3.214740	4.066439	9.951267	2.020496	3.686923	-0.799643
444	2	2.545597	8.510130	4.058486	5.257365	-6.168552	6.997515	-7.996527	7.520632	5.257365	6.423336
445	2	6.803906	-12.445945	4.264194	7.596817	7.970169	1.086875	7.359627	0.308745	7.596817	-3.127813
446	2	5.653076	-10.282037	2.150373	7.852517	7.068266	1.323920	3.940890	-3.797124	7.852517	-4.306072
447	2	5.046779	-9.837510	6.437852	4.147907	8.203237	0.094987	7.001773	1.737084	4.147907	-3.142840
448	2	5.807487	-8.662331	5.371147	7.412789	7.126188	4.934192	5.651644	-0.960457	7.412789	-0.073445
449	2	0.925402	7.958082	-0.528292	7.035733	-4.848444	7.343719	-11.636049	5.994734	7.035733	6.819963
450	2	7.624546	-13.837282	8.080789	4.364848	6.504957	1.388748	7.165349	3.336126	4.364848	-5.351432
452	2	3.911901	-10.964121	7.976476	6.710164	6.585373	-2.082501	5.209122	1.353522	6.710164	-2.924727
453	2	8.329202	-7.271395	6.424725	6.709285	8.458232	1.782561	8.485250	2.863425	6.709285	-2.762288
457	2	0.151127	6.958049	-0.317250	3.970380	-4.428705	5.808060	-7.157324	6.159001	3.970380	6.904424
462	2	5.754610	-13.619955	8.076691	6.627531	6.288903	0.086073	5.629663	3.153524	6.627531	-1.300567
466	2	7.215882	-21.364787	6.643527	8.697405	7.723758	1.539179	4.306043	2.556705	8.697405	-2.671134
470	2	7.082380	-13.484455	7.683736	8.546234	6.288859	2.013739	4.704061	1.912676	8.546234	-4.357039
471	2	-1.245536	7.478739	2.533684	6.340337	-3.855092	5.301382	-6.777294	6.729012	6.340337	5.706258
472	2	3.639551	6.520648	3.265431	6.318601	-7.262169	7.083972	-2.235338	7.067215	6.318601	-2.808136
473	2	4.802982	-9.119978	8.954777	5.441959	6.770976	-0.054159	10.499167	2.349988	5.441959	-0.680189
478	2	6.536131	-4.967453	7.423532	6.945871	7.255899	0.996567	5.502151	3.449498	6.945871	-2.940422
479	2	7.081709	-12.245516	5.212899	7.872511	5.012522	2.283452	5.883206	-1.208714	7.872511	-7.232847
480	2	5.320038	-16.020567	7.733943	8.458709	-1.023046	5.320038	-17.907650	7.733943	8.458709	5.198111
481	2	0.220895	10.803852	1.545103	6.720723	-3.330549	4.236592	-4.406642	7.293555	6.720723	5.905154
482	2	4.502419	-12.661927	8.717605	6.821583	8.998363	-1.081505	4.858810	3.975328	6.821583	-0.958016
483	2	1.229690	8.464065	0.505706	6.006647	-3.719216	6.635719	-5.674339	5.878313	6.006647	5.821645
484	2	0.872257	8.997733	0.698090	5.786968	-5.939673	6.669150	-8.266893	6.054503	5.786968	4.894608
485	2	6.259229	-9.997468	6.240028	6.584747	6.700152	1.174532	8.447952	0.243739	6.584747	-6.320728
486	2	7.094657	-12.271714	5.661685	7.630070	7.233001	0.830102	6.661934	1.526801	7.630070	-3.154599
487	2	7.184330	-5.394949	6.711081	6.177059	0.843971	2.845837	10.526691	1.099765	6.177059	-4.144848
488	2	7.099025	-6.693646	3.378051	7.477026	0.651745	7.099025	-11.535550	3.378051	7.477026	6.750020
490	2	-1.685824	10.981247	-0.987060	3.334392	-5.665305	2.978411	-1.320638	5.053757	3.334392	6.429102
497	2	-3.380806	8.017136	-1.452504	6.986117	-3.708224	1.488163	-3.056179	4.520168	6.986117	6.745249
498	2	1.809606	9.109782	1.697166	7.287387	-6.019781	5.252507	-5.522641	6.473321	7.287387	5.500058
500	2	2.783447	11.360459	0.168653	5.708239	-6.042934	6.496916	-5.674357	6.235684	5.708239	5.294080
501	2	2.551720	7.184963	0.926428	5.008552	-5.251988	6.602926	-14.590075	6.599374	5.008552	6.862482
503	2	-2.265054	6.066159	1.634848	7.274699	-5.834047	4.199482	-8.149682	6.482995	7.274699	5.964506
504	2	-2.339232	7.204435	0.718020	6.298852	-1.651847	3.166714	-7.989889	7.042125	6.298852	6.886518
505	2	2.356788	9.729806	-1.616901	8.496284	-3.842128	7.712526	-6.511715	4.527178	8.496284	4.539780
506	2	7.208983	-10.738748	7.236362	6.269163	6.573803	2.126810	6.105530	1.505372	6.269163	-4.036978
509	2	6.660380	-8.826591	4.980196	8.074033	3.976967	2.074011	5.449513	1.063854	8.074033	-3.917626
512	2	3.317817	9.019752	-1.946730	6.623734	1.375025	8.494584	-3.642799	3.544440	6.623734	7.207141
513	2	3.405276	-9.896276	2.940041	4.458136	5.341964	1.541342	4.393758	-0.075292	4.458136	-0.788705
515	2	5.354750	-11.927643	4.896084	5.395959	4.725008	0.092001	7.235666	-1.249712	5.395959	-4.950725
516	2	0.398224	12.610726	1.188881	3.136499	4.896729	0.398224	13.059780	1.188881	3.136499	0.036172
518	2	0.370877	6.354550	3.651190	7.949154	-1.351099	5.468852	-13.853849	6.979081	7.949154	6.794443
521	2	2.530950	11.358143	-1.068631	5.548233	-4.236004	7.162816	-5.377717	5.327723	5.548233	7.013114
522	2	8.601346	-8.129103	5.035781	6.716116	6.782039	2.406902	7.757505	1.889470	6.716116	-2.005352
523	2	2.353988	9.989294	5.682820	2.864100	-3.258454	7.258912	-3.642564	6.473807	2.864100	7.136525
524	2	6.595883	-11.186355	8.555399	6.130795	6.318004	1.088521	8.716662	2.913696	6.130795	-4.035678
525	2	-0.365769	8.394805	0.878319	6.211404	-3.066771	5.024279	-9.757234	6.225630	6.211404	6.712557
527	2	1.053477	10.684300	1.648685	6.745300	-7.728119	6.706559	-6.713900	7.800577	6.745300	-0.799154
530	2	2.232314	6.227917	-0.682732	6.805486	-5.515445	8.551790	-6.877210	5.726636	6.805486	-0.780579
531	2	0.764438	3.395246	3.662378	8.439074	-4.549528	6.771350	-13.257438	6.926036	8.439074	6.274197
534	2	8.400612	-8.395516	5.725251	6.880040	-0.033191	8.400612	-8.622177	5.725251	6.880040	6.570860
535	2	-5.813159	-0.870562	4.957485	4.659359	7.348520	-5.894682	10.115785	0.004121	4.659359	2.100001
536	2	7.399495	-5.645135	4.920537	6.172723	8.189521	1.622245	10.932571	-0.782782	6.172723	-1.272180
537	2	-1.556448	7.296944	1.149021	6.729679	-2.287389	4.741784	-10.687306	7.328894	6.729679	9.552044
538	2	3.662997	-8.088675	6.154790	7.543971	8.902836	-2.802175	10.491331	0.132704	7.543971	2.904589
539	2	7.920300	-13.874170	4.104881	8.016058	6.595280	2.867796	6.921410	-1.933275	8.016058	-3.568490
540	2	6.922647	-6.191579	5.084439	5.834831	5.397543	1.097541	9.420725	1.472084	5.834831	-6.537107
541	2	7.331724	-8.010358	6.914317	6.283277	6.482846	1.570941	8.601757	3.838999	6.283277	-4.405094
542	2	4.785594	-8.212070	6.646114	6.464074	6.892390	-1.770966	7.206726	1.266643	6.464074	-2.767916
543	2	4.294179	8.473304	1.001675	6.454086	-5.174577	8.887515	-10.715979	7.360227	6.454086	6.687421
545	2	5.631977	-6.497876	6.491550	2.270363	8.601061	1.911275	9.595326	-0.067215	2.270363	-3.913828
546	2	3.328074	7.554589	4.509480	3.247043	1.071190	8.531300	-8.420678	6.605366	3.247043	6.264686
553	2	1.471137	5.950199	-1.011417	6.758019	-9.050656	6.127968	-6.451708	5.444423	6.758019	-2.924951
555	2	6.718133	-7.178177	7.648467	5.238238	6.996121	1.037344	11.446285	2.618778	5.238238	-4.416541
557	2	1.515657	6.783625	1.581404	6.553263	-1.328909	7.606966	-8.125738	6.650460	6.553263	8.463254
558	2	-2.584578	3.130692	-0.934989	6.166751	0.977785	2.004131	-6.009351	4.562506	6.166751	7.602080
561	2	7.069985	-11.656697	6.999995	7.438625	6.560170	1.260227	5.047928	1.841795	7.438625	-4.906568
562	2	6.823010	-6.197361	6.760454	7.169823	5.863852	3.619627	9.457812	0.927837	7.169823	-6.651149
564	2	-2.453739	7.246793	-0.146487	8.056677	-2.934772	4.172614	-9.478713	6.398845	8.056677	7.790661
566	2	5.097180	-3.902092	4.869955	5.289390	6.716309	-0.726396	8.432146	-0.421198	5.289390	-4.527563
567	2	7.269696	-12.482523	6.086102	8.023687	7.324846	0.691857	8.408407	0.350001	8.023687	-1.118203
570	2	6.330142	-10.730558	4.993878	9.197923	6.452998	0.630121	3.808844	-0.195892	9.197923	-4.038163
571	2	6.693273	-14.244409	6.209246	7.145959	-0.844006	6.693273	-18.126028	6.209246	7.145959	4.480746
572	2	7.672909	-6.136359	8.965423	7.048848	6.797723	1.248114	6.675903	2.942277	7.048848	-0.871713
573	2	-0.031347	9.426184	1.439394	6.087690	-7.785992	6.102599	-3.859528	6.843253	6.087690	1.740538
575	2	2.009354	9.394650	-0.471051	4.850264	-2.547803	6.924272	-6.857510	5.745349	4.850264	5.758959
576	2	0.812516	10.187551	5.778011	5.308569	-4.462316	6.495489	-8.486131	7.270676	5.308569	5.719263
578	2	0.317857	8.458206	1.853151	7.244046	-3.455081	6.745777	-5.853382	5.239348	7.244046	4.713973
582	2	0.417471	9.768575	-0.406475	6.757179	-9.002657	6.267782	-2.556944	5.016090	6.757179	-1.318459
586	2	6.634702	-8.321891	3.955622	8.037053	5.709030	2.268239	6.030121	-0.754569	8.037053	-4.428772
587	2	-4.010535	10.322672	1.854033	7.710195	-2.773656	1.569076	-6.348035	7.737982	7.710195	7.168016
588	2	4.940358	3.872571	1.413795	6.284186	-0.437062	7.335603	-7.044984	6.363172	6.284186	6.851078
589	2	0.977962	10.058157	3.564977	4.438956	-3.223472	7.412895	-2.973424	7.225212	4.438956	7.097932
590	2	-0.103252	10.304345	4.041281	4.592541	-1.921851	6.405999	-5.943954	6.490320	4.592541	7.188921
592	2	3.879365	-12.571254	7.147950	5.100198	5.738173	3.879365	-10.348291	7.147950	5.100198	-0.316961
594	2	1.788133	8.330333	0.302223	4.490093	-4.810958	6.560883	-7.155001	5.518285	4.490093	8.130846
595	2	6.877549	-10.318153	6.365287	6.662961	7.836341	0.773889	8.292139	2.365403	6.662961	-1.247688
597	2	-5.293483	10.264041	2.964008	5.904570	-1.674801	1.183481	-7.076894	8.007424	5.904570	7.205600
598	2	6.682943	-10.004809	5.980814	6.237190	-0.572739	2.530555	4.850095	-0.329280	6.237190	-5.090606
601	2	6.397683	-8.172780	7.625228	5.145172	9.803950	2.367143	3.033793	5.343229	5.145172	-2.308844
602	2	-0.133446	9.690549	0.177348	1.350746	-6.467275	6.477420	-4.400812	6.356841	1.350746	6.673349
603	2	1.520640	12.157062	1.115728	5.427196	-0.698305	5.691728	-3.508020	5.964037	5.427196	6.017473
604	2	2.109598	6.600020	-0.887904	7.256135	-6.666431	8.326051	-9.396391	4.917377	7.256135	5.572665
605	2	-3.190824	7.668524	-1.303793	8.137109	-5.358218	2.902929	-7.882252	5.058991	8.137109	6.140682
607	2	6.957079	-5.945866	6.145360	8.860835	-0.807623	5.228754	3.240512	1.388157	8.860835	-4.816703
608	2	1.229500	8.546717	1.380952	4.536458	1.488738	6.506498	-7.627962	6.610071	4.536458	6.704631
610	2	2.644258	9.042446	-0.462656	6.552660	-4.109949	8.361529	-0.582285	3.134981	6.552660	6.810272
612	2	5.588993	-3.153492	7.090315	6.784234	6.489463	0.037421	8.632868	1.828315	6.784234	-5.513575
613	2	0.641478	9.627897	1.801402	5.868551	-9.001025	6.636047	-6.795814	8.071234	5.868551	2.492505
618	2	3.037911	6.705535	-4.222826	7.599908	-6.444162	8.009040	-2.612729	1.956767	7.599908	5.610943
619	2	6.146301	-10.136198	5.563879	8.569078	9.086685	2.833788	6.536506	1.315632	8.569078	5.011879
620	2	0.524334	10.404760	-1.942719	6.221269	-1.881964	0.524336	5.782999	-1.643615	6.221269	4.696940
621	2	6.135807	-3.695607	7.384058	3.182301	5.561744	2.606890	7.349076	2.768181	3.182301	-5.280241
623	2	0.845013	8.688187	-1.724413	7.096179	-4.539467	7.344111	-6.776667	4.442335	7.096179	8.086113
624	2	4.793067	2.281662	-0.071115	4.561347	2.017116	5.986328	-5.584413	5.071152	4.561347	6.399120
626	2	6.303807	-7.925981	2.778975	6.519230	6.875335	0.483880	8.516124	-3.593789	6.519230	-5.564931
627	2	4.249208	-7.529728	7.787575	6.049924	9.293244	2.053979	3.808495	1.602207	6.049924	-0.790114
629	2	1.835977	6.591321	0.378950	7.450731	3.020158	7.044857	-10.035490	6.516626	7.450731	6.598201
630	2	-0.288363	9.272569	2.070964	5.690438	-6.110616	3.664831	-7.076559	7.877157	5.690438	5.212491
631	2	3.787413	7.418502	3.035105	8.420391	-9.640917	7.302918	-4.692201	7.140607	8.420391	-1.937547
632	2	7.602457	-11.818588	7.074727	4.996718	8.792778	3.849285	7.536619	0.652169	4.996718	-3.903463
633	2	1.849648	8.409432	0.737587	1.627601	-3.619676	7.051343	-5.051561	4.782854	1.627601	9.216715
635	2	0.284790	9.401944	2.328222	5.186824	-6.613701	6.266238	-7.507851	6.451115	5.186824	4.853968
636	2	6.542602	-7.805474	3.239707	6.406402	7.516189	0.602970	6.098127	-2.514801	6.406402	-1.272027
638	2	7.699464	-16.759712	6.571642	5.972432	6.110049	1.074278	5.218118	2.457905	5.972432	-5.314920
640	2	1.892709	4.238652	2.562664	5.782261	-4.743339	4.941493	-11.365162	6.973046	5.782261	6.375708
641	2	4.319723	6.635980	1.289236	7.999990	-2.247665	8.281714	-6.687543	7.209458	7.999990	7.366727
642	2	3.066625	11.253720	1.336986	6.084944	-3.685307	8.439544	-7.241258	6.961161	6.084944	7.979854
643	2	-2.433260	9.247116	0.411962	1.256517	-4.497183	4.165139	-3.917071	5.849197	1.256517	5.055644
644	2	-1.169004	6.164186	1.877094	3.443125	-4.631943	5.040402	-10.741714	7.743267	3.443125	6.428663
645	2	5.872211	-9.136229	5.465161	5.681673	6.944882	4.485554	4.039329	1.083923	5.681673	0.347460
646	2	7.842665	-13.263489	6.413057	6.854514	9.059175	3.284968	8.750717	0.825730	6.854514	-2.125128
651	2	6.003299	-14.110298	6.703669	6.735616	7.340226	0.166593	5.203859	1.112995	6.735616	-3.243698
655	2	7.764527	-9.561377	6.709702	6.388183	-0.879269	7.764527	-11.294904	6.709702	6.388183	4.325969
661	2	2.067765	6.547189	1.894024	6.724408	-8.971436	7.820660	-8.552541	6.714777	6.724408	-3.585479
662	2	6.589749	-9.697527	7.628043	6.808937	8.676022	3.491760	8.656530	1.349380	6.808937	-2.867977
663	2	2.558003	9.629719	-0.182165	4.585877	-3.460977	6.230301	-3.657566	4.841196	4.585877	6.001062
664	2	2.006307	-6.391755	7.538425	8.827516	-1.358939	-3.092101	4.599204	3.421362	8.827516	-7.366646
668	2	4.005986	-4.646285	7.618698	3.303223	5.816458	-1.475231	6.687070	5.176267	3.303223	-1.392136
670	2	8.011919	-7.677291	8.889539	6.337797	5.889902	2.438208	9.336917	3.280028	6.337797	-3.341360
672	2	5.659978	-11.214894	4.341850	7.935374	6.368298	0.595644	2.980231	-2.237903	7.935374	-6.101854
673	2	-3.546751	9.641216	-0.226480	6.129889	-3.855214	2.959416	-5.626374	6.268686	6.129889	6.471407
676	2	-0.255215	7.877616	-0.502773	6.373327	-3.818210	6.249900	-5.760294	5.083154	6.373327	8.073833
681	2	6.475158	-10.808138	4.899929	6.171446	5.464368	3.265755	4.597775	1.904019	6.171446	-5.445873
682	2	8.025402	-9.167608	6.820583	4.410592	7.112185	5.008408	5.759117	2.957445	4.410592	-4.286087
683	2	6.705919	-12.706985	5.469579	6.680225	5.897184	3.397417	5.380388	-0.763325	6.680225	-1.250517
685	2	7.060564	-5.874306	6.370290	5.875794	-0.408279	7.060633	-8.023945	6.370290	5.875794	5.492822
686	2	5.725477	-12.708062	5.438686	8.842953	7.874168	-0.911753	6.441048	0.769644	8.842953	-2.578947
687	2	1.612981	6.521638	1.085980	6.680324	4.209957	7.672844	-7.192881	6.133059	6.680324	5.656280
688	2	3.092445	6.728261	2.815581	7.854985	-7.236876	5.800773	-7.331471	7.482094	7.854985	4.068285
689	2	6.272399	-8.531900	6.854697	8.553360	8.588096	-0.119679	4.239162	0.853695	8.553360	-3.989574
690	2	6.945288	-16.580126	5.913621	6.822407	7.830556	1.212846	7.865433	-0.430974	6.822407	3.331580
691	2	-2.480970	9.115677	1.560468	6.659027	-6.736908	3.588865	-2.765825	7.362063	6.659027	5.655469
692	2	1.176259	8.423808	2.489515	8.106893	-0.305791	4.768636	-6.409540	6.201901	8.106893	7.383351
694	2	6.776408	-14.421230	5.604444	8.082753	7.087907	0.248244	3.641782	-0.389282	8.082753	0.225902
695	2	6.370380	-6.729102	5.697512	5.592737	-3.016034	0.384370	8.724527	-0.128953	5.592737	-9.637120
696	2	5.478931	-2.321567	5.658407	9.735668	-1.408112	-1.100988	6.169826	-0.274324	9.735668	-6.816088
697	2	0.958938	8.780645	0.274808	6.022452	-8.924812	7.253548	-8.215109	6.754549	6.022452	-3.767090
699	2	-2.726563	10.989251	5.436322	4.261015	-3.767066	3.802278	-4.284108	9.685613	4.261015	7.538736
700	2	-1.353978	4.623596	5.301355	8.344175	-4.278042	5.007211	-7.240966	6.993765	8.344175	7.748315
701	2	6.368724	-9.050885	0.284469	8.561680	6.426031	2.831471	4.186284	-2.373741	8.561680	-1.255394
703	2	4.288238	7.054690	-2.424630	5.797825	-2.212681	8.661731	-4.995865	3.530524	5.797825	5.432284
704	2	7.113314	-12.229871	6.636650	6.556474	7.489150	0.516233	5.871372	2.591129	6.556474	-4.915296
705	2	2.250540	5.518709	-5.879201	6.220431	-2.114421	6.194351	-12.619705	0.721169	6.220431	7.272534
708	2	5.867638	-2.554380	5.404020	4.037160	8.135292	-0.161750	11.027210	-0.881429	4.037160	-3.732365
709	2	7.931067	-11.461283	8.278181	4.889853	8.350007	4.937262	3.122264	2.079635	4.889853	-3.850726
715	2	-2.122782	8.894810	2.659304	6.763411	-4.164170	3.451548	-2.457972	7.252714	6.763411	5.633586
718	2	7.528858	-9.588347	4.467201	7.944976	5.321742	2.979078	6.098163	0.810649	7.944976	-3.036685
720	2	4.610037	-9.339887	5.716839	6.503025	5.941586	-0.864603	5.077434	-0.870957	6.503025	-2.947297
723	2	-0.616593	11.535056	-0.803918	5.009954	-3.165387	5.813277	-6.506156	5.380168	5.009954	8.406545
724	2	-1.089074	7.476198	0.638197	7.409541	-2.893201	5.382721	-8.500794	6.248696	7.409541	6.859118
725	2	0.673118	8.919949	1.038517	3.307239	-1.604335	6.489961	-5.298478	6.117448	3.307239	6.709654
727	2	7.467793	-12.731294	4.999327	6.306717	5.957112	0.913826	10.160323	0.217380	6.306717	-5.647157
729	2	0.566618	10.158151	1.095605	6.297870	-2.536915	7.063238	-7.736331	5.461848	6.297870	7.903035
730	2	1.671953	9.609647	4.280147	6.527643	-4.669737	6.394543	-7.677458	7.551453	6.527643	6.808068
731	2	1.922365	-11.453493	6.819050	9.416997	0.218762	1.922365	-17.577980	6.819533	9.416997	6.664681
732	2	6.237795	-3.311329	6.491780	3.922831	-2.155485	2.174211	5.167190	2.951741	3.922831	-6.351989
733	2	8.463260	-13.971674	5.927299	6.628065	9.444647	4.142636	3.660017	-0.452677	6.628065	-2.185682
736	2	1.791894	7.847592	2.259791	6.220336	-0.885121	7.807617	-11.551243	6.561612	6.220336	7.302089
738	2	-0.693102	6.167403	-5.962660	7.478598	-2.369175	5.530454	-9.522708	0.469489	7.478598	6.233383
741	2	8.025506	-14.409096	6.494690	7.806275	6.720403	1.834190	6.607966	0.365785	7.806275	-1.969225
743	2	0.706445	9.819301	2.124509	1.649202	2.793005	4.184090	-1.735899	6.492890	1.649202	8.721387
746	2	2.050082	7.246283	-0.854085	6.752219	-4.175449	7.630560	-6.061476	5.055286	6.752219	6.255706
747	2	5.735790	-4.793729	7.856566	7.116614	6.806137	0.837037	10.030936	2.507148	7.116614	-3.027706
748	2	6.702839	2.590719	3.466603	6.916916	-4.411515	9.052278	-11.438061	6.280797	6.916916	6.737626
749	2	3.056414	11.885411	0.358959	4.590266	-5.315900	6.439425	-3.697050	6.676357	4.590266	6.030949
752	2	-2.908652	8.748680	-0.483269	5.553543	-4.419095	2.665682	-3.321061	5.098905	5.553543	6.581820
755	2	6.590119	-6.302323	5.819743	6.170540	5.647468	3.474278	7.587129	0.656682	6.170540	-5.857546
756	2	7.639947	-10.133207	5.327978	6.833550	9.030844	1.495300	5.895922	-1.055938	6.833550	7.922608
758	2	2.064366	5.395796	3.527686	7.687628	-4.237950	7.648099	-9.108706	7.350916	7.687628	6.728083
759	2	5.821268	-15.533911	7.435882	7.718233	5.352070	-0.654359	3.884329	1.139375	7.718233	-6.155389
760	2	-1.223878	9.716354	-2.076224	6.699651	-1.695191	4.751007	-3.801092	2.690844	6.699651	6.398263
762	2	6.176107	-5.356694	7.414545	6.013886	-3.305431	2.256218	4.722270	1.640093	6.013886	-9.858231
766	2	5.424306	-7.588184	5.303543	5.149984	7.138805	1.255949	9.964941	-1.035596	5.149984	-0.605839
767	2	7.674456	-17.276679	5.140979	8.149737	8.370388	2.575749	4.025514	-0.437011	8.149737	-2.785863
768	2	6.485616	-7.287869	6.691309	6.311104	6.489949	2.695803	9.198653	1.846338	6.311104	-6.116192
769	2	7.040800	-10.955956	8.607395	6.534874	6.458654	0.986398	7.271370	2.972552	6.534874	-3.984907
771	2	7.303031	-8.585868	5.694337	7.139258	8.634889	1.180872	8.247626	1.040749	7.139258	-4.111500
772	2	0.069922	3.420385	5.656206	6.663885	-4.882776	6.186247	-3.636287	6.219847	6.663885	7.584189
773	2	-0.199238	8.974762	0.967304	5.538460	-1.615178	4.611790	-7.894857	7.002629	5.538460	7.344561
774	2	6.880329	4.162330	5.608040	7.540264	-4.241548	9.377668	-3.267800	6.762527	7.540264	5.505522
776	2	1.437283	3.414775	0.124822	9.618293	-0.512482	5.026770	-8.167034	6.591814	9.618293	6.693493
778	2	2.396141	9.705644	1.301930	6.545072	-5.901123	8.662046	-7.748374	6.312848	6.545072	5.954593
779	2	6.351743	-15.658235	4.478279	6.342224	6.735652	0.781087	3.307591	0.411473	6.342224	-4.000937
780	2	1.769601	10.540867	0.130384	7.111738	-5.303219	7.893562	-9.998934	6.047661	7.111738	7.294459
781	2	3.443477	-2.854286	8.937688	5.991699	5.547372	-2.517973	4.192080	4.316402	5.991699	-7.140007
782	2	9.543255	-11.686309	6.704556	2.574052	6.889642	3.659475	9.338257	0.381239	2.574052	3.511564
783	2	-1.421494	9.944736	2.161379	4.704359	-4.862461	2.668832	-6.928003	8.374657	4.704359	7.275086
784	2	4.477395	-9.775374	6.400728	7.023807	6.613686	-2.121274	5.151616	-0.012618	7.023807	-4.589539
786	2	8.071507	-14.117697	7.291391	6.988116	6.456970	3.868702	9.125678	1.142445	6.988116	-4.003128
787	2	-0.123341	6.993139	-0.692041	8.420111	-3.707110	3.446817	-3.108027	5.159312	8.420111	7.265439
788	2	-1.417491	5.176215	5.817247	6.709545	-5.367650	4.578494	-6.905806	6.213324	6.709545	7.442478
789	2	0.966062	9.371729	0.073570	5.618106	-5.763156	6.954083	-8.235321	6.130969	5.618106	5.443549
793	2	7.392810	-6.989664	6.307959	6.439403	-2.054701	2.422242	6.020909	-0.056854	6.439403	-8.189219
794	2	2.155693	8.814422	4.562949	7.384727	-5.429298	7.675743	-5.059038	7.512298	7.384727	6.508521
796	2	7.445348	-17.327773	8.648804	8.811782	6.686650	5.933126	3.756669	3.301170	8.811782	-5.332190
797	2	2.610100	6.436027	1.259546	8.240955	-4.334912	7.680434	-5.919694	7.486488	8.240955	7.547699
798	2	-0.089435	7.519209	2.878078	6.996626	-6.165944	5.634929	-9.784455	7.254456	6.996626	5.606673
799	2	0.615186	9.772200	-0.911417	7.036775	-2.253325	5.723583	-3.774892	4.455126	7.036775	6.167688
802	2	6.139462	-8.357465	5.757177	6.042138	7.276728	2.085229	8.173389	-0.744940	6.042138	-2.493042
805	2	0.386093	10.719661	1.295744	3.991721	-6.115674	6.379186	-7.927875	7.396177	3.991721	6.735248
811	2	0.571458	9.546626	0.839794	5.935103	-2.635223	5.242912	-3.145470	6.440716	5.935103	5.724062
812	2	-2.397460	8.033360	-3.085732	6.831853	-3.332782	4.113559	0.584850	3.381425	6.831853	7.091863
813	2	0.416551	11.337704	1.247636	3.357171	-7.368377	6.566815	-6.304292	7.044565	3.357171	4.853725
814	2	7.666303	-7.416367	6.539034	6.667373	7.479800	1.654610	3.033740	4.800669	6.667373	-5.075101
816	2	6.966959	-3.904190	5.239299	4.537113	6.079278	2.427968	7.756076	0.105920	4.537113	-5.236137
818	2	-0.448481	5.591616	2.100381	8.844246	-5.861044	4.841361	-4.397645	8.663866	8.844246	1.441955
819	2	0.291432	9.934594	-2.044230	2.290088	-2.976391	6.500720	-6.191922	4.595860	2.290088	6.640452
820	2	6.455617	-6.667453	8.103083	7.542178	4.964236	0.659805	8.413597	2.366756	7.542178	-4.133751
821	2	6.531667	-8.700404	8.215846	5.758374	7.063096	-0.080313	4.512764	6.152920	5.758374	-3.159888
822	2	9.101043	-9.128465	6.627091	8.149230	6.698405	2.524530	5.501890	0.243899	8.149230	-0.478545
823	2	0.006189	4.526144	0.942612	8.116743	-3.214623	6.481831	-12.881012	6.225783	8.116743	6.593782
824	2	2.187223	10.429400	1.200843	6.855919	-3.007848	5.846288	-11.364625	7.769556	6.855919	6.852913
825	2	9.078531	-11.367593	9.021807	7.404847	6.394578	2.696896	5.467999	3.113252	7.404847	-3.839841
826	2	7.578939	-10.646111	7.296064	5.863537	6.097721	5.270894	7.300068	0.996978	5.863537	-6.453682
828	2	-0.098845	5.526110	4.669915	7.487565	-4.148819	6.007498	-8.215672	6.325823	7.487565	7.773207
829	2	1.408395	-3.392311	6.803787	6.697053	6.652948	-5.002853	6.854529	1.992948	6.697053	-5.445507
832	2	-0.492532	10.262041	4.212029	6.781849	-2.763668	6.078292	-8.007981	9.652652	6.781849	5.811837
833	2	6.049194	-15.928948	6.097627	5.740032	6.689664	1.086863	4.605079	1.014553	5.740032	-0.796446
835	2	2.143161	8.939326	3.521565	6.538610	-2.840745	6.176512	-6.535712	6.246864	6.538610	7.711009
838	2	8.342451	-12.505652	6.308394	6.981940	8.499530	2.362414	8.817172	0.104473	6.981940	-4.022573
841	2	8.114488	-12.119653	7.431282	7.619591	8.075713	1.470957	10.716311	1.306850	7.619591	-2.156947
842	2	5.358659	-9.670485	7.072495	8.091840	5.534652	0.437239	4.239480	1.592238	8.091840	2.308566
844	2	-1.616321	7.054365	1.281123	8.428125	-3.375552	2.779573	-7.523114	5.953229	8.428125	6.981152
846	2	6.461407	-14.446091	7.161846	7.078654	6.018478	3.327238	8.743713	2.401989	7.078654	-3.896958
849	2	3.685320	9.953533	1.368209	6.116595	-6.281614	7.877268	-10.014277	5.516344	6.116595	5.720693
850	2	6.998793	-8.076645	6.903319	5.237870	6.693770	1.836798	8.191272	2.891108	5.237870	-4.875367
852	2	7.267801	-12.891212	8.053692	7.400068	8.955343	0.774782	9.000148	1.984531	7.400068	-2.073201
853	2	-0.707886	9.551343	-1.733611	3.905219	-4.736443	5.615072	-4.484726	2.577292	3.905219	6.491479
854	2	7.337026	-10.223509	5.441610	5.207527	5.379409	2.595780	7.539664	1.157167	5.207527	-1.430411
857	2	9.698248	-16.164851	9.344183	7.183072	7.992339	4.558055	3.262488	2.977217	7.183072	0.062012
858	2	1.423568	11.429864	1.542086	4.646283	-9.168282	6.865026	-7.847033	7.943728	4.646283	0.903751
859	2	6.462529	3.622251	-0.001554	6.473146	-2.037510	7.552269	-6.530611	5.484722	6.473146	5.271628
862	2	6.428611	-4.876146	4.342880	8.097899	4.858963	1.956468	5.764944	0.583890	8.097899	2.607008
865	2	7.278041	-12.042369	6.541215	5.912517	9.054553	0.782616	7.948804	1.044018	5.912517	0.987788
867	2	2.006005	10.947631	1.209912	3.302871	-7.696204	7.550690	-9.690605	7.547235	3.302871	5.030137
868	2	5.641954	-14.302118	9.441867	5.258828	5.744393	5.641954	-13.366310	9.441867	5.258828	0.354320
870	2	4.053062	9.568977	0.348947	4.859435	-1.734407	6.195623	-5.680221	6.713354	4.859435	7.917163
872	2	8.445722	-12.549228	5.197447	6.652010	8.612646	2.854395	6.302938	-0.734180	6.652010	-2.031174
873	2	6.589825	-4.811203	6.557308	6.997680	1.524124	3.510428	5.526864	4.355594	6.997680	-2.472987
874	2	8.257165	-8.803061	5.652500	3.626640	6.971832	6.705043	4.704878	1.061722	3.626640	-3.306798
875	2	0.268360	4.256945	0.627094	6.546488	-4.154218	6.413148	-6.886909	5.146177	6.546488	6.495416
877	2	4.801679	-5.908632	7.001603	8.710287	4.669079	-0.616005	6.983271	0.626524	8.710287	-7.312751
879	2	2.871064	11.829450	0.005870	6.488196	-5.660466	7.156712	-9.145461	6.013739	6.488196	4.465116
880	2	5.576520	-13.108934	6.846846	8.582948	8.692260	-0.851671	3.959263	1.296964	8.582948	-4.067794
881	2	6.772642	-13.346104	8.512900	6.277537	5.893001	6.772640	-9.573545	8.512900	6.277537	0.121225
883	2	2.322994	8.888002	-0.575767	4.841082	-4.242751	7.321159	-9.879401	5.826355	4.841082	5.845914
885	2	6.584197	4.017306	3.429181	5.025146	-3.806117	7.270905	-12.733744	6.696941	5.025146	7.244392
886	2	8.281636	-9.941171	5.178002	7.356560	7.068903	2.611358	8.317403	2.669059	7.356560	-2.566455
887	2	1.133797	9.090717	3.119876	6.049259	-3.264525	6.237468	-4.219243	6.526501	6.049259	7.076426
890	2	1.487291	7.662639	2.102898	7.508870	-2.705845	7.006989	-6.859181	6.323182	7.508870	7.797581
893	2	5.123081	-7.419754	6.709972	3.487177	6.661577	0.716276	10.023093	1.091431	3.487177	-1.850552
894	2	-2.633231	6.116931	0.640141	6.610463	-2.781972	3.592065	-4.373069	5.097440	6.610463	4.999242
895	2	7.223143	-6.467300	4.608766	7.222623	6.232785	1.343249	10.049974	-1.367337	7.222623	-0.623557
896	2	3.325715	-4.270886	6.507151	7.172023	-1.945274	-0.840777	8.573389	1.187469	7.172023	-6.574321
897	2	9.049554	-7.698393	2.710955	7.350394	0.859760	9.049554	-10.488600	2.710955	7.350394	6.516565
898	2	1.363763	9.842696	2.730302	5.025673	-3.862276	7.985318	-5.529114	6.622493	5.025673	5.967450
902	2	6.609176	-5.311207	7.036641	6.427056	6.725934	-0.028129	7.782578	2.400666	6.427056	-2.676490
903	2	6.144624	-4.594678	1.225276	6.590979	-0.927703	6.144931	-10.374642	1.342938	6.590979	5.026971
905	2	9.161195	-14.260349	8.774515	6.736181	7.039501	3.006214	7.574488	2.489262	6.736181	-2.191520
907	2	1.289314	9.386575	2.347114	5.857501	-1.877110	7.130859	-8.215450	8.124471	5.857501	6.502800
908	2	-4.216213	8.761419	1.669729	5.712771	-4.558328	1.585414	-7.219191	7.597230	5.712771	5.574908
912	2	6.446752	-10.018362	5.614000	8.875075	7.499175	2.848994	2.780978	0.503512	8.875075	-3.841147
914	2	6.869453	-9.484049	7.434474	7.681161	7.274986	1.865740	7.277833	1.615081	7.681161	-2.645840
915	2	5.949433	-9.569391	6.654607	7.037033	7.137609	-0.499367	5.123683	3.082162	7.037033	0.966540
916	2	4.494629	-7.508767	8.220351	3.592931	-4.841553	-2.076437	8.968613	2.027429	3.592931	-10.762726
917	2	2.446462	8.682453	0.138074	6.459623	-6.647583	8.200951	-3.706143	4.999072	6.459623	-2.808706
919	2	-3.572406	9.204713	0.441904	7.031803	-6.311225	2.635597	-3.723318	5.916207	7.031803	5.973249
923	2	2.254458	5.606921	0.831507	7.978982	-5.420894	7.536667	-7.832221	5.906335	7.978982	-3.770662
924	2	2.239098	11.177850	0.063454	6.632639	-7.293837	7.829968	-5.117433	5.357115	6.632639	4.433891
925	2	6.345183	-5.637388	6.776166	8.699967	4.921026	1.682899	6.166370	1.847487	8.699967	-6.596802
926	2	8.511680	-8.823767	7.302679	6.947040	-0.699631	8.511680	-13.281399	7.302679	6.947040	5.586598
928	2	-0.699329	5.400797	-0.133978	6.067653	-3.702362	5.566879	-8.466439	5.146374	6.067653	7.211525
930	2	4.126370	5.516779	-1.055954	6.523566	-0.852506	6.840789	-9.276656	4.996433	6.523566	6.704379
931	2	2.525447	8.259330	1.980362	7.830445	-2.783416	6.757086	-5.114952	8.087277	7.830445	3.550194
932	2	6.693347	-7.088975	6.511767	7.774958	3.890138	3.688169	8.649069	0.884140	7.774958	-1.616796
934	2	2.705913	7.983233	0.620198	6.935787	-5.970359	6.471837	-5.912889	3.304805	6.935787	4.126910
935	2	-0.082020	4.141114	-0.937112	9.579282	-3.297165	5.221140	-7.266275	4.419740	9.579282	6.355658
936	2	9.253896	-14.971906	6.372855	8.512986	4.077489	9.253896	-13.780644	6.372855	8.512986	-2.329887
939	2	-0.102007	6.892094	1.208051	8.491041	3.201079	6.363361	-3.668535	6.529202	8.491041	8.857467
940	2	6.095848	-6.640954	4.886174	7.311186	7.907052	1.609023	6.203689	-0.716983	7.311186	-3.506676
941	2	6.401352	-15.375326	7.251894	5.907588	7.010807	0.021038	9.071513	1.265239	5.907588	-0.416362
942	2	0.222495	7.599316	4.000880	7.442967	3.781799	6.639060	-9.564784	8.617045	7.442967	6.506571
946	2	8.741170	-9.218614	6.856179	7.821619	5.716336	4.143549	8.584192	1.922898	7.821619	-3.130789
949	2	-0.224286	5.875595	2.215668	6.689366	-9.451255	5.602212	-12.580720	8.209076	6.689366	-3.100302
950	2	0.250962	4.679973	2.507529	6.301248	-6.575481	6.719406	-8.556373	7.447946	6.301248	-2.613259
952	2	0.616260	6.612477	1.755262	6.493272	-4.511983	7.030929	-10.192272	7.056940	6.493272	7.514131
957	2	5.584448	-12.719836	4.745666	5.811758	6.873540	5.310401	3.441525	1.570423	5.811758	-2.217794
959	2	8.080079	-6.308524	4.044417	6.049605	1.139710	1.777326	7.305507	1.459161	6.049605	-8.958890
963	2	7.342275	-15.174129	6.411412	7.252453	-2.813682	1.946455	2.856177	1.003374	7.252453	-8.924028
966	2	8.803228	-14.315175	7.055908	7.686564	6.662533	2.445179	3.758732	1.229704	7.686564	-4.741922
969	2	0.312833	11.608302	2.453539	0.330202	-4.326033	6.815195	-6.775803	6.500266	0.330202	7.513029
970	2	4.543281	10.393460	3.059929	6.608334	1.515106	7.787178	-8.052528	9.540675	6.608334	7.970972
971	2	7.242576	4.659881	-1.069598	2.767404	-5.748587	8.344959	-4.244438	3.670603	2.767404	6.887831
974	2	1.723371	-5.275146	7.104920	5.183388	8.055101	-1.962568	3.540647	2.099339	5.183388	1.859362
975	2	7.362277	-8.514008	6.640830	3.620604	2.432680	0.928375	9.457286	1.941491	3.620604	-3.849720
977	2	5.309168	2.864294	0.581899	9.656948	-0.397736	7.039645	-13.857456	6.397491	9.656948	7.794732
978	2	6.255397	-10.953666	8.552982	7.118914	6.014597	0.956861	7.295648	3.157152	7.118914	-1.835255
981	2	3.244875	7.728790	1.044000	5.649231	-5.834982	8.180067	-7.263390	6.648492	5.649231	6.624281
982	2	0.618588	7.357996	4.311500	5.673256	-8.730237	5.960176	-5.161594	8.053239	5.673256	0.758482
983	2	-2.321582	11.640855	2.715926	6.935346	-1.680047	3.959926	-5.936872	8.307528	6.935346	8.309328
984	2	1.466732	10.989410	-2.448400	4.792179	-3.617001	6.942333	-6.550071	3.544847	4.792179	6.495418
985	2	3.920961	-5.746649	8.148948	7.653683	0.409973	0.973313	4.486251	2.248990	7.653683	-3.924289
991	2	9.166907	-13.792314	3.155833	6.456041	7.490684	2.530239	4.643496	-0.153206	6.456041	0.675174
992	2	0.365101	3.450109	2.550754	5.210060	4.694895	6.655992	-8.769579	8.479711	5.210060	6.881420
997	2	5.702830	-11.943124	5.665818	7.475700	6.875935	-0.298956	5.609457	-0.380336	7.475700	-3.269091
998	2	-1.510385	10.745478	0.861359	6.562232	-1.767950	4.529858	-4.291429	6.104663	6.562232	8.167723
999	2	6.707763	-6.379525	7.081005	5.134252	7.794923	0.173687	9.503457	0.546641	5.134252	1.280048
