68	4	2.443010	4.081291	1.634924	7.895713	0.588424	5.622979	-1.969782	-3.590831	3.194264	5.823268	5.622979	-1.969782	-4.791154	7.895843	0.588424	3.510348	3.396557	2.913060	3.166460	5.833341
170	4	5.657656	1.323459	-2.271815	6.698161	-0.719230	5.658185	1.314060	1.464482	0.928583	5.808216	2.097134	6.200079	1.210107	6.698114	-0.719230	3.518285	3.077431	4.059631	0.226712	5.821082
184	4	1.712855	7.632419	-1.017056	7.623530	0.180814	6.636015	1.928729	-3.315329	7.693012	0.180814	6.647794	1.603078	1.946629	2.084318	6.552706	1.731571	5.421331	4.611918	0.643243	6.694386
266	4	5.558517	2.277678	1.411893	0.448606	6.808263	5.548418	2.294898	-1.257384	4.688829	4.446272	4.011176	4.456390	3.736985	0.043578	6.811274	2.871994	5.924334	1.365919	4.688805	4.446272
294	4	8.846065	0.366667	-3.219855	5.625397	4.113238	2.519187	5.821776	1.645748	5.600840	4.119760	2.731950	5.242786	3.722847	-5.582837	6.643636	8.846065	0.362128	-1.218206	-0.109545	6.628411
482	4	2.216550	3.747909	4.123896	1.091657	9.136924	2.163012	5.345718	-1.081004	8.853370	3.828032	7.850538	-0.960525	0.296226	2.249508	9.020983	7.850538	-0.960525	-4.828501	8.909808	3.823906
524	4	1.119314	6.200733	1.435367	8.075765	0.161558	1.139486	3.390822	4.316247	2.908349	0.851892	7.220924	-0.322143	-3.529970	8.079634	0.161558	1.150539	3.263615	4.358353	-1.502525	6.317065
630	4	3.950834	4.602508	7.308078	-2.542788	8.222734	7.830192	-1.249221	6.725111	-2.536931	8.222711	2.107675	7.621014	2.465361	6.885707	2.040494	7.825940	1.446414	1.867223	6.928873	2.033910
705	4	7.990496	0.260279	-5.170345	7.208996	1.813395	2.626814	6.244105	-0.360007	7.148425	1.817478	7.990496	0.260279	-3.064644	1.228393	6.905719	2.694293	6.138536	1.978844	0.900008	7.044002
738	4	7.136964	1.651286	0.712360	0.624072	6.936901	2.303255	3.366829	4.406059	-1.262409	6.937071	7.136962	1.651295	-0.704021	7.112824	0.535501	0.989870	4.558820	4.070624	6.043316	0.794227
817	4	6.559932	1.464748	-2.297634	6.476494	2.168920	1.139508	5.784156	2.984658	-0.367205	8.119650	6.559933	1.464740	-1.673677	-0.118121	8.094922	1.113381	5.907678	2.359879	6.403599	2.185429
1112	4	1.579801	7.398035	3.036180	8.246758	1.098462	7.432078	3.026569	3.036180	8.246758	1.098462	7.687085	-0.004931	7.311124	2.426615	1.105349	7.687135	-0.054213	7.382987	-4.140069	7.086850
1258	4	1.548606	8.162750	1.173642	5.683611	0.757259	6.915291	2.313687	1.094285	5.683641	0.757259	1.549783	6.111408	4.685105	-2.277742	6.749964	7.047473	1.475247	3.671294	-0.097158	6.384848
1345	4	3.787589	3.009334	3.081173	2.181485	4.546001	5.330524	1.306786	-2.666300	6.395560	2.005132	5.330757	1.303531	-0.131375	2.203055	4.538159	2.900917	3.327978	1.862106	6.395177	2.005387
1457	4	2.847189	3.668675	6.596892	-0.088763	6.431066	8.466709	0.885719	3.563556	2.156253	5.475924	2.745710	7.010212	0.667063	6.023591	3.032358	8.456979	1.056461	-1.986765	6.257858	2.921959
1463	4	1.676306	9.383218	0.958395	5.495318	1.194250	1.676560	6.751335	7.070241	0.054718	4.232957	1.676560	6.751334	7.096968	-5.947822	6.766015	8.053370	1.491537	6.586683	-5.371152	6.708624
1535	4	0.342156	5.424510	3.516279	-4.282270	6.178725	0.342097	6.017791	-0.779294	7.558331	1.999927	6.019175	0.179095	-2.606939	7.558474	1.999842	6.032249	0.172142	1.245164	1.460097	5.710025
1623	4	0.517725	4.464775	-1.283816	4.529897	1.400023	6.393833	-1.088719	-7.702305	4.529927	1.400023	1.378352	3.428106	3.983278	-2.118521	7.825879	6.394470	-1.132665	-1.311717	-0.995757	7.825451
1686	4	6.735152	2.995703	-5.119566	2.820342	7.565834	1.416472	5.551605	-2.624689	2.820342	7.565834	1.416472	5.551605	-2.624708	6.594653	4.304194	6.735152	2.995703	-5.119585	6.594653	4.304194
1804	4	2.340040	5.018022	5.112384	3.435874	1.942301	6.240008	1.907178	-0.103109	7.844780	1.662632	2.340035	5.018024	3.336052	6.050439	1.662668	2.340040	5.018022	6.119298	1.547830	6.344455
1943	4	3.910098	6.151384	3.571417	-0.370323	5.019842	8.368301	0.311535	-6.158289	5.878168	1.223928	3.909626	6.603725	-1.613607	5.877977	1.224181	8.368301	0.311496	-1.011620	2.292393	4.853943
2123	4	1.379372	4.877973	5.853736	-1.464168	3.775469	3.737304	0.796920	5.515350	-3.798999	5.066568	1.815706	4.314981	6.180891	-3.799057	5.066569	3.631286	1.142208	5.489614	-1.464055	3.775225
2127	4	6.706590	-0.409437	2.746314	3.118650	2.268643	6.706620	-1.127924	3.038609	-1.364321	4.417826	6.706388	0.283824	-1.431029	6.239103	-1.466734	2.521127	5.165159	1.142183	5.140696	-0.667639
2172	4	6.939960	1.576717	-1.286518	6.727764	1.227517	1.112817	7.860344	0.274588	6.727758	1.227517	1.113183	5.530403	5.249598	1.713489	5.896990	1.112819	6.785043	4.292357	3.863439	3.621916
2200	4	6.318018	1.632348	1.337185	7.296212	-1.803954	3.378331	5.564123	1.344605	7.295470	-1.803939	6.373765	0.490677	4.811274	-0.927650	4.739184	3.391584	4.425991	4.889125	-1.045625	4.739185
2232	4	7.029923	1.667501	2.703028	0.380722	3.021071	1.253391	7.802495	-1.986269	6.456610	-3.048380	7.023582	1.674900	-3.786603	6.504200	-3.048381	1.478076	6.326319	4.400886	-0.659595	3.023458
2319	4	7.021514	-5.733821	6.052319	-2.473301	6.307058	1.307840	0.739047	6.052472	-2.473308	6.307058	7.021514	-5.488087	3.100614	6.451445	2.723890	0.843616	0.984526	3.101054	6.450520	2.724145
2488	4	2.124770	6.237100	0.528068	5.963994	0.295144	7.685896	-0.388225	-4.990847	5.977331	0.295137	2.124785	5.703152	4.251766	-0.695926	6.814529	7.685896	-0.388277	-1.541110	0.640788	6.814140
2513	4	1.513305	6.957317	-1.345898	7.262531	-1.147440	6.382910	1.458633	-3.420320	7.262549	-1.147440	6.391354	1.171065	0.519015	1.731800	5.437664	1.525712	5.979162	2.805775	1.624022	5.445290
2618	4	1.046659	5.082493	2.743902	-3.621453	8.855230	6.828269	-0.367376	0.129940	-0.108349	8.850359	0.621643	5.596031	-2.495860	6.406393	4.288019	6.827721	-0.267162	-5.186742	6.406409	4.288018
2710	4	8.130326	-0.611833	-2.910518	6.244455	1.456656	8.130333	-0.612185	-2.508098	1.295851	4.422605	2.200503	5.312464	2.238729	6.211020	1.457432	2.269082	4.929675	2.767655	1.197654	4.423011
2760	4	7.482657	1.389290	0.134994	-0.139965	6.234671	4.667610	3.958135	5.138213	-2.996569	6.234674	7.462573	1.555780	-3.422885	5.207768	1.355609	2.338153	5.530068	2.482342	4.968253	1.362877
2851	4	3.295891	3.553130	3.035819	1.694756	7.070325	7.702710	1.790069	-1.018567	2.185278	6.933020	2.251514	4.001792	-1.133086	7.134234	1.997853	7.702709	1.790069	-6.415043	7.136078	1.997851
3040	4	7.089710	0.612312	-3.198501	0.470000	8.380721	3.937901	6.138724	2.554843	0.080635	8.387870	7.085517	0.629654	-7.351682	4.455122	4.374378	3.537264	6.781798	-1.650611	4.425248	4.378114
3177	4	5.720157	2.429009	-1.741656	4.097571	7.340935	-0.275267	5.709678	0.644946	4.095246	7.343595	-0.275348	5.710003	0.576441	5.971371	4.695133	5.720157	2.429012	-1.809868	5.973847	4.691812
3227	4	6.076065	0.730898	2.572053	-0.543712	7.116598	2.458942	6.635325	-3.996525	6.305404	1.990390	2.458942	6.628662	2.614608	-0.543841	7.116598	6.061179	0.738601	-4.038414	6.305405	1.990389
3228	4	6.403672	1.027626	-5.685662	6.767759	2.034120	6.403672	1.027626	-5.685543	2.894530	6.737138	0.593700	5.242496	-1.347685	6.767759	2.034120	0.593700	5.242496	-1.347548	2.894530	6.737138
3507	4	-1.702847	5.147534	-0.892583	7.924856	0.490402	4.352513	-1.359642	-0.038275	2.118158	5.977957	0.772355	3.099130	4.394711	-4.069125	6.563195	4.351886	-1.347521	-5.886371	7.924873	0.490402
3574	4	8.946492	0.435738	-4.777612	7.006907	2.377022	4.114676	6.254479	0.501751	6.989984	2.381755	8.946492	0.435736	-4.777265	1.584089	7.179802	4.114780	6.254391	0.502127	1.565461	7.183557
3657	4	1.392926	5.573323	2.739205	5.753620	3.622642	2.015766	3.698555	5.799936	-0.270590	6.958709	5.854906	-0.042215	5.137509	0.306135	6.922208	5.851191	1.402764	2.622035	5.800017	3.622642
3716	4	2.719642	4.564589	-2.420676	7.039233	0.850235	8.344566	-1.466575	-1.625717	1.857642	6.852000	2.728907	3.628888	4.129511	0.397751	7.026799	8.344047	-1.441413	-8.166816	7.039233	0.850235
3764	4	7.501415	1.267576	3.267970	2.955568	7.721092	1.792623	4.699192	4.781912	0.467073	8.463633	7.500711	1.708618	1.388008	7.256048	4.640497	1.179539	7.756243	2.028727	7.229819	4.660560
3767	4	1.564950	6.944680	2.696342	0.472278	8.584925	6.685121	1.088378	-3.147666	6.573281	2.510875	1.561933	6.948177	-0.673605	6.571125	2.510881	6.685121	1.088378	-0.077957	0.687368	8.584800
3854	4	7.615852	1.354688	-1.170419	-0.130332	7.000750	3.785564	5.117606	3.111503	-0.731064	7.000774	7.615852	1.354715	-6.981331	6.186628	1.476558	3.768713	5.308755	-2.702281	6.186381	1.476611
3872	4	3.110494	5.908469	5.353129	-2.600424	6.078387	2.617303	7.819248	0.068558	6.439918	1.223339	7.620202	2.654610	-3.724440	6.440201	1.223027	7.670050	2.399772	0.932118	0.498416	6.059982
3887	4	6.023751	3.214088	0.306218	6.635108	1.599621	2.905677	7.690771	6.642339	-1.090075	7.204314	2.689762	8.176771	1.282514	6.602386	1.613346	6.909038	1.721787	4.811692	0.861888	7.105869
3925	4	0.508313	6.182840	1.038376	5.887354	0.469605	6.959080	0.024807	-2.167554	5.887428	0.469603	6.959080	0.024387	-0.515315	3.088682	6.613243	0.508663	5.896128	2.677626	3.005108	6.690376
3954	4	2.946600	6.597112	1.677620	7.093928	1.880399	2.970287	5.910329	7.999413	1.963565	5.619514	7.068442	1.559324	6.769898	1.963644	5.619471	6.999433	2.447324	1.390834	7.094214	1.880219
3979	4	7.353100	-3.058277	4.330728	2.970588	-4.023225	1.989644	1.942826	4.358031	2.969939	-4.023224	0.804507	3.267860	0.472353	6.737656	-4.023661	7.348835	-1.677031	-0.239759	6.792027	-4.023661
4247	4	0.934478	6.072688	0.160228	2.351066	7.803224	7.463002	-0.079976	-4.622228	2.354075	7.802210	0.934478	6.072697	0.028665	6.384025	3.116288	7.463002	-0.079976	-4.752747	6.386314	3.116284
4256	4	6.850411	-0.178216	-6.620811	7.861818	1.451902	0.437436	6.049360	-0.303840	7.861818	1.451903	0.442360	3.730275	5.731920	-4.088349	7.101448	6.862379	-0.264787	-0.546480	1.631421	7.005616
4302	4	2.480836	8.230086	-1.662551	6.839686	0.052682	3.426331	3.952544	4.618031	-4.073056	5.586126	8.209309	2.068922	3.677289	-3.133884	5.586126	2.480836	8.230074	0.997273	2.529184	5.518307
4382	4	4.570628	-0.481529	4.059683	-0.655405	6.806463	1.521917	6.253073	1.448408	6.871177	3.161915	1.666015	2.553022	5.792016	-4.306020	6.806463	4.496124	0.534782	1.249467	6.871244	3.161915
4504	4	3.536783	4.554055	4.008183	-1.879867	5.882758	6.565917	0.538729	1.486134	-0.002562	5.882650	0.697354	6.600496	-2.365697	4.619430	4.047027	6.564970	0.680930	-4.460764	4.619430	4.047027
4523	4	0.856913	3.591326	4.600056	3.856384	2.443520	1.381858	3.179476	5.133316	-3.509630	7.988989	6.118816	0.807876	-1.838310	6.857846	2.426582	6.118821	0.807859	1.424258	0.456574	7.603005
4532	4	0.790903	5.316758	0.168554	6.851059	1.700059	5.155458	0.165122	-3.824160	6.953750	1.700059	3.061232	3.385159	5.450466	0.008777	6.678320	5.159083	-0.193958	2.068082	1.605978	6.649663
4570	4	7.425202	0.184466	5.888851	-1.591166	8.382505	7.403194	1.638330	3.522424	6.010732	4.246663	0.936804	6.689374	3.560899	5.927311	4.322835	0.972350	5.195643	5.986303	-1.641499	8.382596
4645	4	7.057098	2.274486	-0.191933	7.934598	1.899841	0.511269	6.303635	0.866359	7.933451	1.899842	0.988505	4.280443	5.925680	-1.099109	8.542581	7.138652	1.079448	4.410450	1.918505	8.034730
4722	4	3.386109	3.729166	0.888000	1.842134	6.109403	7.288268	0.123660	-3.122927	1.843462	6.109322	7.288268	0.123711	-6.026054	8.244013	-0.402266	3.348550	3.747366	-2.011051	8.244013	-0.402266
4734	4	2.209560	3.709021	3.729356	1.554111	8.730850	5.671424	-0.908119	-8.012831	6.361232	2.337761	2.169968	4.378032	-1.794333	6.360818	2.337762	5.671448	-0.908154	-1.677958	2.235512	8.720404
4763	4	0.742537	7.511004	-1.849704	6.922705	2.500514	2.362108	4.539735	3.179853	0.362891	6.807167	7.250211	0.996583	-2.824085	0.502785	6.807161	7.250211	0.996583	-7.887632	6.922705	2.500514
4768	4	2.445456	5.148690	0.553291	7.647690	4.886116	2.583410	3.463898	6.259457	0.083657	6.700682	7.428544	-0.030210	5.048339	0.516411	6.573066	7.303843	1.519864	-1.199861	7.647693	4.886116
4770	4	2.215093	6.918462	2.167748	6.179519	1.778271	8.713417	1.359801	4.273005	-0.456649	5.721680	2.506250	4.880071	6.186085	-1.025354	6.192250	8.029224	2.560870	0.555566	6.429069	1.777124
4805	4	3.290164	6.845072	-0.383299	7.440884	-1.111849	6.477502	0.951520	-1.610913	7.703598	-1.111849	6.588334	0.105865	3.179038	-1.471228	4.310025	6.588260	0.106598	3.177369	1.200668	-0.850476
4866	4	6.357385	0.823385	-3.454636	5.520121	1.183010	6.358907	0.684396	0.403350	-0.800092	7.541820	0.169443	6.990371	1.572971	5.519923	1.183042	0.169953	5.209124	5.432853	-3.638155	7.545965
4992	4	5.523007	-0.478939	-1.743512	1.021003	7.775160	0.288843	2.443615	3.214630	0.945440	7.775767	5.523007	-0.478939	-6.196521	6.531953	1.684376	0.257198	4.770778	0.020344	6.531952	1.684377
5037	4	8.724068	-1.516939	0.762103	-1.144422	7.717647	2.116360	4.553401	0.778264	5.450687	1.558419	8.723974	-1.514146	-5.287349	5.869444	1.556690	2.239958	1.938511	3.058902	-1.517322	7.717647
5210	4	2.525834	6.987565	4.004116	-0.079564	5.979586	7.758824	2.413426	1.294414	2.356708	5.961179	2.525726	8.620284	1.577811	6.447713	0.454739	7.758646	2.424587	-0.855061	6.534837	0.453842
5257	4	2.247264	6.299846	0.829547	5.858523	1.500810	8.601630	2.382447	1.887750	-0.979004	7.292204	5.440742	3.611101	5.125746	-6.706225	7.292204	8.512337	2.500489	-3.231468	5.924385	1.500661
5282	4	7.827159	1.862785	2.762296	2.104639	8.231519	1.565426	7.447903	3.423650	1.506174	8.237000	7.652310	2.529431	-3.510236	6.468523	3.792011	1.547339	8.205862	-2.960056	6.468523	3.792011
5321	4	2.854619	5.430771	-0.761775	6.711184	0.600274	8.024863	1.411663	-0.830483	2.601309	6.601547	8.023203	1.450535	-3.383087	6.711233	0.600274	2.855287	5.198988	1.892625	2.523396	6.603491
5345	4	4.873375	7.862580	0.498483	5.418425	2.433180	4.873837	7.738498	2.985638	1.614827	6.574651	7.847393	2.500436	-3.782605	5.418426	2.433180	7.847398	2.500415	-1.300865	1.622580	6.574592
5359	4	7.178107	2.093680	-2.375153	5.875167	-0.393371	7.223877	1.660381	3.064615	-2.678496	5.804713	1.032838	7.509399	-0.084558	5.873769	-0.393336	1.793761	4.868880	5.798760	-2.906554	5.804713
5492	4	2.286247	6.143443	1.454092	6.072677	1.171754	6.582339	-0.643715	4.853612	-5.820153	7.683800	6.233481	2.889657	-0.479377	6.131553	1.171722	6.344111	2.587791	1.690412	0.378912	7.680858
5700	4	3.530842	2.424205	3.109474	-1.175750	8.102401	6.501486	-3.126715	1.551373	-0.551901	8.102389	3.226498	2.828946	-1.151175	5.765601	2.361600	6.490107	-3.062767	-2.826389	5.766142	2.361328
5735	4	7.531114	0.690101	-4.370591	6.406434	2.845008	2.965338	4.482291	1.277301	6.406351	2.845048	7.531114	0.690095	-0.299314	0.040127	7.882096	4.742601	3.229653	4.038268	-0.820357	7.901336
5882	4	2.803071	5.606638	-0.628770	6.960645	3.692221	6.023415	0.825876	-1.444630	1.614658	6.864871	3.520412	3.802243	3.783753	-0.688035	7.154539	6.023396	0.825934	-6.796444	6.970996	3.683844
5935	4	1.273757	5.608050	3.453715	5.931110	2.293968	6.803452	0.010529	2.543496	6.363241	2.290725	1.300989	3.364822	4.520893	-3.427560	7.224895	7.113062	-0.852655	3.455977	0.612579	7.224891
5964	4	2.444838	4.546534	5.445610	-1.808080	5.247044	7.624856	-0.142828	5.101933	-1.639647	5.247035	7.458187	2.046473	0.522328	5.270503	1.477017	1.982957	7.246439	0.881657	5.269311	1.478150
6108	4	0.730154	6.517767	-0.695553	5.170233	3.741247	4.869813	3.358707	4.358953	-0.527856	5.898841	6.934633	0.826284	-2.724374	5.170293	3.741203	6.935312	0.111049	2.361901	-0.213439	5.873883
6140	4	0.290405	6.683335	0.476220	8.348420	2.209276	6.676267	1.411700	1.330683	2.095152	7.259314	3.432046	3.664967	5.661447	-2.795086	7.297508	6.664493	1.454613	-4.438498	8.348425	2.209277
6281	4	7.211092	1.253429	-4.972666	0.911909	6.770808	7.211092	1.253425	-5.948911	7.235609	0.368840	0.609736	7.552133	-2.692821	0.911909	6.770808	0.609736	7.552133	-3.669062	7.235609	0.368840
6312	4	3.292031	1.843832	3.758188	-0.922379	7.532533	1.763579	3.514994	1.200577	6.119322	0.939189	7.076678	-3.341463	3.750364	-0.902701	7.532443	7.058681	0.082624	-1.159993	6.121711	0.938992
6414	4	0.602037	6.250895	-1.696085	6.500861	2.225087	3.679871	3.784952	4.273677	-1.281216	7.111182	7.138968	0.776265	-7.156505	6.500861	2.225087	7.138968	0.776265	-1.147754	0.591883	7.111095
6437	4	1.117851	5.625749	1.228729	6.430141	2.590337	6.580298	0.687962	-4.663370	6.430159	2.590315	4.449362	3.373175	3.309018	2.263466	7.280336	6.580317	0.687495	0.039148	2.434457	7.234525
6438	4	7.141284	-2.234805	-4.400321	7.696539	1.765782	2.081044	3.455968	3.691009	0.729571	6.853204	2.015990	4.312146	1.340162	7.695589	1.765782	7.141284	-2.234805	-1.077643	1.086092	6.844128
6464	4	6.545008	-0.030634	2.549601	0.618618	6.998601	0.221713	4.763990	7.365933	-4.549496	7.015723	0.042523	7.474320	1.277924	6.052434	2.866855	6.486537	1.278399	-3.558448	6.083873	2.822578
6522	4	-0.680955	6.437576	0.329759	7.777571	-0.049235	5.692446	0.005891	-3.985625	7.785117	-0.049773	5.692446	-0.047629	-0.444598	1.245435	5.912982	-0.607751	5.591096	4.049496	0.289277	6.138849
6551	4	-0.999429	6.212645	2.125049	0.859483	6.040401	-0.999634	6.237323	-2.506956	6.029340	1.176283	4.117766	1.168697	-1.869858	1.267616	5.699116	4.117765	1.168704	-6.456288	6.044169	1.176275
6698	4	3.560630	2.417299	4.713735	-1.177216	8.111676	2.044014	5.047659	2.772806	7.963999	3.258421	7.885613	0.652744	3.453467	1.163759	8.080382	7.765690	0.773966	0.863424	8.179461	3.222562
6746	4	3.862900	4.133729	7.070398	-1.894722	5.991843	3.114525	9.742319	1.575593	7.118430	1.524057	6.264376	1.083715	5.188322	-1.755286	5.983290	6.259593	1.171652	4.838745	3.147343	4.494307
6769	4	7.479239	-1.589783	-2.195878	6.290522	1.546595	7.479256	-1.916305	0.556646	1.926212	6.217077	3.225043	3.515121	1.101300	6.288982	1.546643	5.247079	2.820066	1.770249	1.899608	6.218787
6804	4	8.069460	1.700098	-3.191035	7.658796	1.192936	8.069460	1.699923	-0.331543	1.517172	7.056772	5.377235	6.442004	-0.805303	7.658793	1.192936	5.377319	6.298242	2.107399	1.506194	7.057341
6820	4	1.815397	7.722226	1.392491	8.975878	1.431252	7.783925	0.605014	6.279295	0.781972	6.812174	2.491426	5.122543	7.622814	-0.750398	7.257480	7.591307	3.231679	1.287333	8.981100	1.431252
6936	4	2.801914	3.266087	5.142618	-0.268994	3.623172	2.794440	6.056281	-0.120210	6.444103	-2.036976	5.930066	0.620419	-2.013350	6.444446	-2.036977	5.962396	-1.099347	4.239025	-0.132467	3.623167
7024	4	7.220506	0.447750	0.664741	0.980363	7.847316	1.773516	2.556923	4.374413	-3.201497	7.848116	7.220490	0.447798	-3.769104	5.068276	2.029940	1.003590	5.978344	2.597444	5.002959	2.055018
7053	4	0.491649	6.794541	-0.280770	7.164244	1.386487	5.550456	0.387284	-2.460384	7.506336	1.386483	5.550456	0.387284	-2.454638	3.200209	5.457001	0.491650	6.794536	-0.265394	2.843960	5.866026
7056	4	1.361757	5.426644	-1.368035	1.741941	8.043263	6.651529	0.246303	-3.957203	1.742805	8.043094	1.361757	5.426733	-1.370831	6.688007	1.516996	6.651529	0.246318	-3.959979	6.688865	1.516989
7091	4	3.896995	3.916422	5.763887	-5.106507	7.355473	1.345118	5.743512	0.305982	6.825277	1.103130	6.458388	1.822918	-2.815848	6.827461	1.103128	6.532584	1.268286	2.327533	0.312220	7.355381
7108	4	7.879958	1.124685	6.354554	-0.178946	5.110831	3.983531	5.532538	6.711168	-0.182963	5.112727	7.576498	3.018340	3.160324	6.643881	0.548092	3.487233	7.786582	3.160605	6.643707	0.548164
7155	4	8.141444	-0.587317	0.904339	6.021996	3.136244	8.152450	-1.641121	6.680245	-1.757461	7.347140	1.693854	5.004043	1.513844	5.862090	3.361849	2.407718	3.989239	7.719256	-1.935491	7.347298
7159	4	2.087108	8.330692	0.171770	1.992572	7.826010	3.040301	3.650623	6.477770	-3.899668	8.439326	2.087108	8.333952	0.166027	8.364750	3.599355	7.852197	-2.096820	4.583538	-2.336207	8.413774
7210	4	6.973385	2.645628	1.611788	7.031128	3.901600	1.053874	7.674073	2.043631	6.903697	4.000939	1.709131	5.055337	8.470074	1.551981	7.361485	7.168598	0.445600	7.163135	1.748190	7.304851
7253	4	6.503672	-0.013714	0.937063	2.072560	9.006386	1.221245	4.146116	0.402641	7.241929	2.819872	1.838383	2.313457	4.536966	-3.676952	9.318542	6.483902	0.333164	-4.328390	7.245368	2.819791
7438	4	7.623029	-0.319441	-0.738896	-0.282208	6.996011	4.200293	4.299428	4.763704	-1.983706	6.997532	7.608419	-0.246270	-5.989490	6.164370	2.831348	4.002159	5.560458	-0.342381	6.057768	2.831348
7453	4	7.648562	-2.280544	5.060993	-1.053273	7.059325	1.182402	8.470751	0.352880	7.061009	1.813285	7.214424	2.449789	1.308587	3.127741	6.603952	1.182438	8.457650	1.308587	3.127741	6.603952
7505	4	2.680007	5.327890	3.461706	0.824006	8.470715	2.679980	6.526206	1.490817	5.780166	2.978194	8.414623	0.736269	-0.853810	5.872520	2.836944	8.414643	0.736257	-0.010164	2.965430	8.173490
7675	4	0.254407	7.089007	-0.763765	5.761270	3.369735	0.266070	5.885189	5.485682	-5.677863	8.864461	6.702818	0.588365	2.773264	-1.724764	8.864155	6.702321	0.997103	-2.943387	5.761272	3.369735
7684	4	1.544619	3.960871	-0.390752	5.117250	0.008418	1.548668	3.310173	3.982405	0.565540	5.691698	7.882648	-1.189322	-5.960764	5.183693	-0.058300	7.882648	-1.189322	-0.665343	1.514418	5.680432
7752	4	0.033622	5.695565	0.140079	6.607523	5.363980	6.318208	-0.089821	-5.202532	6.635968	5.363980	0.033664	5.694723	0.985137	1.628742	8.518602	1.480991	3.453314	3.121578	0.645152	9.027524
7801	4	2.731927	6.518514	0.546583	3.922334	6.159148	2.731832	6.518802	0.427573	8.664595	1.383470	8.737703	1.046914	-0.078746	3.922335	6.159147	8.737666	1.047013	-0.197724	8.664596	1.383470
7864	4	6.964898	0.550313	2.807130	0.758663	7.343322	6.536640	2.669829	2.493930	5.822886	5.180611	6.378255	2.839547	2.611981	5.850446	5.155353	6.665505	1.919267	2.504012	5.045115	5.266830
8015	4	4.250923	1.506927	2.792509	4.424454	1.522168	1.740069	5.073337	4.095084	4.325384	1.530043	4.006740	1.837327	-1.421400	7.628743	1.468096	1.312832	5.998503	-0.413581	7.470665	1.468257
8176	4	0.742736	7.738337	-0.639070	4.575236	1.626562	7.382795	1.341062	-1.910687	4.575357	1.626473	0.753438	5.719957	5.621700	-5.868562	7.197170	7.383024	0.383405	3.799266	-2.347854	7.197168
8241	4	5.927227	2.687224	-2.314379	6.585827	2.533773	0.395029	5.798778	5.629267	-1.146005	7.427711	0.251066	7.628808	-0.357059	6.515709	2.533774	6.008101	2.304282	2.448114	0.437755	7.420552
8246	4	3.219599	5.528615	1.847096	-0.193454	6.749459	8.883470	0.120205	-4.585495	-0.163190	6.749457	3.141735	5.777964	-3.861887	6.450641	1.536925	8.883470	0.120241	-10.285941	6.450642	1.536925
8304	4	5.222337	3.287317	5.677076	-2.811438	5.950898	9.350842	-1.790177	3.771200	2.346036	0.827456	9.112667	0.989273	-2.535280	5.484449	-0.131131	3.184006	6.569293	0.584272	5.482616	-0.131123
8620	4	5.997147	-0.771473	2.183342	-2.174962	5.256607	0.926805	3.186323	3.560837	-2.539770	5.256607	0.921649	5.096278	1.816939	3.196889	0.097225	5.791510	-0.518422	-2.714302	3.201259	0.093478
8623	4	-0.283104	5.331103	6.387274	-4.579836	6.080766	5.632788	1.394868	3.654440	-1.873029	6.080765	-0.418406	8.296892	2.057327	4.817648	3.158983	5.573975	1.937420	0.799068	4.818748	3.158979
8656	4	1.689326	6.079820	0.157480	5.686151	-0.737481	2.158126	4.921101	6.205283	-1.618872	5.382083	7.254662	2.020420	2.268867	-1.248939	5.382082	7.236302	2.388848	-1.955192	5.950616	-0.739306
8667	4	4.954476	3.462158	5.921815	-1.088837	8.039029	9.511836	1.197202	-4.465401	7.533592	2.790364	9.526652	1.117870	1.647167	0.848374	8.035719	4.883073	7.579938	1.505690	7.301611	2.802952
8685	4	3.128362	4.601870	4.721718	-1.660694	8.674018	7.957526	2.265612	1.310284	-0.228303	8.672144	2.709084	6.523818	-0.836781	6.436545	2.721796	7.931004	2.304675	-4.290318	6.502612	2.714016
8724	4	2.348941	5.299940	3.970248	-5.045902	5.799704	4.701083	3.588886	-0.527398	5.377770	1.223707	5.341133	2.536814	3.820463	-4.988918	5.799704	2.337366	6.487358	-0.507140	5.376028	1.223776
8823	4	6.158475	0.575142	-2.093525	0.146138	7.031702	-0.067318	6.049973	3.526474	-5.296308	7.031822	-0.083661	6.223548	-0.299385	5.154724	1.092839	6.158475	0.575142	-5.902674	5.157858	1.092518
8841	4	7.645995	-0.507275	-1.467707	2.302564	3.798404	7.645161	-0.462751	-1.937242	4.271481	0.055735	1.658016	5.003520	1.654849	4.269947	0.060603	1.764527	4.747094	2.134024	2.260578	3.808277
8851	4	5.715993	0.879000	1.133710	6.706500	-0.603341	2.070931	5.897169	1.272744	6.704048	-0.603341	5.718186	0.697766	3.653942	-1.006813	6.014060	2.211590	5.436583	3.904986	-1.375507	6.015109
8902	4	8.345875	-0.421541	-4.204416	2.171943	8.781702	8.345875	-0.421541	-5.445681	6.594487	3.550632	4.616566	5.403291	1.886713	2.171215	8.781788	4.597653	5.435480	0.644661	6.594483	3.550632
8911	4	2.783233	6.970064	-0.309671	5.799451	0.844894	7.626822	0.423598	-1.473737	5.800230	0.844876	2.877467	5.219508	5.042294	-4.906887	6.422333	7.642521	-0.019988	2.260949	-0.615984	6.422333
8914	4	8.189254	1.638531	-2.553658	3.213242	7.146568	1.864583	6.239766	-2.833495	6.762116	1.306412	1.868431	5.993208	-0.936947	3.213242	7.146568	8.172730	1.685584	-4.276439	6.762116	1.306412
8968	4	6.760834	-1.445827	-1.412885	1.269717	6.955069	2.187881	4.399919	-0.171228	6.168838	1.829222	3.814918	3.081110	4.540979	-1.555666	6.955200	6.760833	-1.408980	-6.475703	6.183531	1.829178
9015	4	6.776500	0.754856	-5.250021	5.399626	3.788496	6.776540	0.753878	1.106132	-0.774785	8.269275	4.243022	5.221768	-3.150733	5.399566	3.788496	4.273629	4.940045	3.158614	-1.103530	8.269276
9021	4	1.100375	3.720911	2.767756	6.732878	-1.183867	1.100748	3.720203	6.836486	-3.158072	5.401169	7.071273	0.105340	0.342700	7.253410	-1.195261	7.074265	-1.325914	3.524301	0.149071	5.388322
9063	4	7.312724	-3.143370	-2.446909	6.096490	1.405001	7.312744	-3.162523	1.182362	2.626256	6.440257	0.975739	2.976425	0.630125	5.996571	1.422235	1.025669	2.492923	2.820276	2.212214	6.494776
9168	4	4.511988	2.945254	4.870046	-4.900769	6.904622	3.484239	6.506528	2.115628	6.408906	2.722050	8.551292	0.764575	2.813197	0.163386	6.893693	8.450848	1.020998	-2.780375	6.428334	2.707789
9216	4	1.368845	6.898815	6.693365	-2.336836	7.002163	6.726211	1.775799	3.369326	-0.202654	7.002106	1.338830	7.124885	4.687932	5.426875	1.076904	6.713234	1.982768	2.160208	6.622898	0.683407
9256	4	6.985221	-0.234324	-3.005764	6.885238	4.500306	1.481258	5.497068	0.478132	6.867790	4.500307	6.985222	-0.680071	2.913140	1.611515	8.606241	2.308165	4.309351	6.411935	-2.950603	8.637946
9270	4	0.835768	5.663938	3.896710	-0.937680	7.890733	0.835754	7.040097	-1.388676	3.805204	3.120804	6.023439	1.140381	-6.257892	3.806167	3.120800	6.023439	1.140379	-1.230396	0.119692	7.777196
9558	4	6.275791	-0.305581	-5.284340	7.409749	1.253716	6.275791	-0.305581	-5.036902	1.631797	6.831593	2.930567	5.064196	1.344142	7.406513	1.253819	2.930616	5.058940	1.596467	1.625066	6.832121
9683	4	8.425550	-3.332819	-2.948272	6.990972	1.388454	2.996387	2.071894	4.022940	-2.532839	5.458728	2.202569	3.133562	1.735722	6.981401	1.392121	8.425550	-3.332821	0.054003	1.263858	4.722806
9871	4	1.831180	3.807249	5.806765	-1.150785	6.456925	0.897676	5.642481	1.069438	8.093427	3.409609	7.041452	-0.590036	-5.124394	8.122312	3.409609	7.041452	-0.688115	-0.127123	2.593703	6.426149
9923	4	2.918334	4.303519	2.504316	5.789474	-0.739794	9.114581	-0.818967	0.665108	-0.529100	4.945167	9.091178	-0.486137	-3.652122	5.825129	-0.739794	4.498438	1.616028	6.088076	-6.580589	4.953279
9940	4	6.633924	-0.936392	-3.904433	7.865366	2.410839	6.633924	-0.936392	-2.557554	2.263613	6.080997	0.741012	3.618668	3.512502	0.762251	6.511372	0.459828	3.792278	1.549182	7.390539	2.704907
9954	4	7.526641	2.314115	-0.322977	2.148848	5.494330	7.526639	2.314127	-0.851590	6.260410	0.143099	2.497570	7.092419	-0.838510	6.260410	0.143099	2.497570	7.092408	-0.309896	2.148848	5.494330
