5	2	0.903678	-2.010303	7.767862	7.110055	-8.184251	6.202756
7	2	5.334432	-0.658221	-4.746636	1.383096	7.667952	6.349379
10	2	6.215111	4.690200	-3.040709	6.215111	4.690200	3.057295
11	2	7.225904	-3.072797	0.901405	7.225904	-3.072797	-4.989891
12	2	-7.681275	6.451654	8.350146	4.860365	-4.280995	6.985980
14	2	-2.744534	7.491467	7.072213	7.813786	-2.901025	-4.907853
16	2	-5.696835	9.094595	7.634961	3.444870	-2.634637	6.678415
18	2	-6.471190	8.786405	-2.374869	5.511971	-2.774634	-8.856513
20	2	7.825544	-3.292177	-6.151535	0.537874	7.402246	6.140142
22	2	-1.863947	6.760900	8.793003	6.550825	-0.150333	0.066706
25	2	-1.824299	7.955970	0.058341	-1.824299	7.955970	5.983987
28	2	8.380220	-6.241197	-2.460918	-2.494718	6.521686	6.864071
33	2	-2.014550	3.309957	4.321241	5.610267	-3.430312	-3.026826
35	2	8.257254	-4.242169	2.763629	8.257254	-4.242169	-2.889840
41	2	-6.811972	9.413003	0.905336	-6.811972	9.413003	7.175301
42	2	-2.789317	8.338988	0.181465	-2.789317	8.338988	5.478628
43	2	7.488784	-6.609222	-4.746829	-1.540566	6.061278	7.206912
44	2	-1.723391	6.509134	-1.354750	-1.723391	6.509134	5.179740
45	2	7.533118	-4.377168	3.141977	4.026444	5.822319	5.440996
46	2	0.987935	-1.252783	7.881859	7.209775	-7.334931	-2.298656
48	2	-3.813951	5.935680	6.797365	4.861013	-2.267078	-2.581134
50	2	7.571156	-2.812472	1.758288	-2.850606	6.225711	7.459167
51	2	7.057946	-4.353207	-7.623884	-1.254713	5.884434	-1.588015
55	2	6.780269	-7.605452	2.672400	6.780269	-7.605452	-3.453411
56	2	-6.721655	2.226593	6.304595	-7.012379	6.669230	6.304624
58	2	7.226288	-5.272595	-2.344872	-2.090811	6.640832	5.973840
60	2	7.547470	-3.841527	3.520101	3.836048	3.194287	6.461371
62	2	9.513570	-6.551448	-1.471002	9.513570	-6.551448	4.742856
65	2	-8.334953	8.170480	6.495852	-2.377934	1.748084	6.495852
76	2	8.277088	-3.563534	-3.379441	-4.549899	6.866990	7.021326
77	2	-6.786669	6.935587	-0.594112	-6.786669	6.935587	5.905747
78	2	-4.908921	6.138339	-0.024176	-4.908921	6.138339	5.884089
79	2	-1.904899	4.741647	3.919672	6.779617	-6.993556	-6.205625
80	2	1.695026	7.127258	6.377980	6.727491	-3.641299	-0.318039
81	2	6.457219	-4.905511	-3.991163	-4.702290	6.382553	6.106752
82	2	-4.007932	7.633618	6.256830	7.785855	-4.949750	-6.230625
90	2	4.202699	-5.870155	-3.402848	-5.940322	5.548412	8.249699
92	2	-2.250057	4.264670	5.954242	7.394184	-6.974419	-4.469448
93	2	-0.539080	7.356339	0.852404	-0.539080	7.356339	6.521354
94	2	6.593419	-1.555474	1.252446	-2.014840	5.574419	7.947591
100	2	-5.807629	6.412809	7.243513	-5.807629	6.412809	1.159933
105	2	-0.617442	6.486959	6.519880	6.790879	-6.480146	-4.176944
109	2	-3.303289	6.038575	8.789089	5.596064	-5.492270	7.413926
110	2	-1.784339	9.345168	6.228572	5.858480	-2.023708	-4.542925
111	2	5.434849	-3.299879	3.807812	-6.004637	6.436145	6.072154
113	2	5.573059	-2.505851	-0.773501	-3.645411	7.061957	6.652009
114	2	4.642567	0.417207	-5.729087	-7.431702	7.944407	5.235426
115	2	8.124245	-1.421554	6.702754	-2.162692	7.190508	9.217866
116	2	3.620157	5.225262	6.406930	-0.048801	6.076111	9.020933
122	2	8.149439	-2.736651	-3.331236	0.587346	8.298474	6.478309
125	2	5.252251	-4.947050	-9.565684	0.793516	7.456970	-4.335525
128	2	-4.980421	6.577887	8.342783	7.210008	-5.277653	4.094922
129	2	-3.275093	7.797410	6.338938	6.466494	1.685848	-1.929026
135	2	6.530267	-3.431614	2.114238	-4.603850	6.884023	4.910123
136	2	4.820432	5.317269	-6.290794	-0.554451	6.620784	-3.231293
143	2	-6.686399	9.046798	6.268835	3.897423	-0.897090	5.041923
144	2	-2.473649	5.069087	1.582738	-2.473649	5.069087	6.726122
146	2	-7.083591	6.813676	2.798634	4.168834	-4.891375	0.496986
150	2	-1.223067	7.030837	6.075731	7.838597	-1.268408	-4.452059
152	2	6.692646	-6.758884	-3.545230	-2.456137	4.208735	4.736268
161	2	7.835213	-3.744324	-6.344285	-4.183731	7.082760	6.341125
163	2	8.234765	-6.348169	5.469022	8.234765	-6.348169	0.261084
164	2	-0.246545	7.326544	7.385031	7.254540	2.902066	-1.808776
169	2	-5.771820	7.189479	7.244746	4.366023	-0.882521	-0.967441
171	2	6.333712	-2.032794	-4.275612	1.470536	8.632798	5.405881
174	2	7.570610	-4.550668	-2.409848	-1.117521	6.361618	7.674513
175	2	5.414242	-0.461033	-3.622986	-5.923311	6.677663	6.846276
177	2	8.404327	-4.910940	-4.784858	-2.549480	6.454528	7.179385
179	2	-6.536196	5.929170	6.926957	4.771768	-0.444090	-2.948123
180	2	-1.456665	7.708237	-0.233641	6.535369	-0.854680	-6.844369
184	2	7.102382	-4.129212	-7.869910	-1.022051	3.910284	-3.540101
187	2	0.915510	5.495597	6.480582	6.572653	-4.407246	-0.420202
189	2	-4.912377	3.804576	6.010232	7.690779	-7.838390	-4.979726
204	2	-4.997722	6.456714	-1.134129	-4.997722	6.456714	4.848117
205	2	5.801598	-3.130999	-7.556112	-1.900270	5.331235	3.250300
208	2	-0.607487	7.319515	-0.945559	7.546657	-2.349637	-5.402416
209	2	-0.426289	3.742827	5.205668	6.911691	-7.763471	-1.347881
211	2	0.676182	-1.877643	7.700421	7.254224	-5.631922	-4.736237
212	2	6.186955	-4.823055	0.687799	-1.784176	6.717018	5.961634
217	2	-2.455344	7.627582	1.862598	-2.455344	7.627582	6.878065
218	2	6.244543	-4.796798	-4.895751	-3.097468	6.866444	7.643111
221	2	-2.076722	8.912738	5.222345	7.138303	-2.633704	-3.832155
222	2	-2.447988	4.302915	6.287141	5.757106	-4.682856	-1.386677
224	2	-3.143970	7.137004	8.229135	6.647557	-3.602402	-1.536808
226	2	0.303913	4.313045	9.429051	6.028696	-6.178537	3.554168
228	2	-6.845652	5.739885	6.537047	5.678650	-1.043523	-1.869087
229	2	6.159665	-2.232958	-8.969053	1.841184	6.821578	-7.999344
230	2	7.095758	-4.135750	-2.315509	-1.888446	6.650181	6.274407
233	2	6.139662	-3.392852	-4.948101	-2.975997	6.650607	7.596469
235	2	-5.282279	6.144208	6.347553	-5.282279	6.144208	0.259867
237	2	-2.714981	6.779983	6.327572	6.985453	-0.077277	0.637318
238	2	6.193706	-3.346394	3.865143	6.193706	-3.346394	-1.627581
240	2	5.716614	-0.723287	-5.714501	-7.020034	6.495024	6.624896
242	2	-5.781773	7.364292	6.956939	6.900685	-2.677762	3.593961
243	2	5.535667	-7.003123	3.709616	5.535667	-7.003123	-1.005694
244	2	-3.881498	7.247356	1.330233	-3.881498	7.247356	7.663457
247	2	4.950296	-3.108481	6.758338	-4.869079	5.440160	7.850785
250	2	-4.705881	7.012720	6.264085	6.042834	-2.775782	-4.674489
252	2	6.256512	-6.241719	7.556434	-3.579084	4.703807	8.541922
254	2	-4.794506	7.336062	-4.915251	6.556746	-0.094854	-9.098053
257	2	7.111328	1.570100	1.251732	-0.156324	6.241058	8.028837
258	2	9.805845	-2.364872	-2.232143	-2.656082	6.950299	8.050675
261	2	6.271610	-7.203564	-0.809332	-2.065174	2.520322	6.749696
262	2	-5.998452	0.517055	6.983592	-8.557602	6.533544	6.983592
266	2	-7.662523	6.926489	-2.283479	4.803588	0.329663	-4.898183
268	2	6.509455	-2.248437	4.842236	-5.146010	8.024257	6.833243
269	2	6.484298	-3.060411	4.961059	6.484298	-3.060411	0.513377
272	2	6.490915	-4.382705	-3.917825	-0.688933	5.031093	-1.450009
274	2	-3.626405	-0.162846	6.428019	-9.482967	5.546841	6.434770
275	2	-7.951267	6.231494	0.875714	-7.951267	6.231494	5.294125
278	2	-1.305753	6.946650	6.161445	6.154410	1.904125	-1.718492
280	2	-2.666019	7.228726	6.523426	6.019813	-2.013071	-5.705729
281	2	4.840723	-3.758574	4.356513	-5.626784	5.509897	6.125070
282	2	-2.067121	5.548450	-2.950510	6.888263	-5.355533	-7.071837
285	2	7.304588	-1.139229	-7.692587	6.425421	3.373599	-7.686830
288	2	8.412145	-5.728013	-1.638179	-3.382905	6.637683	7.998974
289	2	-8.549813	7.422702	5.196651	3.615608	-1.194328	-1.654003
292	2	-3.124189	6.841026	8.108423	6.024244	-3.296997	-1.764959
293	2	7.240927	-3.627958	-0.428066	-3.448628	6.835308	7.206737
296	2	7.777954	-1.296989	-4.243827	-1.119375	7.345085	8.046049
298	2	6.154763	-6.239984	-3.341424	-2.159308	4.393273	6.637536
300	2	-4.244519	-0.340209	8.328283	-10.046680	5.874236	8.350260
301	2	7.283111	-2.259647	-6.133270	-5.002623	7.332418	6.461498
303	2	-4.691158	6.614778	5.057820	4.958407	0.931184	-3.267351
305	2	-1.475769	6.334262	-4.269396	6.013550	-2.564684	-8.941572
306	2	1.825456	6.235542	1.086443	1.825456	6.235542	6.523947
308	2	8.153858	-6.702906	-7.764326	-4.418554	6.300263	-4.066678
309	2	-4.880603	6.741976	7.940781	5.546120	-4.564631	-2.632715
312	2	6.731070	-4.804054	-3.498980	-1.713467	5.216820	8.603420
313	2	8.750079	-4.639216	-4.641830	-1.383655	5.357510	6.873167
314	2	-0.634242	6.143310	6.624678	4.971633	-2.402790	4.221378
316	2	-6.256089	6.372715	7.574945	4.900793	-1.218521	6.020170
318	2	6.097370	-3.827854	5.503552	2.132175	6.006157	6.948098
320	2	9.590475	-4.168667	-8.159166	-0.507432	6.521892	-7.671218
321	2	-3.323077	8.528109	0.157905	-3.323077	8.528109	6.728449
322	2	6.517653	-7.891059	-2.309036	0.755700	0.212961	9.706428
323	2	-4.972000	7.254054	-0.984837	-4.972000	7.254054	5.021230
324	2	-3.679226	3.363948	8.502128	7.229798	-7.224461	1.943625
326	2	5.641032	-5.207571	-2.375150	-3.356856	5.064208	4.822646
327	2	-6.790984	7.784674	0.714233	-6.790984	7.784674	6.882199
329	2	6.759481	-3.913038	-3.551518	1.036651	7.483919	-1.326340
333	2	-3.269356	6.851832	6.982043	-3.269356	6.851832	1.354587
334	2	-1.799887	7.919206	-3.132546	5.707944	1.172234	-6.257570
335	2	6.374031	2.378115	-3.890843	-1.756303	6.694968	3.594889
339	2	-2.564954	6.735082	6.416752	5.373795	3.530426	-5.386677
340	2	-7.147960	5.882629	-0.141447	-7.147960	5.882629	6.224548
342	2	8.007270	-7.511915	-6.741892	-0.721142	4.848818	5.653474
343	2	-3.054818	-0.584490	6.141043	-8.825470	5.893493	6.141043
345	2	-6.494606	9.075718	7.595741	4.733074	0.702191	5.516614
347	2	5.931306	-6.219431	-4.560292	-1.367417	4.252605	6.054038
348	2	-6.573120	6.136085	3.242207	4.646054	-2.238854	-4.746693
352	2	6.740351	3.352335	-5.058209	-3.070249	6.312201	6.709100
354	2	8.109127	-7.020417	2.047487	-1.764626	6.090128	5.471587
356	2	-1.644594	8.430563	-5.099365	6.514928	-4.097083	-7.834500
360	2	5.843106	-4.074661	-8.767280	-1.764078	6.338784	-2.476821
362	2	8.217242	-4.368700	3.018422	8.217242	-4.368700	-3.264171
366	2	-6.139616	6.171438	-0.607434	-6.139616	6.171438	5.170906
367	2	8.010730	-1.039197	-1.798745	3.232842	7.016979	7.239350
372	2	7.000224	0.104513	-0.341926	0.538406	5.501338	6.047542
376	2	5.637703	-6.569430	-0.903423	-4.862090	6.023171	7.183306
378	2	-2.777655	6.142285	5.777589	6.910116	0.834754	-0.615243
381	2	-5.787534	7.058742	-0.543869	4.161813	-2.903920	-5.370319
385	2	0.691436	5.255582	6.800557	5.338674	2.984335	4.227745
386	2	8.544206	-2.205092	-7.430504	-3.538267	6.459590	-2.170382
390	2	5.805410	-0.778491	-2.987355	-5.796581	6.292382	7.773743
392	2	7.366306	-4.332205	-5.315442	-2.040282	5.917421	7.231157
395	2	7.161512	-3.207719	-5.073405	-0.675232	6.875556	6.516749
396	2	-2.379689	7.142573	7.658853	7.220065	-4.154445	-2.347777
397	2	7.326454	-4.677645	2.207227	-2.957551	5.661053	7.619502
399	2	-0.842493	6.474443	8.581379	5.758729	-1.599926	-1.387223
410	2	-3.539994	6.472520	6.769686	7.196494	2.014362	5.664366
411	2	5.326507	-3.437554	-2.248427	-1.719925	7.815850	5.570693
414	2	-5.265628	6.633888	2.557813	4.730369	-2.918446	-0.105737
415	2	3.179052	5.377083	-1.643774	6.528896	-2.596807	-1.644214
417	2	7.361984	-4.025906	4.914790	-2.919161	4.916891	6.697724
418	2	6.574811	-7.049752	-6.053807	-4.771235	3.801582	-0.788903
421	2	6.189217	-7.877080	2.645224	6.189217	-7.877080	-3.119402
425	2	-5.785234	6.956256	6.711950	6.444893	-3.642134	6.327013
426	2	8.147837	-4.290153	-3.855686	-2.298157	5.716545	6.468521
429	2	-6.596892	6.916913	5.592304	5.589490	-2.168748	-6.405646
434	2	5.087807	0.679660	-7.696262	-5.767933	8.187582	-3.701397
435	2	-1.948837	8.231877	8.662558	7.161241	-3.173506	-3.558220
437	2	5.672250	-5.348145	-6.025090	-5.883542	7.083374	5.389253
440	2	8.307691	-3.437740	-5.671089	-3.210670	7.646364	5.350652
442	2	-3.907045	8.471044	5.389601	8.777056	-2.647279	-5.917503
443	2	9.000014	-3.992183	-6.099882	-1.319124	6.669902	5.758022
444	2	7.807140	-2.139831	-4.650892	-3.016165	9.443701	5.626433
445	2	6.638036	-7.380550	-5.062138	-4.996852	5.339691	6.596688
446	2	6.193201	-4.704322	5.291125	0.305531	7.699633	7.783820
450	2	5.464831	-7.505194	-3.417344	-0.387396	-4.418557	5.143896
451	2	-4.098485	7.094598	4.444838	5.968681	-1.674602	-5.790860
454	2	8.523671	-5.441678	1.162316	-1.413029	6.607451	7.289330
457	2	6.802133	-4.592697	-4.115324	0.614682	-2.489419	6.338400
458	2	7.722167	-4.738186	-2.924833	-4.358214	7.083432	8.653954
459	2	-2.178055	7.749679	8.263513	7.637963	-3.265617	4.620384
460	2	7.995052	-1.574428	-4.574457	-1.079299	5.983562	6.590068
462	2	4.706371	-0.588110	6.248707	-2.910250	6.435485	8.419701
463	2	4.801997	5.567659	-0.642304	-1.312506	8.527010	7.827687
464	2	6.680034	3.593063	-5.066302	-1.285536	8.129589	7.065715
468	2	-5.673325	-0.834662	6.668832	-11.167727	5.733835	6.668832
471	2	6.624226	-2.304699	2.928575	-2.176159	5.945363	7.355131
473	2	6.834921	-0.875480	-2.926341	-4.265042	5.688592	6.222236
475	2	-5.469242	6.443205	9.195186	4.592833	3.445540	0.186316
480	2	-4.438185	7.687481	6.950724	7.723631	-0.361477	-2.867477
483	2	-5.459525	6.667010	6.754761	4.986293	-1.324342	4.061222
486	2	-3.216819	6.876757	8.410207	7.570500	-5.635687	-1.365895
489	2	-6.319291	7.164332	6.471956	-6.319291	7.164332	0.026561
497	2	-5.996957	8.143984	7.858237	6.290599	2.681755	5.308878
502	2	-5.680486	4.469743	8.829222	4.723172	-6.218226	-1.778882
508	2	5.656459	6.592965	-1.846256	8.548051	-1.175318	-3.612349
509	2	6.588447	0.635198	-7.977367	0.999760	6.144787	-1.783959
510	2	-6.212037	6.609599	7.579949	-2.935368	1.149145	7.579001
511	2	7.239880	-4.769937	-5.029324	-4.540466	6.912877	5.477215
515	2	5.820455	-5.260467	-6.121256	-1.112500	5.403583	6.515165
516	2	1.248879	-0.196243	3.852099	6.882151	-6.905441	1.626550
518	2	6.440029	-1.568140	-2.566553	-3.699415	7.304585	9.152290
519	2	9.513713	-1.051917	-11.001404	-0.017425	8.107125	-5.382503
520	2	6.656312	0.985346	-1.078052	-1.916766	7.551132	6.118101
521	2	6.505022	-8.369908	2.989176	-4.670890	4.207775	6.562009
524	2	6.230165	-5.589674	-3.074811	-1.024877	6.887154	7.535549
526	2	-7.229158	7.647925	2.015845	-7.229158	7.647925	5.598367
531	2	9.081689	-6.476803	-1.677388	-2.326088	6.093449	6.731086
532	2	-7.503082	8.279113	0.950688	-7.503082	8.279113	7.446810
533	2	-6.295872	6.958120	7.073641	5.048668	-2.310864	0.611737
534	2	7.511919	-5.732073	3.618627	7.511919	-5.732073	-2.686985
537	2	4.664306	-4.585645	-3.676137	-0.208485	5.209745	-0.236722
538	2	7.399233	-5.310844	-6.177763	0.246368	7.446264	6.232506
539	2	6.193819	-0.941566	-4.196321	-2.028884	6.655575	-0.184083
541	2	7.659676	0.731825	-5.046957	-4.450396	7.944594	5.442838
542	2	-2.784353	6.518312	-1.706443	8.207139	-5.050341	-7.482245
545	2	9.164116	-5.487272	-3.436349	-2.859656	6.313565	7.796406
546	2	2.165356	8.662117	-1.018354	2.165356	8.662117	5.249124
549	2	8.490038	-4.793401	-4.229701	-0.668937	6.615233	7.464553
557	2	-7.059323	7.441816	5.418258	2.936119	0.064062	4.318238
558	2	7.090030	-2.068975	-6.192356	-1.874211	4.017137	6.363062
561	2	-2.113537	7.013097	4.830995	6.990920	-3.635103	-0.238457
563	2	-5.425822	5.838803	7.466911	7.056100	-4.258168	-4.801504
564	2	4.130420	-5.200457	7.133650	-3.753899	6.799047	8.622110
566	2	-1.655219	6.166818	1.133186	5.293284	-6.579806	-8.396394
567	2	-5.793543	6.981535	7.630482	6.686853	0.234292	-2.230165
570	2	6.555160	-6.057463	3.788576	0.831682	-4.794221	6.440036
571	2	-4.064002	7.116368	7.576933	6.087189	-3.250843	-1.934395
572	2	6.597086	-4.654111	3.836689	-4.857084	6.835429	7.179059
573	2	-3.876252	5.916131	0.705656	6.667555	-5.550440	-3.205113
575	2	-3.963093	7.823677	6.868799	7.027430	-4.240192	-4.591323
576	2	0.432914	-1.848252	6.901916	6.669591	-5.089893	-4.645642
580	2	-4.272069	7.052941	6.130353	4.466729	-0.399287	-3.553992
581	2	5.865659	-7.360632	0.842025	-1.397666	5.246885	3.572236
582	2	5.975810	2.468087	-2.957670	-4.106230	8.246351	7.127212
583	2	-3.662237	7.597827	7.533769	7.743899	-2.854566	1.948358
587	2	-5.415214	8.372299	-0.014630	-5.415214	8.372299	5.959547
594	2	5.570325	3.587066	-2.324696	-4.309600	6.790356	7.001977
596	2	-2.563560	7.560397	-2.564156	6.475907	-0.831867	-8.649841
597	2	-2.718850	7.162419	6.645379	5.193367	-5.414092	0.721981
600	2	6.685906	-2.296382	5.707846	-4.003917	3.936105	8.252395
601	2	8.035901	-4.120918	-3.581310	-3.057379	6.138960	7.915755
602	2	-5.883916	6.377650	8.480197	6.600174	-5.528814	2.812679
603	2	-2.904848	7.861163	7.630764	7.845298	-1.431696	2.269106
608	2	-5.674761	6.130562	7.574533	7.039885	-2.155701	-1.351339
616	2	7.760948	-6.177990	1.586548	-1.690867	5.952873	8.147705
617	2	-7.907295	5.754086	-1.428345	-7.907295	5.754086	4.237344
619	2	5.212921	4.516096	-4.523674	-1.275612	5.563496	4.526330
624	2	-1.897328	6.673337	6.474752	8.402500	-3.418776	-4.072313
628	2	6.307068	0.767109	-7.343112	-0.695518	7.747455	-1.086162
637	2	-2.993268	7.696675	6.489186	6.758786	-2.375112	-5.240524
640	2	8.457004	-7.354130	-5.359752	-1.932498	5.023782	6.260188
645	2	-4.059108	5.976942	6.449829	6.691300	-1.193856	-5.556961
650	2	7.962490	0.284440	-1.397089	-0.249974	5.482581	6.374183
652	2	-1.487779	-3.126941	-2.797341	4.850423	-5.270137	-7.144666
654	2	7.613007	-2.203546	-2.553523	-3.270544	5.357318	9.098918
656	2	-4.383594	7.812914	-1.397139	6.983652	-4.082940	-4.170616
658	2	-0.907568	5.580615	5.914170	6.876959	-4.141465	-5.643465
659	2	-2.677031	9.196079	5.482511	6.605706	-0.499161	-2.286920
662	2	7.381611	-6.021621	-3.782584	-0.142085	6.814688	7.772616
664	2	-4.788408	7.689991	6.765928	5.080471	-1.927313	-3.918127
669	2	-4.532830	6.634127	6.469196	7.168354	-4.328522	-2.512346
673	2	-2.089590	4.649475	5.164261	4.700883	-7.172456	2.070413
674	2	4.770195	-5.033007	5.203712	0.974092	5.205313	8.206312
678	2	-8.064573	7.102815	7.297876	-8.064573	7.102815	1.319168
679	2	-0.268780	-1.816210	7.608022	6.285604	-6.203511	-3.263657
680	2	-2.253323	7.345604	8.249329	7.544936	2.558015	-2.962735
682	2	8.311175	-2.651916	-1.347816	8.311175	-2.651916	4.007858
683	2	6.322088	-3.836774	-1.461418	-2.886334	6.196395	5.951091
686	2	7.847154	-3.282553	-1.527812	2.350437	5.938317	-1.083071
689	2	-6.732629	7.619750	1.296279	-6.732629	7.619750	6.033728
690	2	-3.739302	6.411356	8.350567	6.393352	-3.177698	-0.539005
694	2	-0.156023	0.966260	5.317817	-4.359709	6.451358	5.317819
696	2	-3.607356	6.915203	6.748476	5.659329	-3.231963	-2.935271
697	2	-6.230125	6.951361	8.380267	3.426571	2.081533	0.607531
698	2	7.039061	-0.109434	3.639053	7.039061	-0.109434	-0.524165
701	2	-3.162629	6.403694	6.811494	6.127446	-3.640597	2.809397
702	2	5.967751	-1.831915	-5.918811	-6.713502	7.446585	-0.816881
704	2	-4.827225	6.233171	7.474386	7.605719	-2.924938	-3.774615
707	2	7.085826	-5.758096	-6.221110	-5.178990	6.436504	5.419829
708	2	-6.573487	6.686932	-3.779962	4.512621	-3.114983	-6.473836
710	2	-6.463613	8.573151	6.031202	5.964683	-1.485365	-3.485162
714	2	-1.861627	3.568067	7.750568	6.375407	-5.270850	4.763304
715	2	-3.570539	6.595208	6.998945	7.767978	-2.152772	-3.078386
717	2	3.465140	8.057950	1.683321	-1.390683	8.131883	3.957482
718	2	8.351323	-8.283272	-7.755032	-0.185105	4.499965	4.552058
719	2	-5.204129	6.637700	6.830330	5.836022	-0.892959	-5.419671
720	2	7.406126	-5.312852	-2.932322	-2.491493	6.180281	7.781450
721	2	-4.334318	8.206991	-0.225042	-4.334318	8.206991	6.194196
723	2	7.343157	-3.376288	-2.711593	-3.555412	6.580983	5.977979
726	2	8.427542	-3.788143	-4.865738	-3.780213	4.470285	6.332346
728	2	-2.814959	4.559010	5.864254	7.072348	-1.404629	-4.780192
729	2	8.615953	1.106085	-5.298602	-3.651822	6.265631	5.421266
730	2	-2.905614	8.272725	6.745718	7.255572	-2.913794	0.686425
732	2	6.688195	-1.653723	-1.906431	-4.177820	6.373901	7.374510
733	2	-3.198711	-1.174326	7.100716	-6.104317	4.904216	7.100716
738	2	8.212724	-5.403610	2.193608	8.212724	-5.403610	-4.163178
739	2	2.716210	7.995411	-0.323804	2.716210	7.995411	5.050353
740	2	-2.620151	8.523621	6.211642	-2.620151	8.523621	0.842004
745	2	8.018370	-1.673707	-3.105399	-5.058026	7.625626	6.910639
746	2	2.235023	-5.947971	4.051235	6.435565	-10.274863	3.535078
748	2	-3.014647	0.402667	6.301447	-6.679313	6.012776	6.301447
750	2	-0.457545	6.091887	7.038429	8.606051	-2.614540	6.714880
754	2	-4.420531	6.742031	6.065863	6.054033	-4.310576	-5.163751
755	2	0.478113	5.902932	-2.679970	7.196386	-0.904758	-9.293041
756	2	-7.809871	6.418575	0.831025	-7.809871	6.418575	6.256724
757	2	-3.321768	8.626403	2.033916	-3.321768	8.626403	7.630543
760	2	-5.262712	6.444852	4.829676	3.740008	0.198276	4.263619
761	2	-5.220469	7.873210	5.162113	7.319887	-0.075013	-3.891656
762	2	7.489206	-5.809461	-2.571563	-0.923237	5.565077	6.913343
775	2	-7.958197	6.112429	6.398600	5.225163	-5.478225	-2.190657
781	2	6.259419	-4.646217	-2.474433	-0.196940	5.987215	7.563408
782	2	5.514943	-4.595074	-4.085741	-4.762218	6.446158	6.043718
784	2	-6.149134	7.795578	7.246932	5.308756	-1.869914	-4.201395
794	2	-4.916556	4.805083	-1.450874	6.712778	-6.425117	-7.569011
795	2	-1.492913	5.844381	6.178628	8.436332	-3.853492	-0.861008
796	2	7.728730	-1.967544	-2.716377	-3.789086	6.351151	6.910384
798	2	5.565619	-9.377630	4.869313	5.565619	-9.377630	-0.766461
800	2	7.278546	-2.589269	-0.289755	-5.239561	6.785230	6.391100
805	2	-6.171519	7.348823	5.408066	6.522024	-4.539674	-6.420088
811	2	6.217459	-3.069073	3.687526	-2.189881	7.400275	6.188861
814	2	-6.390529	8.632375	9.680083	5.551247	1.405561	7.434083
816	2	6.256565	-1.849394	-4.880300	-1.448364	6.514157	-1.492155
819	2	4.526540	3.169168	-6.921035	8.078256	-2.598223	-6.921036
821	2	3.891890	-3.374263	-3.845987	-5.637184	5.788452	8.843934
822	2	2.529786	-1.512467	-1.870087	6.001938	-6.058615	-8.951332
832	2	6.426761	-2.899251	-1.749425	1.043882	5.463086	7.469688
833	2	-3.136833	6.903479	7.449672	5.993355	-1.320019	-3.985960
834	2	-2.124189	-1.882471	7.683010	3.897353	-2.619803	-0.582942
839	2	9.013466	-6.000040	-4.890372	-3.124733	6.259527	-1.120486
841	2	-2.568955	-2.660530	8.044465	-4.777556	3.281263	8.044465
844	2	8.362770	-6.757232	-3.262265	-2.187009	5.137188	6.318773
846	2	7.533803	-4.479455	6.674747	-1.165030	2.106412	7.834878
848	2	1.362205	-1.772000	-2.900333	6.030728	-8.277459	-5.884751
850	2	6.018620	-3.042938	-0.974323	-2.117845	6.654790	6.778812
852	2	-5.172578	7.317421	5.597284	-5.172578	7.317421	-0.290732
853	2	5.747732	-2.753035	-1.382991	-4.953852	6.753809	5.804031
858	2	7.986168	-5.851343	-2.899763	-1.117372	6.901804	6.270428
859	2	-5.593249	7.203996	6.357292	6.108598	-3.397672	-1.865028
861	2	-6.495694	8.002527	6.735564	4.973685	-0.948231	-0.342487
864	2	7.136098	-5.101258	-2.794283	-1.615734	5.987717	7.964874
866	2	4.220837	1.628550	2.534456	-7.221196	6.073794	5.061331
867	2	-1.944406	7.038201	8.017106	5.377710	-1.042140	4.315259
870	2	-6.995451	7.070094	6.463562	-6.995451	7.070094	1.166342
871	2	6.863880	-2.091167	0.443485	-1.234479	8.871278	7.213177
872	2	-6.189595	6.541816	7.161551	5.629188	-3.274013	-3.370204
873	2	-3.869655	7.605509	5.506080	7.669439	-1.852236	-6.426483
874	2	1.399318	-1.419062	1.205921	1.399318	-1.419062	6.624586
875	2	-5.324756	8.070789	7.273600	6.436604	-1.945176	0.814580
879	2	7.545045	-2.528074	-6.554049	-5.252607	9.484301	6.447270
881	2	9.387046	-5.785522	-4.624999	-0.183303	6.619361	7.576895
882	2	-1.789582	6.687308	6.701048	5.630341	-0.735527	-2.976344
884	2	5.839603	-3.748939	-1.097664	-3.056458	7.706267	7.590051
887	2	-7.716317	7.856253	2.671681	-7.716317	7.856253	7.999696
889	2	7.905210	-3.741164	-5.663637	-3.567993	8.613030	5.831337
892	2	3.066013	4.430765	-3.347652	7.567101	-1.471181	-7.641309
895	2	-4.402645	8.202778	7.795051	-4.402645	8.202778	1.601273
902	2	-2.975397	6.776382	8.162660	5.065031	3.692110	-2.325340
905	2	6.469113	-0.229582	-3.437489	-4.889777	5.829951	7.068126
906	2	7.490395	-1.451610	-4.781979	-1.096826	5.429823	5.619447
908	2	6.428977	-2.807660	-5.036240	-5.732523	6.226649	6.283701
914	2	6.559242	-3.513488	-2.077377	-0.943339	5.793785	6.674696
915	2	-7.758319	4.904132	6.596332	-2.133375	-0.160146	6.596332
918	2	5.635347	1.382369	-1.161352	-6.463365	8.368933	7.552514
919	2	6.555550	-3.637529	-4.440460	-2.860927	6.949826	-1.179436
922	2	-5.572950	6.094579	9.256292	0.237714	0.011038	9.256259
924	2	-2.150050	-0.655791	5.339644	-3.964655	4.701920	5.339644
925	2	-6.350738	7.518277	7.539387	-6.350624	2.425578	7.539386
926	2	-1.032454	7.813483	6.957727	6.172978	-2.014551	-1.458018
927	2	-4.758255	6.858351	5.710298	4.937861	0.851864	-1.117783
931	2	6.592020	-5.049362	-3.916558	-2.129343	7.536844	6.490626
933	2	6.482825	-3.924964	-9.075687	-5.550524	6.942283	-2.512342
934	2	4.773953	-3.538334	-7.564563	-4.840330	5.526559	1.343456
936	2	6.434388	-5.872604	-5.498491	-1.616370	6.760824	5.929436
937	2	-1.782623	8.154197	8.083322	8.829370	-4.681685	-1.282305
941	2	5.655184	3.301483	-4.510567	6.998978	-3.134845	-4.513855
942	2	7.471740	-2.362852	-5.563603	-2.727509	6.927947	7.227550
943	2	6.447104	-1.199072	-1.645069	-2.414924	6.527828	7.720808
948	2	6.966068	-1.089847	-4.451032	-1.019460	8.601019	6.925955
955	2	7.584075	-4.786954	3.417002	7.584075	-4.786954	-2.560962
957	2	-2.775649	6.140018	5.978427	5.160508	-3.509020	-4.408804
962	2	-0.720594	5.947879	7.362605	7.600406	-4.666922	6.274826
965	2	3.352191	3.239129	-3.396401	-4.134246	6.564916	6.055911
973	2	-5.512426	6.162328	7.256227	5.531038	-3.475500	-2.566990
975	2	7.558878	-3.360173	-1.246170	-3.529169	7.998975	7.002527
976	2	-1.987548	9.227823	9.058050	8.294637	-2.010094	5.157417
977	2	6.533656	0.490371	-2.074707	-1.035023	5.962168	4.339887
978	2	6.589201	-7.099139	-8.469118	-5.203854	4.813818	-2.778306
981	2	-5.776035	8.155921	6.183687	6.396721	3.666429	-5.273544
983	2	-9.450369	7.346572	6.863275	-5.562523	1.490590	6.863275
986	2	-5.055944	6.795984	-0.496629	-5.055944	6.795984	5.226309
990	2	-5.332869	8.416266	6.205377	5.383903	1.322859	3.761210
992	2	8.258398	-7.401988	5.407542	-2.390706	5.406991	8.000458
996	2	-0.739686	5.903743	0.611833	8.045243	-4.702302	-4.130341
