4	1	-0.207063	6.728656	1.258641	2.392695
8	1	-2.050674	2.779921	-3.701712	7.450026
16	1	7.502400	-5.165475	-2.899701	9.127682
21	1	7.080513	-12.747554	-0.527725	6.903224
25	1	0.322629	-6.065612	7.930503	8.992342
28	1	6.200571	-8.231860	9.536523	-2.258483
30	1	7.288625	-6.275311	4.809479	9.106939
34	1	-0.617326	4.434122	5.652921	1.548739
38	1	7.958210	-7.175964	5.921924	5.986459
41	1	0.957383	-7.125855	6.816750	8.969811
42	1	2.554188	-0.391117	7.271595	1.508864
46	1	2.324454	2.633601	5.505481	-0.188078
50	1	-1.360992	-11.310442	8.002528	7.657336
51	1	8.680126	-10.612134	-3.749587	8.241706
58	1	-1.971798	6.872820	-1.582273	4.256241
68	1	6.115849	2.576363	3.126146	7.360931
79	1	6.247298	-15.861007	6.298545	6.822464
82	1	9.250883	-8.055224	5.691977	7.401973
86	1	7.817287	2.953820	0.286175	0.870570
90	1	6.709839	-4.897848	-0.092181	3.279092
97	1	8.076050	-3.341556	6.660560	-0.029417
100	1	-1.183965	6.035285	-1.782592	2.779238
103	1	7.099412	1.812431	-6.122638	0.605593
107	1	8.386463	-12.518196	2.791001	7.320097
112	1	5.718801	-5.115877	0.573905	8.763930
115	1	-0.427214	4.424672	0.311093	4.492181
116	1	4.499929	1.430418	-0.076090	7.712952
118	1	6.421397	-6.166255	8.290685	-0.456688
119	1	9.506649	0.399771	0.547383	8.482629
120	1	9.370364	-10.094506	0.034833	-0.637986
125	1	-0.046194	6.746708	-0.605505	-0.661298
128	1	3.410370	2.935427	7.822498	-0.852539
129	1	-2.159878	-6.383882	-4.131674	6.795276
130	1	2.978633	4.586491	5.653054	5.865965
133	1	8.112649	0.749992	1.449594	-0.960278
134	1	0.208539	-5.403523	5.265972	8.021473
136	1	1.663736	6.276743	-1.660866	1.003821
145	1	8.028332	-10.070159	5.157887	6.805387
146	1	-0.964755	-0.311466	1.395262	7.485193
147	1	5.843142	1.041761	6.918005	-1.963056
150	1	-3.342681	7.383646	0.082919	-0.813659
154	1	-1.190482	0.077402	0.837566	6.993239
158	1	0.582534	5.120139	0.601173	0.575024
159	1	3.816283	7.382066	-1.223563	0.777926
168	1	5.936208	2.781343	0.646950	3.553409
172	1	8.439889	-13.926720	-1.406523	9.128382
173	1	-2.504981	4.967635	6.455579	-0.253119
175	1	8.788147	-11.478878	0.224858	4.676423
177	1	1.365998	5.753150	0.787854	6.419734
184	1	-1.268734	6.647814	-0.227535	0.137680
191	1	-1.855529	2.511008	6.373156	0.058007
192	1	7.781108	-2.078458	-1.546934	0.786681
198	1	6.349401	-5.331389	-2.284570	1.139491
200	1	-1.682356	6.323371	0.916631	-3.661172
202	1	-4.353767	-14.198691	6.491086	6.931567
203	1	4.325186	-4.227568	6.989128	-1.144029
207	1	7.329722	4.213833	-0.367421	-2.112853
211	1	5.448819	5.865897	-0.620768	1.508777
222	1	5.857136	3.425283	-3.364898	5.022441
224	1	5.734532	-0.767976	7.519189	7.712950
229	1	-1.088454	6.687057	-0.847863	-1.725311
234	1	8.535517	2.238108	-1.071072	-0.146376
239	1	6.869170	-10.941711	1.580819	4.953546
243	1	4.834518	2.883150	6.551555	-0.458700
244	1	0.443747	6.782762	4.469388	-0.748465
246	1	7.376534	1.435067	6.955921	-1.790918
247	1	8.598308	-4.471442	-1.537437	-0.607188
252	1	0.367098	4.412876	5.659705	1.093001
254	1	2.670842	-6.881448	-2.371088	3.810129
255	1	0.431065	-4.885863	8.024397	5.982154
257	1	0.414434	7.034118	2.949793	-1.975910
258	1	3.359618	6.089805	-4.341157	-3.784301
267	1	4.505159	-13.540926	9.142922	8.575453
269	1	-0.743213	3.560381	7.843809	5.078144
273	1	6.265452	-5.817789	5.140405	-3.392931
275	1	6.989482	-11.205421	4.878503	5.849602
284	1	7.014556	-3.899901	7.224905	-0.322790
288	1	-0.041072	6.288859	0.639345	-1.665927
292	1	0.559780	-4.984566	8.568711	-4.411636
299	1	-2.258493	7.539445	-2.773865	2.243577
309	1	6.438125	3.130365	7.207686	6.742468
316	1	5.623323	-16.084579	9.017199	6.589836
318	1	6.894899	-1.373541	5.060493	6.239593
326	1	0.134020	7.559949	0.116468	1.668407
332	1	6.846864	2.553053	-0.574558	8.328411
339	1	-1.077075	8.580144	-1.180387	0.772400
340	1	9.439297	-6.437708	9.837989	0.613971
341	1	-0.550499	6.913781	3.768636	3.158300
344	1	-1.221231	5.023204	-3.464288	-0.607147
345	1	-4.435894	3.895468	-1.193357	-0.271481
348	1	-3.069536	-7.968208	6.441525	7.515732
354	1	2.286390	1.717493	-1.908118	6.960372
355	1	-3.279911	6.971993	-0.784910	-1.098798
360	1	4.356713	7.392898	-0.119847	5.107708
363	1	-1.404893	2.952022	-0.567745	8.662122
364	1	3.026912	-6.638774	0.107597	-0.789037
370	1	-0.857794	5.154052	-0.564791	7.524897
376	1	-0.737738	2.726048	7.058825	-1.727127
379	1	0.025988	-4.731393	-0.283081	8.231660
385	1	0.874787	2.464332	7.576685	-1.315971
388	1	9.030496	-6.136815	5.978307	-0.956698
389	1	8.534840	-3.304680	3.288588	3.589391
394	1	4.882280	-6.813522	-1.748050	8.766789
397	1	2.618548	6.639493	-4.327337	-1.866288
399	1	9.540426	-6.330233	-0.721045	7.658382
401	1	1.482624	2.039812	-3.980459	7.356090
415	1	6.421186	1.704936	1.530138	0.448308
426	1	8.314517	1.286390	6.674065	1.394246
429	1	2.257435	-4.660969	6.523857	0.774229
431	1	6.827710	3.412394	0.477455	-2.365521
433	1	-0.514821	-0.902661	6.450745	8.010390
434	1	-3.240603	6.080868	-1.436677	0.619315
446	1	-0.598252	5.649768	-0.364824	-0.369028
449	1	-1.726798	-5.027889	-0.057262	9.228610
451	1	7.417175	-8.692494	8.561492	7.062736
456	1	7.332031	-13.224647	4.333268	7.932887
467	1	4.827157	5.272621	1.641660	-0.598970
469	1	7.331474	-11.795412	4.767940	5.703179
476	1	-1.598481	-8.013820	8.299753	8.860823
482	1	8.217263	-8.770557	-1.174441	5.811713
486	1	8.359882	-7.138496	7.471706	-1.753095
499	1	7.629550	-4.669718	5.267751	6.191699
500	1	1.829271	3.327067	6.785462	5.449452
501	1	5.083942	-5.720201	-0.132783	5.536727
505	1	0.090858	4.415772	3.017695	-0.378923
506	1	2.746608	4.186457	7.596127	-2.533600
508	1	3.732287	7.956307	-0.171958	0.495888
523	1	1.042302	5.922532	-1.864452	5.760795
536	1	-0.934430	3.499467	7.315001	1.440429
543	1	5.572179	-2.879363	6.614218	7.132672
546	1	7.586860	0.570076	8.004572	-0.134356
553	1	5.644479	7.714336	-1.139004	-0.967268
555	1	7.997264	-10.959848	5.332566	5.976116
559	1	0.303660	4.517538	-1.229159	6.827964
564	1	7.297664	5.286802	7.433973	-2.315408
575	1	3.562026	-4.064405	-0.880287	7.312339
577	1	-1.022581	4.172618	7.630394	-0.462377
578	1	1.748535	7.469431	-3.060053	-1.983151
580	1	4.330817	5.375503	1.015679	3.938895
581	1	-4.389649	5.585936	0.743175	-1.993314
582	1	0.111084	-7.749115	7.778272	-1.168062
589	1	-1.694303	4.525000	-2.317888	6.465962
595	1	0.609182	5.829099	-1.515849	-3.392123
596	1	5.652080	-6.744127	7.987218	6.505148
600	1	-0.647110	1.654126	3.068675	7.185764
605	1	6.613752	-11.463999	7.461750	6.313542
611	1	-0.614788	6.477166	0.641294	0.623921
612	1	5.976644	-8.669404	8.208357	5.980946
615	1	-1.879127	-7.884519	8.007234	2.059318
620	1	6.143547	-11.616830	9.797152	8.169309
628	1	-1.045033	-7.268749	4.908772	-2.143104
640	1	-0.313292	-5.163328	0.561454	6.724029
643	1	6.246695	3.394015	0.220108	2.059050
648	1	6.370277	3.309993	0.181254	-0.930247
649	1	9.535090	-8.272960	2.162456	9.184017
652	1	0.233026	5.155269	2.157547	-0.024675
654	1	6.143220	4.426624	-1.182434	5.654232
657	1	8.297481	-7.736634	7.768221	-0.727258
663	1	-2.767174	0.190355	8.977560	-0.206852
664	1	6.354444	4.002903	-3.780821	-0.268659
667	1	6.475976	-5.072090	7.263983	7.142753
677	1	4.911945	3.924121	1.945875	5.108218
682	1	0.230293	-9.165535	6.998527	9.262862
685	1	8.271281	-7.521199	6.675663	-0.488195
689	1	7.818392	-7.769221	-0.115080	7.633797
692	1	1.077408	-13.258272	9.135752	8.366858
697	1	8.335075	-7.641267	1.425600	7.449591
698	1	-1.582563	6.129481	-0.031637	3.031188
703	1	0.005521	-11.147277	8.391717	8.811297
709	1	8.272882	-12.886167	7.400419	7.517569
711	1	-1.046431	-8.610441	7.124463	8.699229
713	1	7.499558	-13.935636	8.060086	6.084832
718	1	-0.128930	6.491248	-0.730040	-0.202653
719	1	-3.043284	6.790404	0.058031	1.024699
721	1	2.087048	3.091626	5.370410	7.227613
727	1	6.328983	5.754463	-2.125488	4.930652
738	1	6.207189	-11.063267	8.541890	5.970265
743	1	3.931129	-6.449236	9.819079	8.890315
745	1	6.640592	5.140276	1.473292	4.573536
753	1	7.561657	-11.816129	0.127590	6.411285
755	1	-1.693917	5.548754	5.598915	-1.415033
757	1	-0.994701	1.906805	9.063731	2.724493
758	1	1.731649	2.362298	-2.155410	7.449066
763	1	-2.850024	6.609775	1.513077	1.092888
768	1	7.955616	-1.478058	6.339519	4.714072
774	1	2.326567	-18.058279	5.547432	8.539631
777	1	5.297631	-8.163763	5.599375	-0.029577
779	1	7.395340	1.889449	1.026779	-0.718834
782	1	8.093959	-1.948485	5.389525	-4.160934
784	1	-4.136533	-6.596014	7.531322	4.278865
791	1	5.265670	-10.669277	8.757632	5.191737
793	1	8.634094	1.704032	-0.798241	1.085283
794	1	5.512595	-5.523570	-0.952933	6.230864
796	1	-0.161676	4.351793	-2.129516	-1.268502
798	1	-1.793042	2.454554	9.472756	-2.911093
815	1	8.482841	2.810976	-0.761516	8.010956
816	1	7.027450	-6.847698	-0.092784	8.866349
827	1	-0.351157	6.269651	0.877105	0.532453
829	1	0.172380	-8.668740	9.556577	7.085242
832	1	-3.731133	2.340028	-0.030606	6.849608
835	1	7.460680	-5.960470	0.197194	6.091474
837	1	9.059315	2.534357	0.376945	-0.898060
838	1	6.259071	-7.076786	-2.881585	7.556087
841	1	6.224623	-5.446390	0.952055	3.273870
843	1	7.933838	-5.492995	0.387563	0.007705
845	1	5.479640	7.903788	-1.026138	0.113158
851	1	-0.449267	4.429351	6.832637	-0.115010
852	1	-1.832396	-5.740323	6.241811	-0.065739
853	1	0.392000	8.165526	2.883067	-0.164121
855	1	9.126478	-9.597613	7.041916	6.853789
859	1	3.090784	4.596203	6.442613	2.559830
860	1	7.089852	4.032449	0.982056	0.779562
862	1	-0.307784	-10.218768	7.028640	8.788333
863	1	5.179057	-6.536363	9.836018	-1.951611
871	1	6.563060	-2.323013	-3.397051	9.459278
873	1	-0.179937	-7.350156	6.009344	7.525538
877	1	-0.480421	2.616918	6.314077	-2.805329
879	1	3.628011	-2.545777	6.913849	0.866598
880	1	8.138000	-9.964263	-0.542649	7.283618
882	1	7.820252	2.830278	1.570603	1.276472
891	1	8.971251	-7.853822	6.373141	8.226806
893	1	0.381461	-5.662996	0.443191	5.365640
902	1	-1.861842	-9.097358	8.468440	6.595843
904	1	6.701082	-14.558539	7.027920	7.073822
905	1	-3.406789	5.546494	-0.155363	0.431164
907	1	1.674688	8.669909	-0.848087	2.149584
916	1	-3.113296	5.282442	7.767834	0.164448
917	1	2.704292	5.750438	-0.106359	1.982787
928	1	-1.078240	3.698141	6.753422	-0.426685
946	1	1.239628	-0.005893	6.279763	3.534851
953	1	9.443402	-11.969642	1.540884	8.570794
954	1	-2.370591	6.441459	-0.634481	1.061439
958	1	0.773734	3.541618	-0.286095	0.517769
959	1	0.713600	-4.446234	2.716061	7.551759
967	1	8.262502	-2.554720	-0.724910	7.830424
969	1	8.090036	-10.410111	3.652745	-0.547295
978	1	0.264405	-9.983426	8.118880	7.020701
980	1	7.940398	-6.604413	7.744747	-0.351572
983	1	8.622376	-12.443238	6.849614	0.267787
985	1	3.123866	6.172156	-1.796103	1.018929
994	1	-0.344686	-9.016941	6.789207	6.591696
998	1	7.057021	-12.111345	8.565322	3.987621
