3	1	-1.301733	4.667761	1.494302	-0.070671	5.929381	-4.755781	4.710010	-4.043655	6.955816	0.724063
10	1	6.870089	-3.221744	4.362038	1.648052	-4.282002	9.394682	-4.499999	8.250114	1.152769	6.838789
16	1	6.556276	-2.769732	6.000582	-4.441668	6.506665	0.243337	8.398795	-6.293544	7.078104	0.360517
27	1	0.418320	7.066992	-3.588142	6.809441	-9.021888	7.470165	-5.553322	6.844372	-5.295013	7.813749
28	1	7.597036	0.316257	4.195623	-3.861302	3.068095	6.246368	-3.608284	7.879925	-6.453961	8.059893
68	1	0.748362	6.511148	-5.370981	7.242318	1.706360	1.087615	4.535195	-3.191974	7.465840	3.195247
120	1	0.680900	3.178967	5.588387	-6.806932	8.706787	0.568833	-2.223294	9.621032	-7.033550	7.433655
138	1	8.522032	-4.957214	6.411099	-5.466263	5.445638	-2.870842	6.675548	-3.068467	6.484687	3.558170
139	1	-1.109285	7.765867	-4.378324	4.437273	-1.323233	5.723996	-4.546016	7.033876	-1.281370	5.469409
142	1	6.709390	0.866780	3.763204	8.092787	-0.731719	-0.763681	5.872778	-4.772184	8.366225	2.664668
148	1	-2.429155	6.552707	-1.871740	4.239907	-7.759879	7.080011	-9.726082	8.509162	-3.390513	7.141561
151	1	6.434888	-2.189506	6.166148	-1.765035	8.068525	-4.392156	7.045904	-6.220689	6.664093	-0.614116
156	1	7.396954	-2.877270	5.476309	-6.854328	6.540297	-0.804835	6.576988	-6.026823	7.060313	3.127900
162	1	4.876005	-0.295037	7.164300	-4.929211	7.838239	-3.329719	7.811840	-6.308309	6.511042	1.333156
165	1	2.994197	-1.685029	6.442241	-7.744236	5.572278	-5.389487	4.254830	-0.050290	0.330035	6.838792
173	1	6.303435	-8.377906	6.497642	-4.800041	7.002178	-4.006638	8.759306	1.530314	-3.054402	6.745830
184	1	-1.121015	6.808723	-5.718004	8.122700	-2.520297	6.841889	-9.378823	3.598984	3.301652	-2.171211
191	1	6.800212	-1.701960	-2.506314	6.586966	-2.249082	6.368778	-7.372393	5.797552	-1.327936	5.416487
211	1	3.931347	1.659289	8.298022	-7.450944	8.400501	-3.880940	7.078802	-4.610698	7.712625	2.800066
216	1	2.306685	7.180676	-5.883020	8.155566	-3.314491	6.933429	0.411336	2.432837	8.984931	0.180366
222	1	2.089750	6.530439	-5.458351	7.109290	-7.550785	6.131222	-3.847134	6.464243	-0.533874	6.517955
227	1	0.966856	6.330232	1.369039	-0.808947	4.461622	1.070606	-2.630312	7.215253	-5.825289	6.239178
238	1	-2.405542	6.357513	-0.468351	4.979042	-7.539755	8.573129	-4.690536	5.739997	-0.569909	3.865986
245	1	0.732024	7.934601	-6.095214	7.711425	-5.935814	6.080327	-5.257497	7.144097	-0.629292	6.592189
249	1	7.113185	-3.416752	8.772481	-1.147085	7.898614	-5.303211	7.612942	-3.975508	5.994415	1.613056
253	1	7.443375	-4.756259	7.903569	-5.000186	4.464299	-5.059087	6.279999	-3.815178	6.477818	0.730301
272	1	0.470434	5.843835	2.667563	-3.976149	5.892443	-3.201914	6.253903	-4.346835	9.140859	-4.118752
277	1	-4.391645	8.573799	-3.539076	6.577673	-4.040423	4.760632	-7.320540	5.110722	4.541880	-0.971465
285	1	3.360833	1.488361	7.157383	-9.955817	6.714638	1.328264	4.393945	-5.464406	6.426150	1.959417
286	1	7.946978	-6.542473	6.352573	2.353435	0.185752	6.905363	-7.378759	6.541370	-3.446480	4.582787
288	1	6.793311	-7.040495	7.636819	-5.241749	5.968134	-7.161070	6.207327	-1.906112	8.663554	-0.790103
290	1	6.483217	-6.321383	1.315214	6.634701	-4.516740	6.412277	-3.150909	5.834918	-0.589057	6.369153
294	1	-1.289570	8.019491	1.841820	2.261067	8.558101	-9.420189	6.487509	-0.616662	6.701062	-2.475138
335	1	-1.343064	6.559923	-5.933857	3.342596	-5.603674	6.964979	-7.953243	6.445626	0.123708	3.159314
345	1	7.264590	-0.180499	8.683962	-6.345552	4.092724	4.898670	-3.555719	6.642637	-5.463964	7.093724
353	1	9.090821	-6.949804	7.002569	-3.330045	7.872796	-1.798845	8.270957	-5.052079	7.511743	1.428655
387	1	8.284126	-1.767237	6.154151	-1.900392	4.146769	-2.893099	6.003137	5.391239	-2.136431	6.497101
388	1	4.634662	-0.806020	6.883758	-3.258289	6.057645	-2.508652	4.659764	-3.016492	5.301742	2.607513
394	1	8.373840	1.988011	2.621620	4.868728	0.333707	0.186440	7.011584	-2.480320	8.145993	0.441752
403	1	1.822771	7.510216	-5.531621	0.479622	7.447518	-2.219383	6.597387	-4.299332	7.727352	1.822045
404	1	1.515246	6.654496	-1.382837	3.512135	6.820249	0.744297	0.748941	7.226308	0.024461	9.102662
405	1	5.918944	-3.950742	7.412710	-4.041794	7.354261	-9.208003	6.186267	2.210259	-3.113693	6.843474
414	1	9.667164	-0.888867	8.107534	-5.057472	6.297551	-2.252642	2.906584	-0.269952	7.854196	0.331656
444	1	7.245713	-6.833224	6.353503	-5.049324	8.454138	-1.446120	5.615459	-8.949782	5.206257	0.835920
512	1	0.964800	8.744628	-3.319318	4.825769	-1.927751	8.214649	-4.595670	6.217955	-3.962683	7.314839
519	1	0.993482	6.207982	-0.752102	4.769337	-1.086248	8.852495	-2.483905	6.267535	4.774102	2.137038
536	1	5.798033	-4.044854	8.182714	-4.149666	6.783549	-4.601497	8.353965	-5.816981	6.740875	-0.068204
544	1	8.463354	-1.727099	8.243109	-4.219959	8.323347	-3.411413	6.986269	-8.434248	6.094626	1.092312
550	1	6.656125	-4.956678	6.350325	1.092479	0.255201	6.684048	-3.700729	6.298213	-7.598658	8.150663
580	1	2.019911	9.428884	-1.889074	3.939460	4.821100	-2.962458	8.250287	-1.790300	6.716179	-3.807817
583	1	7.669110	-2.835106	7.995855	-5.834396	7.296467	0.034902	-0.494019	7.651950	-0.174283	6.460558
588	1	0.597541	7.733068	-5.679619	8.712588	-4.784321	6.602430	0.179001	-0.544322	5.880420	2.649898
599	1	7.627170	-5.033201	6.786705	-0.402308	7.725793	2.090559	6.826231	-4.572137	7.733791	-1.294211
610	1	4.906124	0.699302	6.420015	1.143819	6.304402	-7.550297	6.771730	-0.675248	5.140917	7.589654
625	1	8.956091	-3.796317	6.639042	-4.604478	6.342052	-1.992584	7.658107	-4.058093	3.741511	5.390039
627	1	6.760950	-6.285057	8.364628	2.004897	5.591878	-4.385137	7.361910	-3.643139	8.114872	1.137825
628	1	6.162247	-0.070172	-1.842029	9.691616	-5.131018	7.670908	-3.389873	5.974713	-3.496689	4.343290
630	1	1.499138	8.266994	-6.361001	6.796784	-6.360098	9.681262	-2.502699	5.900630	-5.242610	8.412724
652	1	4.249991	-2.309813	8.892809	-0.111618	2.989244	6.775610	-6.358381	6.194502	-3.929548	4.787660
655	1	7.151143	-4.881086	8.855685	-3.033514	6.398527	-3.650436	6.662232	-8.192916	6.557640	-2.687819
657	1	8.555889	-6.956354	6.131395	-5.303845	6.693958	0.312777	7.849921	-8.510433	7.885382	2.455335
660	1	8.760376	-9.185048	7.923605	-7.257804	6.013230	-4.549029	6.800543	-2.713220	7.280512	1.730130
664	1	5.427512	-5.783693	7.327655	-0.715001	8.277805	-1.943615	5.713213	-3.201220	5.401445	4.790724
668	1	-0.062061	9.364931	-5.128493	8.191611	-2.898336	4.638115	1.243354	-1.271588	9.075338	-1.334810
672	1	0.481284	6.851711	-1.915033	7.784217	-9.122961	6.803891	-4.011801	6.331176	-6.517115	6.161192
678	1	5.814636	-2.001585	7.881598	-3.971682	6.733303	0.645579	2.768360	0.746188	7.792947	-1.884298
680	1	5.667329	-2.382264	4.392966	-0.767905	4.697719	-2.690506	7.064260	-5.513605	5.432550	-1.575265
687	1	-1.017788	6.875230	0.601771	-1.481243	6.286481	-1.343065	-1.579297	8.709187	-4.741898	4.172690
696	1	6.613251	-4.383501	0.678924	6.846545	-5.053383	7.043255	-2.775254	9.588420	-2.828819	6.838065
698	1	1.089294	9.157498	-5.079824	8.039319	-1.551913	-2.930318	7.230735	-6.306445	6.862310	1.211464
700	1	0.339097	7.573966	0.470336	7.576090	-8.538550	8.942231	-1.465342	-3.281603	7.322219	1.935100
705	1	7.086569	-1.806998	1.171257	0.635872	8.873960	-3.836874	7.348180	-1.477793	4.376933	4.048102
721	1	2.235709	7.341517	-4.635016	7.804967	-3.883734	8.032520	-5.320034	6.682148	1.621186	3.824531
739	1	1.970010	7.218561	-4.274807	7.654917	-7.275076	7.707971	1.804759	-1.339098	6.247399	0.378432
741	1	-3.187207	5.929626	-2.322488	6.778898	0.211885	7.370672	-6.242748	7.623607	0.157216	5.265196
747	1	7.570750	-7.805125	4.672816	3.949745	-3.065898	7.493113	-3.194659	3.931925	-6.708836	7.096284
768	1	6.777743	-2.457159	5.660161	-6.217099	6.629953	-2.252495	6.860443	-1.676244	7.425857	-0.721874
808	1	5.886252	-6.240917	4.083268	-1.941889	6.322437	-4.789137	6.372297	-5.454646	7.331631	-1.455614
818	1	3.072269	6.713213	-5.391965	7.722340	-4.038714	6.515799	-3.854315	7.378739	-4.309325	5.148585
835	1	8.373282	-5.311541	7.887683	-7.422476	5.457853	-3.670313	5.924898	-3.074002	6.181690	-1.300944
836	1	-1.797455	7.626092	-3.212704	5.411333	-7.367278	7.595733	-0.371254	-2.176603	7.009395	-1.402939
878	1	3.004125	-0.791002	9.128943	-3.598772	6.476979	-5.029502	4.624175	-4.928447	7.333111	0.320379
888	1	-0.054773	9.034782	-4.629476	9.839604	-6.243422	7.138227	1.530942	1.202033	0.341390	7.798789
905	1	1.824797	8.002984	-6.347594	6.527452	-8.235370	6.874999	-6.063577	6.707449	-5.927691	7.916944
933	1	6.234834	-4.813993	6.937782	-1.468768	-2.414968	4.153553	1.130436	3.468262	5.424737	1.704242
936	1	6.258194	2.308072	-3.294562	5.391362	-3.811012	0.102920	8.759674	-5.699747	-0.869559	8.740483
938	1	7.175593	-4.330626	6.582510	-2.891726	5.567198	-2.377204	-0.093920	7.293294	-6.395241	6.927774
954	1	-2.250598	6.690155	-5.016861	8.120307	0.226027	-3.053423	7.499164	-5.487933	6.555331	0.346059
962	1	6.890863	-4.149588	5.774649	-1.701570	9.013068	-2.325870	6.282379	-10.987433	7.649668	-1.078746
972	1	7.778851	-4.645184	7.074981	-5.745048	1.815415	7.728292	-3.209421	6.557185	-3.730660	7.491172
973	1	6.690990	-1.832853	7.973113	-8.439419	7.833544	-3.921583	6.097927	-3.142374	-0.386992	7.146976
978	1	0.762714	8.865495	-5.674318	5.691801	-1.030918	-4.989994	8.175813	-2.100229	7.269204	-0.935786
988	1	7.706933	-2.626507	8.664118	-9.890950	7.416723	-5.742431	5.436985	-8.500539	9.203577	-4.994078
989	1	8.061557	-4.824736	7.133922	-1.726364	5.276282	-7.762455	9.242708	-5.592518	6.280539	-2.492231
990	1	-0.226174	1.354554	7.381118	-6.851532	7.209774	-7.887689	6.749479	-4.110916	7.630939	-0.044649
995	1	3.305195	7.006434	-5.597833	3.797088	-7.593677	9.072487	-4.815904	5.937313	-3.118190	6.765072
1018	1	-0.770927	4.664548	-4.092464	6.800231	-4.834585	7.207631	-4.661078	8.685697	-4.880450	7.859698
1027	1	8.952170	-2.012926	-3.420378	7.957444	-4.662957	9.547932	-1.333264	4.287362	-2.581094	8.378529
1032	1	0.548545	6.398959	-5.130535	7.876007	1.523469	3.416323	-4.406736	6.430807	0.849197	2.782773
1034	1	1.478185	8.032113	-6.581204	8.163122	-3.990346	7.375149	-7.813224	6.597746	-3.574454	7.682958
1042	1	7.598692	0.258214	1.693577	8.722409	-5.221355	6.309650	-2.590653	8.386576	-0.620880	6.162962
1043	1	5.657760	-0.130937	7.845450	-2.238588	-0.817944	7.173750	-4.160303	9.372859	-4.285598	7.420931
1046	1	-2.916804	7.031953	-3.493862	7.677095	-4.696538	3.917030	4.971254	-9.478291	6.421428	-1.120157
1052	1	5.526496	-6.231962	8.572838	-3.134756	5.568457	-5.514218	5.849132	-5.002308	2.648536	6.438575
1058	1	5.949956	-2.285161	9.080807	-1.901254	7.005616	-5.862349	6.941323	-6.241211	9.419494	-1.178320
1070	1	6.997923	-3.947937	8.054579	-2.753780	0.746804	7.220683	-1.078637	1.048337	8.374478	0.034572
1076	1	1.387412	5.622622	-2.637341	7.138438	-6.635850	7.626213	-3.549600	8.342141	-5.361599	9.108064
1077	1	1.560157	7.209742	-8.242156	6.583067	-1.365518	-1.807062	4.576770	-9.444913	7.084313	2.798262
1107	1	7.528717	-1.811251	3.015093	3.972122	-4.989905	8.107185	-6.177153	6.329651	-4.667838	7.566986
1115	1	6.809566	-7.107327	6.374972	4.296234	-4.860377	7.546267	-6.802755	8.081822	-4.140143	8.660810
1121	1	6.059100	0.501952	7.097944	-7.365878	6.861575	-9.834059	7.816984	-9.557931	6.380838	1.500676
1123	1	-0.536229	4.204268	-1.251972	8.703808	-5.429780	4.609482	5.120548	-8.639042	5.903217	-0.791745
1137	1	8.965913	-1.733125	6.524866	-4.396065	4.633961	6.366321	-6.261419	7.038248	-3.977973	2.548894
1139	1	0.411074	4.716692	-0.768685	6.885563	-5.083639	8.408698	-5.873303	8.168954	-3.670210	7.295171
1180	1	0.313927	7.603395	0.541048	-0.956353	8.063569	-5.364807	6.851344	1.018130	-2.853292	8.857461
1205	1	6.631164	-0.967229	5.572184	-8.238451	6.939053	-2.193842	6.798854	-8.398955	5.877362	1.335603
1233	1	6.473127	-2.930657	7.671170	-3.640422	7.502815	0.563407	-2.926198	6.390202	-4.616077	6.163299
1252	1	-0.325620	5.371730	-6.661753	5.830844	-0.097291	0.363237	6.864400	-1.819180	3.886845	-2.157266
1260	1	6.327807	2.820538	0.283875	7.569058	-5.589752	5.677937	2.268054	-0.947594	6.120951	3.984743
1263	1	4.944573	-7.047492	5.086160	-4.361862	0.616492	7.217637	-7.102377	6.566670	-8.278188	6.843265
1273	1	3.443964	6.711932	-1.452121	2.454875	6.499576	-1.722812	7.370119	-7.676811	4.007828	0.943306
1278	1	5.133609	-3.881831	7.862081	0.870430	0.860596	6.864573	-3.659492	8.776708	-5.644910	8.534204
1293	1	4.875780	0.325995	7.559198	-3.272636	8.859623	-0.339342	6.712450	1.102216	7.201294	1.135324
1316	1	8.774379	-5.195114	7.307691	-8.103180	7.559737	-5.725080	5.854310	-7.655441	7.506707	-1.629756
1329	1	3.544626	6.421886	-4.984436	5.360707	-5.816483	7.400617	-2.231113	6.913860	1.200762	-1.795527
1344	1	6.806167	-3.655623	5.377427	3.266396	-5.308239	8.174030	-5.122458	8.025152	-5.644785	9.597925
1352	1	-0.478373	8.163943	-3.180555	-2.779097	9.180413	-4.466382	7.464150	-0.769864	1.610383	8.431624
1366	1	3.367879	1.837287	6.331960	-5.751685	6.596878	-3.969439	5.198521	-3.523689	6.574882	2.141402
1389	1	3.958392	-1.231285	8.309533	-2.451633	1.076397	6.344827	-3.855930	5.523725	-1.153995	8.143224
1395	1	7.795517	-2.030428	7.370321	-3.734381	8.023490	-3.881934	8.098904	-1.403829	8.011682	1.192400
1403	1	6.114667	-6.260177	6.401736	0.196003	7.232755	-4.183764	6.880163	1.102174	2.547035	-0.825289
1421	1	4.937473	-2.553695	8.281258	-7.612771	6.441940	-5.508099	4.967986	1.201011	-0.693656	8.421340
1426	1	7.124759	3.150010	-2.253061	9.234335	-6.276614	5.522585	1.614975	1.600779	5.408412	2.339606
1428	1	2.124594	8.241330	-5.502752	8.392729	-2.141880	7.226186	-6.297583	4.452324	5.710364	-2.128843
1435	1	5.592741	-2.225819	1.408003	6.939941	-3.836081	5.133011	-0.276301	2.730560	6.868151	-0.296458
1445	1	7.144752	-6.411512	6.422846	-3.828460	5.462784	-4.439335	7.799788	-4.685863	8.083610	3.263569
1456	1	-1.414271	6.582164	-4.536582	6.518286	-8.124200	6.882041	-6.536837	5.837509	-1.451190	5.857098
1470	1	7.066949	-6.343579	9.847921	-4.157492	5.736719	-8.008732	6.395258	-1.674694	-0.183732	6.081985
1472	1	8.641947	0.826345	6.292530	-5.227715	4.573174	5.938194	-5.865862	5.301786	-6.845074	4.972223
1483	1	0.268685	6.925071	-7.303537	6.834885	-6.790899	7.057106	-4.242923	7.211799	-2.864001	9.564614
1512	1	8.542130	-3.118394	5.919230	-8.497396	7.389286	1.507366	-0.008526	8.281364	-2.584002	5.572289
1517	1	6.281862	-9.199194	8.820246	-3.007016	8.689916	-3.311371	7.012383	-2.608848	6.346040	-0.372029
1521	1	3.688493	9.201850	-2.423409	8.421593	-4.518688	7.522787	0.942656	-3.282598	7.572598	2.157796
1533	1	8.746507	-0.107897	6.215884	-3.405282	6.346913	-6.049933	7.462744	-4.311122	5.600875	0.206559
1543	1	2.436791	-0.806001	6.097108	-4.453819	8.456859	-5.737181	7.604454	-3.744378	5.029166	4.480890
1567	1	-0.458139	6.256461	-6.909110	6.861331	-0.646941	-0.205198	6.105254	-3.299113	6.945689	1.936271
1574	1	6.501097	-5.499051	7.801845	1.147487	0.156765	-1.107843	6.470579	-8.750743	5.643943	4.730526
1582	1	8.163811	-4.275049	4.404264	-4.151735	8.717578	-8.130974	5.452459	-10.675710	9.007842	3.339157
1587	1	-1.014028	6.449774	-2.735389	5.704941	-2.552678	5.899928	-2.497844	6.910420	0.822651	2.725821
1607	1	1.536546	8.352620	-3.026146	1.330805	5.027506	-1.417549	7.142697	-1.854482	7.846750	-0.846102
1624	1	0.483757	8.150664	-1.518432	6.632557	-1.903535	6.992472	-7.919031	7.843931	-2.633948	6.646463
1637	1	6.606474	-3.430548	7.701715	-2.854840	7.217194	-1.437812	-4.035477	6.835682	1.318987	4.002752
1640	1	8.565302	-4.179570	8.162166	-8.632270	6.710315	-4.927050	1.859266	9.173896	-3.851432	6.890443
1660	1	-0.656759	7.386214	-2.617170	7.234313	1.724077	0.088510	7.301546	-6.862829	5.303445	-1.380134
1663	1	-3.081339	9.229282	-2.178896	1.471319	7.420180	-4.395061	8.070803	-7.180103	6.621376	-0.324902
1690	1	6.724266	-10.227410	4.505764	-4.319739	5.561139	3.400749	1.350055	6.130585	-2.149585	6.958468
1696	1	9.777796	-3.786208	4.258439	5.460724	-5.847365	7.608275	-0.046180	1.938827	7.887124	2.741302
1697	1	0.067729	8.116542	-2.578349	7.011558	-3.908255	6.740014	-2.992387	4.349511	-2.894351	4.560603
1699	1	6.907616	-4.964325	6.803550	-5.497863	8.536777	-4.931889	7.123564	-8.062677	7.954063	-0.821855
1718	1	-0.961850	6.454838	-7.327052	9.196019	-7.421021	5.419556	-5.625743	7.796627	-9.498449	7.404547
1722	1	1.433044	7.955473	2.181622	0.980578	-5.176613	6.143482	-2.392996	-4.972094	6.627090	0.187844
1735	1	5.717155	-3.965978	7.471363	-4.314940	9.384761	-2.706992	6.851574	-8.656266	7.162574	-2.212725
1748	1	0.153985	7.566479	-5.134623	8.400910	-5.680495	8.000790	-3.339908	5.824512	-7.549406	8.623006
1759	1	3.992240	0.140538	6.682654	-3.027594	7.716541	-5.086740	8.277054	-2.444366	2.496020	2.693091
1763	1	6.898087	-5.901725	7.364879	-5.829830	8.917515	-0.747874	-0.645389	9.880319	1.061198	2.778854
1778	1	0.061215	9.145985	-5.014610	3.721218	-0.059008	8.073788	-2.493296	5.848295	-0.827108	6.517123
1783	1	1.793646	8.578088	-4.555868	9.119208	-7.937815	6.530332	4.775805	-3.011490	6.253464	1.434847
1787	1	3.529066	0.953695	5.692240	-8.548676	5.680450	4.846035	-2.362740	6.665153	-7.612980	2.940712
1799	1	7.204914	1.762770	-2.328098	7.878259	-4.197790	4.251377	-2.144206	6.140779	-3.487285	8.353691
1800	1	5.710834	0.188116	7.490000	-9.028054	7.254797	-9.897225	5.682786	-7.261950	6.532342	1.588908
1805	1	6.430448	3.871985	-3.973883	7.830608	-3.466445	5.881524	-8.597841	8.755043	-4.679593	8.572940
1816	1	0.189798	-1.010999	6.990751	-0.371382	3.730452	-5.217393	7.580371	-4.460885	7.633800	0.637816
1836	1	4.534513	-2.818266	5.699581	-2.189040	8.938669	-5.266157	3.982407	-6.215703	7.119044	1.827304
1852	1	0.028437	9.002411	-4.729199	7.597588	2.573852	-5.901445	6.420658	0.501605	3.280713	1.754426
1855	1	5.516508	1.302127	7.016676	-7.288472	6.448204	-3.035586	6.154216	-4.290338	6.912981	-0.395226
1866	1	6.228638	-2.426483	7.198176	-6.788000	5.809850	-1.304313	6.574711	-4.636733	4.690771	0.822701
1878	1	8.689250	-4.530951	6.845243	-1.137777	7.447794	-0.609897	5.875674	-4.278205	6.063320	-1.055224
1887	1	5.543101	4.479814	-3.852469	5.702823	0.376323	0.373455	7.257854	-4.620882	8.510166	-1.306875
1904	1	0.329929	7.584513	-1.323341	6.409126	-5.634995	7.278324	-0.794012	7.795953	-4.478837	6.730466
1911	1	1.296743	8.023463	1.263737	-3.504947	9.109322	-5.409752	6.494850	-5.877875	5.173047	1.047662
1925	1	-0.405549	9.350962	-4.802193	6.978921	-3.639535	4.375201	-10.646838	9.372543	-2.872777	6.744028
1932	1	-0.031855	6.584271	1.934626	-2.567307	7.277639	-7.856056	7.773559	-4.750574	5.889398	0.655650
1935	1	-2.774731	7.605365	-1.554506	7.713849	-6.754522	5.431086	-8.095292	7.198563	-5.755244	5.904852
1947	1	1.046250	6.009875	-11.287559	6.429760	-7.085103	8.594807	-6.568703	8.027512	-2.952725	5.858270
1951	1	3.648588	5.927258	-1.403621	7.079359	-8.528866	7.990218	-5.860470	4.023766	4.849811	5.864071
1961	1	5.975389	-2.276730	5.922158	1.023386	-2.721599	8.395334	-1.417898	6.683630	-6.059638	5.346836
1964	1	2.377012	2.345040	-0.320055	7.159121	-2.764267	1.224550	7.387215	-5.049176	7.428352	1.247402
1965	1	8.622218	-8.462547	5.857656	-2.830105	6.562838	0.902260	-2.967280	7.942843	-4.938044	8.512347
1983	1	-0.150639	7.719177	-5.014453	6.982542	-3.974441	6.926812	-5.751322	6.995864	-1.942413	5.254682
1988	1	6.852648	-3.997154	6.510768	-2.607483	6.193820	-7.404010	9.076836	-4.874640	7.997508	-5.085808
1991	1	2.554739	6.389409	-5.302159	7.304343	-5.645296	4.928492	-4.016421	8.806022	-3.326719	4.798865
1996	1	3.621714	2.515114	-1.171523	6.304019	-3.517601	5.805248	-1.204103	6.915629	-4.582856	6.106332
1998	1	-2.335205	7.287219	-3.965146	8.775433	-0.262646	5.919837	-4.858811	8.019467	-3.084927	7.749099
1999	1	0.344902	6.396976	-1.708844	0.399333	8.071973	-3.103661	7.471036	-7.707859	6.907102	0.994279
2005	1	7.224622	-4.437601	5.869655	-1.814016	8.998517	-6.573575	7.889136	-1.070752	7.591604	1.212842
2017	1	2.309680	7.328241	-5.789220	7.217500	-2.530784	-0.809864	9.106578	-2.543562	7.349394	0.138593
2034	1	-0.761569	7.180634	-2.858952	6.483829	-7.326871	6.044232	-6.821198	8.141481	-5.932192	7.981594
2051	1	6.882823	5.189804	3.674615	-5.713724	6.565172	-4.141068	5.270672	0.137186	5.177765	2.365493
2053	1	4.082191	0.809408	8.148536	-7.040238	7.232280	-2.278276	8.753719	-7.258199	5.876901	2.496896
2059	1	7.452539	-2.288495	7.438354	-6.596566	4.775377	-1.587169	3.772696	-3.900170	7.161650	-0.312461
2079	1	3.062895	-3.347028	9.311093	0.233512	0.570322	6.828966	-6.402705	3.533882	-4.227097	6.498014
2085	1	-0.272056	8.384857	-4.666138	7.013952	-3.228904	7.405900	-4.750213	6.408100	-2.875894	6.836754
2103	1	-1.881425	7.430746	0.469198	-0.959100	8.624066	-1.437922	8.613972	-9.564001	7.250699	1.094815
2124	1	5.603617	-0.443853	9.600441	-5.343865	6.865685	-7.308271	7.647984	-3.053961	8.418901	-4.372465
2128	1	5.326668	0.230752	8.422841	-1.565343	2.235563	7.155737	-6.752381	6.448951	-2.754251	5.358817
2135	1	5.419737	1.652904	7.316212	-10.365973	8.212549	-0.645791	2.537857	-5.566538	5.816277	-1.275936
2140	1	1.124336	5.897527	-3.392404	5.577676	-7.121280	5.410444	-4.038392	8.092403	-5.319906	6.302649
2144	1	0.298094	7.468576	0.249825	0.515552	5.519458	-4.863898	5.481276	-3.469540	6.356838	-0.014213
2152	1	5.759843	1.905611	6.161651	-2.418755	8.689675	-0.255707	3.566051	-1.341272	5.779227	-3.533081
2163	1	7.537710	-5.319255	7.506992	4.135857	-6.956931	8.400762	-3.926771	6.228417	-5.698421	7.090499
2178	1	-1.111869	6.320186	-3.907432	5.211416	-2.598420	6.020032	-4.087522	8.261482	-4.908912	8.302936
2190	1	3.744467	8.104036	-0.850466	3.962489	-2.260749	6.547246	-7.528893	8.268898	-3.201108	7.662379
2197	1	7.908332	-6.155655	8.628782	-5.093499	6.403392	-6.956856	7.523899	-6.004829	5.330025	1.162044
2200	1	9.030004	-4.216155	5.314334	-3.123355	3.958586	-1.377595	7.476205	-4.570355	6.484455	-0.831648
2204	1	3.973421	0.294180	5.615298	-7.622113	7.674915	-1.266345	7.754995	-4.409853	5.894956	-2.437589
2213	1	1.732880	6.687704	-5.920510	7.303821	-1.280939	3.399467	-0.589298	7.402689	-8.555358	7.954168
2234	1	4.122964	-0.861239	7.454822	6.146212	-2.641180	7.046908	-8.651648	7.945556	-4.651017	7.081686
2267	1	8.406127	-3.503593	4.939009	-10.177743	7.525374	-6.254253	8.789870	0.159325	7.453787	1.132884
2286	1	6.634858	1.176370	-1.775538	8.427362	-5.208581	8.775416	-0.744728	9.056148	-3.008806	7.383752
2313	1	5.099607	2.689832	-11.155119	6.893785	-2.954501	9.191708	-3.165623	4.346159	3.785536	-1.438820
2315	1	-0.322685	7.232525	-3.039974	7.677988	-3.281131	6.892435	-3.049667	5.630906	-1.081064	6.951617
2329	1	1.560970	8.741805	-7.651846	6.739199	-6.823483	6.945515	-6.648154	3.512713	5.735254	0.900826
2339	1	9.277435	-2.298857	7.566457	-5.910387	7.321449	-3.034742	5.257414	-1.034536	7.232340	-0.078116
2340	1	7.748058	-8.920704	6.033565	-1.897641	6.191937	-5.967291	9.429790	-4.303404	6.314349	2.937787
2346	1	8.840372	-5.231493	6.373599	-4.443600	5.720449	-6.891374	6.631909	-0.943947	-3.506986	8.911815
2354	1	0.679791	7.038539	-8.330406	8.010759	-4.660735	6.741909	-4.868839	7.964269	-1.493685	6.279260
2380	1	7.472221	-5.864250	6.638204	-2.278555	6.602327	-3.073946	6.995737	-3.783622	7.611857	-1.237427
2387	1	0.132762	8.392206	1.649046	0.796897	6.171841	-2.429756	4.467559	-2.663928	7.740327	-1.335120
2406	1	8.373575	-1.717954	-0.924568	6.463540	-1.516845	5.481191	-5.525885	8.695796	1.415500	3.127767
2443	1	5.777830	-3.579213	7.636959	-8.776272	8.035227	-6.667126	7.512209	-0.327740	8.788348	0.961628
2445	1	5.149439	-7.227037	3.756676	-5.807999	8.166473	-1.519206	5.432011	2.566099	-0.115083	5.704007
2490	1	0.180238	4.297221	1.765230	-3.260253	7.527769	-1.554963	5.966706	-6.350898	5.436365	-0.491576
2530	1	0.151369	6.895645	-6.497647	7.694758	-3.200604	4.483275	-4.625319	8.719529	-5.431822	6.240933
2540	1	3.115912	6.375085	-2.506037	1.540828	6.779093	-3.851303	6.349093	-3.145697	7.527070	1.575850
2559	1	2.652801	7.003684	-3.439278	7.161870	-6.793774	7.881193	-7.934157	7.287220	-4.954660	7.094167
2562	1	4.634402	-1.885681	6.635157	-3.372154	6.838332	-7.775488	9.216388	-2.666675	7.476309	-2.425163
2574	1	6.391323	-5.374166	6.306756	-1.580493	7.141304	0.662850	2.595772	-0.892111	6.733495	-0.876893
2586	1	1.909264	5.681773	0.195096	6.081941	-4.205127	9.363159	-0.000385	-5.357239	6.510343	-4.992783
2601	1	6.892613	-1.330085	7.277129	-2.654018	5.979533	-6.242435	6.166425	-4.058292	8.867840	1.263431
2617	1	-1.734098	4.904856	-4.584701	3.018287	6.206573	-7.898661	6.907980	-7.944428	4.057120	1.847873
2619	1	7.157407	-2.142124	7.819208	-0.964157	6.211489	-6.117638	8.382393	-4.102273	8.153817	2.210835
2623	1	5.462562	-1.757349	6.965943	-4.550228	6.808663	-1.266284	3.659883	5.562701	-3.507529	3.659201
2629	1	1.089639	7.683156	-4.927468	4.548901	-2.646893	5.034749	-4.267392	8.130421	-3.082093	6.501428
2633	1	0.661656	7.896959	-3.945520	5.095256	-2.019343	-0.107861	7.526012	-5.763864	7.747752	0.189000
2645	1	9.359639	-7.439890	6.597352	-3.462355	6.643456	-3.431863	6.977173	-4.388127	6.979809	1.260375
2652	1	2.357295	9.708823	-3.759576	6.281876	1.494494	0.979023	6.402863	-5.835347	8.534172	2.046476
2664	1	6.369467	3.363928	-3.923443	8.710827	0.664014	0.554558	8.157026	-5.165413	6.022221	-0.147242
2667	1	2.453699	8.109320	-5.524813	8.264667	-3.940269	7.102291	-8.443438	6.789800	-3.651318	7.609802
2676	1	2.322457	4.433773	-4.475347	8.035240	-2.295988	6.925800	0.710753	0.087724	6.834437	4.441483
2679	1	6.094838	-0.049318	5.022728	-1.297582	7.611343	-2.589178	6.647234	-0.424887	3.276017	0.276119
2683	1	1.078278	7.109688	-7.385115	6.141504	-0.463607	0.754691	7.969467	-2.124651	7.328827	-0.697962
2710	1	9.039940	0.354510	-2.515863	8.010611	1.792221	0.485383	6.942051	-0.126818	6.857115	3.588014
2717	1	-2.699115	6.159273	-3.095228	6.775432	0.999130	-1.293899	6.891872	-3.881624	5.885422	2.532633
2739	1	0.868164	8.228479	-1.990999	-0.346808	4.023537	-0.329264	5.830239	-0.668974	0.006474	6.977868
2740	1	6.006683	-6.897911	7.185410	-1.095128	6.439518	-1.240651	5.789266	-5.987620	6.650280	1.125224
2777	1	8.839592	-5.639472	6.460810	-2.889702	6.220597	-5.751086	5.702544	-6.983810	4.909728	2.278520
2788	1	4.601665	6.039697	-6.287355	6.281260	-9.394011	7.271788	-2.472488	4.639940	6.407696	-1.362733
2800	1	6.162730	-5.911360	7.695529	-5.720371	8.201427	-3.152927	5.877606	0.072046	1.060755	8.152873
2803	1	5.671544	0.631538	7.099984	0.230494	2.324239	6.132356	-0.604686	1.598396	8.004018	-3.543685
2815	1	4.133333	-1.843193	8.189409	-6.485568	6.186232	-6.495134	9.320394	-7.129130	7.213981	-1.085662
2838	1	0.068807	1.204577	6.991576	-4.404300	6.541602	-6.615676	7.883456	-1.860321	6.656329	-4.807889
2845	1	1.938629	-1.324078	5.319780	-7.410502	5.842471	1.406818	-4.039744	6.993170	2.387055	2.195053
2856	1	5.062568	8.356318	-2.781904	7.123402	-5.446796	5.600941	-5.398347	9.773448	-2.537728	7.296023
2875	1	-0.771328	7.123910	-3.727835	7.864887	1.890018	-0.658095	8.564459	-3.986125	5.227917	1.829526
2876	1	6.581343	-4.281769	9.195691	-2.148404	8.429953	-5.601242	6.889221	1.269345	6.536324	3.621262
2920	1	5.366946	-5.689656	5.205192	-2.728436	7.729541	-6.683144	7.968758	-3.226643	6.401604	2.263934
2927	1	-0.517045	6.338021	-3.257177	0.301803	7.137887	-3.689995	7.713112	-0.671707	5.397781	-1.019147
2940	1	7.741889	-1.988527	8.573644	-6.205487	8.913953	-5.038246	6.405116	-8.508009	8.696214	1.462323
2943	1	1.368853	8.660078	-4.798988	7.662503	-3.536167	8.888784	-6.777929	7.013437	1.558098	2.794481
2946	1	-2.121196	8.505418	-3.092377	7.019761	-5.556159	6.060321	-5.259873	6.441908	1.889934	2.874822
2959	1	5.522844	-3.923251	5.563864	-8.094264	5.723105	-5.416658	6.943714	-4.192848	2.703429	5.922258
2960	1	7.241616	-3.296883	7.387402	-4.098759	5.260717	-9.295557	6.320819	2.994207	-1.773231	6.522584
3031	1	7.630369	-6.671778	6.774374	-2.576855	-3.278296	5.823994	-3.053933	7.188951	0.362118	6.262275
3036	1	0.683856	3.100485	-4.387988	6.321023	-9.271990	4.703709	-5.030602	7.623473	0.636432	1.402388
3051	1	-0.848036	7.111764	-2.689067	7.351339	3.492307	-1.085781	7.649337	-4.657452	8.319347	-1.310440
3069	1	6.578956	-3.104826	7.690401	-6.596020	7.557175	-4.521816	7.753299	1.960444	-1.321722	8.791392
3090	1	-1.754000	6.273270	-5.653737	4.676013	1.144427	-4.236976	5.574042	-3.695633	6.424920	-1.046090
3095	1	-1.276485	7.127038	-5.224718	6.510909	-4.540650	6.640836	3.584398	-1.791524	7.774768	-0.970831
3098	1	6.142324	-3.453481	7.313030	-5.398760	4.361249	-0.338500	7.259648	-1.339828	8.713359	1.224294
3104	1	5.154923	0.589320	9.211473	-7.338782	7.972391	0.264106	1.634836	8.565079	-6.780453	8.231851
3112	1	8.125447	-4.640735	4.484634	1.527960	-4.341782	6.644136	-2.506579	7.842730	-3.636721	6.297890
3114	1	0.758244	5.961842	-6.163023	6.802918	-2.717860	6.404505	-7.889214	5.869032	-4.841416	6.923806
3118	1	-0.441196	9.029189	-4.483754	7.727044	0.482656	-1.247990	7.423919	-3.652724	9.239951	-1.993690
3126	1	1.977390	4.574752	-0.289505	7.862107	-6.717383	4.759833	-0.767678	8.169445	-5.545840	8.273094
3129	1	6.366821	-4.611903	7.483836	-4.757990	6.809273	-5.646190	8.666844	-4.410024	7.115419	-3.178360
3130	1	-0.296333	0.497573	6.697984	-5.736129	6.333610	-3.901570	6.813700	0.420097	6.627218	-0.751434
3133	1	7.212343	-5.619239	7.869226	-2.840023	7.149069	-4.824882	6.607339	-3.616330	1.692750	7.567862
3136	1	-2.090998	3.659690	3.559355	-6.827473	6.602681	-5.160199	7.445903	-3.728429	9.286706	0.154350
3139	1	4.511019	6.885094	-1.062899	-1.016269	6.381109	-0.708205	6.985777	-5.470902	6.765014	-0.029875
3159	1	2.890799	8.537677	-4.986747	6.220947	-5.337244	5.939313	-3.601769	3.554445	6.002804	2.795921
3168	1	1.296892	3.824452	-4.883824	7.118109	-4.764448	6.572573	-5.752994	8.817030	-3.273907	8.479798
3170	1	4.871099	-3.067685	7.455069	1.602781	-2.579634	5.532600	-0.564947	1.917603	4.993518	3.714498
3171	1	-1.212923	8.454781	-6.440978	6.179143	1.734344	-1.839744	6.679318	-10.210510	6.223543	3.362315
3186	1	-0.134894	6.317443	0.919460	-0.202922	8.284437	-5.389938	5.587868	-6.368120	8.246045	0.720217
3187	1	6.422616	-4.223682	6.341560	-3.868494	6.375063	-5.015229	6.342993	-5.673564	7.798116	2.056419
3207	1	5.242035	-0.198995	6.948510	-3.661853	7.067537	-1.301330	0.380531	6.645193	-3.123037	6.231050
3209	1	4.543489	-1.714562	6.470359	-2.835907	5.172727	-1.428675	7.429533	-3.906416	2.902675	7.422916
3214	1	-0.388509	8.203029	-2.588598	9.135286	-3.146912	5.558486	-2.168849	6.972172	-4.301745	5.517002
3220	1	0.983091	6.488579	1.810893	-1.948746	7.831106	0.815752	-0.465110	7.511448	-5.285481	6.336638
3228	1	0.625607	6.752814	-4.597154	5.822471	-2.607230	8.531608	-1.558277	3.966819	6.062198	0.343878
3229	1	1.424281	7.044352	-3.131815	8.784791	-8.028725	8.689033	-9.065300	7.282405	0.938178	6.320246
3247	1	-0.402317	8.185078	0.765783	1.543249	7.673245	-5.437328	6.553028	-7.169148	6.280254	-2.021155
3251	1	5.351081	-2.023495	7.294588	-8.282276	7.272647	-2.484251	8.599069	-4.115418	6.709526	-0.359818
3258	1	8.352472	-3.411965	5.307126	-6.195417	8.445425	-3.972141	7.192461	-0.156770	2.937167	5.920227
3261	1	7.401211	-5.550433	7.004382	-1.730536	3.695843	4.941702	-6.011657	5.614736	-7.191987	7.326210
3303	1	0.820563	7.906786	-2.382713	0.466053	5.479344	-4.418050	7.181863	-5.464271	7.127515	2.131168
3304	1	1.364850	7.569595	-3.136015	6.673741	-5.018962	6.260463	-4.035865	7.405059	-2.313390	7.744965
3323	1	1.005100	7.004341	-7.184495	6.325592	-4.953686	9.181321	-3.815436	8.037545	-6.747663	7.451402
3325	1	6.513078	-4.973181	6.488826	-4.463220	7.889920	-4.745305	4.634221	2.102996	-2.242849	6.909541
3327	1	0.066039	6.311212	-0.879253	6.797770	-7.218324	7.295559	-4.826672	9.806209	-4.430148	7.230187
3343	1	3.274634	6.804727	-3.802043	7.036313	-6.663432	7.314505	-3.876626	6.489928	-4.917029	7.535711
3352	1	-0.976991	9.171331	-2.725713	8.181005	-0.931166	5.040233	-1.745330	-1.870870	7.225690	1.656104
3357	1	4.908030	5.829080	-5.859575	7.111090	-7.513402	5.961187	-1.610783	8.034897	-4.804352	6.426801
3358	1	7.804155	-0.938379	6.218522	-2.968219	-0.555517	7.943246	-4.298378	7.395102	-4.287024	9.094606
3374	1	8.486259	0.557889	-0.682430	7.430424	-3.967164	5.220788	-1.380723	7.749979	-4.297476	7.231612
3375	1	7.480324	0.440546	8.345484	-1.741540	-0.119074	7.113516	-1.192138	7.607350	-5.935054	5.716499
3378	1	8.463887	1.368814	5.736006	-3.454895	6.786594	0.097561	0.310516	7.058120	-3.413241	6.740150
3385	1	1.378804	7.793513	-3.688217	8.260102	-0.781541	7.031849	-4.442029	7.138084	-6.141313	6.745621
3398	1	6.177134	4.871778	-0.903976	6.368347	-4.535850	9.423588	-6.418456	7.700201	-1.081673	5.299992
3403	1	8.248946	-1.044398	1.793959	5.123664	-6.774183	6.575494	1.323531	-0.907264	5.509271	0.601631
3404	1	4.363551	4.049001	0.601863	1.387918	8.501024	-4.454639	7.523636	-2.231627	7.584125	4.698138
3405	1	1.570716	6.849180	-4.937385	7.905760	-2.710646	7.370354	1.734865	7.209036	-7.277863	7.896262
3413	1	-0.224995	4.539350	-4.321516	5.195170	1.299546	-0.043500	7.486678	-9.435722	6.911725	3.166456
3419	1	4.922673	6.582309	-9.573251	8.523669	-0.163164	3.293115	-3.310023	6.802897	-2.657118	8.265560
3431	1	7.831695	-2.427927	7.968162	-6.146534	5.842903	2.185711	-3.679465	7.342810	-7.566860	7.920762
3446	1	3.033600	8.936997	-5.032272	5.871025	-5.100323	4.403157	-3.183687	7.828592	-6.719277	5.010818
3467	1	-0.126162	6.308319	-1.213886	6.215578	-6.610153	5.712799	-2.130767	7.057543	-0.655750	1.750493
3474	1	4.046094	6.108114	-6.609662	8.312913	0.271691	-0.939503	8.318855	1.203179	-2.144421	7.554759
3475	1	8.371189	-7.548811	6.751504	-3.906524	5.990991	-2.903799	1.365469	5.299221	-7.314554	6.540828
3482	1	-0.433033	8.199691	-3.416750	7.752037	-3.267655	8.305721	-6.389960	5.587834	-5.121781	6.451013
3483	1	3.088806	7.300619	-2.915588	6.087500	-6.600176	7.038293	-8.561920	7.505703	-1.356252	7.020105
3486	1	1.182543	7.177767	-1.271983	1.866741	7.401763	-5.883901	7.086379	-2.928012	6.687569	3.639266
3491	1	-1.887353	6.781534	-1.463023	5.708599	-8.779020	7.264983	-4.911008	4.770851	-0.521987	5.283192
3509	1	1.597493	7.015808	-0.688904	6.948885	-9.470820	9.229372	-5.567093	8.187878	1.655706	5.197237
3540	1	8.107218	-8.361979	5.750425	-5.448016	1.717235	7.357853	-9.582337	7.353399	-1.840056	6.315757
3543	1	5.680509	-1.285287	8.471199	-6.543232	6.572592	-4.193000	7.272993	-3.882871	6.576588	0.235145
3549	1	0.570207	7.335767	-1.511709	3.862080	7.366120	-6.719337	4.893454	-1.181930	9.347567	2.292644
3558	1	5.923611	4.889471	-7.634855	7.343512	-0.005647	7.527297	-0.648839	8.893470	-4.542914	6.608881
3568	1	6.944901	-7.532116	4.573195	-2.921545	6.262739	-6.724892	6.903488	-3.249142	8.950437	-0.756769
3577	1	0.579757	7.597199	-7.670502	9.007575	0.407488	5.117228	-5.731029	5.969894	-3.893592	6.925793
3589	1	5.843983	-5.919937	6.607104	-0.518232	5.212050	1.465767	1.091140	7.684294	-5.571978	6.369565
3598	1	6.656157	-4.917287	6.945702	-4.135000	7.120367	-5.986191	5.903145	-4.017007	7.803529	0.302946
3608	1	7.566306	0.294074	4.094354	-6.196755	9.285406	-4.446804	6.739699	-5.435670	7.772232	1.804752
3629	1	-2.667525	6.548110	-1.106804	7.936908	-3.537228	7.743594	2.127965	2.931781	6.400528	2.630547
3649	1	-2.628934	6.807859	-7.686867	6.545758	-2.502054	6.091221	-5.679774	6.273392	-1.830344	5.720890
3656	1	6.555987	-4.870894	6.838269	1.923252	0.498245	7.149922	-6.581031	8.599848	-4.172871	5.945577
3662	1	-2.207648	7.037805	-0.280710	4.240991	-2.127308	6.276924	-5.440962	9.065230	-5.176601	7.180316
3672	1	6.344172	-3.991256	4.543565	-7.951334	5.693409	-2.596531	6.569294	-3.003559	7.987403	3.518716
3691	1	6.968931	-6.344012	6.713203	-3.516940	7.652190	-2.579926	6.180949	-4.065031	7.125121	-0.412294
3703	1	9.218292	-6.068976	7.260987	-2.862260	4.827973	-5.978927	5.906531	-4.615671	8.447515	4.587123
3711	1	9.256159	-6.129101	8.139668	-2.667165	5.861441	-7.066530	7.092779	-2.875688	-1.192809	7.132855
3758	1	6.531213	-3.011819	7.470748	-2.063116	1.910135	4.014825	5.819191	-5.750748	6.796895	2.551487
3782	1	2.887230	6.750400	-6.200876	6.434074	-4.259471	7.792275	-6.465944	6.680443	-1.989818	5.492596
3784	1	7.114381	-3.625985	8.221968	2.475687	0.605728	7.126702	-1.175349	8.163226	0.011694	0.643883
3788	1	0.599017	6.188296	-5.900883	8.206766	-1.662476	6.068574	-5.231378	6.056265	-7.730476	4.968036
3792	1	2.467415	6.005674	-4.413507	6.194904	-1.609050	1.541317	8.578428	-5.280594	8.696193	-0.486416
3819	1	6.973824	-5.245809	6.967915	-7.263620	8.740203	-6.244912	8.056802	-4.956350	6.699828	-1.553559
3848	1	2.041020	-2.456259	6.342695	-4.254129	6.416384	-7.685827	5.228164	1.104938	-1.620139	6.075447
3853	1	7.174497	-1.496899	8.022002	-6.014499	8.455238	-4.358200	8.104979	1.235117	1.136188	8.759678
3856	1	1.257937	6.987590	-5.482902	5.952415	-8.595734	4.970688	-5.867013	7.583177	-3.515850	5.403923
3858	1	1.947863	4.982514	-4.452566	6.625334	-2.570734	8.020195	-6.925876	7.601486	-3.113378	8.411851
3863	1	-0.229095	6.976096	-0.405763	1.064448	7.040254	0.748787	4.050105	-3.109195	4.337091	2.684204
3866	1	5.198958	3.882464	-0.018850	-1.666875	7.942814	-3.097669	6.233391	0.182250	7.474441	0.428118
3874	1	8.500779	-5.948875	6.945006	-3.946623	6.385626	-5.273125	6.751342	-4.392446	4.814100	4.669511
3875	1	0.130020	6.613134	-1.323743	-1.389816	6.272876	-2.676450	1.476597	8.335845	0.551076	5.531994
3876	1	7.210527	-3.553880	7.205943	-0.461358	3.788439	-1.889453	7.433177	-7.490702	8.977172	2.147213
3890	1	1.718360	6.898377	-0.769561	5.061102	-5.466745	7.998444	-6.473067	9.257204	-5.342645	5.869968
3902	1	6.257942	2.996799	-2.597824	8.255083	-3.164565	8.997982	-2.784676	7.985514	-6.131154	5.185403
3905	1	7.133335	-3.187800	6.700391	-4.098102	3.510482	1.590168	6.636457	-4.962599	7.332040	2.738105
3909	1	6.786871	-6.090838	6.084336	-3.581612	0.717382	6.481779	-7.259971	6.410277	-7.298246	6.869143
3934	1	6.785178	-5.525163	6.808125	-5.702777	6.865681	-7.170521	6.769576	-6.061740	5.283979	3.497759
3938	1	6.514835	-5.426360	7.157115	-5.150982	7.004244	-3.580102	6.635791	-0.888201	-0.404767	7.294783
3978	1	6.265498	-1.504494	6.836943	-3.848254	9.645970	-7.131625	3.909052	-0.470225	8.391548	4.821827
3990	1	-0.694131	6.958293	2.570391	5.298262	-4.787027	7.055853	-5.146391	7.864995	2.431161	5.063276
4022	1	5.320778	-3.477120	7.622375	-4.834935	6.433653	-7.251120	5.746382	-3.536142	8.145711	-1.434761
4035	1	0.405848	6.848742	-4.592243	6.993281	-5.213150	6.799843	-5.246404	5.202669	-5.664022	7.000562
4043	1	-3.177251	8.033289	-3.762284	7.463714	-2.282043	2.008287	6.258954	-5.797251	9.682938	0.425846
4044	1	7.218587	-1.594228	7.292494	0.865288	-1.245740	6.737217	-8.641731	7.098091	-4.477358	5.283921
4048	1	1.428333	7.000434	-2.378773	9.289890	-4.317185	6.023924	-0.736677	4.615152	-4.628789	7.647337
4061	1	-1.201072	6.916494	-4.085160	6.978322	-4.343446	9.003099	-4.741100	7.085098	-3.939425	5.647397
4065	1	6.056428	-7.181939	7.297809	-5.464636	8.917537	0.809207	1.632983	6.146808	2.231252	3.988988
4068	1	7.533719	-6.041971	7.687329	-2.243526	9.354223	0.026713	-3.882786	8.695091	1.372219	5.468249
4069	1	0.291767	8.176242	0.680504	-2.454372	5.765632	-5.034927	7.107082	-2.006233	1.418466	6.328925
4086	1	0.729242	8.077853	-5.838641	8.521181	-5.720268	1.909202	7.133893	-5.301586	7.971118	1.087017
4090	1	4.067587	-2.290649	7.166064	-9.164642	7.437169	-3.152086	8.823113	-3.201094	8.390232	2.651691
4103	1	-0.643485	8.608051	-2.445640	8.577761	-1.508736	0.159754	8.650985	-5.875303	7.262649	-0.338350
4107	1	6.422129	-4.284094	7.665321	-5.398621	8.908096	-4.335186	5.605041	-3.450186	6.801325	2.162963
4108	1	-1.003667	9.447447	-5.034083	7.841508	-3.889256	8.482421	-2.579906	7.982658	-2.778210	4.657073
4113	1	8.363841	-2.498180	6.979230	-5.918202	4.276253	5.751658	-2.126775	7.644580	-3.093374	5.514285
4117	1	5.870736	-0.127119	7.453401	-5.867897	6.800805	-4.272659	6.457937	-2.360809	6.392164	-5.319230
4142	1	9.282321	-4.314815	8.688764	0.056070	-0.139017	4.944334	-6.364691	7.301631	-1.528870	7.020322
4157	1	8.698208	-5.134566	6.046031	-2.270810	7.061233	2.238593	0.809772	8.785366	1.090030	4.290089
4168	1	1.258245	8.693669	-0.158410	0.265431	6.624286	-2.796381	4.723518	-2.670302	6.474247	-1.640863
4174	1	3.873767	-2.431855	8.111175	-10.001976	6.504004	-9.037256	4.763627	2.400396	-0.829830	2.459926
4178	1	5.334288	-3.657977	9.283986	-6.167291	7.871675	-8.202758	6.725317	-5.707421	0.190488	8.092878
4190	1	-1.061145	6.573647	-6.752797	6.281387	4.466355	-3.563117	7.007245	-4.579636	4.636250	1.413074
4205	1	7.178372	-5.924598	7.321309	-4.896508	8.750960	-6.295175	6.702698	-5.514518	7.577998	1.090526
4206	1	2.326927	7.356754	-3.327140	0.948219	5.358186	-5.899492	7.115742	-5.399482	6.443101	-0.411858
4212	1	5.371817	-5.633837	9.043856	-5.278610	5.983264	-2.707386	9.456685	-3.833914	8.184708	2.066957
4214	1	6.747736	-5.188747	6.705880	-7.225287	9.207731	-2.456506	7.104820	-2.936098	7.437483	-0.498046
4222	1	2.330951	7.493933	-4.496783	6.361540	-1.099897	7.012935	-5.277746	6.525040	-2.712822	8.039305
4235	1	6.508785	-2.887639	6.371743	-6.940106	8.030926	-3.448593	7.536297	-4.959797	6.457123	-0.800599
4245	1	2.320885	6.849617	-8.763158	7.213832	-6.150598	7.867217	-5.573507	7.379272	-2.671876	6.740171
4255	1	2.760965	8.110611	-0.534674	4.516489	-2.661312	6.586318	1.129553	1.900907	7.816696	-0.808271
4256	1	5.729432	-6.608959	6.596979	-4.244690	6.262388	3.330223	-3.459832	5.137414	-0.500300	5.207627
4264	1	-1.316323	8.050155	-5.139596	8.100623	-6.207405	6.107569	-2.491825	6.850949	-2.406890	6.404345
4267	1	-0.391283	5.042720	-0.098156	7.844038	-6.031962	7.485581	-5.394316	6.167449	-3.637930	7.215838
4285	1	1.767900	7.292508	-5.226029	6.757019	-2.674495	8.134622	-4.599006	6.613316	-2.098172	5.210345
4287	1	2.509665	7.167335	-3.814204	6.432730	4.110421	-5.946949	9.116416	-3.627553	6.263026	2.148307
4295	1	0.279529	5.997339	-1.342706	6.600837	-6.328472	6.357218	-2.064135	8.430856	2.495021	3.454314
4304	1	1.498852	7.813236	-5.157233	6.012901	-0.527010	1.721936	5.195170	-0.637164	7.274863	3.174735
4311	1	8.415275	-4.368552	8.194748	-4.440483	6.579551	-3.536082	5.987318	-1.502229	5.648640	-1.055033
4342	1	6.968623	2.314383	-3.997121	8.428471	-0.133505	7.621627	-2.623061	5.847703	-2.866372	8.009123
4345	1	6.619524	-1.209457	0.784929	8.451335	0.750705	6.895626	-6.986334	6.516398	-2.492481	6.965192
4368	1	-1.316214	6.917793	0.517888	8.039991	-4.072800	8.231501	-5.111447	6.039518	0.962848	4.308115
4381	1	5.501213	-1.776644	5.157895	-4.423771	6.848343	-4.924419	8.209324	-5.537112	5.964728	0.955736
4382	1	2.371725	6.151434	-4.847177	7.173129	-0.715536	0.767429	7.054343	-4.636672	6.282285	0.534048
4383	1	4.015143	0.540063	6.468290	-7.349206	7.560806	-5.359934	6.679769	-1.742258	8.942901	-0.790603
4425	1	6.839043	-3.149908	3.107211	0.841504	6.976705	-5.374804	8.331310	-5.662511	6.027070	0.917941
4445	1	7.902760	-7.246050	6.143592	-5.430379	6.592274	-1.776880	7.226551	-6.471606	8.655647	-2.524477
4452	1	6.102732	6.129290	-2.861567	7.421187	-3.170675	2.036368	7.390564	-4.056692	4.457881	2.866556
4491	1	4.603907	0.401672	6.657527	-2.584470	5.605610	1.702108	-0.271616	6.661378	-5.443752	7.876317
4505	1	7.905853	-4.080568	8.715693	-5.571135	6.207535	-8.227718	5.953830	-5.867078	6.180764	4.520015
4507	1	5.187846	1.649262	1.215782	8.562159	-1.531132	7.002425	-5.407371	4.709834	1.758554	4.378060
4525	1	6.262145	-5.267555	6.615854	-5.667818	6.439016	-7.041929	6.541632	-1.659691	1.760492	5.391896
4527	1	5.025833	1.348962	6.961303	-8.713355	6.186554	6.051809	-6.025460	5.777158	-1.386555	7.312718
4538	1	6.340942	-3.093031	8.098504	1.125962	-5.409548	8.143174	-5.823992	5.925029	-6.242598	6.962940
4561	1	8.418725	-4.823826	8.972140	-3.188734	5.977983	-4.256948	6.864872	-4.409993	6.215753	-0.373349
4576	1	6.515765	-4.673798	5.785536	-7.772566	4.730454	-3.717585	7.863930	-1.853523	3.693486	1.462235
4578	1	-0.870242	6.948353	-4.954869	5.815317	-6.428543	6.967287	-7.579175	7.796230	-0.084495	7.093019
4582	1	1.601640	2.840067	-2.012066	8.544547	1.171901	-1.547699	9.533883	1.580083	0.864380	5.971215
4622	1	7.048092	-4.607620	6.642302	-10.338314	5.135424	-4.006723	7.243332	-5.724101	5.996930	-0.544565
4624	1	0.263893	3.330999	7.052815	-4.463902	5.150625	0.203077	1.675346	6.133572	-5.984615	6.518436
4635	1	6.308673	-5.445217	3.878970	-6.509933	6.899026	0.284931	7.922931	-4.562967	3.778591	0.246853
4642	1	6.431664	0.395645	6.700133	-4.647061	3.828777	5.435780	-2.605009	7.043088	-0.031793	3.599968
4649	1	6.184821	-2.301851	4.975434	4.982902	-4.274139	5.942131	-1.095501	6.259653	-0.201185	5.105416
4654	1	4.374679	0.784553	6.728933	-3.435781	6.588414	-5.136628	8.278659	-2.586869	4.972378	4.042814
4659	1	5.958913	4.979565	-5.569098	6.687287	-3.108621	6.508468	-4.842426	4.517677	-5.527026	5.848386
4661	1	4.227162	5.452405	-5.898121	7.834414	-2.321215	5.082939	-5.301961	6.303578	0.284597	3.669805
4665	1	5.961293	-0.738194	8.614153	-5.269231	3.925619	4.855316	-5.132369	6.307735	-2.657598	6.601329
4675	1	-3.253611	4.724183	1.933122	-5.423044	7.710643	-5.718598	7.108617	-10.292191	6.713942	-1.642661
4687	1	7.258730	-2.428343	8.788039	-4.123740	2.173409	7.251182	-7.469018	7.724614	-6.830356	5.972072
4707	1	0.068837	6.129128	-1.543256	0.452853	5.996387	-8.192340	7.043216	-6.719783	8.236729	4.665868
4732	1	5.415147	-3.264073	8.647798	-8.320354	7.631509	-1.580810	6.737923	-2.792558	8.459185	2.902311
4741	1	1.726287	7.477877	-7.921161	7.064499	-5.443060	7.145037	-4.771057	6.019702	-3.291452	6.953678
4743	1	-1.041727	6.088777	-2.624640	7.517645	-5.044958	8.409315	-6.246682	6.818668	-6.348588	6.487108
4749	1	8.118690	-2.996718	5.822947	-0.174727	5.386359	-2.896519	-1.135500	7.511459	-5.052115	6.764831
4754	1	7.187060	-5.935617	6.094332	-6.116840	7.663420	-4.738563	9.130465	-2.607546	7.505255	2.347276
4756	1	3.211835	7.885445	-0.637735	7.005030	-2.551616	8.542488	-5.339688	1.089958	6.959685	-1.027898
4768	1	-2.140467	7.208110	-5.874576	6.621622	0.314567	0.246378	9.733951	-5.251764	8.135492	1.637283
4775	1	6.170301	-5.973267	8.204243	2.386805	-2.231825	8.158035	-7.428130	6.854959	-0.764806	5.686032
4778	1	9.157336	-0.232128	2.296084	7.090637	-4.551375	7.419507	-3.233611	9.662317	-2.211197	7.340484
4789	1	0.456614	7.917105	1.111509	-0.813896	7.148271	2.659531	-5.881798	7.703485	-4.539055	6.347082
4798	1	3.991968	9.106190	-4.655312	7.016644	-2.316056	1.747048	5.538207	-2.226102	6.931139	0.371552
4816	1	1.792243	7.513616	-5.964201	7.737462	-4.865835	8.684731	-6.572648	9.049724	-2.828075	6.350008
4826	1	5.498172	-2.755455	8.842968	-8.415674	6.892546	-4.327235	4.836245	-2.936244	9.452217	-1.082689
4828	1	4.986072	7.333184	-4.179360	6.498738	-4.870863	5.975759	-4.897994	6.733337	4.077487	0.074046
4845	1	8.153253	3.774027	0.720858	6.353587	1.257286	-0.937128	6.615222	-2.544902	5.950516	4.906417
4861	1	0.144315	5.858818	4.465399	-4.824119	6.351068	-3.387843	6.605021	-5.746913	4.908360	0.581958
4877	1	2.674178	3.965132	6.966510	-4.286297	7.103299	4.646664	-3.708716	7.803068	-2.436601	5.003380
4899	1	5.675885	-2.350786	8.277531	-8.354141	5.692650	-4.693046	6.303249	-3.002174	6.736329	2.805960
4908	1	4.071141	5.469839	-9.435401	6.472196	-2.698942	6.757826	1.065719	0.698307	7.438009	0.707616
4918	1	-0.125639	6.332092	-7.986923	6.450691	-4.461598	7.871877	-1.317039	9.696691	0.469041	2.708134
4953	1	8.949669	-2.772735	8.109130	-1.933484	6.763089	-5.631400	7.530785	0.007278	-1.578035	6.204653
4956	1	5.169926	-5.631288	6.797525	-2.011841	-0.013664	5.347883	-6.566975	5.791336	-1.560422	6.488801
4969	1	8.465961	-6.845588	7.603353	6.225484	-5.850833	6.864493	-1.640048	7.251781	-0.998676	6.312416
4972	1	6.756291	-2.637653	5.579429	-6.849992	7.596970	-7.431835	7.899170	0.697189	-0.789070	6.584403
4984	1	3.136584	6.244046	0.095165	8.630153	1.862019	-1.008847	5.028991	4.985706	-7.268107	6.635790
4986	1	2.434098	7.036261	-5.473941	5.005497	-5.230918	6.326797	-2.775227	8.423425	-0.835520	9.240307
4987	1	6.468834	-4.766474	6.807945	0.121163	5.125687	0.208846	3.471665	-4.387600	6.822951	2.537589
4995	1	2.332144	6.957344	-7.861140	9.077391	-6.596226	5.618312	-5.816714	8.748395	-2.081374	8.045246
4996	1	0.191248	6.441937	-5.059705	6.615012	-7.457558	7.568680	-6.434132	8.747966	-6.034337	6.884445
5015	1	7.211362	-8.243332	5.659782	-5.726837	8.695262	-3.187372	6.623228	-1.253692	7.016103	0.571336
5033	1	3.470597	-0.978602	8.392997	-1.166660	8.128404	-4.641681	7.577368	-4.100448	6.432185	1.070300
5037	1	4.400715	6.143975	0.612095	4.891577	-8.688375	7.606862	2.630081	-2.637506	7.531752	1.016052
5049	1	7.191503	-5.631327	7.081970	-7.063162	5.876006	-3.890739	7.103645	2.539170	2.984323	0.589274
5056	1	4.265600	6.177855	-5.175953	8.169722	-2.656307	6.832042	-5.413587	7.234570	-4.381086	6.332269
5057	1	6.801801	-4.911841	1.983881	6.698052	-5.588764	7.625405	-4.081621	8.013882	-4.324536	8.135457
5061	1	6.653971	-1.533786	6.296293	-4.224182	4.106884	-4.214030	9.311603	-5.463393	8.569981	1.839555
5069	1	-0.838581	7.175358	-4.588654	7.067833	-1.950218	-2.677783	5.854914	-7.563155	5.675109	1.609116
5072	1	4.365537	-3.351283	7.078795	-4.156976	6.607862	-7.326974	6.439255	-6.195587	7.965236	1.971996
5077	1	2.567716	0.611741	9.476599	-3.065732	6.557917	4.279547	-4.534582	7.874093	-3.200132	9.263611
5079	1	7.092386	-7.530623	7.862718	-5.758956	7.674678	-5.923475	4.793940	-6.925967	6.306860	4.566774
5088	1	7.295703	-5.193320	5.267522	-7.593446	7.871676	-8.184250	8.665475	-5.630442	7.674518	1.769822
5095	1	5.876938	-3.899788	6.398474	1.774835	2.987874	7.847132	-3.737470	6.489130	-4.128592	9.010610
5101	1	8.527679	-6.591894	6.637380	-3.406803	7.001578	0.456333	3.496138	2.096425	8.750732	-1.185688
5112	1	5.883011	1.131511	1.855222	6.113694	-0.512110	1.735345	6.614931	-6.797607	5.942262	2.383330
5117	1	-1.701816	7.508827	-1.203991	9.387932	-2.993206	7.797874	-1.855720	9.756490	0.604464	4.559550
5125	1	9.033860	-4.963299	6.013405	0.014555	7.054359	-5.965875	7.142524	-3.293940	9.022500	-2.998632
5135	1	-1.124069	7.648952	-5.843171	6.188992	-10.418488	6.809537	-5.393160	5.049306	0.670492	5.050687
5145	1	5.557013	-0.076791	5.280714	-10.041471	6.693997	-2.301687	4.988723	-0.709779	7.127279	0.224806
5165	1	8.265827	-5.958861	7.782885	-4.887492	8.917086	-2.344856	8.454477	-2.640101	9.924441	1.971692
5169	1	5.037054	3.180193	-5.043620	7.121011	0.019911	6.362245	-3.533537	7.760729	0.211881	4.577307
5183	1	0.215911	5.254308	-2.667820	7.028867	-4.797647	3.888414	3.802476	-6.685290	6.456214	0.024564
5190	1	9.130055	-1.135323	7.175099	-5.132331	6.474230	-6.037502	6.621041	-5.073874	7.940106	3.012123
5197	1	-0.503241	5.774199	-3.429123	9.835902	-1.319726	5.939865	-6.037337	4.720599	-1.598914	5.524870
5232	1	0.037588	6.225177	-11.473446	8.322910	1.934078	1.113157	7.157550	-3.282178	7.260592	-0.287011
5261	1	3.468730	7.270697	3.706270	-2.619020	6.767736	-6.156047	6.269181	-5.171602	6.628451	4.509268
5270	1	7.491014	-4.905759	9.465034	-5.778901	5.576150	-4.223660	4.879879	0.778427	-1.956662	6.385219
5283	1	8.783502	-4.124356	6.338031	-2.425768	7.708302	-1.237054	4.801110	-6.347948	7.695402	3.713395
5290	1	6.502121	1.159898	7.731379	-6.143742	5.565370	-3.441845	8.458163	-2.601712	6.916638	-0.953783
5299	1	0.503382	6.384642	-3.013460	7.107529	-5.741328	5.786664	-0.860764	0.907662	6.623107	0.799759
5301	1	1.799817	8.292328	-3.048771	8.498717	-6.237144	0.408643	6.990529	-6.437839	5.791200	0.807018
5316	1	7.609036	-1.947084	3.860704	-4.673296	4.891921	-3.694886	9.109640	-7.857285	7.252301	0.757921
5323	1	1.902208	3.271841	6.511332	-3.346345	7.698851	1.943362	0.246526	7.102228	-2.470132	7.643711
5325	1	7.044028	-3.429789	7.389269	-0.112530	6.438529	3.394548	-0.356165	6.519776	-2.930807	6.674185
5327	1	4.568685	3.809911	7.492380	0.310580	4.272420	-1.417341	6.865957	-3.346395	7.331976	3.140609
5345	1	6.107193	-2.023959	6.547748	-3.963771	5.577735	-4.965096	8.070498	-3.259679	7.121736	1.135663
5346	1	-0.285307	6.065063	-0.774676	-0.775395	9.231031	-4.492369	6.695994	-5.192825	6.940352	0.853995
5348	1	0.293951	7.135897	-2.016063	5.180125	-1.690778	2.998357	-8.841207	6.931023	-4.855355	8.265366
5350	1	6.258007	1.335830	7.299679	-2.870291	9.438816	-5.834703	6.750928	-5.261517	6.803458	-1.121619
5358	1	4.107156	-0.181800	8.024755	-8.438186	6.204801	0.486023	-0.276535	5.553574	-4.646333	6.982800
5362	1	5.170448	-2.815549	6.810943	-2.447564	7.283206	-5.732749	6.448358	-5.383729	5.895011	-3.755700
5366	1	0.524200	6.012200	-2.834764	7.176898	0.885048	-0.851446	2.936830	0.254709	-4.612820	6.275473
5367	1	3.747559	3.249327	0.801497	6.475425	-4.602578	6.736720	-3.475671	4.697118	-5.373593	8.443938
5377	1	6.780909	-6.038740	9.277344	-8.032791	4.794358	2.138624	-3.547235	6.101667	-3.078965	9.416993
5386	1	2.115788	5.790353	2.235273	0.009935	7.654064	-3.959132	5.701635	-4.327041	6.809292	0.160145
5398	1	6.121704	-2.984802	2.195207	7.443128	-2.224622	6.373568	-6.810648	5.202172	-2.906474	5.665663
5402	1	3.925672	0.621813	6.786309	-3.402263	7.523391	-3.078155	6.118282	-5.331438	7.743223	0.690989
5404	1	2.168891	7.865047	-0.580833	8.142430	-6.435454	5.692139	-4.248601	6.100836	-0.885701	7.498757
5424	1	7.101599	-1.212828	6.124160	-3.522676	5.760854	-5.851076	7.019139	-2.231841	6.464643	2.007570
5434	1	0.842305	3.088880	5.978583	0.644972	-1.364935	7.781427	-0.925263	-1.373492	8.489198	-0.885587
5459	1	4.744497	-0.691592	7.530977	-9.147024	8.505877	-6.547664	8.644233	-0.692856	0.694517	5.723250
5460	1	6.276991	-4.056019	4.802065	-2.340316	7.796515	-7.797616	9.429486	0.248334	0.015561	8.960191
5483	1	4.078674	3.231075	5.286179	-6.091866	5.956978	-6.479801	5.749806	-5.002423	7.561783	0.431625
5489	1	1.031569	8.124035	-4.442063	6.834936	-5.343444	8.132115	-6.150001	7.208388	-3.101103	7.235270
5495	1	0.724469	6.448562	0.894149	-1.364957	6.283043	-1.659212	8.022693	-6.899239	7.125821	2.257163
5527	1	1.179089	6.721472	-3.494003	6.779774	-6.358392	4.870630	1.743962	-0.778583	5.707592	4.438964
5532	1	1.164526	8.320715	-2.120012	6.558645	-3.939966	6.818745	4.405709	-6.638798	6.908685	4.028386
5533	1	7.420143	-0.843125	6.747847	-5.008139	8.772049	-7.829297	6.662044	-5.420411	7.038526	2.093323
5545	1	3.425853	4.560562	-2.746351	5.137814	-8.116990	5.835771	-4.621203	8.606532	-3.371386	5.071514
5554	1	4.969969	0.555175	7.382700	-7.592125	6.362824	-3.180502	6.845815	-2.100804	5.278832	2.927161
5559	1	0.924427	4.372203	4.788225	-3.636752	6.384927	-6.059047	7.655898	-1.434611	9.289357	-1.765418
5565	1	8.110851	-1.332329	4.992800	3.758657	-4.863210	7.560726	-6.151018	5.188270	-1.052845	8.661785
5570	1	6.366755	-1.026862	6.646414	-2.874614	-0.357509	6.127333	-6.494164	5.951992	3.079235	0.819386
5575	1	-1.367165	8.907980	-5.228956	9.095016	-6.870857	6.613051	-5.991166	6.969619	-2.635215	8.355112
5594	1	-1.010650	8.813683	-3.813043	6.765229	-4.210530	7.059401	-5.655471	8.695448	-7.684109	7.200660
5596	1	7.258069	-1.818342	-0.176964	7.694783	-1.168781	6.971663	-5.301243	6.631808	-5.583040	6.778443
5599	1	5.767431	-4.913458	5.160843	-5.253608	6.731821	-3.678889	7.846815	-5.275157	6.612742	0.052030
5608	1	-0.987162	7.102542	-4.119576	6.508025	-4.946983	6.305207	-4.434325	6.529762	-6.987567	6.893607
5630	1	6.342660	-2.531669	7.586481	-4.639834	7.964910	-1.489961	3.236048	1.291691	6.853735	-4.950771
5648	1	2.211609	7.370076	-1.511078	1.636310	7.616738	-5.938904	6.739939	-0.631816	6.851477	-1.012887
5652	1	-0.215647	6.306765	-0.927059	3.609878	7.487088	0.426423	-0.186651	6.265183	-4.138333	7.903580
5659	1	-1.885136	7.459364	-5.222897	5.921811	2.226078	-6.036678	6.592551	-5.525469	6.740860	2.049654
5660	1	6.463574	-0.952509	7.707921	2.729045	-4.515743	7.104418	-5.549028	6.906726	-5.035543	6.951920
5671	1	1.717462	6.940175	-1.741958	9.737560	-1.092334	4.860862	4.263700	-6.175836	7.499546	2.603347
5676	1	6.346233	-3.985081	6.540678	0.300608	8.960603	-7.138529	6.685354	7.500888	-6.122293	6.648469
5687	1	4.875522	-0.973852	6.420568	-8.421908	5.895267	-3.843747	8.566754	-3.054433	7.438990	-2.064145
5701	1	-2.188971	8.098776	-1.320866	7.643045	-1.659225	0.452559	5.239158	-5.877281	7.156266	-0.132094
5717	1	7.177612	-3.396606	7.322198	-0.719787	5.698219	-5.869542	5.853828	-5.431719	3.959073	1.337145
5722	1	5.355752	6.181844	-1.217162	7.804166	-3.832477	7.382136	-0.586028	1.430453	4.939908	4.432056
5751	1	2.830394	6.786937	-6.217474	8.781182	-4.489994	5.820937	0.861864	-4.366696	6.441927	0.895372
5767	1	6.267655	-4.305366	7.085797	-6.159430	6.919713	-8.297917	6.786195	-5.716138	6.422376	0.618619
5787	1	7.476289	-5.962073	8.905336	0.638702	3.124479	-2.170023	9.699868	-3.384023	7.702765	0.255474
5788	1	0.036039	7.073934	-1.265620	4.716212	-7.402702	5.185828	-1.264624	6.081727	-0.846653	5.544503
5800	1	2.137871	7.213805	5.281481	-2.817772	7.016230	-6.962516	4.464541	-3.475956	5.407656	4.326151
5807	1	-0.879627	7.387637	-5.584169	7.602937	-6.099837	5.408226	-0.469788	1.067296	7.431997	0.229155
5814	1	1.676945	7.369552	-2.420055	1.674632	5.505647	-4.063973	9.299168	-4.543162	6.909046	0.782301
5822	1	8.175434	-3.478175	6.753308	-4.808881	7.736371	-5.771921	6.407803	-0.141416	7.104852	1.013765
5838	1	6.600634	-1.613599	-3.662898	7.202556	-6.486505	6.740646	-5.222154	8.631256	-3.116674	6.377237
5847	1	2.506753	9.278185	-8.651560	7.594421	-5.002150	5.374060	2.444250	-2.393703	3.462625	7.003893
5863	1	6.831354	-2.423029	6.898701	-10.020847	6.543477	-4.523305	7.829359	-4.594334	7.124037	-1.871876
5892	1	6.273408	-0.748591	9.614303	-10.095102	6.167029	-6.194188	7.470257	-3.895164	7.354835	1.509460
5898	1	2.550004	5.231919	-2.537223	7.393433	-5.927617	9.591159	-5.513647	6.000120	-1.840171	6.534894
5908	1	0.815738	8.371576	-1.281951	5.911108	-0.850789	0.202872	7.485679	-7.285368	9.781397	1.971101
5911	1	3.506469	6.188936	-7.133090	8.461767	-6.187375	6.213077	-5.001564	6.989402	-2.397967	5.744441
5914	1	-0.099240	8.792456	-4.293096	7.466991	-3.544208	7.328407	-0.805963	6.888790	-0.613684	4.124385
5950	1	7.816918	-2.706769	7.917279	-5.049010	5.201745	-1.400270	6.856986	-2.270405	7.546707	0.586838
5975	1	-1.433688	7.243020	-3.472105	8.377720	-4.958103	6.047625	-2.337139	6.988336	-2.580867	2.200414
5987	1	6.590549	-0.571454	-3.185477	7.400341	-1.817707	5.507937	-2.575841	8.630864	-4.463952	8.529429
5991	1	0.283003	6.669813	3.257098	-5.340722	7.675537	-5.702080	6.754239	-5.797980	6.187450	-0.474142
5997	1	6.671310	-2.085486	7.307217	-4.663635	6.232366	-7.002523	5.258738	-3.026915	6.426613	2.398698
6009	1	5.680978	-0.729800	8.001322	-2.714383	9.351145	-3.211635	7.780917	-6.300195	6.053905	1.491782
6019	1	6.511913	-1.659540	6.355282	-0.429447	5.157241	-3.944119	6.635958	-3.450097	6.845077	1.204376
6039	1	4.212620	0.944093	5.684798	-3.451726	4.339678	6.620751	-8.416284	7.736090	0.727322	9.636471
6059	1	5.614428	-2.683901	6.987044	-2.193053	2.228583	6.707060	-6.085109	6.353200	-5.212257	6.064266
6067	1	1.583722	2.279730	7.398582	-3.349184	7.595935	-3.368426	2.997678	0.150551	7.542702	2.994991
6099	1	3.367298	5.429478	-1.212020	1.659739	8.400026	-5.660048	7.979684	-4.590553	5.940849	3.449607
6102	1	6.728755	-3.793497	1.012326	6.610755	-7.238836	7.033010	-7.174918	5.523955	-7.040487	8.637029
6116	1	5.813126	-5.854400	5.524580	-4.195221	6.440361	-10.048382	7.460023	-5.499547	7.380410	3.483781
6121	1	2.227083	6.762094	1.225873	-0.462218	3.866252	-2.366244	6.520773	-6.515146	4.715040	1.555407
6137	1	7.160294	-4.316258	6.946478	-10.368108	5.579022	-1.586941	8.309656	-5.586764	5.867676	2.812907
6142	1	0.485118	6.668914	-7.874033	8.081815	0.112689	-0.289292	5.143882	-2.274397	5.975351	1.605041
6146	1	7.137329	-4.502221	5.971405	-4.183665	7.117601	-6.996061	7.094678	0.022479	1.651427	2.922828
6163	1	8.801299	-0.748243	-0.180381	9.114144	-5.618679	8.406900	-4.534519	6.295100	2.742906	0.974373
6164	1	7.701324	-3.817105	8.811639	-2.377608	-1.459670	7.109233	-3.382537	8.436614	-4.901892	7.518783
6174	1	8.729557	1.928275	7.437937	-2.212226	6.363479	-4.750218	5.788482	-3.824637	7.136952	1.690993
6201	1	8.103809	-6.248132	7.294414	-5.718509	7.043391	-8.978246	7.718499	-6.447187	5.930877	-0.494516
6210	1	0.754200	6.839160	-2.711650	6.921047	-1.734463	-0.259775	7.278080	-2.706164	7.839313	1.007561
6215	1	-0.694230	6.697615	-4.612209	2.671057	7.782015	-7.129474	8.238550	1.616741	0.188892	7.140064
6226	1	4.314807	-2.223447	3.743321	4.827544	-7.556437	6.055253	2.123547	5.061884	-2.155566	5.764071
6230	1	3.320684	-4.668054	7.347684	1.289577	-0.394325	6.775916	-7.048194	7.295693	-4.134234	6.897634
6240	1	-2.639453	6.348473	-4.474874	8.265509	-2.251662	4.632765	3.383654	-8.161090	7.768445	2.404362
6254	1	5.720661	7.974751	-4.312023	7.482954	-5.956053	8.963169	0.350458	2.198803	4.715154	1.055587
6266	1	6.063778	-5.141944	7.996389	-5.434818	7.738524	-7.180784	5.508672	-1.716179	7.947220	2.973864
6288	1	-0.088472	8.521464	-1.878931	5.846687	2.348681	1.595190	8.447948	-4.895597	6.692769	-0.427864
6293	1	4.536026	2.897631	7.615191	-8.312300	5.670540	-4.637911	7.701352	-4.737584	7.686436	0.872462
6294	1	0.694779	7.641557	-3.932185	6.387465	-1.762725	7.546074	-4.183693	2.634885	1.482023	8.223316
6315	1	6.694028	-2.345927	9.173652	-8.699597	5.605136	-3.622993	6.986047	-7.088176	7.529214	2.857066
6367	1	4.457015	-2.286991	5.739053	-4.827988	7.377478	-2.189283	7.460967	-4.845260	3.819317	1.094965
6372	1	9.382287	-2.993961	8.836063	0.189286	-6.385098	5.347115	0.972699	-3.673506	7.272793	-2.136596
6373	1	5.754322	-5.519904	7.447637	-5.920180	6.567613	-3.873950	6.559893	-3.947711	6.446096	1.177439
6375	1	6.608773	-0.716571	-0.084326	8.323461	-1.912082	-4.243542	8.086770	0.993367	0.650797	8.496970
6393	1	0.306850	6.278404	-3.384489	6.974518	-1.602551	2.515458	5.793715	-2.483903	6.688609	0.799933
6402	1	6.798414	-3.836344	7.516844	-4.470587	6.304842	-4.431930	6.625993	-4.849839	6.839571	0.708262
6403	1	-0.378622	4.406074	-5.215257	8.244616	-8.475714	5.617079	2.026159	0.308690	6.824634	-0.754322
6407	1	0.065832	5.050703	-8.024040	8.537015	-6.609484	6.962321	-5.504621	7.952513	-5.049360	6.332072
6430	1	1.480994	4.828849	-7.991276	6.151685	-2.167670	0.054634	6.723086	-8.224054	5.439728	-0.622611
6433	1	5.195346	-2.291643	7.154895	0.658118	-0.068896	7.438051	-2.168642	6.599732	-3.673752	7.005025
6436	1	8.005357	-0.457314	8.213408	-3.962954	6.321381	-4.732867	6.733841	0.213117	7.134352	4.964779
6451	1	-2.924763	8.009648	-7.840369	7.191530	-6.212658	5.747358	-2.458538	2.771887	7.941469	2.795138
6485	1	4.509292	7.183126	-1.740511	8.184253	-6.692757	8.524442	-7.037959	6.249025	-5.411290	7.733349
6492	1	7.421717	-0.192896	7.485487	-3.283026	7.958009	-6.513406	6.800787	-6.681740	7.881509	3.156574
6496	1	2.214478	6.952612	-3.311242	8.612049	-2.461363	3.101244	5.713122	-2.877802	0.923155	6.885286
6499	1	0.607228	8.291262	-2.823783	7.391634	-1.754728	7.109487	-3.898088	8.036389	-4.969008	6.523050
6501	1	0.311414	6.868281	-8.053092	8.884616	-5.140524	6.674238	-3.715238	6.732034	3.214069	-0.433395
6504	1	2.136618	5.332587	-4.722963	6.848216	-0.173054	0.270195	7.259110	-3.691914	7.481082	0.528929
6509	1	6.568417	-6.238072	6.496620	-9.623840	7.257176	0.459414	-3.921563	5.316896	6.588449	2.343097
6513	1	2.335001	6.743074	-3.861165	7.089608	-6.753703	6.723218	-0.182508	1.097209	7.088085	3.673023
6522	1	0.017913	7.097818	-2.793340	7.626816	1.092440	-0.106764	6.983703	-0.761851	7.568701	-1.940643
6536	1	8.134236	-2.370264	2.645938	6.731817	-6.893030	7.023435	-7.147453	2.598563	-2.163473	8.271225
6569	1	6.303838	-8.105355	7.133411	-4.163557	7.367685	-7.739958	7.002696	-3.622921	5.865927	1.835051
6570	1	6.232479	-4.178179	7.715179	-4.719150	7.519209	-4.435511	9.069820	1.756101	-7.879539	7.194053
6583	1	1.148352	6.057848	-6.236084	9.654609	-0.941628	4.296928	0.055654	6.636094	-5.743697	8.203742
6587	1	8.081625	-3.016972	2.849894	7.884400	-5.667557	7.579570	-6.748006	6.992314	1.285797	4.022776
6591	1	-0.788946	6.668515	-5.458981	7.897318	0.825402	3.429665	4.124110	-3.206849	5.943185	0.843113
6598	1	6.964716	3.674975	-1.891545	6.803884	-5.607161	4.166785	6.828005	-4.127904	8.062628	0.062118
6601	1	7.166534	-5.556622	6.852676	-3.877687	5.153464	-2.864263	5.850526	-5.582899	6.823067	1.421642
6604	1	-0.502386	6.569168	-4.504333	6.892440	-3.119986	6.812631	-3.915692	7.040920	-4.821307	8.116394
6609	1	4.117825	7.796957	-7.593062	7.860172	-5.932925	6.357421	-6.324928	3.372608	6.702893	-0.434425
6618	1	1.305413	7.743372	-1.436364	7.588751	-7.007670	5.156753	1.690949	3.024841	0.407310	6.373413
6637	1	3.886371	1.364288	6.261761	-0.590629	2.138125	7.196136	-3.072315	5.931501	3.016894	4.000506
6639	1	-1.272676	7.263255	-1.113171	5.922620	-3.413619	6.572875	-0.732660	-2.867707	7.674206	0.565874
6640	1	0.277879	7.743946	2.076919	-1.481129	6.797706	-5.918881	6.555751	-3.011024	6.631113	2.073787
6683	1	9.026440	-4.779730	8.793151	-4.684541	2.966228	-4.382394	6.829532	-6.061660	6.741429	0.956323
6711	1	5.658309	-0.497503	6.560134	-5.642039	6.245229	1.371005	2.675501	-5.365127	6.873046	-1.193782
6726	1	5.834140	-1.876943	6.768590	-7.001594	8.346603	0.421718	-0.112888	7.710586	-0.782158	4.070770
6744	1	-0.273408	7.360353	-4.550859	9.051151	-0.779688	-0.707315	7.069698	-4.508616	7.650453	1.639088
6747	1	2.646365	7.284780	1.481103	6.874739	-6.616646	4.975985	-4.651525	5.237375	3.411826	3.436510
6751	1	0.089106	7.373686	-6.363064	7.470972	-2.579528	5.609254	-2.828121	6.692678	-4.919748	7.027012
6767	1	0.325282	8.317562	-4.158338	2.411623	-6.186972	7.673567	-3.458059	6.287565	-4.523961	9.255415
6769	1	-1.613768	6.201839	-5.951207	7.778303	-2.086851	-0.334144	6.565283	-3.715347	7.706082	-0.268570
6794	1	2.037358	8.071709	-4.249871	7.280053	-1.419002	4.160514	-5.594841	8.543088	-8.021010	8.613749
6803	1	6.972080	-2.793020	5.033853	-8.138560	6.673512	-7.218644	7.502417	-3.938690	6.694668	2.574074
6828	1	2.506824	6.498133	-2.200366	8.657321	-5.345326	8.596482	-4.550865	8.877930	-6.314941	5.264786
6838	1	0.861731	6.830191	-6.642307	9.161620	-4.815740	6.010771	-5.441878	4.841879	3.140568	2.360110
6845	1	8.168805	-2.220630	-0.167434	6.534792	-5.658379	9.458262	-5.422225	8.127410	-2.666686	6.087819
6847	1	2.959330	4.726440	-3.372784	7.542727	-2.935909	4.882592	-3.784822	7.929097	-8.313594	7.328703
6910	1	-0.785636	5.832475	-0.540876	6.699560	-3.417920	7.052922	-6.059322	7.138636	-4.634304	7.723637
6916	1	1.369586	8.055430	-7.389776	7.675908	-3.820364	7.432642	-0.188093	8.563892	-3.891030	6.507185
6925	1	6.940226	-2.171985	6.633327	-6.856748	8.180223	-5.941929	6.059383	-1.258268	5.858911	5.324765
6932	1	3.884476	8.039088	-0.458120	3.723262	6.307274	-3.430479	5.632097	3.937378	-1.982132	7.037411
6942	1	-0.441788	8.470319	-1.395021	7.239684	-7.816510	7.550488	-2.198504	8.268148	-3.472392	2.403109
6948	1	6.396125	-2.374488	-1.151149	5.853342	-4.463772	6.309820	-6.358859	8.524820	-7.294310	6.111422
6957	1	2.917924	5.486023	-7.592412	6.059869	-4.478389	6.822510	-3.759221	7.061499	-1.664204	6.426195
6959	1	9.000393	-3.820360	5.870036	-5.237491	6.080454	-2.226984	7.634201	-5.350889	-0.534788	6.044579
6963	1	2.524701	4.524414	-7.333990	9.016751	-2.518839	6.744905	0.169640	6.824998	-8.295607	5.470158
6979	1	3.541292	8.585481	-1.744424	1.277910	6.671486	-7.152412	8.131608	2.905114	-0.700416	8.268186
6991	1	0.556530	7.574513	-3.461589	7.309472	-6.065410	9.009838	-4.672908	5.905147	-3.199874	7.203553
7000	1	6.100474	-1.203686	-0.282843	6.497533	-2.006476	7.234565	-9.549295	6.259851	-9.677123	5.997018
7002	1	7.185988	-6.108268	6.829654	-5.742457	3.801797	0.067489	8.634480	-5.977331	8.879804	0.543553
7011	1	1.377607	4.573500	-0.347330	-0.944784	8.802119	-2.948909	7.088912	-2.637424	8.900089	0.276365
7030	1	8.073201	-5.797380	6.825911	-4.046240	7.868424	-3.751554	8.458296	-1.619918	6.253210	0.284695
7049	1	9.745753	-3.619228	6.749183	3.418570	-0.912145	6.662948	-0.728508	6.787985	-3.649492	6.856167
7050	1	0.003050	9.182186	-2.306387	7.835080	1.589201	5.928309	-0.282513	5.570280	-10.179861	8.739630
7061	1	0.711665	7.318112	0.881730	-0.141403	7.654735	-7.412249	8.467544	-4.848086	7.733316	-2.272465
7067	1	6.928742	-3.955600	5.877917	-1.606921	6.994246	-4.500013	6.990880	-2.823345	8.771273	0.894663
7068	1	6.311974	-0.880450	9.487797	-5.396678	8.555289	-4.835477	8.859015	-2.581745	6.190547	1.484438
7069	1	8.960782	-5.947574	8.640029	-4.565697	9.774613	-2.700066	5.585692	-2.028468	1.204556	3.913762
7095	1	7.339001	2.085494	1.031741	8.427423	-1.570510	6.377158	-7.990790	9.124681	-0.087799	3.865007
7109	1	6.556727	-3.344594	7.971785	-5.988047	6.638668	-4.683527	6.852388	1.617358	2.360767	0.544220
7125	1	3.537356	0.606446	8.405132	-4.249869	5.875391	-3.587911	6.602878	-3.946995	6.534319	-1.672579
7142	1	3.070715	6.475633	-3.050063	5.786340	-4.545704	5.780627	-1.537239	7.971313	-4.190491	8.115860
7144	1	5.754719	-1.401960	6.736423	-3.471680	7.617719	-7.348565	8.725876	-1.023327	1.379864	6.538920
7145	1	6.925417	-1.265618	6.629233	-4.904338	8.321530	-5.433712	7.847705	-5.342136	6.144631	2.789928
7151	1	8.016193	-3.978750	6.646391	-2.717103	6.079724	-4.427173	6.479937	-6.885585	6.672525	-0.808620
7180	1	1.328441	6.937204	-3.167049	6.148933	-4.701462	6.874380	-6.906578	6.084176	-3.694675	6.175851
7193	1	6.340920	-4.825173	6.824068	0.681845	6.677630	-3.763947	6.852338	-5.392798	5.209792	2.128997
7196	1	1.323134	6.960667	-9.806946	6.784918	-5.332630	8.121442	-0.847943	-3.113249	6.673261	2.993828
7204	1	5.050661	1.767144	8.235336	-1.938486	2.710159	0.987405	5.581839	-8.331704	8.432892	-0.152965
7207	1	8.513864	-7.783445	8.128228	-4.733044	6.120211	-4.385522	4.572250	-5.748609	8.319478	0.455024
7213	1	5.575598	-7.570448	7.604623	-2.501958	5.649199	-4.219509	6.708477	-5.411502	7.152185	0.731253
7214	1	-0.372460	6.419566	-5.611370	6.671353	-2.381030	7.745843	-3.477679	7.073954	0.071352	5.273100
7229	1	-0.473436	6.520289	-2.908080	9.240766	-4.396257	9.080027	-1.666035	1.764470	6.907202	-0.536265
7235	1	7.795990	-5.533434	7.057516	-4.466128	7.421204	-1.737288	-0.628261	6.486556	-2.672817	6.805045
7236	1	3.224607	5.224011	-5.799155	7.497434	-5.684692	7.633017	-4.249100	7.378269	-4.532503	8.581070
7253	1	6.458198	0.072647	5.855008	-6.183100	6.475753	-2.010527	7.817683	-2.638286	7.627322	-0.563089
7254	1	6.093113	-2.093870	6.128747	-6.021479	8.620338	-9.126576	9.331771	-1.891259	6.459895	3.636561
7258	1	0.156988	8.707566	-6.741987	3.696588	5.009186	-6.643181	7.502627	1.627483	3.685553	1.096760
7261	1	-3.152803	5.812598	-5.394405	7.434709	-10.229863	7.026144	-6.477827	6.306119	-6.116288	7.937052
7274	1	-0.357133	4.730264	-0.511650	-2.943074	7.681827	-3.977086	5.933011	-2.471587	8.013443	1.497376
7278	1	6.176940	-1.261321	7.689500	-5.871312	6.939016	-3.771298	8.642992	-3.654724	5.569470	1.014558
7281	1	-0.354720	8.970728	0.669407	-0.102967	6.037937	0.996062	-0.537071	7.223783	0.511549	7.044268
7287	1	6.455857	-3.075019	6.662760	-3.773603	7.044670	2.319719	0.168722	8.870272	-7.117078	7.087535
7290	1	9.246109	-3.312018	6.393204	-2.864193	6.567900	0.210046	6.488630	-4.834741	9.210523	-1.036605
7300	1	4.911365	-6.650770	7.152035	-3.463747	3.541952	-2.154259	6.899433	-5.822249	6.417716	0.010735
7329	1	6.919198	-3.643119	5.165403	-4.192031	4.778235	0.990959	6.113274	3.299259	-3.241844	8.447560
7336	1	7.776995	0.072113	4.274676	-7.483431	5.789156	-3.174764	4.634272	-5.555913	7.646256	1.147249
7345	1	3.495575	6.719353	-8.207339	7.473812	0.802125	-0.009559	5.394496	-1.210260	8.708040	-0.061111
7363	1	5.776845	-5.122977	7.888458	-0.004196	8.789816	-2.822180	6.969202	-2.101950	8.695383	1.505579
7379	1	6.611080	-10.620609	6.628396	-7.543343	6.147041	-2.993592	7.385404	-1.429747	5.976954	2.729604
7385	1	8.855523	-4.441784	7.177978	-4.782983	6.884781	-7.003971	6.983918	1.990985	6.664307	1.652142
7414	1	6.862575	-1.335231	9.535903	-6.320682	6.629294	-1.974292	3.674445	6.677735	1.943258	-1.617396
7415	1	5.050017	7.774675	-2.359244	6.805277	-6.557935	4.410152	-3.003714	6.167920	2.575492	4.583497
7418	1	6.681875	-5.143286	8.477142	-6.622864	8.039340	-0.819030	0.753025	6.451748	-3.300683	9.562633
7423	1	3.329233	7.303901	-6.684576	6.354755	-7.052927	7.185121	-1.883358	6.181136	-0.132349	6.776222
7429	1	5.669055	-3.103159	5.819324	-4.895766	8.493898	-3.130959	5.541717	-7.851933	4.998837	-2.069050
7434	1	2.124285	8.223021	-5.637511	3.983688	0.308581	6.736976	-1.436057	1.271717	6.075645	-2.437054
7438	1	-1.792868	6.739400	-4.230961	7.978129	0.367159	0.134547	6.972509	-3.249611	7.330963	0.529644
7454	1	3.846037	-2.568449	7.825354	-3.822873	5.703517	-1.733657	9.337349	-4.952947	4.933822	3.994493
7457	1	1.793556	6.478066	-6.041144	5.461935	-1.845819	4.685847	-1.621750	8.121274	-4.326431	7.397546
7461	1	0.364056	5.526993	-9.900113	5.226778	-0.981338	0.408652	5.673982	-0.907703	6.304326	-0.249501
7463	1	-0.745450	6.019851	3.176045	-3.930872	4.671423	-8.448198	6.167314	-3.671393	7.630796	1.638357
7481	1	6.267218	-7.150349	8.096494	-1.204864	7.094744	-4.396242	8.097037	-4.415642	7.111681	2.385256
7507	1	5.678038	-2.503101	6.703248	-3.493406	6.775447	0.139026	0.894353	-4.519886	6.566868	-0.124278
7518	1	-1.869314	9.068348	-4.647322	8.639780	-0.791997	7.925388	-4.940397	6.097051	-7.540987	6.273019
7524	1	-0.581820	7.444580	-2.474829	7.693365	-2.431491	7.198707	1.513318	7.233635	-2.694819	7.216243
7528	1	1.589125	8.732469	-1.502595	-1.695711	5.613916	-7.098784	6.954128	-3.050572	2.384131	6.766829
7565	1	1.406805	9.121103	-3.297509	8.334146	-7.763590	6.822290	-3.401227	6.966448	-4.095964	5.915966
7586	1	6.756791	-2.119658	7.280107	-3.616334	9.013375	-4.589565	4.458484	-4.044281	8.056754	1.824298
7604	1	6.321772	-10.161865	7.404711	-3.888794	8.245526	-0.265021	-0.227357	5.461146	4.383793	-0.350307
7612	1	8.658962	-5.250001	5.069543	-4.327787	8.716492	-0.201299	0.623079	7.089837	-2.033402	6.135059
7631	1	5.661134	-1.275143	8.680102	-5.502485	5.119251	-3.250923	6.860679	-2.544776	8.064210	2.356432
7635	1	1.212443	8.378296	-2.870993	6.715967	-4.589519	8.950415	-4.494272	7.803190	-0.634996	5.698606
7649	1	-0.070911	7.916829	-4.516470	5.591501	-2.798050	7.287614	-5.859067	6.973775	-3.957483	7.625750
7675	1	6.247052	1.502493	1.769107	7.068053	-7.504985	8.172849	-5.248874	5.084450	-5.219554	5.028557
7691	1	2.506409	7.818128	-7.142399	6.410074	-5.536748	0.673806	7.333399	-0.100352	1.879071	4.936911
7713	1	6.797403	0.099410	-0.742050	4.483838	-7.600779	8.550898	-8.094821	6.652152	-2.693226	6.457840
7714	1	0.190478	7.926019	-3.463418	7.851936	-4.773227	5.174538	-4.637768	6.354386	-3.528943	6.904998
7747	1	8.891537	-4.787864	8.492903	-3.767117	-1.620210	6.680007	-4.924159	5.687890	-3.459705	7.351451
7748	1	-0.870300	6.350925	-4.891811	8.311903	-4.661156	6.822440	-4.831961	4.821537	2.918434	5.764292
7756	1	0.848407	5.264422	-6.995392	6.981762	-1.358510	8.205047	-7.977435	5.553664	-6.323446	7.505351
7761	1	-2.679832	7.161715	-6.475734	7.808835	-6.936853	7.551985	-6.824899	6.534300	-2.342930	5.439805
7794	1	7.029940	-5.550570	5.683030	-3.542778	4.539880	5.358631	-6.296420	5.004867	-3.373392	9.271241
7803	1	7.107640	-4.353234	6.880386	-7.205470	8.322918	-6.429422	6.152589	-1.983629	5.050196	0.466830
7804	1	0.419505	6.602358	-8.765557	8.705061	0.249504	6.126537	-3.774398	6.032265	-1.645501	7.156659
7837	1	9.077533	-8.483462	6.808978	-6.394175	5.573906	-6.440202	7.658642	-4.899667	6.917962	1.839449
7846	1	7.607789	-9.531993	5.610158	-9.393530	8.088006	-0.715655	8.333773	-6.815644	7.330374	0.030228
7859	1	-1.408433	6.625202	-7.009693	9.300220	-8.599617	7.331384	-1.589945	5.660784	0.571862	6.017934
7861	1	8.237175	-1.310225	7.553450	-0.985917	6.715407	-4.399525	9.463423	-6.888661	6.211109	3.032812
7873	1	0.515864	9.048073	-5.165411	8.108625	-3.649552	7.036816	-6.970917	6.671181	-3.481752	9.244079
7876	1	1.672924	7.172138	-5.953933	7.326970	-5.723658	9.152339	-1.461656	-0.743965	7.191293	-0.562652
7879	1	3.471399	8.766364	-3.134458	8.286395	-2.417319	6.156814	-5.708033	8.716613	-1.335833	6.628654
7881	1	2.032540	8.426910	-6.664680	6.638592	-2.233926	5.447037	-0.655061	-1.440303	7.079680	0.601436
7953	1	6.400414	-5.574107	7.366900	-0.574936	6.515458	-1.232673	9.477637	-4.935265	4.944613	-2.215712
7969	1	1.875912	8.769202	-3.105843	6.933617	-5.868811	8.814849	-0.447110	-1.190508	7.403021	-3.655621
7975	1	6.300446	-2.277276	7.383454	-4.999200	7.808856	-0.723775	6.838109	0.206222	-0.785625	5.938437
7983	1	6.756345	-3.033061	7.241800	-7.715945	7.948935	0.058973	-3.272768	5.590326	-3.588017	6.680704
8011	1	0.951871	9.153335	-3.584137	5.566856	-6.189857	5.072832	-1.493733	6.920182	-3.856608	5.721292
8016	1	6.888301	-3.954981	6.343108	-3.839804	7.052312	-3.204440	2.324920	5.558253	-2.650929	7.215425
8022	1	0.698837	6.798733	-3.583914	6.865555	-2.061231	8.899107	-0.608101	1.220235	7.926072	0.482835
8023	1	-3.623393	6.753244	-5.262277	8.965008	1.308004	-0.630319	7.032507	-4.813941	7.833023	0.845290
8032	1	1.000134	6.986157	-8.368081	8.215064	-6.251145	6.264097	-6.977992	7.636397	-5.005103	6.478100
8039	1	5.377887	-7.185780	7.521123	-6.798468	6.784754	1.472264	-0.233508	-1.007660	7.651807	3.049853
8054	1	6.687335	-5.023494	5.899923	-4.277694	8.397497	-0.964128	2.228599	6.805210	-3.395490	6.495893
8059	1	2.568016	2.328018	6.713101	-2.602307	5.761552	-7.886068	9.137175	-3.841181	8.282965	1.974510
8083	1	6.007505	-3.679821	7.538167	0.762970	-5.478727	6.909256	-6.099953	9.490000	-2.727926	7.212764
8093	1	5.373904	2.333517	-2.685888	6.176155	-5.508687	5.607345	5.966348	1.350926	-1.566085	3.671744
8094	1	4.941743	-5.130065	8.375777	-3.509427	6.343234	1.446605	8.932085	-7.628800	4.305048	4.503495
8106	1	2.834393	8.355547	-5.760500	6.752459	-4.708822	6.365006	-0.303662	2.001481	6.140346	0.452219
8121	1	3.834364	8.334996	-4.876850	7.103374	-5.937567	6.276849	-5.405355	7.361494	-0.578674	5.498759
8143	1	8.554014	-3.054921	5.947147	-4.327706	6.082373	-9.286053	6.897931	-2.473705	2.003916	5.662205
8145	1	3.648243	0.338855	6.899643	-0.973430	9.693802	-1.908148	7.115143	-5.259834	8.358897	2.677439
8148	1	8.420235	0.201200	-0.007247	8.486690	1.372330	-0.797365	6.015291	-5.432729	8.102782	1.008410
8158	1	0.329665	6.973284	-4.052945	9.243023	0.573569	-0.874080	7.301287	-3.546850	6.859389	1.805604
8161	1	4.724456	6.765741	6.691886	-8.809525	7.564550	0.061609	7.624145	-3.887628	5.436732	0.609677
8162	1	6.556596	-1.949737	6.999666	-4.024430	5.813917	-4.299238	6.862921	-6.196932	6.589773	2.556115
8182	1	3.031840	5.907551	-8.199059	8.165639	-4.337853	8.155935	3.174619	-4.379351	6.012755	3.386451
8190	1	2.176659	9.321933	-6.362703	4.828069	-5.691308	9.289409	-4.905859	6.279844	-6.592447	9.609953
8202	1	9.184572	-4.766393	7.120547	-3.704651	8.889625	-6.039392	7.688963	-2.136405	8.036826	-0.311713
8205	1	-1.037897	6.158705	0.288621	1.757030	6.604818	-2.139707	7.218811	2.268722	-5.435841	6.380783
8215	1	0.753145	4.334439	-4.316340	5.642149	-5.640552	8.442270	2.674565	1.322017	7.137215	0.892598
8230	1	6.979414	-1.895934	-0.716683	7.138730	-5.232610	3.995135	-3.157087	3.935816	6.473561	-1.297974
8236	1	4.038444	9.046248	-3.400341	6.497784	1.034359	-1.648680	6.129464	-5.907389	8.122325	-0.583434
8237	1	6.637895	1.323324	0.765419	8.264929	-4.030225	9.078785	-3.368659	6.079316	2.521157	5.648415
8262	1	6.205442	-3.512922	5.814371	0.480238	-2.284791	5.245663	-0.910430	4.387535	-2.181869	4.381487
8264	1	0.697521	6.471619	-2.743693	6.706571	-3.314729	6.513639	-2.966650	3.891235	5.539424	-1.002297
8276	1	2.243663	7.696162	-7.024820	7.362589	-2.561391	9.129308	-3.224550	5.839568	-7.630013	7.331786
8279	1	0.590288	7.010171	-5.208608	5.189622	-3.591749	9.318107	-6.128434	7.402964	-5.982844	8.955106
8295	1	6.580537	-6.506482	7.698626	2.655557	6.478976	-4.839100	5.725468	-0.438858	-0.268984	9.158591
8301	1	4.716130	-1.674103	5.047461	-2.127510	6.046927	-2.151118	-1.510848	7.079445	-5.579996	6.990491
8321	1	7.990004	-1.113413	5.742944	-7.559772	6.683575	2.230786	0.470286	7.922810	-3.964613	7.531534
8327	1	2.758600	7.294602	-4.600434	7.237354	-7.000783	7.977474	-0.160705	6.790044	-6.350337	6.620394
8335	1	7.410990	-4.675451	7.527654	-0.526884	5.371591	0.367266	0.666211	2.330696	6.557299	-0.908687
8336	1	9.685751	-5.729492	6.193985	-1.460761	6.889817	-5.997682	4.839067	-4.977143	9.444234	-2.909157
8347	1	1.322358	7.404771	-5.450106	8.524320	-1.424902	6.405667	-7.043662	9.302169	-1.545442	7.101317
8359	1	1.714813	2.811407	4.285658	-2.498528	9.022808	-5.065184	6.766383	-3.264445	9.027680	4.002050
8380	1	-0.167131	6.829471	-6.576182	7.841691	-0.904515	1.007571	5.706027	-4.813300	5.837265	-0.358877
8383	1	0.331752	7.834505	-1.430517	4.918255	-5.595402	6.756447	2.247425	-4.397543	6.245200	-0.676773
8395	1	2.721986	5.288567	-2.520806	8.261248	-6.290606	7.356794	-5.969728	7.403897	-3.508459	5.172649
8406	1	7.241622	-2.014655	6.513228	-5.093824	7.377616	-4.281109	6.947461	0.241129	5.671560	0.768404
8420	1	7.116496	-4.720656	5.812523	-7.985564	6.459209	-7.849120	8.052902	1.547597	-3.445338	8.926782
8427	1	7.389527	-2.295767	8.200956	-4.314372	6.301714	1.491142	0.119801	6.716242	-0.869487	6.303219
8455	1	3.688566	-0.080615	7.243418	-5.547035	6.506485	-3.212116	6.005247	-1.330262	3.162963	1.367838
8472	1	0.838749	6.829592	-3.323978	6.531006	0.113892	8.590426	0.930113	-2.438587	8.759258	0.655232
8490	1	7.089940	-2.655166	7.517566	1.320760	-2.846198	6.662968	-6.658242	6.403201	-6.763971	7.288159
8494	1	9.552925	-7.606362	6.781809	-0.363965	0.703932	6.487454	-6.520933	6.638174	-4.994234	6.417793
8500	1	6.254227	-3.177993	9.278152	-4.075163	8.536422	-6.261731	1.336561	7.052869	-3.868400	6.510443
8505	1	0.499381	7.017190	2.101830	-3.268704	8.397509	-7.506165	6.989472	-2.050394	-1.173610	9.482279
8517	1	3.548746	6.152684	-1.678650	6.851119	-4.820884	8.461081	-1.393911	6.351649	-5.273167	8.464590
8520	1	7.769287	-10.932967	6.368278	0.955762	-4.573055	8.803078	-0.767796	0.904141	3.923011	5.068918
8521	1	5.315095	-3.302471	4.741462	5.517325	-4.470638	7.409372	-0.157594	1.244306	7.856426	-1.226845
8535	1	2.859658	7.004282	-2.446641	0.555813	6.808126	-8.643140	6.278022	-1.002709	6.732766	-2.168405
8538	1	8.264340	-4.667076	6.744769	-3.059966	7.531587	-9.060118	6.944587	-6.755629	7.860217	0.905108
8539	1	8.724828	-10.256755	6.728396	-4.039137	8.877439	0.583074	4.743153	-3.772874	6.716541	3.159735
8563	1	8.917801	-1.489243	1.670613	7.137264	-2.655616	-0.836130	6.485136	-2.018753	6.703860	1.849045
8578	1	0.113964	8.016982	-4.460442	6.153812	-3.560175	6.040498	-2.678529	-0.694165	4.097802	5.518332
8588	1	7.851709	-5.457699	5.873188	-5.637629	7.782755	-5.586322	7.700641	-5.104472	6.555082	0.066824
8589	1	2.125273	7.853556	-0.774112	-0.340682	7.393624	-3.476635	7.817993	-4.681574	6.797699	-0.935056
8591	1	4.246764	8.023506	-1.051841	4.207789	5.632113	-6.589794	6.324419	-2.890991	9.597795	0.317740
8594	1	7.727392	-6.045896	6.760070	-4.693355	7.844030	1.125294	5.805212	-4.052785	7.110483	-0.981053
8596	1	7.668173	-1.604789	7.150421	-5.046642	6.632093	-5.659214	5.488486	-4.944130	5.851880	1.818570
8604	1	8.175286	0.048588	-1.556709	9.248799	-0.131640	2.042482	9.224969	-9.123228	8.198420	-0.645258
8606	1	6.448446	-2.281806	6.930822	-4.338436	4.448982	-5.257138	7.116585	-5.188441	6.989131	0.730268
8610	1	6.794392	-5.794609	7.481937	-5.426404	9.025117	-2.662257	5.751718	-7.802290	8.799767	-1.566792
8621	1	6.987582	-1.878417	6.716663	-4.681412	6.235369	-4.585822	6.136558	-4.137876	6.538554	0.272887
8630	1	6.905197	-0.821361	7.094459	-5.334679	8.749696	-3.916594	7.051277	-3.240725	9.259385	2.552518
8633	1	8.890276	-2.178907	6.790971	-5.584282	8.835687	-1.315230	6.131528	-3.785421	3.557430	1.663706
8644	1	0.806223	7.752969	-2.207339	5.501889	-4.987750	6.719602	-7.165957	5.601009	-3.161984	6.184481
8653	1	-0.550453	6.782312	-4.931115	7.469342	-5.603702	6.035950	-5.095304	7.620650	-5.802836	5.651525
8659	1	4.693946	4.657619	-2.671622	6.597846	-4.222774	6.285202	-2.675868	3.003760	9.133610	-1.880141
8661	1	-0.106885	7.906838	-4.422654	3.285728	-6.266520	6.320206	-3.039074	8.270986	-4.512289	8.697292
8664	1	-1.044721	8.273114	0.354936	5.762413	-6.546205	6.804337	-7.150671	6.636019	-2.207774	8.320193
8677	1	-0.918396	7.499932	-0.037221	2.117624	5.950096	-5.373679	6.870755	-2.263425	6.866745	-1.528181
8700	1	7.739618	-4.347145	4.130851	-0.391844	8.790670	-5.415936	9.012497	-5.652810	7.248363	1.416011
8708	1	7.653862	-7.593288	6.978881	-3.170883	8.591784	-4.047947	6.425889	-6.826661	6.443452	2.004484
8720	1	7.870123	-2.975117	6.817082	-5.920350	9.008965	-8.261605	6.339068	-8.524802	7.473148	-0.088166
8721	1	-1.434772	7.750120	-5.797005	6.167551	-5.896003	7.484319	-0.752233	7.864946	-11.283939	5.883524
8735	1	1.576363	7.398880	-1.415052	6.859920	-9.062784	8.766083	-5.851626	8.224775	-3.608384	5.425615
8751	1	-3.934076	7.131979	-8.071592	5.911463	-0.404752	7.077560	-1.928151	5.737441	-2.587378	8.234796
8773	1	-1.185021	4.940558	-5.682171	7.591506	-7.967037	5.953509	-2.829734	6.424054	-7.172287	7.426351
8784	1	-0.121542	4.936492	2.860467	-0.941991	7.370513	-6.685724	7.283825	-2.800806	3.728861	5.516529
8822	1	5.024948	-1.654585	8.883960	-3.975332	8.510657	-1.759091	8.526975	-4.941066	6.807514	1.703267
8826	1	2.747493	0.311625	7.324347	1.486745	7.795232	-6.759579	7.125471	-7.198119	7.205705	0.168893
8849	1	6.328064	-6.122517	6.850742	-0.379916	7.939231	-2.874629	7.040711	-0.210007	0.285009	6.021946
8855	1	6.783656	-5.328472	7.246642	-0.098460	-0.376665	7.665343	-1.925966	2.612632	0.577142	5.929535
8866	1	7.806076	2.757842	1.177036	8.039667	-4.281180	8.912636	-5.852814	4.373531	-6.841035	6.974016
8868	1	8.000602	0.152776	1.067136	7.107784	-3.265597	5.054886	-3.267945	8.171927	-7.550198	7.104042
8883	1	5.493545	-3.113454	7.112530	-4.330557	6.306307	2.062613	1.467323	0.484656	7.922943	1.893487
8889	1	-1.525321	5.662065	-4.970768	5.652727	-2.319818	0.737058	8.219090	-4.233928	6.519029	-0.693845
8904	1	-0.267515	5.459648	-4.384823	6.653898	-4.962712	8.949197	-4.239743	7.221018	-1.158653	5.540202
8908	1	7.171496	-6.157625	8.153567	0.853321	-2.038441	7.984065	-6.582375	6.282571	-5.181726	7.319244
8926	1	1.218244	5.005423	-4.431123	5.536103	-7.462860	7.329324	-7.515939	7.218968	0.087124	-1.348127
8947	1	7.249912	-1.089945	0.119852	6.391150	-6.447823	8.327784	0.783505	-0.838526	6.191201	1.845446
8967	1	-0.120892	6.720074	-5.565325	8.996102	-5.336421	6.971426	-2.897791	6.171315	-0.636252	5.539867
8995	1	3.046469	6.543048	-3.817042	5.491083	-1.832794	-1.401183	6.474114	-5.991239	5.544922	-0.290817
8996	1	5.985664	-3.320414	5.348297	-1.748494	7.168557	-4.283555	9.503506	-6.250808	6.268512	2.379996
9004	1	8.828235	-3.587090	4.963309	-3.304970	6.531276	2.595114	-0.711373	9.352214	-6.707682	6.349055
9031	1	5.637577	-2.001245	7.724848	-2.533920	7.849365	0.035776	6.472017	-2.469793	7.095458	0.680002
9033	1	0.299260	7.748732	-7.049491	6.692670	-7.575107	7.463690	-5.610694	7.659213	-3.173216	6.969233
9034	1	0.997945	7.813079	-2.467322	-0.598547	8.540864	-2.387494	3.962360	2.070148	1.814343	8.985196
9040	1	6.383864	-5.434034	8.057575	-2.416607	7.947390	-1.928418	6.544642	-6.497383	7.306185	-0.256429
9055	1	5.486239	3.169274	-2.007074	6.512398	-6.467231	7.718771	-8.373314	7.158636	-1.278671	5.510577
9056	1	0.553459	6.655777	-2.244672	6.239586	-2.897976	7.181896	-5.290984	6.982152	-1.874247	5.965485
9068	1	-0.007903	6.711945	-3.091630	8.118377	-8.116152	5.077331	-6.211366	8.035142	-7.033802	6.791730
9071	1	7.338925	-3.789935	6.133588	-5.225913	7.529082	-2.649676	7.883632	-1.051156	3.354036	5.634090
9087	1	0.086735	8.458284	-2.395240	-0.820713	7.661929	-3.768039	7.209999	2.505245	-2.550356	7.659674
9089	1	2.378427	7.865420	-7.108166	7.747295	-2.473975	5.671182	1.105954	-4.644426	6.598269	4.037337
9092	1	0.587536	5.383089	1.329706	6.783260	1.704124	-4.837038	4.650207	2.704243	-6.807054	6.044806
9097	1	7.445021	-1.021180	-1.862013	5.802301	-6.457283	8.473782	-2.768871	6.865258	-3.390871	7.785739
9099	1	-1.767481	7.836810	-4.310796	0.691220	7.660340	-6.523746	6.025579	0.144601	7.313944	2.507799
9104	1	6.685429	-2.837585	5.387489	-5.055595	8.004857	-1.441205	5.931016	-2.124498	6.514591	-0.717197
9109	1	5.556114	-2.307488	5.561483	-0.418690	8.069841	-6.667338	7.074773	-0.208247	1.107641	4.704361
9116	1	5.319036	-2.676120	7.580062	-7.323938	8.389299	-0.247468	8.069222	-0.927529	3.025510	2.602477
9120	1	2.264494	7.711777	-1.988241	2.761285	-2.211518	9.766309	-0.630041	-0.764207	4.384993	0.735604
9124	1	8.296744	-6.605462	4.431442	-4.429953	8.818877	1.253629	1.558146	8.023801	-1.689798	3.716735
9135	1	-3.944411	6.371348	-3.494863	0.023666	7.756416	-6.874898	7.065270	-5.250726	5.592184	6.646812
9150	1	6.289469	-4.783209	3.133298	5.327095	-1.507630	5.706939	1.807715	-2.500289	7.601913	1.152857
9162	1	6.734348	-2.475345	6.570667	-1.204498	-3.263700	7.579661	-5.149363	9.248418	-3.203648	8.449805
9182	1	8.400925	-4.449548	7.952258	-6.179831	6.803326	-1.424798	1.884478	5.334110	-4.353905	6.390690
9183	1	7.128250	-3.690495	9.102073	-4.612965	8.835904	-4.461568	8.515712	-5.714259	2.257084	7.267520
9194	1	6.508764	-1.468824	6.521135	-4.949011	6.728869	-5.910965	6.840702	-2.129884	6.637378	-1.208753
9212	1	2.713948	8.070187	-4.619578	6.274114	-4.741960	6.108580	-3.751544	7.204879	-1.779113	8.928150
9224	1	-0.119176	7.665972	-2.171902	7.858531	-1.094937	-0.924602	8.445936	-4.275636	7.566023	1.656396
9230	1	8.524230	-1.090800	6.401985	-3.714689	7.433608	-3.056505	-1.575479	1.225971	7.534800	0.172622
9243	1	7.090240	2.573036	-2.508147	6.319665	-8.407134	6.555920	-6.289763	6.743253	-7.478079	7.796942
9248	1	7.384614	-4.543767	6.302761	-2.554092	7.738069	-5.232654	8.286014	-2.089675	0.726476	7.303570
9284	1	-1.597915	7.289487	-2.993195	2.866021	5.370810	-4.301834	7.014725	-7.059307	7.138156	-0.897958
9293	1	0.955963	6.058553	-4.966709	9.233345	-4.877381	1.580129	3.708001	5.937006	-1.727662	1.540318
9302	1	4.569185	-3.639518	6.045047	-3.131820	0.150096	7.583482	-4.041791	8.807863	-3.723476	7.439411
9304	1	0.981195	5.560542	-1.664063	0.350497	8.163143	0.852736	1.017743	4.464230	-5.918001	5.089062
9322	1	7.721064	-7.332518	3.801833	-6.338818	7.037079	-5.511454	8.246797	-2.505135	8.550186	-2.513003
9327	1	6.059541	-6.442905	6.838906	0.908910	-0.388142	4.321124	3.364230	0.803913	8.203910	1.374467
9343	1	8.285077	-0.802679	5.475960	-2.892980	4.655253	5.245386	-3.073939	6.046108	-6.363383	7.083407
9345	1	4.984279	-7.751145	6.796684	-1.667222	8.312113	-3.746018	5.868257	-7.427802	7.466219	-1.207899
9347	1	5.585557	-4.852799	7.192571	-5.915491	8.151563	-10.086600	6.009177	-0.115176	6.528708	4.096984
9386	1	3.031769	5.984370	1.636073	-1.580887	6.244364	-4.801262	6.994969	-1.778868	-0.765700	6.400001
9400	1	6.852942	-2.560270	9.705886	-8.996039	7.976318	-6.246158	7.038745	-4.549586	8.002870	1.294800
9404	1	6.845684	-5.789166	6.683427	-5.657785	6.734462	-5.387739	7.446074	-3.304868	-1.644294	7.511589
9406	1	7.376959	-1.722294	7.503824	-7.413827	4.529266	-9.142848	6.456641	-3.576443	4.879965	1.510941
9413	1	6.585995	1.677511	-1.161059	7.761070	-5.797451	8.569020	-5.232421	8.392888	-1.013074	4.982976
9434	1	1.015842	1.620651	5.374865	-2.260978	9.122821	-7.157678	9.160874	-7.517679	9.329766	1.957657
9436	1	8.632583	-4.065454	6.955642	-3.928510	6.900078	-3.525327	5.809803	-1.907575	5.154467	1.963557
9443	1	1.171193	7.291644	-1.195030	3.772998	-10.031023	4.724126	-2.824588	6.424057	-7.155627	6.782637
9449	1	1.351822	6.556012	-5.138741	7.698325	-0.365748	-2.102231	6.794130	-5.406516	7.452242	0.178115
9462	1	6.078215	-5.807856	5.125548	-3.385725	6.760517	0.857493	3.038208	6.529888	-2.455032	7.037588
9468	1	7.825545	-2.138785	7.741498	-6.616048	8.928935	-3.921032	4.426182	-4.801391	9.464463	0.323077
9469	1	-0.567802	6.985354	-3.156758	0.633898	7.728572	-4.571079	6.222432	-4.960891	7.853775	-0.169098
9486	1	7.768808	-6.390509	8.241830	0.289340	9.502971	-7.823938	6.425887	-5.180366	7.472083	1.744198
9492	1	-0.108145	4.986838	-3.079578	7.565548	-7.368161	8.785969	-2.356557	3.254316	5.981641	1.777572
9498	1	5.617688	-1.168907	8.878921	-0.429970	-2.190529	8.416204	-6.079972	6.317965	-6.326721	6.064512
9511	1	2.598344	7.057718	-4.365787	7.711273	-8.466899	6.226349	-5.070564	8.095680	-0.066854	6.352134
9517	1	7.029381	-5.718709	8.195162	-3.996877	4.992042	4.212679	-1.086821	6.201425	-1.788115	8.139219
9523	1	0.880281	7.590108	-5.292221	6.227476	0.677356	4.161131	-0.903613	7.583666	-6.174464	6.889851
9525	1	-1.605829	7.439138	-5.093692	6.325562	-6.244041	7.487355	-8.792394	7.235894	4.114536	-0.155522
9532	1	6.602860	-5.182772	7.809399	-3.679180	7.705784	-2.340287	9.279466	-4.798887	9.805740	-1.127266
9538	1	5.535054	-0.849552	7.857446	-2.839371	8.194485	-5.401692	7.741952	-6.602521	7.334337	0.751525
9544	1	5.893906	-3.751442	6.621735	-2.247021	7.470266	0.453709	-0.225680	6.220721	-2.685175	7.166454
9546	1	6.880147	-8.933531	7.068060	-2.453888	5.915245	-3.015694	7.563145	-3.905628	5.230965	-3.218995
9547	1	-1.110942	4.839957	-3.226728	7.830736	-1.914072	4.706929	-0.082176	-0.625405	7.582355	0.767059
9560	1	3.058763	7.256684	-1.528402	8.267595	-2.672234	7.139446	-3.337584	5.210220	-6.192561	8.454320
9567	1	7.122424	-2.533495	5.327512	-0.506261	8.281264	-2.429199	9.556356	-7.329147	8.275847	0.193063
9568	1	2.543020	2.048326	8.125907	-0.601020	3.726948	-4.676697	4.759228	-5.076401	6.628871	0.955686
9573	1	5.295843	-4.090365	7.207582	-1.532422	9.065398	-5.382120	6.664817	-2.348389	7.309583	4.242162
9581	1	7.447310	-3.826941	0.365865	6.472684	-3.010194	7.770968	-10.923097	7.241564	-3.608473	7.181089
9594	1	-0.546748	6.032691	-1.784401	1.207614	8.003413	-0.033580	8.297380	-2.774515	6.624051	2.319663
9596	1	2.379201	6.177391	-4.324686	5.383919	-1.841940	5.633793	-5.617917	9.192767	-4.506068	6.013755
9601	1	6.736158	0.479622	3.577383	3.020684	0.809975	2.681697	7.052545	-3.475802	6.926423	5.697549
9633	1	3.705737	7.744535	-8.073766	7.829717	-0.552664	0.326867	7.995984	-5.810182	6.726398	1.734670
9634	1	7.224061	-2.064814	7.285293	-6.215029	5.595921	-2.650267	7.149348	-3.582935	4.765331	1.257428
9639	1	0.751284	4.430769	-2.888459	8.787943	-2.947856	7.835739	-3.201879	6.166022	-7.183279	7.578955
9650	1	0.326087	7.991025	-4.925393	6.873337	-4.037920	6.563069	-6.112445	8.814409	-2.286821	5.486159
9655	1	7.763443	-6.313904	7.792968	-0.545333	7.892179	-5.687863	8.170403	2.229349	0.871023	7.332948
9656	1	-3.992187	7.506811	-2.689361	5.032884	3.364005	-3.987180	7.001103	-5.403717	8.575880	-3.259947
9660	1	4.480848	-1.234194	7.094647	-7.445625	9.010070	-2.225126	5.479718	2.184726	6.201250	4.505689
9675	1	7.995256	-3.122342	3.982778	-2.941504	1.002444	8.149203	-6.435007	9.596404	-6.227436	6.566131
9681	1	6.683295	-7.802491	6.380675	0.985057	-2.971385	7.514609	0.804602	-1.719300	8.078954	1.273580
9697	1	5.745396	2.160510	8.157185	-1.302737	4.992253	-6.827697	6.772053	-5.423641	7.921536	0.512720
9706	1	7.488092	-1.513329	7.766770	-3.781232	5.865950	-3.279698	6.926971	-4.753717	4.502261	2.328677
9711	1	5.589386	-7.568231	6.473590	0.386827	-1.614950	6.766338	-1.272149	7.021821	-3.988914	8.007340
9712	1	-0.064053	7.230107	-2.188709	6.917925	-5.929440	8.281209	-4.958083	6.518863	-3.310956	4.163429
9713	1	8.244420	-3.682416	6.851191	-4.696510	6.535906	-6.575062	7.265103	-4.152547	6.354681	1.963160
9729	1	3.788691	-0.898706	8.468283	-2.592925	3.118695	5.640903	1.113079	-6.250461	5.721146	-0.959912
9742	1	1.456161	8.074601	-6.481775	6.861593	-1.809054	5.126194	3.834594	-6.361345	7.625984	2.137986
9747	1	6.825874	-6.808025	6.520237	-8.052938	5.584603	-5.853970	9.124603	-9.539393	6.586274	3.527786
9751	1	7.333098	-2.828304	6.997082	-3.998751	6.939035	-1.654388	8.314324	-4.481510	6.407110	0.344557
9759	1	8.849440	-4.928508	6.703500	-5.742537	6.466470	-3.664383	7.292627	-4.976331	6.042456	2.288504
9769	1	7.182134	-1.021297	6.352255	-4.939466	6.841871	-6.723759	7.226263	-5.445107	4.946833	0.348155
9770	1	5.911952	-2.730911	5.843599	-7.267910	6.839187	-0.290657	6.577966	-4.873934	7.264300	3.870454
9779	1	-1.027349	7.658664	-2.381086	7.233420	-2.721368	7.448233	-0.617264	7.432729	0.468291	5.751300
9781	1	6.821576	-6.982021	8.535234	-6.547738	7.982727	-9.313248	6.428122	-7.963110	5.914240	-0.182688
9785	1	0.817123	8.711215	-5.887866	7.571445	2.305753	-3.152019	7.292974	-3.287838	7.486031	2.568455
9790	1	6.598236	-3.496088	5.291784	-1.444526	8.258648	-2.915697	9.335115	-1.537428	6.793214	4.212690
9802	1	6.776339	-3.862142	2.701780	5.585568	-4.767498	7.293324	-4.805357	9.073217	-4.722209	5.770895
9803	1	-0.612944	6.457495	-2.030779	7.203343	-6.144702	6.401449	-4.257628	6.081177	-0.693053	4.558334
9812	1	1.678781	6.870530	-2.270316	6.554667	-6.046879	5.962963	-3.589993	7.447512	-6.150214	6.812852
9823	1	6.749187	-4.558975	8.600552	-0.602158	0.844166	7.269996	-1.521895	-3.272901	6.025450	1.343514
9837	1	1.036738	6.991592	-4.263700	4.701719	-4.062648	6.381585	0.136680	6.371628	-4.994722	7.970953
9840	1	2.666878	6.077494	-8.645992	7.962370	-0.539354	0.253466	8.552946	-3.087994	7.051802	-0.323038
9847	1	-0.082559	5.895993	0.906674	-1.362864	7.135410	-4.257393	8.725985	-7.595528	5.027656	5.550705
9857	1	0.568270	6.015403	-1.363467	9.202320	-1.546218	2.243250	7.605332	-4.392716	7.518597	4.709761
9872	1	5.871339	-2.561204	8.604670	-1.744981	7.110830	-1.854443	5.301547	-6.490318	-0.153082	6.848089
9885	1	0.721743	7.478846	1.121959	1.920952	5.898077	-7.367185	9.030695	-3.036676	4.850433	-0.565191
9894	1	-1.436866	7.036353	-4.079195	7.742955	-0.550294	4.250234	1.315518	0.808592	8.186502	-3.758738
9895	1	5.294361	7.629725	-8.033008	9.137962	-4.435432	4.797967	6.048410	-4.283451	6.448222	1.861418
9898	1	1.775564	6.458722	-6.030124	6.153118	0.483170	4.919291	2.647538	-0.890102	8.559377	-3.003902
9902	1	8.832181	-3.086430	5.792758	1.665376	-1.006180	7.032094	-5.599690	7.183562	-4.108674	7.222500
9918	1	7.132004	-6.694342	5.332015	-4.704857	7.247611	-10.286563	7.633382	-1.122604	7.233134	1.458481
9928	1	-0.648912	8.860253	-7.114098	7.053447	-2.968065	8.829683	-4.869062	6.085721	-3.666768	7.163438
9930	1	5.966993	-1.624355	7.057736	-4.989751	6.665957	-5.360347	8.870286	0.004327	6.615708	2.126615
9959	1	8.059750	-3.214986	8.234951	-5.364305	5.696978	-5.059778	8.196097	-2.859959	7.026677	3.257738
9970	1	2.358158	1.286880	6.757910	-2.870028	6.741368	-5.669028	6.619317	2.005658	-2.239758	6.792769
9975	1	7.168846	-4.910397	6.177657	-1.949189	7.369220	-7.061537	9.200612	-1.358410	5.280502	6.687170
9984	1	0.158833	8.312577	-4.094431	4.743648	-4.585709	6.200152	-1.331110	0.725488	7.852277	0.635945
9985	1	6.342172	-4.233030	7.735010	-8.178878	7.180041	-5.478636	8.723690	-5.741608	7.344292	0.749722
9995	1	7.232016	-3.812735	6.993064	-6.297587	3.792950	-0.196714	3.465584	-3.402475	8.562933	2.218172
