8	3	-3.927056	4.948424	1.302644	1.020675	-0.119860	-1.246759	7.928598	5.517658	7.152424	-3.547260	7.928598	5.518058
19	3	-5.376405	6.581581	1.264912	3.211880	-5.272018	3.530153	6.488682	3.211880	6.580237	-0.558321	6.488682	3.296364
26	3	-4.359822	6.910087	0.482909	0.683666	-0.897728	1.909922	6.943750	4.592475	6.269577	-0.899840	6.943750	7.093402
27	3	-2.265856	5.661416	4.886394	0.303977	2.554122	-0.657709	4.886394	6.169858	4.843696	-3.055558	4.886394	6.204532
28	3	7.140967	-7.643229	6.691593	7.919444	-4.340136	3.907502	1.298906	3.282043	7.129446	-2.002609	1.298906	7.919438
29	3	4.551732	-9.139498	7.940695	8.488721	-3.235576	6.549846	2.024514	2.181068	4.491756	-3.198867	2.024514	8.475617
31	3	6.609546	-4.497892	2.758864	6.274030	6.609679	-5.129981	5.793594	6.274031	-3.310906	2.990817	2.758864	0.365636
58	3	1.416875	7.934320	3.347927	0.743795	5.725073	-0.473276	3.347927	6.923064	-5.147282	7.945884	3.347927	0.743795
67	3	-4.567908	6.695094	-0.579577	1.555220	-4.567903	6.001246	4.958376	1.555367	7.226165	-3.758938	4.958376	6.774054
78	3	-6.570532	4.246372	1.953861	2.862197	-5.677026	0.502371	7.711160	8.605050	4.839343	-4.721600	7.711160	8.618248
80	3	3.785427	5.193016	0.200168	1.254444	9.427296	0.392880	0.200168	3.948840	9.438241	-4.599597	6.514933	4.365361
86	3	7.087687	-10.109890	7.876946	6.817065	-4.435764	7.055662	2.892832	0.619116	7.087687	-3.929510	2.892832	6.816418
88	3	8.098544	-7.395365	1.511966	7.313504	8.098544	-11.962561	8.106050	7.313512	0.655850	-2.133367	1.511966	7.301844
105	3	8.059334	-3.065677	-1.353754	8.450706	1.648649	3.190351	-1.353754	6.257261	-4.392931	3.190449	-1.353754	6.257201
107	3	-7.101790	4.752379	-0.091631	2.902938	-0.508426	-1.150121	-0.091631	7.604733	6.057300	-1.622327	-0.091631	7.605973
114	3	-3.868830	6.453529	3.057938	1.260589	7.547845	-9.414400	6.613410	5.554450	7.547756	-5.312160	3.057938	5.554449
134	3	-1.427757	0.030372	1.732947	6.722112	4.416628	-2.348167	1.732947	7.090117	-7.069430	4.459719	1.732947	4.259692
144	3	-2.575054	8.293387	0.960381	-2.713112	-2.574405	2.871953	6.621977	-2.459077	7.577111	-2.152784	6.621977	3.589760
151	3	-3.572779	7.137576	-0.038445	1.888025	-3.572777	6.868823	4.407490	1.888025	8.043135	-0.003191	4.407490	6.246600
152	3	5.851554	1.310786	6.930345	-0.929223	-4.074199	7.063084	0.550407	-0.933106	-4.074195	6.267043	6.930345	-0.933106
154	3	-6.513101	5.638102	-3.405274	0.433894	-6.513041	5.223187	2.733801	0.433976	-0.796344	-0.314447	2.733801	6.252846
159	3	5.752521	-5.775465	0.751359	6.555167	5.752521	-11.811501	6.728809	6.555462	-4.183181	5.367259	0.751359	0.990119
161	3	-5.086841	8.022420	-0.467530	-0.260493	-3.467090	4.869953	5.996194	-0.260493	5.615887	-0.270595	5.996194	3.119495
177	3	-6.153689	6.695088	-0.870551	1.440999	-3.185194	1.014214	-0.870551	6.764102	5.862254	-5.576114	-0.870551	6.845705
189	3	0.180436	-1.914532	6.486919	7.939945	5.621124	-6.620437	6.486919	7.942493	-3.011521	4.357140	6.486919	1.547243
196	3	-5.597537	2.886633	6.769777	1.471353	5.462026	-7.377915	6.769777	7.395311	0.171038	-1.871913	6.769777	7.382047
212	3	7.001020	0.215214	7.129109	1.783599	-2.698814	5.821752	7.129109	1.775411	7.352563	-3.215299	7.129109	8.370817
214	3	8.610264	-6.961062	8.613004	4.788782	-2.891662	4.619321	2.062723	0.043591	8.605002	-1.060792	2.062723	4.784579
223	3	7.420260	-1.832222	2.189674	7.272426	-3.278271	5.805373	2.189674	2.088569	7.420312	-6.427554	7.213975	7.273069
228	3	8.154514	-0.661945	0.905796	6.356169	-2.885532	4.613734	0.905796	1.278075	8.154542	-3.179103	6.618663	6.357224
237	3	-4.490302	3.593974	7.185122	1.811237	7.024605	-1.794990	7.185122	3.860394	-4.501884	8.482385	0.694147	-0.295333
246	3	-4.732157	6.288161	1.640864	0.789851	6.245923	-6.040372	1.640864	6.465228	6.245923	-11.821464	8.086115	6.465228
250	3	6.299176	-5.927872	1.449129	8.035573	6.299176	-11.004821	6.333075	8.035573	-5.379460	6.481125	1.449129	2.700520
252	3	-5.308032	6.072267	-1.063828	-1.184723	6.576082	-1.630196	-1.063828	5.221552	6.318450	0.536149	-1.063828	1.603933
258	3	-4.815642	6.729022	1.098318	1.451889	-4.815640	5.789081	7.535154	1.562968	6.582895	0.114731	7.535154	3.057748
280	3	-3.389925	6.213625	0.051490	0.043723	6.789360	-4.754439	0.051490	6.015624	6.615300	1.002705	0.051490	2.657715
291	3	2.194630	6.440396	-0.291772	0.782635	6.917804	-5.842351	5.972005	5.405726	-2.446081	6.676204	-0.291772	0.782635
325	3	-2.073800	1.488836	7.589178	-0.362511	4.283142	-1.925831	7.589178	-0.339746	4.284134	-7.784106	7.589178	6.110547
328	3	-3.517882	4.286006	6.696531	1.540837	5.461311	0.968962	6.696531	1.664162	5.523461	-4.056615	6.696531	5.945241
329	3	-2.936914	3.250576	7.180800	1.665089	-5.541814	7.095177	1.027341	1.107324	5.323393	-1.812024	7.180800	5.373645
332	3	-4.010459	6.328881	1.927211	0.423455	4.389634	-10.741239	6.608034	6.175770	4.387824	-4.709452	1.927211	6.175770
343	3	2.959103	6.921844	1.916120	0.242771	2.960908	5.556875	6.399354	0.991930	7.002771	0.288483	6.399354	4.153218
347	3	-2.124537	4.701003	9.289555	0.174982	7.684470	0.172237	9.289555	0.252408	7.724110	-3.951378	9.289555	6.587663
349	3	-3.452902	1.014465	7.200077	4.022062	4.282820	-7.448589	7.200077	7.685296	-2.066876	-3.322301	7.200077	6.965797
351	3	9.312802	-3.679555	6.583165	4.857430	3.049377	3.438768	6.583165	-0.889718	-2.817119	3.457716	6.583165	-0.889727
354	3	0.343314	6.758800	1.214682	3.872490	6.258965	-5.667025	6.398559	8.700821	6.253180	-2.126798	1.214682	8.443138
362	3	-4.058804	5.890403	5.654800	3.580500	7.388428	-7.220299	5.654800	7.057925	-0.407449	-0.569057	5.654800	6.896872
372	3	-3.607044	2.632672	0.456255	2.705202	5.861544	-8.775939	6.283803	6.076199	5.861534	-4.397301	0.456255	6.076198
378	3	8.371895	-11.347513	6.839949	6.567856	8.371774	-4.944266	0.482306	6.567856	-0.910708	4.180204	0.482306	0.711315
383	3	5.480710	-6.938490	7.334275	5.974249	-4.102280	7.169335	1.114307	-0.607893	5.446777	-0.617074	1.114307	5.627669
386	3	-4.977816	7.515391	-0.680456	2.685677	6.718248	-3.412822	-0.680456	8.059613	-0.968491	1.830637	-0.680456	6.423370
389	3	-5.244670	4.515343	6.343044	0.809869	5.400527	-4.616160	6.343044	6.927642	-1.528571	-0.828332	6.343044	6.925662
400	3	-1.981757	4.465516	0.713482	1.362937	-1.981757	2.551325	6.560799	1.431336	5.672991	-2.278098	6.560799	4.922835
402	3	0.001224	1.721805	0.299932	6.597415	5.328621	-2.602758	0.299932	7.850087	-5.739525	5.430764	0.299932	2.278141
438	3	7.777532	-3.930555	1.088968	6.985393	7.816422	-9.430149	6.991160	8.728037	7.795027	-4.775545	1.088968	8.342882
440	3	-4.679184	6.214473	1.437013	2.216640	6.680841	-0.035525	1.437013	2.413614	6.683396	-3.291828	1.437013	8.376343
441	3	6.829142	-5.479654	5.985464	5.406347	-4.128539	7.294198	0.506419	3.603198	6.651393	0.728826	0.506419	3.895614
448	3	-3.661345	5.867768	1.898756	0.215392	-0.805861	1.840186	8.471255	3.777848	6.326574	-3.272773	8.471255	5.821698
452	3	-4.559392	5.839241	-0.745980	1.789063	5.188843	-3.546939	-0.745980	6.913361	-3.615505	0.586793	-0.745980	6.909492
457	3	4.841987	-3.038721	5.990027	7.058632	0.351998	3.462974	5.990027	1.578617	-4.435178	3.471841	5.990027	1.571582
460	3	-3.756001	7.995598	2.003191	3.833554	-0.832894	1.633532	2.003191	8.063874	6.461970	-4.272475	2.003191	8.850366
471	3	-5.181264	5.299786	2.467675	0.904225	7.064641	-2.651371	6.984019	5.709567	-4.794857	2.024227	6.984019	0.908656
475	3	5.006369	-5.488697	0.397948	7.489383	5.006434	-7.843793	6.512549	7.489383	-0.494460	3.607251	0.397948	1.241731
479	3	-2.714441	5.708690	0.539214	0.868960	6.031231	-4.262007	6.067138	5.213788	3.891329	4.944753	0.539214	1.409409
480	3	5.798955	-6.217703	8.738543	5.691094	5.798043	-1.002487	2.914318	5.585411	-6.937456	5.803438	2.914318	1.720577
481	3	-6.886805	4.153703	6.652426	2.496613	-6.889721	5.996881	0.272352	2.456642	-1.875523	-0.830253	6.652426	6.557129
483	3	-4.399992	7.055871	3.177497	4.157754	6.421936	-2.765117	3.177497	8.959490	-0.186374	1.949198	3.177497	7.514005
484	3	-4.713959	4.528387	7.939337	1.241147	6.004942	-5.594308	7.939337	6.221743	-0.780704	0.790684	7.939337	6.077481
489	3	-2.889062	3.592839	2.684431	1.268443	9.256545	-12.473049	8.150356	6.217437	9.256536	-2.752922	2.684431	4.353359
497	3	-8.403327	5.328594	-1.681818	-2.434475	-2.807681	0.418600	-1.681818	4.033124	3.993459	-0.177136	-1.681818	4.052546
499	3	7.824899	0.341257	-3.452463	0.492767	2.396382	5.530029	-3.452463	-1.082418	-2.374444	5.825105	-3.452463	-1.102909
505	3	7.620266	-3.825803	-0.633206	8.530960	2.018674	-0.267781	-0.633206	8.530558	-4.229681	6.174779	-0.633206	3.383595
513	3	7.635921	-4.707271	0.961598	6.037255	-1.518557	4.975966	0.961598	0.425417	7.639794	-8.834023	6.482083	6.037257
517	3	-4.847166	1.153268	-0.457374	7.016478	-5.077571	6.837417	-0.457374	1.467566	6.292054	-5.140163	-0.457374	7.084514
534	3	9.642352	-8.423333	8.800674	5.746119	-3.240806	6.337522	2.556915	-0.516059	9.638686	-3.233673	2.556915	5.746118
543	3	6.372079	-8.032660	6.464443	7.218732	4.335479	4.777307	0.273368	0.875227	6.372079	-4.233993	0.273368	7.218732
546	3	6.941550	-3.369636	1.521952	6.010728	-2.460254	4.238103	1.521952	2.144386	7.025463	-7.711124	7.696864	6.010733
552	3	-2.351052	3.772321	6.258510	2.163503	1.857650	1.506005	6.258510	6.333333	6.498108	-5.019659	6.258510	7.743572
554	3	-2.043324	5.348990	1.648528	-0.950591	6.825008	-1.486204	1.648528	5.057353	6.825103	-4.453259	8.099992	5.358760
555	3	0.021821	0.574296	-0.584049	6.124851	6.704687	-3.815809	-0.584049	6.155749	-6.025760	6.203376	-0.584049	-0.427055
567	3	-0.381353	8.219777	0.141150	0.467123	7.303371	-2.456556	0.141150	6.553379	3.191202	7.411673	0.141150	0.467123
582	3	-4.063072	-1.289303	8.151936	7.166065	-4.503067	3.177554	8.151936	2.515086	5.376643	-7.149142	8.151936	7.167115
585	3	-4.335967	4.841736	1.228660	-1.035476	5.720683	-3.298440	7.432172	5.267327	-0.228854	0.464028	7.432172	1.777457
591	3	3.057408	-5.132815	-0.432789	6.471980	3.057408	-5.510537	5.452482	6.472094	-5.974362	4.041863	-0.432789	2.348340
599	3	4.878236	1.447603	4.996743	1.180496	-4.467599	6.276737	-1.544734	-1.689873	-4.380400	4.718047	4.996743	-0.877490
601	3	-2.866107	8.409445	2.409449	-0.247745	6.541122	-3.144164	8.380703	6.182863	-2.845803	3.599959	8.380703	-0.185727
604	3	-3.079459	3.000750	-0.136088	2.467735	8.086416	-3.737677	-0.136088	3.774139	3.005251	2.918292	-0.136088	2.504462
605	3	-0.559351	2.154268	6.495948	4.289634	-5.186150	6.588127	0.323774	0.250130	6.854324	-0.820169	6.495948	5.928920
607	3	7.662943	-8.945866	6.385545	7.648295	7.662942	-7.768052	1.122661	7.648295	-1.711973	3.269584	1.122661	3.180041
612	3	1.631409	0.896814	9.151092	1.063346	-4.455296	0.910179	9.151092	1.056019	6.983909	-7.932681	9.151092	6.606148
628	3	9.787259	-5.968137	7.127573	6.633151	9.446319	-0.570767	0.723945	6.622534	7.900127	3.051829	0.723945	3.136930
634	3	6.163435	3.363584	0.821571	2.677416	7.997872	-6.026798	5.840578	7.396557	7.933632	-2.391441	0.821571	7.396443
652	3	6.909400	-8.562098	6.908838	5.917212	-4.796630	6.101162	1.509859	1.715402	6.908951	-4.171447	1.509859	5.917035
655	3	-0.677256	2.966060	2.186377	6.987730	6.818734	-4.229064	6.588293	8.515304	6.788242	-2.105761	2.186377	8.449173
658	3	-4.129376	3.806769	2.198552	1.888223	5.683941	-5.665285	2.198552	6.038440	-1.011214	-1.068876	2.198552	6.038367
668	3	-1.747550	7.885952	1.395350	1.534238	5.636700	-2.103104	1.395350	7.737887	4.209781	5.373158	1.395350	1.547850
669	3	-1.002342	6.377254	2.826768	2.501585	7.040258	-4.952060	2.826768	8.380213	4.914905	3.333068	2.826768	2.612502
679	3	5.847235	-3.459771	7.880447	4.457102	-1.048088	3.203538	7.880447	-0.883176	-2.326244	8.806892	2.902595	-1.358743
701	3	-5.346579	6.833566	0.650456	3.224500	6.876888	-8.249222	6.021979	6.754225	6.875581	-4.209662	0.650456	6.754225
702	3	-1.158955	8.920526	-3.913817	1.483644	4.282095	2.385611	-3.913817	2.383149	7.432034	-3.275374	-3.913817	6.347120
706	3	-5.248102	6.671606	-1.191427	0.627491	6.402951	0.283422	-1.191427	0.643609	6.457083	-5.025426	-1.191427	6.578904
719	3	-3.542580	6.647160	-0.217136	-5.058297	-3.542575	4.557671	6.266562	-4.987387	6.566580	-0.878074	6.266562	1.186618
735	3	-5.552204	7.725670	-0.571151	-0.025601	7.119796	-1.780486	5.847979	6.135711	-5.552056	4.044326	5.847979	-0.007678
738	3	-4.951216	8.166026	1.710436	-2.182616	7.190533	-6.983579	6.766139	3.969506	-2.272899	2.168258	6.766139	-1.985949
742	3	0.769214	-2.627680	6.571585	7.023195	6.784696	-8.712925	6.571585	7.023215	-5.513827	3.459458	6.571585	1.168149
745	3	-3.184906	7.994798	-0.138331	3.772650	6.900348	-2.878816	6.191100	6.656188	-3.184465	5.410351	6.191100	3.772701
748	3	7.419685	-5.311719	-1.007110	6.745261	-2.471719	4.028739	-1.007110	3.069881	7.419686	-6.361396	5.468061	6.745306
749	3	5.758455	-5.415085	8.708286	7.089293	5.758360	-2.126023	3.784692	7.089293	-3.642322	5.816403	3.784692	0.910259
758	3	6.735783	-0.363125	-2.394467	-0.008189	3.731839	5.002219	-2.394467	-3.451669	-1.954548	5.724226	-2.394467	-3.451674
761	3	-4.130072	7.555850	-1.916203	-0.296574	7.557404	-2.722981	-1.916203	6.187963	6.205026	1.989634	-1.916203	2.516220
784	3	-5.715845	6.151186	6.540682	-0.083696	-5.715847	7.837781	1.127306	-0.089986	6.753886	-3.870240	6.540682	5.908689
786	3	2.807970	1.953524	9.192729	1.973589	-3.313021	1.961529	9.192729	1.966218	4.888102	-8.880203	9.192729	6.245905
815	3	4.855499	3.352715	0.790483	2.384075	8.201210	-3.903240	5.962230	8.498478	-1.813458	6.719650	0.790483	2.383681
819	3	-0.046664	-0.199700	4.251580	4.492444	6.360569	-3.687336	4.251580	4.734006	-5.888390	3.742217	4.251580	-1.501373
822	3	-4.361887	0.955665	6.691840	1.955028	0.393082	-3.927600	6.691840	2.336984	6.301270	-5.230498	6.691840	2.337000
832	3	6.736189	-2.600042	2.328997	6.497850	6.736673	-9.081262	6.627795	6.497857	-3.822499	5.398762	2.328997	0.940821
835	3	3.553772	1.580824	0.175237	3.461947	3.595198	-0.302014	5.740161	4.029207	8.454471	-2.265700	5.740161	4.043423
847	3	6.191129	-4.731932	7.000735	7.481262	6.188003	-2.549185	1.192441	7.426478	-1.925610	5.985935	1.192441	3.441616
849	3	1.481312	-3.173884	7.620478	8.025661	-4.747241	2.398860	7.620478	3.788076	7.100093	-5.651786	7.620478	8.025661
851	3	8.481009	-5.188785	6.697593	6.545398	8.481009	-3.300998	2.648280	6.514500	0.556271	3.789852	2.648280	4.259807
852	3	-7.628151	4.582307	2.103107	3.160382	-5.131749	0.397546	2.103107	9.629607	-4.763311	-1.566266	7.198896	9.647174
855	3	7.658213	-3.848121	7.535835	5.616939	-3.432811	5.859654	0.938332	-0.183586	7.619018	-1.288594	0.938332	5.616935
871	3	6.611506	-11.305157	7.435735	6.501992	-5.649910	4.994164	1.761539	2.837919	6.611504	-5.144916	1.761539	6.484441
887	3	8.339808	-5.308103	4.819243	8.133655	8.312569	-1.067411	1.501106	8.132505	0.720324	6.615671	1.501106	2.156343
891	3	5.866425	-6.067217	7.391756	6.630599	-6.495225	3.150690	7.391756	0.272061	-0.748044	-2.988648	7.391756	6.628343
893	3	-6.448419	3.732305	8.202509	-0.005420	-6.450932	7.654553	1.966468	-0.198295	5.381165	-2.175263	8.202509	5.246968
896	3	6.339815	-11.082333	6.757921	7.681670	-4.612047	5.255793	0.981684	4.000521	6.339509	-5.079173	0.981684	7.681670
907	3	5.875886	-6.219799	6.469503	5.779984	-5.047776	4.113311	-0.134565	-0.070279	0.361203	-2.931984	6.469503	5.739550
908	3	0.085586	6.893058	-2.408836	0.315729	6.892846	-1.975172	-2.408836	6.845517	5.116025	4.454209	-2.408836	0.317944
910	3	-5.558949	6.510864	1.638218	0.283713	0.366602	-1.436169	8.013928	5.881671	5.328790	-3.271235	8.013928	5.882647
915	3	-5.235828	7.814776	3.182617	-1.236412	-4.946075	5.353330	6.173784	-0.276021	4.959135	-0.909323	6.173784	3.951704
949	3	4.816546	4.846836	-2.049308	3.240510	-1.424448	6.377509	-2.049308	3.239819	8.379405	-2.945452	-2.049308	8.814690
975	3	-4.278654	8.669739	2.263064	0.212551	-4.275462	2.196088	6.695656	4.791350	8.270311	-3.049375	6.695656	5.856737
978	3	-11.101977	8.058988	0.462892	0.274224	-11.076259	3.031819	6.920002	2.936843	-4.463212	-1.711752	6.920002	6.382730
982	3	7.425393	-4.530686	0.655095	5.711542	0.933624	-1.084566	0.655095	5.711535	-2.411360	4.647898	0.655095	0.199734
985	3	-3.954300	6.673285	-2.919775	2.835476	7.106572	-3.053659	-2.919775	6.941647	1.146516	-2.576813	-2.919775	6.876893
986	3	7.174182	-4.927640	6.041229	6.373114	7.174182	-4.108208	2.520410	6.373113	4.467327	3.834716	2.520410	2.678954
987	3	-1.799539	-2.800569	8.539979	7.129361	-3.649403	2.126971	2.101750	5.513737	-7.033291	6.678771	2.101750	1.287748
992	3	-8.639965	6.576545	1.753370	1.351591	-2.203024	-4.215261	7.800535	7.093494	-4.182818	2.278972	7.800535	1.386782
994	3	7.727849	-7.114808	8.451083	7.230687	-3.154598	6.880628	3.459001	2.774985	7.727835	-1.508653	3.459001	7.230128
