946	5	3.847204	4.901390	-0.215096	1.120535	3.148980	2.651513	4.483690	-3.638372	6.918044	1.261312	2.203602	2.806798	-0.836213	1.545674	7.113039	4.665283	4.366336	1.376472	0.804994	2.199870	1.746130	2.831598	-2.363563	2.318810	7.061062
1052	5	3.739177	-0.720744	7.518508	-5.994734	5.276984	5.796734	1.609480	5.294851	-1.605184	0.568156	3.488777	1.677266	4.066920	-2.898276	4.826139	5.606390	1.700679	5.163616	-1.520064	0.635850	3.668813	-0.750983	7.237472	-5.912012	5.429831
1166	5	-0.663007	4.242685	3.069838	3.910242	5.843535	-1.242902	4.639138	0.354260	4.310554	5.736216	-1.236897	4.700741	0.127379	4.331028	5.729090	2.179763	6.542253	-1.159008	5.730905	4.452232	4.665323	2.426516	6.030263	3.695416	4.191181
1526	5	2.476372	-1.964787	6.783558	-4.271121	7.452680	5.654576	1.880884	2.300230	7.748499	-2.510897	5.221476	2.099794	2.182892	7.761499	-2.142306	2.279384	1.714026	2.813571	6.280447	2.030707	2.841470	1.414910	3.030376	6.227347	1.970925
2085	5	2.361892	-0.855903	5.673734	1.297489	6.335477	4.295082	-2.212609	6.420317	1.903632	1.996369	2.865272	-2.297370	7.048789	-2.334000	4.866811	4.888970	0.955681	3.913657	2.763857	1.388179	2.706301	-2.367280	7.047384	-1.515916	5.375341
2101	5	4.355359	4.266777	-0.522012	5.483566	1.669353	5.818247	1.492101	6.905040	0.604320	3.142677	4.223232	3.089920	6.241715	0.007979	4.753177	4.150856	4.466189	-0.906247	3.884294	2.622418	4.127180	3.648452	5.137275	0.587928	4.624628
2937	5	1.703203	2.915426	2.505894	1.626374	4.185900	1.793967	2.902898	2.431572	2.232106	3.673744	1.643424	3.097392	1.895807	2.552975	3.886094	1.750873	3.012065	2.223872	2.501962	3.635170	1.618628	3.057740	2.077505	2.043734	4.231556
2948	5	5.432822	3.768464	1.444736	2.747200	-1.326070	5.410691	3.921343	1.144609	2.883531	-1.648215	5.196170	3.822678	1.740581	0.211295	0.430594	0.529525	4.314081	1.706854	-3.013323	4.195993	0.547335	6.512148	1.473235	0.829583	3.630338
3449	5	-2.632931	5.361608	3.800529	-3.545156	7.543878	-2.028831	4.994913	4.055590	-4.030852	7.552694	-2.866563	5.543251	3.663950	-3.007523	7.529669	2.232520	5.600263	3.326901	1.555022	2.437656	-2.910720	5.583001	3.631641	-2.840115	7.523979
3620	5	8.737652	-1.203880	2.731216	3.137255	1.650166	2.811138	-2.496056	3.028698	2.796228	5.787921	2.811372	-2.599562	8.073565	-0.637691	6.318205	8.514261	-1.537071	8.069856	-0.619698	2.303731	8.712968	-0.426802	2.365691	6.166668	-0.216845
3783	5	0.631457	4.320313	3.211110	-1.409385	5.432798	2.651156	5.422108	-3.787241	5.414176	-2.634790	1.138648	3.611830	4.210002	-2.746675	5.480246	0.905136	4.577900	3.075056	-1.357821	5.263492	0.731736	4.433677	3.137217	-1.370509	5.371063
3905	5	5.899795	3.340177	3.896524	0.775470	0.419405	5.604249	3.462146	3.825776	0.961006	0.472295	6.734570	3.010140	4.066743	0.376235	0.427567	5.743240	3.401858	3.861270	0.866910	0.442705	6.930391	2.772914	4.194766	0.144073	0.743460
3951	5	7.515389	2.576148	7.219692	-3.685210	0.139476	2.957789	2.438547	6.273172	-7.425986	5.146259	5.413274	4.542290	3.616256	-1.879235	-0.630789	4.211294	2.334324	7.463034	-7.652745	3.996786	7.669857	2.873976	6.664547	-3.594158	-0.650809
4138	5	4.571370	0.726445	3.799556	5.512040	0.087808	2.564770	4.634664	-2.213100	7.376067	2.954049	3.412759	5.512632	0.678200	7.174588	0.225602	1.917673	2.892300	-1.649556	4.434284	4.625280	1.804158	2.636647	-1.441671	4.082703	4.863400
4355	5	2.933860	5.594278	-2.535234	4.859035	1.307003	7.835497	0.850188	6.068248	2.864656	-0.658721	3.271465	4.439031	3.176176	2.758644	2.264194	3.422205	4.283795	3.259427	2.714876	2.121277	3.458698	4.195371	3.331290	2.635346	2.162575
4363	5	-0.014227	2.549776	1.398657	6.923605	1.362199	-0.278803	1.450789	2.840633	1.406440	5.247965	-1.721790	2.085019	1.708755	1.974115	5.513773	-1.383980	2.038617	1.716938	2.189198	5.345139	1.503427	1.025861	3.220857	1.403983	4.482704
4385	5	4.570840	5.103476	3.726518	0.936206	0.633922	4.546966	5.058177	3.754509	0.917388	0.644702	5.199878	4.399702	3.880182	0.928405	0.573769	5.036854	4.816969	3.737017	0.980414	0.570090	4.876178	4.984799	3.701988	0.982447	0.582000
4565	5	-0.431360	-2.965183	6.568180	1.428329	4.265930	3.418508	3.464970	4.751606	3.842560	2.581577	3.786763	3.007183	5.131873	3.838846	2.436198	3.809728	3.870092	4.684717	3.845470	2.281319	3.952395	3.753222	4.813171	3.844633	2.211077
4639	5	3.379362	3.300320	3.573776	7.649787	-1.384744	3.344832	3.290797	3.572956	7.656776	-1.367744	2.786207	3.288241	3.503947	7.753001	-1.198134	3.108425	3.256293	3.556030	7.703356	-1.273023	3.608568	3.429145	3.557596	7.602014	-1.543194
4990	5	4.994072	2.919308	7.186575	-0.973201	3.455595	4.847995	2.597056	8.266767	-2.682797	3.937117	4.197970	3.442575	6.299505	-1.255965	4.069181	3.358898	3.474522	6.651750	-4.119556	5.161082	5.015314	2.591484	7.969954	-1.648262	3.593298
5246	5	5.215614	2.601492	7.239510	0.348663	3.792660	2.143616	6.792026	-0.110270	8.515880	1.283406	6.509272	2.612626	6.636433	3.651257	-0.142055	1.256687	4.871501	3.719359	2.359748	6.824804	2.054394	6.805456	-0.404457	8.531894	1.612447
5978	5	5.786587	-0.023506	-0.498508	3.342354	3.616060	6.430980	-0.264295	-0.492090	3.410582	3.112848	6.848107	-0.290081	-1.339551	3.803317	1.599046	4.785250	0.645651	-0.715205	3.326785	4.127677	6.485913	-0.281482	-0.504177	3.423613	3.042397
6061	5	4.460419	2.231772	4.246503	4.196067	1.957528	2.986744	5.521771	-3.315149	5.960062	2.141739	4.447244	1.918861	4.790475	3.884510	2.086986	4.460189	2.167251	4.347499	4.143522	1.978375	2.656009	4.862006	-3.238960	5.600251	3.320535
6779	5	5.180554	1.372610	4.027137	1.317737	2.994065	5.292821	1.472152	3.951377	1.429055	2.900440	5.250112	1.434795	3.978273	1.389233	2.934561	5.101874	1.299963	4.092715	1.223643	3.068688	5.698331	1.811326	3.759076	1.720834	2.634188
6809	5	6.686668	-0.132263	7.243109	3.068903	-2.658945	4.573644	2.934837	3.849326	5.329675	-1.534663	2.126121	3.043815	2.845277	4.575811	2.213338	4.834338	2.822985	3.908572	5.301269	-1.708825	5.875476	2.192603	4.194782	5.154898	-1.470197
6842	5	2.276527	2.889772	4.105925	3.206736	5.079472	2.678729	4.290491	2.959018	3.218146	4.445156	2.667757	1.697211	4.442769	3.205653	5.089926	2.816005	4.495869	2.713064	3.222663	4.307257	2.338412	2.558395	4.241315	3.206252	5.130228
7036	5	2.047344	3.437001	1.661260	0.778283	6.915326	2.269525	3.736409	-2.371339	5.269442	1.839594	4.767672	2.751643	4.283928	-0.769796	1.976520	2.345498	3.271238	3.061604	0.240057	7.290107	1.775893	3.393517	0.790044	1.486383	5.949265
7296	5	3.033064	5.638947	-2.066829	7.175816	-2.054612	2.866230	3.352744	3.996438	2.250893	3.030907	4.953178	2.841864	4.447763	2.357368	1.763850	3.624916	2.417547	4.570030	2.060973	2.781043	4.648523	2.545168	4.570577	2.259022	2.022062
7404	5	6.568199	-1.092056	4.559270	3.312964	2.345944	3.008002	2.278435	2.380712	5.082477	0.977404	1.888270	1.979615	1.979011	5.084783	3.033715	4.029928	0.329082	4.445144	2.068627	3.932114	3.153838	0.748288	4.148384	2.600097	3.971997
7446	5	1.794311	5.416477	0.316641	1.905427	5.683271	3.892617	3.730717	3.123855	2.993068	1.946190	2.330563	2.955749	5.515273	-3.241155	6.566218	3.000768	2.407056	5.714010	-2.781508	5.605231	3.828711	4.757154	2.249455	3.681254	1.660409
7808	5	3.889028	3.469208	5.841172	-3.579913	8.152111	4.780960	5.854552	1.531613	3.102467	0.982982	5.402659	4.761983	2.809977	2.826044	0.786819	4.032882	6.645994	0.548605	3.373354	1.310920	3.700210	5.811488	0.906760	3.096810	1.547913
8095	5	-0.631694	4.376760	1.230873	-0.458137	6.534488	-0.569082	3.760371	3.236058	-3.530828	6.585092	-0.656545	3.982390	2.717379	-2.505893	6.568133	-0.403680	3.555749	3.563285	-4.256963	6.591995	-0.674219	4.159887	2.088153	-1.434941	6.540870
8340	5	2.519919	3.596751	0.209704	7.556025	2.251904	3.097581	1.728872	4.363741	1.488873	5.080388	2.661059	1.896665	4.028789	1.601137	5.718318	3.062189	1.803073	4.303424	1.615485	4.981284	3.079704	1.722956	4.358778	1.465535	5.145298
8619	5	2.917846	5.455012	-0.615878	-1.531276	4.380986	3.891657	6.853554	-6.570995	4.310016	-1.657316	3.231463	6.017097	-1.646400	-0.213082	3.382256	3.487552	6.093104	-1.530796	0.848908	2.524545	3.308873	6.135471	-2.310442	0.312164	3.103012
8849	5	2.655595	1.994593	4.906859	-1.298080	5.483921	3.123060	1.980851	4.951161	-1.295469	4.871693	0.331998	3.532935	-1.380045	5.927575	2.459131	2.627132	1.366330	5.063772	-1.664552	6.357069	2.827467	1.400577	5.107485	-1.605842	5.934959
9081	5	6.016912	-1.091181	4.278940	0.376166	0.695910	6.023352	-1.099756	4.195664	0.423971	0.661167	4.549160	1.400716	5.394922	-2.077933	3.341712	3.919000	5.155213	-1.774078	4.548033	-2.098827	5.319090	0.391309	5.807317	-1.598802	1.916784
9193	5	5.087383	-1.150912	4.123785	-0.244928	2.993658	3.744068	3.044785	2.709551	1.476813	3.676811	4.092564	2.127639	2.984675	1.495290	3.559451	3.832400	2.806415	2.802675	1.482004	3.649793	3.989261	2.390717	2.927656	1.489633	3.597702
