39	5	0.875212	8.570898	6.592040	6.632630	3.486375	-1.233233	6.632630	3.486378	4.595191	6.632630	-1.938414	-1.233233	6.632630	-1.938414	4.595191
84	5	7.696392	-5.213771	-5.116506	2.758001	-0.012926	-0.079633	2.758001	-0.012926	4.208039	2.758000	5.262157	-0.079630	2.758000	5.262157	4.208040
115	5	-0.601583	1.264773	0.282165	5.588962	-3.310889	-0.616503	-0.601585	1.264773	5.072250	-0.601584	6.552007	0.282165	-0.601585	6.552007	5.072250
120	5	7.205333	-3.824866	-5.944160	0.594402	-0.482194	6.378990	0.594403	5.859696	0.302305	0.594402	5.859696	6.378990	0.594403	-0.482194	0.302305
210	5	7.680071	-3.045276	-5.897848	2.639531	0.572196	6.111862	2.639531	0.572196	-0.146714	2.639531	5.901454	-0.146714	2.639531	5.901454	6.111862
233	5	0.350336	-0.485186	0.984029	6.111896	-6.824317	-3.906359	0.350333	-0.485186	5.626581	0.350333	4.497341	5.626581	0.350336	4.497341	0.984029
313	5	5.342427	7.123490	7.867720	5.342427	7.123490	1.992451	-0.764046	1.323822	9.017416	-0.764046	7.415628	9.017416	5.342427	0.957947	1.992451
328	5	7.973948	0.408831	-3.569863	2.676598	5.492117	6.159462	2.676600	2.171171	0.160454	2.676598	2.171172	6.159462	2.676599	5.492117	0.160455
437	5	4.627018	6.821023	0.050759	1.403967	6.839783	1.006319	1.403967	0.812182	1.006319	4.627018	0.789743	0.050759	1.403967	0.812198	5.742527
449	5	-0.482197	0.916814	7.868449	-0.482197	7.350346	7.868449	5.879222	-1.166583	6.391598	5.879222	5.271249	6.391598	5.879222	5.271249	-0.060259
461	5	5.282518	-1.026825	-0.060340	-0.512848	-0.501722	0.035574	-0.512850	5.553440	0.035575	-0.512851	-0.501722	6.511394	5.282518	-1.026825	6.417241
464	5	6.176358	4.059183	5.535316	6.176358	0.536127	5.535316	0.290692	5.497575	8.839317	6.176358	4.059183	-1.054058	6.176358	0.536127	-1.054058
466	5	6.271174	-1.739496	5.159727	6.271174	4.655585	-0.685834	0.189160	-0.436240	6.953028	6.271174	-1.739496	-0.685834	6.271174	4.655585	5.159727
548	5	6.521845	-2.920364	-2.851082	2.616924	-0.953754	-1.331900	2.616924	-0.953751	4.145815	2.616924	5.636963	-1.331900	2.616924	5.636963	4.145815
596	5	7.755306	-4.630743	-4.993536	2.768949	-1.161843	0.633964	2.768949	-1.161843	5.643314	2.768949	4.621033	0.633964	2.768949	4.621033	5.643314
622	5	2.127639	-1.538304	0.225058	8.644723	-5.204349	-5.364957	2.127640	-1.538304	5.711611	2.127637	4.291383	5.711611	2.127639	4.291382	0.225058
647	5	5.748199	-4.619238	-0.107878	-0.756746	0.583669	1.156746	-0.756746	7.146129	1.156746	-0.756746	7.146129	6.185016	5.748199	-4.619247	4.900961
669	5	5.125189	5.981776	4.904897	0.666745	9.401762	6.226593	5.125189	5.981776	-0.823455	5.125189	-0.359434	-0.823455	5.125189	-0.359434	4.904897
681	5	1.602361	-0.340231	0.458972	1.602361	6.162704	7.049358	7.517001	-5.844734	-5.934386	1.602361	6.162704	0.458972	1.602360	-0.340231	7.049358
701	5	7.078460	-6.828168	-4.849340	0.941974	-1.580497	-0.597075	0.941972	3.558768	-0.597075	0.941973	-1.580498	5.818435	0.941972	3.558768	5.818435
703	5	2.138126	7.588951	1.335416	6.071935	4.440150	-0.062596	2.138126	7.588951	6.842298	6.071935	-0.988113	5.449220	6.071935	-0.988108	-0.062596
858	5	6.235465	-0.096726	-0.519038	-0.150818	2.202064	7.509436	6.235465	4.405483	-0.519042	-0.150818	6.580350	1.478859	-0.150818	6.580350	7.509436
886	5	6.634332	-3.812435	-2.845470	1.390230	-1.873440	1.244244	1.390228	4.339499	6.426692	1.390229	-1.873423	6.426692	1.390228	4.339499	1.244244
887	5	1.659741	0.144015	5.781634	1.659742	0.144015	1.299917	6.583254	-2.327809	-2.314977	1.659742	6.192054	1.299917	1.659741	6.192054	5.781634
893	5	1.677232	9.022898	6.242154	5.881767	1.602188	4.910122	5.881767	8.019659	4.910122	5.881767	8.019659	-1.486357	5.881767	1.602188	-1.486357
916	5	0.418761	5.809857	5.859040	0.418761	5.809857	-0.068914	6.313540	1.301825	-1.264816	6.313540	5.078583	-1.264816	0.418761	2.014989	5.859040
924	5	1.284262	0.721536	6.891274	7.731037	-2.963703	5.016590	1.284262	7.073048	2.093168	1.284262	0.721536	2.093168	7.731037	-2.963703	0.189241
926	5	-0.807318	-0.937307	0.824848	4.502917	-0.997357	-1.460859	-0.807318	-0.937307	6.105938	-0.807318	5.511033	6.105938	-0.807318	5.511033	0.824848
935	5	7.448813	-5.560114	-6.419679	1.999658	0.435442	-1.054902	1.999658	0.435447	5.573476	1.999658	5.811688	-1.054924	1.999658	5.811688	5.573476
955	5	6.080696	-4.958630	-0.409758	1.039194	0.548814	1.330408	1.039194	0.548814	5.592989	1.039194	5.793130	1.330408	1.039194	5.793130	5.592989
1069	5	2.690774	0.672364	-1.122179	2.690774	4.885237	-1.122174	6.390701	-1.659197	3.428216	6.390701	-1.659196	-3.007271	2.690774	0.672364	5.313986
1080	5	6.458793	-3.270125	-5.571948	1.317773	-0.947439	0.572659	1.317773	-0.947439	7.027573	1.317773	5.644989	0.572667	1.317773	5.644989	7.027573
1089	5	3.333784	7.485170	5.956807	5.591165	3.725109	5.538145	5.591165	-2.894149	5.538145	5.591165	3.725109	1.626422	5.591165	-2.894148	1.626422
1097	5	3.572259	1.722810	0.387539	3.572259	1.722810	5.967052	5.371372	8.051787	-0.247836	3.572259	8.172150	0.387539	3.572259	8.172150	5.967052
1168	5	7.556358	-3.565876	-3.224467	1.697989	-0.085809	6.867178	1.697989	-0.085792	2.099112	1.697989	5.625355	2.099113	1.697989	5.625355	6.867178
1195	5	6.406597	4.577348	-2.914370	1.523119	1.417955	5.710468	1.523119	7.951402	-0.126519	6.406597	-2.034799	-2.914370	1.523119	7.951402	5.710468
1257	5	5.921979	-0.734724	-6.765076	5.921979	4.642044	-6.765076	-0.520887	5.940052	-3.183772	-0.520885	0.565562	-3.183772	-0.520888	0.565562	3.250677
1346	5	3.151658	0.697734	0.311362	9.586340	-5.722767	-5.403739	3.151656	7.311168	6.208312	3.151656	7.311168	0.311363	3.151657	0.697735	6.208312
1421	5	4.784777	5.083714	4.858426	4.784777	-1.136569	4.858427	4.784777	-1.136569	-0.747016	4.784777	5.083714	-0.747015	7.166150	-2.282711	-3.308427
1448	5	2.087887	8.540009	-0.539735	7.256238	4.342240	-2.170404	7.256238	-1.893823	4.165038	7.256238	4.342241	4.165038	2.087887	8.540009	5.810874
1470	5	1.269664	-1.761296	0.700983	6.918269	-4.741889	5.162569	6.918269	-4.741888	-0.419824	1.269664	-1.761284	6.334658	1.269664	4.197514	0.700983
1516	5	7.440632	-6.162114	-1.841994	1.726698	-0.915019	1.514112	1.726698	-0.915019	6.867464	1.726697	5.187505	1.514112	1.726698	5.187505	6.867464
1543	5	3.610742	8.128902	1.516881	3.610742	8.128902	7.102874	7.039923	2.994687	-0.039408	7.039923	-2.509086	-0.039408	7.039923	2.994687	5.564038
1610	5	0.887795	1.266251	0.608184	0.887794	1.266252	4.623328	0.887794	7.550197	0.608184	7.117000	5.136360	-3.641885	7.117000	-1.180838	-3.641885
1621	5	0.988578	-0.532992	6.680886	0.988578	5.406095	0.712191	6.915486	-3.547184	-5.240424	0.988578	-0.532992	0.712191	0.988578	5.406095	6.680886
1893	5	-1.279622	4.365509	0.930926	5.163784	3.887890	0.210818	5.163784	-0.115442	0.210818	-1.279629	4.365509	6.425442	5.163784	-0.115442	5.705222
1917	5	5.801492	0.930908	-0.640801	5.801492	5.880867	-0.640801	5.801492	5.880867	5.008464	5.801492	0.930907	5.008464	1.934333	1.604981	1.380179
1969	5	7.211090	-6.451790	-2.191179	0.953304	5.860441	0.275682	0.953304	-0.220483	0.275682	7.211090	-6.451790	4.205256	0.953304	-0.220483	6.685900
2005	5	1.313246	-0.833852	-1.363208	7.051349	-4.844433	-6.382730	1.313245	5.628232	4.545601	1.313245	5.628232	-1.363208	1.313246	-0.833852	4.545601
2008	5	2.123143	1.357343	0.349964	6.854791	-0.261026	-2.702819	2.123143	6.154865	4.137014	2.123143	1.357343	4.137014	2.123143	6.154865	0.349960
2014	5	6.574403	-0.170350	-5.122607	2.016923	6.823713	-0.218874	2.016923	1.444639	-0.218878	2.016922	1.444639	6.210987	6.574403	5.212309	-5.122743
2015	5	0.001705	-0.214965	7.210140	0.001705	6.112130	7.210140	6.337560	-1.089836	5.949189	6.337560	-1.089836	0.524547	6.337560	5.172297	0.524564
2016	5	0.283742	4.387184	0.108503	0.283744	-1.698213	6.688589	6.159962	-6.253374	5.313238	0.283744	-1.698213	0.108503	0.283742	4.387184	6.688589
2035	5	6.484028	0.000078	4.254477	0.294268	7.546830	1.593886	0.294267	7.546830	6.669975	6.484028	0.000078	-0.835537	6.484028	5.603832	4.254477
2051	5	-1.032517	0.053829	5.933958	-1.032517	0.053829	0.697835	4.722322	0.002846	-1.152414	-1.032517	6.059209	0.697835	4.722322	6.029757	4.160533
2071	5	9.070488	-1.932129	-2.659556	9.070488	-1.932129	3.858119	9.070488	4.578163	3.858119	2.472003	7.647932	8.669008	2.472003	1.014285	8.669008
2106	5	1.626135	8.387128	3.122142	6.816545	3.334650	-4.873844	6.816545	3.334650	1.075577	1.626135	8.387128	-2.984476	6.816545	-2.295264	-4.873844
2163	5	1.479745	7.622680	7.338328	7.902526	3.709839	4.670954	7.902526	3.709839	2.880895	7.902526	-1.702066	2.880895	7.902526	-1.702075	4.670954
2187	5	7.978279	-5.102599	-3.527027	1.694587	0.431457	6.456466	1.694588	0.431457	0.754945	1.694588	5.869063	0.754945	1.694587	5.869063	6.456466
2206	5	-0.144999	-0.298140	6.301929	-0.144999	-0.298140	0.109982	-0.144999	6.078100	6.301929	-0.144999	6.078100	0.109998	6.016731	-3.417428	-4.581773
2218	5	0.771595	-1.218427	5.782168	0.771595	-1.218427	-0.815602	0.771595	5.036936	5.782168	0.771595	5.036936	-0.815602	6.252055	-2.554197	4.766555
2260	5	6.803461	5.170490	-2.159426	0.714064	6.502936	-0.097666	0.714064	1.551032	-0.097666	6.803461	0.218404	-2.159426	0.714064	6.502936	4.981892
2269	5	0.590943	7.257098	6.546060	6.248202	-0.683902	4.699511	6.248202	5.352184	-1.895431	6.248202	5.352184	4.699511	6.248202	-0.683894	-1.895433
2299	5	3.195673	6.358447	0.956428	6.349235	0.625370	6.163872	3.195673	6.358447	7.466203	6.349235	5.052172	-0.353327	6.349235	0.625370	-0.353324
2309	5	-0.415951	7.651809	8.035485	5.078574	5.583305	0.108431	5.078574	5.583305	6.427735	5.078574	-0.261542	6.427735	5.078574	-0.261542	0.108446
2331	5	-0.220527	-0.276776	7.157685	-0.220527	5.319900	7.157685	5.724507	-1.143352	4.269080	5.724507	-1.143352	-1.030451	5.724507	4.407189	4.269080
2360	5	3.160903	4.913431	1.675461	3.160903	-1.613854	1.675461	8.657615	-7.372789	-2.715084	3.160903	-1.613854	6.848560	3.160903	4.913431	6.848560
2365	5	1.641905	-0.539126	0.724645	1.641905	4.826440	0.724645	7.861253	-2.969730	-5.655142	1.641905	-0.539126	6.563434	1.641905	4.826440	6.563434
2418	5	5.477842	-3.821159	-4.031548	-1.015706	3.359851	8.125263	-1.015706	-2.470546	2.103552	-1.015706	-2.470546	8.125263	-1.015706	3.359851	2.103552
2431	5	1.138150	0.316372	1.920266	1.138150	6.612065	1.920266	6.218823	4.980120	0.986929	1.138150	6.612065	4.271904	6.218823	-1.622549	0.986929
2444	5	2.459825	0.595650	-0.763724	8.068344	-4.481802	-4.942813	2.459825	6.886307	-0.763724	2.459824	0.595650	5.032211	2.459824	6.886307	5.032211
2471	5	5.575652	-1.731057	-0.448452	-0.803062	-0.998318	7.330610	-0.803062	4.171531	7.330610	5.575652	3.427847	5.390171	5.575652	-1.731057	5.390171
2482	5	0.080783	6.770370	0.514381	0.080783	1.975063	6.531391	0.080783	1.975063	0.514379	0.080783	6.770370	6.531391	6.153234	-1.148614	-0.769889
2483	5	8.070223	4.157710	3.893814	1.762454	8.599778	6.628844	8.070223	-0.582480	-0.619140	8.070223	4.157712	-0.619140	8.070223	-0.582476	3.893814
2496	5	1.666539	5.299528	2.438081	7.157243	-7.144143	-3.478173	1.666539	5.299528	6.500284	1.666539	-0.831320	2.438081	1.666539	-0.831320	6.500284
2564	5	6.856650	-7.363293	-6.656347	0.897918	-0.586245	-0.758653	0.897918	5.795499	5.245073	0.897918	5.795499	-0.758653	0.897918	-0.586245	5.245073
2605	5	0.447831	-0.364514	1.539693	6.554566	-6.804789	-2.142308	0.447831	-0.364514	6.456950	0.447831	6.123332	6.456950	0.447831	6.123332	1.539693
2620	5	5.623588	0.007457	1.279545	-0.921746	0.463307	9.059166	-0.921746	6.989565	9.059166	5.623588	0.007457	7.671380	5.623588	6.538535	1.279535
2649	5	7.687982	5.099103	-6.112371	2.495624	1.045571	0.540347	7.687982	-1.531076	-6.112371	2.495624	7.672703	0.540347	2.495624	7.672703	6.818445
2651	5	-0.689314	6.017091	6.082455	5.157000	2.742592	4.533084	5.157000	-3.511260	4.533084	5.157000	-3.511260	1.357973	5.157000	2.742592	1.357972
2656	5	5.137254	0.980470	-0.252334	5.137254	6.137595	-0.252334	5.137254	6.137594	5.610400	3.488971	1.614087	5.833353	3.488971	1.614087	-0.031171
2664	5	2.238667	0.345144	6.256694	2.238667	6.400834	0.438198	7.409928	-2.607311	-1.313243	2.238667	0.345144	0.438198	2.238667	6.400834	6.256694
2883	5	0.704706	7.451373	6.025954	6.360626	-0.404072	3.106010	6.360626	-0.404074	-2.075091	6.360626	5.167348	-2.075091	6.360626	5.167349	3.106010
2904	5	3.810048	1.502919	6.966368	6.807530	-1.859848	-3.024665	3.810048	1.502917	0.641225	3.810048	6.616106	0.641225	3.810048	6.616106	6.966368
2925	5	4.995152	-2.363987	-0.740341	-0.739187	1.895647	0.007351	-0.739187	1.895647	5.513456	4.995152	-2.363987	4.757480	-0.739187	7.282116	5.513456
2934	5	6.076566	-4.019270	-4.402370	-0.259322	6.594903	0.869502	-0.259322	6.594903	7.217722	-0.259322	0.298170	0.869502	-0.259322	0.298170	7.217722
2968	5	0.168016	7.550823	0.347656	0.168016	1.291245	0.347656	0.168016	1.291245	6.419717	6.514976	-1.172766	-1.755920	0.168016	7.550823	6.419717
2976	5	6.169818	-6.699574	-0.010560	6.169818	-6.699575	4.065546	2.315586	2.049334	0.194455	2.315586	-4.090866	4.386520	2.315586	-4.090863	0.194457
3000	5	7.617912	-2.402938	-4.885351	1.611244	6.935581	0.326212	1.611244	2.585630	0.326212	1.611244	6.935581	6.852141	1.611244	2.585630	6.852141
3050	5	1.128177	5.490833	0.485546	7.400164	-5.170649	-1.365155	1.128177	-0.932695	0.485546	1.128175	5.490833	6.027914	1.128175	-0.932695	6.027914
3072	5	1.896226	6.634347	1.620899	7.798346	-4.689557	-2.729730	1.896226	0.869924	1.620899	1.896226	0.869924	6.894104	1.896226	6.634347	6.894104
3084	5	0.991613	6.396461	6.803084	6.522102	-0.408749	5.573474	6.522102	-0.408749	1.338541	6.522102	4.804229	5.573474	6.522102	4.804229	1.338541
3123	5	5.583131	-5.103903	5.806615	-0.405804	7.528715	0.597203	-0.405804	7.528715	6.632307	5.583131	1.055943	-0.230502	5.583131	-5.103903	-0.230501
3156	5	5.933656	5.161433	6.432258	5.933656	-0.302334	6.432258	0.083421	5.877898	9.109174	5.933656	-0.302334	-0.117153	5.933656	5.161433	-0.117153
3194	5	6.714986	5.581953	-7.293039	1.263268	7.513524	-1.384874	1.263269	1.423671	-1.384874	6.714986	-0.510676	-7.293037	1.263268	7.513524	3.621714
3209	5	7.284626	-3.870829	-6.732891	1.740522	-0.714575	-2.268112	1.740521	5.533801	-2.268112	1.740521	-0.714574	3.162929	1.740521	5.533802	3.162930
3219	5	7.601592	-2.716670	-2.849298	1.052659	6.297384	1.533438	7.601592	3.648078	-2.849301	1.052659	-0.048141	1.533437	1.052659	6.297385	5.675170
3280	5	6.942294	1.823901	1.236749	2.188556	5.688237	6.705254	6.942294	1.823901	-3.113849	6.942294	-3.718683	1.236749	6.942294	-3.718683	-3.113849
3335	5	0.073609	8.855767	7.617729	5.753545	3.760919	6.299546	5.753545	3.760919	1.092638	5.753545	-2.321428	6.299546	5.753545	-2.321429	1.092638
3358	5	6.791824	3.731413	4.793320	1.265397	6.342964	7.586030	6.791824	3.731413	-1.433070	6.791824	-1.946126	-1.433070	6.791824	-1.946126	4.793320
3432	5	2.266952	-1.082104	4.961377	7.644181	-7.168353	-2.476469	2.266951	5.120709	-0.432702	2.266952	5.120709	4.961377	2.266952	-1.082104	-0.432707
3442	5	-0.395509	-1.974625	-2.650785	-0.395510	4.329165	-2.650785	5.632466	-3.519826	-3.548960	-0.395510	-1.974625	3.501269	-0.395510	4.329165	3.501269
3459	5	6.250084	-0.163982	-0.862921	-0.362723	1.569111	0.383396	-0.362723	7.105025	0.383396	-0.362723	1.569111	6.827603	-0.362723	7.105025	6.827603
3495	5	7.228994	-4.642958	-0.396292	2.286905	-1.883420	1.877758	2.286905	3.145752	1.877758	2.286905	3.145753	6.716530	2.286905	-1.883472	6.716530
3520	5	1.003623	5.875725	5.642727	1.003623	-0.719597	0.021576	6.499764	-6.646339	-3.503898	1.003623	-0.719597	5.642727	1.003623	5.875725	0.021576
3584	5	7.114086	-3.987714	-4.977499	1.033798	1.880539	6.700609	1.033798	7.040636	1.166258	1.033799	1.880537	1.166257	1.033798	7.040636	6.700609
3591	5	-0.784889	6.666402	0.400706	5.018413	-5.919797	6.479470	-0.784889	0.485004	0.400707	5.018413	-5.919794	0.054323	-0.784889	0.484999	6.762022
3604	5	2.455991	7.169744	8.378300	6.138315	5.396072	-0.061037	6.138315	-0.581785	-0.061035	6.138315	-0.581785	5.923714	6.138315	5.396072	5.923714
3626	5	1.379312	-0.887468	0.827431	7.880640	-3.189044	-5.140425	1.379312	-0.887468	6.723250	1.379311	5.658229	0.827431	1.379311	5.658229	6.723250
3638	5	3.333434	0.945119	0.919561	3.333434	6.340751	0.919561	3.333434	0.945119	7.130303	7.237105	-1.631726	-1.915486	3.333434	6.340751	7.130303
3660	5	6.297387	-2.725734	-3.611508	0.673052	1.276895	-2.099334	0.673051	1.276895	2.297796	0.673051	5.115788	-2.099323	0.673051	5.115788	2.297796
3731	5	0.917208	0.384607	1.021841	6.832711	-5.754673	-5.451075	0.917208	0.384606	4.759155	0.917208	6.539439	1.021841	0.917208	6.539439	4.759155
3829	5	6.013561	-5.904971	-0.037828	6.013561	-5.904971	6.400425	-0.285098	-0.230266	0.731084	-0.285098	6.378488	0.731084	-0.285085	6.378488	7.164730
3831	5	2.042065	-2.635015	7.184335	6.742935	-4.128222	-1.072389	2.042065	2.968704	7.184335	6.742935	-4.128222	5.142972	6.742935	1.477509	-1.072389
3842	5	1.554243	-0.446215	1.107367	1.554242	5.004261	4.787110	6.261693	-1.681597	-2.403238	1.554242	5.004261	1.107368	1.554242	-0.446207	4.787110
3846	5	8.660207	-1.608094	-6.039933	2.326843	6.105254	0.498610	2.326843	0.902159	0.498610	2.326843	6.105254	6.442277	2.326843	0.902159	6.442277
3875	5	-0.040821	6.748252	6.833785	-0.040821	0.988612	6.833785	5.607854	0.029824	-0.114356	5.607854	5.789148	5.182158	5.607854	0.029824	5.182158
3881	5	5.573231	-4.846500	-4.255101	-0.196724	0.930090	0.139031	-0.196724	0.930090	6.013883	-0.196724	7.149333	0.139035	-0.196724	7.149333	6.013883
4027	5	-0.561116	6.624070	0.421324	5.845077	4.584949	-0.697267	5.845077	-1.742791	-0.697266	-0.561116	0.598894	0.421324	-0.561116	0.598894	4.916821
4048	5	1.067459	-0.247553	6.771437	1.067459	-0.247554	0.372742	1.067459	5.985302	6.771437	7.048855	-4.324351	4.457252	7.048855	-4.324351	-1.899633
4066	5	1.110494	0.312186	6.007893	1.110495	0.312185	0.587731	6.739025	-1.572103	-2.486158	1.110495	5.662589	0.587732	1.110494	5.662589	6.007893
4106	5	7.107935	1.635389	2.969239	1.794608	6.476581	7.708458	7.107935	-4.725647	2.969239	7.107935	1.635389	-2.538915	7.107935	-4.725646	-2.538937
4112	5	1.248566	0.703969	1.177325	1.248566	5.937734	5.550633	7.696715	-4.366973	-0.660267	1.248566	5.937734	1.177334	1.248566	0.703969	5.550633
4118	5	0.411813	7.352009	7.202971	6.514087	-1.600969	5.861236	6.514087	4.674682	-0.627900	6.514087	-1.600969	-0.627900	6.514087	4.674681	5.861236
4195	5	2.425685	7.697336	0.000482	2.425685	7.697336	6.478219	6.663715	3.643847	-1.575535	6.663715	-1.324744	-1.575535	6.663715	3.643847	4.957579
4217	5	-0.463988	6.182016	-0.708625	-0.463988	0.382365	-0.708625	-0.463988	0.382365	4.822327	5.499853	-0.529587	-1.347066	-0.463988	6.182016	4.822327
4233	5	5.736471	0.248671	-3.121032	-0.155862	7.134198	-1.560588	-0.155862	0.988081	-1.560588	-0.155862	7.134198	4.286505	5.736471	6.396793	-3.121032
4234	5	6.567566	5.115605	-4.140614	6.567565	-1.021400	-4.140613	0.402349	0.235869	6.518615	0.402348	6.431243	0.299492	0.402349	0.235869	0.299492
4273	5	5.612409	5.684667	1.996652	2.861059	0.793887	4.125626	2.861059	6.485904	4.125626	5.612410	5.684667	-2.899370	5.612410	-0.151292	-2.899370
4302	5	7.666126	4.941212	-2.348656	7.666126	-1.540967	-2.348656	1.376805	6.566403	1.411367	1.376805	6.566403	6.969453	1.376805	0.105200	6.969453
4310	5	7.301451	4.992481	-1.012553	7.301451	0.029710	5.472315	1.826857	8.646548	9.146825	7.301451	4.992481	5.472315	7.301451	0.029710	-1.012553
4348	5	8.743859	-2.531974	-9.495165	3.277555	1.961750	-2.996726	3.277555	6.409810	-2.996726	3.277555	1.961750	3.206222	3.277555	6.409810	3.206222
4409	5	2.217811	6.477994	0.478305	2.217811	6.477994	6.666835	6.938217	-1.789528	-0.981575	6.938217	3.998074	5.186054	6.938217	3.998074	-0.981576
4425	5	-0.653594	-1.358321	1.285866	-0.653594	5.030559	1.285866	5.815006	-2.351603	-5.710835	-0.653594	5.030559	3.710370	-0.653594	-1.358321	3.710370
4432	5	1.214285	6.204816	1.479438	1.214284	6.204816	6.486633	1.214284	0.868238	6.486633	1.214285	0.868238	1.479438	6.900098	-2.125302	-1.241970
4558	5	0.620587	0.858909	6.379222	0.620587	6.908800	6.379222	5.828220	-5.616356	-5.705961	0.620587	0.858909	0.513494	0.620587	6.908800	0.513494
4566	5	7.310657	-4.410925	-3.046347	1.008039	1.023197	1.574601	1.008038	1.023197	7.993029	1.008038	6.229189	7.993029	1.008039	6.229189	1.574601
4569	5	0.551351	6.489086	8.498422	6.642564	1.892882	4.188465	6.642564	-4.015678	-0.466368	6.642564	-4.015678	4.188465	6.642564	1.892882	-0.466368
4626	5	0.169561	5.881925	6.432607	5.197889	0.248848	0.339559	0.169561	0.932024	6.432607	5.197889	0.248848	5.309971	5.197889	5.232383	5.309971
4631	5	6.759332	-3.749499	-6.442705	1.608638	0.026358	-2.357120	1.608638	0.026358	4.229504	1.608638	6.185274	-2.357123	1.608638	6.185274	4.229504
4641	5	2.857809	-0.820181	-1.373669	6.217138	-6.386589	-6.226764	2.857809	4.966083	4.605678	2.857809	4.966083	-1.373669	2.857809	-0.820175	4.605678
4650	5	2.596129	5.272551	6.691998	8.320711	-3.465209	-4.787987	2.596130	-1.118090	1.382357	2.596129	5.272550	1.382357	2.596129	-1.118090	6.691998
4656	5	-0.164125	7.313476	-0.005196	-0.164125	7.313476	5.234783	5.682815	3.867823	-0.568868	5.682815	-1.426259	-0.568868	5.682815	-1.426319	4.668849
4680	5	5.099499	6.466127	-0.909769	5.099499	0.588290	-0.909768	5.099499	0.588295	4.902471	-0.616374	7.702113	-0.745529	5.099499	6.466127	4.902471
4702	5	8.492428	4.175430	-6.193606	2.112576	5.558983	3.419637	8.492428	-1.645855	-6.193606	2.112578	5.558983	-2.769840	2.112578	-0.512494	-2.769841
4703	5	6.530894	-5.648078	-3.299489	2.274024	0.152688	-0.222703	2.274024	0.152688	5.744502	2.274024	5.828501	5.744502	2.274024	5.828501	-0.222713
4712	5	1.919221	6.243537	-0.539912	1.919221	1.320957	-0.539912	6.948985	4.522249	-5.772300	1.919221	6.243537	4.621029	6.948985	-0.478903	-5.772287
4735	5	6.362659	6.481191	0.781936	1.751524	8.772457	6.182739	1.751524	8.772457	1.877514	6.362659	-0.101439	0.781936	6.362659	-0.101439	5.078023
4739	5	-0.990667	0.518447	6.832233	4.898762	0.365556	-0.227044	4.898762	0.365556	3.584464	4.898762	5.776861	3.584464	-0.990667	5.927833	6.832233
4794	5	0.271942	-0.562132	0.911929	0.271942	-0.562132	7.402947	6.656800	-4.550031	-2.029134	6.656800	-4.550031	4.401326	0.271942	5.420064	0.911929
4805	5	-0.084113	7.910707	4.809709	6.234225	4.919937	-3.878788	-0.084113	7.910707	-1.430571	6.234225	4.919936	2.275633	6.234225	-0.905645	-3.878788
4810	5	6.486937	-5.067630	0.532354	3.152494	5.782214	7.596766	6.486937	-5.067630	6.486545	6.486937	1.087378	0.532354	6.486938	1.087378	6.486544
4816	5	5.617890	3.727367	4.074279	-1.004778	5.865744	6.104241	5.617890	3.727367	-1.947296	5.617890	1.041171	-1.947296	5.617890	1.041169	4.074279
4825	5	6.475121	2.996047	-2.821562	6.475121	-2.539086	-2.821560	0.004432	5.819002	7.286922	6.475121	2.996047	3.691252	0.004434	5.819002	0.663327
4856	5	0.966169	6.438832	7.108289	7.053334	1.756540	-1.123807	7.053334	1.756540	5.016039	7.053334	-4.144603	-1.123807	7.053334	-4.144603	5.016039
4870	5	1.367499	0.234277	-1.935677	6.338219	-1.502225	-3.087038	1.367498	6.359662	-1.935677	1.367498	0.234278	4.661150	1.367498	6.359662	4.661150
4890	5	0.261348	6.999330	6.053107	6.657902	3.283305	3.231715	6.657902	-0.901551	-1.183101	6.657902	3.283305	-1.183106	6.657902	-0.901552	3.231715
4953	5	-1.302368	0.420020	-0.658109	4.397433	0.293210	-2.627588	4.397433	6.292681	-2.627588	-1.302368	0.420020	5.878319	-1.302368	6.383039	5.878319
4988	5	0.588491	5.816485	-0.784592	0.588491	0.592473	-0.784592	6.700142	-2.493258	-3.836099	0.588491	0.592473	5.201737	0.588491	5.816485	5.201737
4992	5	6.493827	-5.792416	-6.294692	2.851658	6.033268	-0.363471	2.851658	6.033268	5.751011	2.851658	-0.497562	5.751011	2.851658	-0.497562	-0.363471
5042	5	0.481376	-0.117430	5.714320	0.481376	6.067419	5.714320	5.301111	-0.266906	0.608069	5.301111	-0.266906	4.298620	5.301111	5.915574	4.298620
5047	5	1.307151	6.784176	4.943951	7.372677	-4.841356	-0.227891	1.307152	1.170880	1.543149	1.307151	1.170876	4.943951	1.307151	6.784176	1.543149
5082	5	0.153430	6.557751	-0.806407	0.153431	0.021141	-0.806410	0.153430	6.557751	4.381479	6.189620	-4.745719	-2.735651	0.153430	0.021143	4.381479
5153	5	7.892809	-5.689940	-2.873188	3.608827	-0.219607	6.190134	3.608827	-0.219607	2.470503	3.608827	5.395497	2.470503	3.608827	5.395497	6.190134
5155	5	0.775254	6.558535	-1.801541	6.861395	-0.946806	-7.017789	0.775254	0.608686	-1.801541	6.861395	5.010335	-7.017791	0.775254	6.558535	3.919609
5204	5	0.808730	7.925620	7.426184	6.516458	-0.548086	6.042230	6.516458	6.053043	6.042230	6.516458	-0.548080	1.338587	6.516458	6.053043	1.338587
5213	5	7.673032	3.663933	-3.888485	4.656212	0.334788	-0.809366	7.673032	-2.833199	-3.888485	4.656212	0.334787	4.680985	4.656212	6.828215	4.680984
5266	5	6.586941	-4.293969	-5.569302	0.745742	0.542098	5.251758	0.745742	0.542098	0.510654	0.745742	4.731306	0.510654	0.745742	4.731306	5.251758
5275	5	1.933950	-1.540933	1.051113	8.560842	-6.486210	-5.491673	1.933950	-1.540933	6.603060	1.933949	4.820478	1.051113	1.933949	4.820478	6.603060
5277	5	6.057499	0.127511	-3.918252	6.057499	4.998542	-3.918252	1.190067	5.910476	3.402997	1.190067	1.050390	3.402997	1.190067	5.910476	-2.901014
5296	5	7.135861	-4.486734	-8.245305	1.483320	1.407953	-1.859512	1.483320	5.872090	-1.859509	1.483319	1.407953	4.280672	1.483319	5.872090	4.280672
5297	5	6.469196	-3.542046	2.990087	2.472509	-1.234454	-1.301350	2.472509	-1.234454	4.285233	6.469196	-3.542025	-2.651161	2.472509	5.053584	4.285233
5347	5	1.476128	6.764854	6.298073	7.788206	-1.714870	-5.272539	7.788206	4.886698	-5.272539	1.476129	0.192398	-0.070086	1.476128	6.764854	-0.070086
5392	5	1.447841	5.759601	6.500451	6.299352	4.694743	-1.856261	1.447841	-0.874408	1.734300	6.299352	-1.931100	-1.856260	1.447841	-0.874408	6.500451
5415	5	7.138542	-7.471142	-3.609142	0.597228	-2.217578	0.344074	0.597228	-2.217578	6.538865	0.597228	3.691705	0.344074	0.597228	3.691705	6.538865
5429	5	6.834062	3.753407	-2.948372	1.176722	7.362584	-0.819675	6.834062	-2.783382	-2.948372	1.176722	7.362584	4.337088	1.176722	0.938803	4.337088
5444	5	0.446392	5.611867	0.893190	6.527822	3.331247	-1.116089	6.527822	3.331247	4.928744	0.446392	5.611867	6.940257	6.527822	-3.098147	-1.116090
5539	5	0.800455	8.862895	8.456990	7.115648	0.637319	-1.103894	7.115648	7.246851	-1.103917	7.115648	0.637319	4.197355	7.115648	7.246851	4.197355
5548	5	6.284863	-2.678266	-1.459261	0.561497	6.910811	-0.099661	0.561497	6.910811	4.463853	0.561497	0.484201	-0.099661	6.284863	3.739938	-1.459261
5582	5	0.834907	0.633165	6.549781	0.834907	0.633165	0.115242	6.998854	4.595102	-5.087040	0.834907	6.955859	0.115244	6.998854	-1.663826	-5.087039
5621	5	1.170040	1.333795	0.905631	1.170040	1.333795	7.288021	1.170040	6.905789	0.905631	1.170040	6.905789	7.288021	6.434339	-4.209655	-1.584047
5642	5	7.334565	-3.957204	3.875774	1.073035	-0.571201	-0.087354	1.073033	5.505380	6.546373	7.334565	-3.957204	-2.665852	1.073035	-0.571201	6.546373
5785	5	-0.219456	6.303161	0.055477	-0.219456	6.303161	6.368052	6.280921	-0.515992	-2.129492	6.280921	4.928426	-2.129492	6.280921	-0.515979	4.144979
5837	5	-0.969928	-0.451286	7.751802	-0.969928	-0.451286	1.427451	-0.969928	4.567042	1.427451	5.390586	4.267627	6.680366	5.390586	-0.743841	0.260910
5843	5	6.704539	-5.329802	-7.059239	0.331060	5.175585	-2.382584	0.331061	-0.979509	-2.382584	0.331061	-0.979509	4.129524	0.331060	5.175585	4.129524
5845	5	7.301831	-5.126163	-4.343500	1.434348	-0.565972	7.832885	1.434348	-0.565972	1.463904	1.434348	5.592302	1.463904	1.434347	5.592302	7.832885
5847	5	-1.801883	2.346633	-0.413039	3.834122	5.726820	4.484582	-1.801883	7.631257	-0.413039	-1.801883	2.346633	5.093027	3.834122	0.339214	-0.956236
5879	5	1.072869	7.574380	6.928080	1.072869	0.975703	6.928080	1.072869	0.975703	0.580301	6.677217	-3.037871	-2.995167	1.072869	7.574380	0.580287
5936	5	2.852931	-1.993050	7.529716	3.652998	-2.136693	-1.790478	2.866597	-1.994400	6.386947	2.878033	-1.995553	4.646163	3.479528	-2.092129	-1.331588
5963	5	2.421261	-0.309747	6.345947	2.421262	-0.309747	0.452281	8.393685	-5.724003	-2.151099	2.421262	6.045901	0.452281	2.421261	6.045901	6.345947
5972	5	0.386318	-0.614597	0.882121	0.386318	-0.614597	7.410050	6.443139	-4.956993	-2.340980	0.386319	5.715025	0.882121	0.386318	5.715025	7.410050
6019	5	1.726254	6.962881	7.398728	7.850524	-3.875078	4.480988	7.850524	2.618748	4.480988	7.850524	2.618748	-1.646046	7.850524	-3.875078	-1.646046
6063	5	1.425259	6.589279	6.294170	6.890471	-2.565838	-0.168549	6.890471	3.572273	4.890486	6.890471	-2.565902	4.890486	6.890471	3.572273	-0.168549
6081	5	1.905245	6.627680	0.257896	6.718639	-2.772562	-3.311929	1.905245	1.011285	5.729479	1.905245	1.011285	0.257896	1.905245	6.627680	5.729479
6149	5	1.083550	0.154410	-0.954056	6.482642	-5.598381	-3.682387	1.083550	0.154410	5.239487	1.083550	6.452982	-0.954069	1.083550	6.452982	5.239487
6185	5	7.020000	-2.195286	-0.818960	0.390166	4.770818	7.876970	7.020000	4.120478	4.520817	7.020000	4.120478	-0.818960	7.020000	-2.195286	4.520817
6191	5	-0.033830	7.649868	6.631515	5.547812	6.347347	-3.841360	5.547812	1.079130	2.537615	5.547812	1.079132	-3.841360	5.547812	6.347346	2.537615
6223	5	1.135872	0.625931	9.121328	1.135872	6.534779	9.121328	6.683210	4.818151	-0.551938	6.683210	4.818151	5.280295	6.683210	-1.090596	-0.551938
6234	5	2.450399	-0.527876	6.493964	7.047977	-4.498476	-5.801885	2.450399	-0.527876	0.450303	2.450399	5.258332	6.493964	2.450399	5.258332	0.450303
6257	5	7.923691	-2.834836	-4.084777	1.487829	-0.034716	-0.475215	1.487829	-0.034716	5.629647	1.487829	6.468791	-0.475177	1.487829	6.468791	5.629647
6353	5	1.595429	5.365804	5.797579	1.595429	-0.832610	-0.626290	1.595428	5.365804	-0.626290	6.337777	3.296997	-3.385600	6.337777	-3.047656	-3.385600
6354	5	6.170600	-1.312413	-3.872911	-0.380669	0.309682	1.295389	-0.380669	0.309682	6.764617	-0.380669	4.966373	6.764617	-0.380669	4.966373	1.295389
6383	5	6.004115	0.632326	3.989905	6.004115	4.682176	3.989905	1.444627	6.851695	7.162669	6.004115	4.682176	-2.262193	6.004115	0.632326	-2.262182
6438	5	7.136224	4.364267	4.178217	1.681799	6.035302	-0.156616	7.136224	-0.635614	-1.727612	1.681799	6.035302	5.696775	7.136224	4.364267	-1.727664
6561	5	-0.212569	6.260826	-1.106054	4.951750	3.741878	-1.939971	-0.212569	6.260826	5.024207	4.951750	-1.375738	-1.939971	4.951750	-1.375739	4.176854
6584	5	2.725933	-0.413865	0.695903	7.329477	-5.151575	-4.039679	2.725933	6.100733	6.368116	2.725933	-0.413865	6.368116	2.725933	6.100733	0.695903
6589	5	3.645970	-2.119130	0.757853	3.645970	-2.119130	6.099481	3.645970	3.910258	0.757853	3.645970	3.910258	6.099481	6.516772	-3.895760	-1.092265
6634	5	0.440004	5.073078	-0.226237	6.699182	-5.529445	-5.794594	0.440002	5.073078	5.714925	0.440004	-1.342968	-0.226236	0.440003	-1.342968	5.714925
6645	5	8.075631	-3.715013	-4.435887	8.075631	1.951256	-4.435887	4.264306	4.840327	-0.087730	4.264306	4.840327	4.242160	4.264307	-0.872044	-0.087730
6651	5	6.291827	-0.464813	-1.103676	0.240984	7.517517	0.224918	6.291827	4.761304	-1.103676	6.291827	-0.464813	4.885558	0.240984	7.517517	6.309242
6726	5	1.553269	6.168558	7.985447	6.118433	-1.138458	0.679994	1.553269	-0.238170	7.985447	6.118433	5.230305	5.972159	6.118433	-1.138486	5.972159
6746	5	0.175042	0.671620	6.060335	0.175042	0.671618	-0.292033	5.014219	0.628691	5.318672	0.175042	6.799052	-0.292033	0.175042	6.799052	6.060335
6751	5	-0.100532	5.885099	-1.026648	-0.100532	5.885099	5.442789	6.431825	2.442864	-2.277918	6.431825	-3.591344	-2.277918	6.431825	2.442864	4.145233
6755	5	1.382823	6.707741	-1.027734	7.779741	-4.989482	-6.346765	1.382823	0.066144	5.314749	1.382823	0.066144	-1.027726	1.382823	6.707741	5.314749
6774	5	0.481430	-0.075784	0.705162	0.481430	6.379687	0.705162	0.481430	6.379687	6.621319	6.793174	5.076827	-4.543571	0.481430	-0.075804	6.621319
6829	5	6.697133	4.161560	-2.572719	6.697133	-0.762850	-2.572719	1.549807	2.325803	-0.328929	1.549807	7.168864	5.879226	1.549807	7.168864	-0.328929
6834	5	1.183840	-1.596800	5.427348	1.183840	-1.596800	-0.773384	6.618980	-7.746088	-4.628602	1.183840	4.713387	-0.773384	1.183840	4.713387	5.427348
6900	5	1.914124	4.966381	-0.073425	6.401705	1.956009	-1.105642	1.914124	-1.453754	-0.073425	1.914124	4.966381	6.424802	1.914124	-1.453754	6.424802
6937	5	3.012943	0.831495	6.079466	3.012943	4.205911	0.438438	6.875234	-2.802549	0.078742	6.875234	-2.802550	5.719739	3.012943	0.831495	0.438438
7033	5	8.204354	-4.211118	5.025566	1.622652	7.270857	7.187395	8.204354	2.117525	5.025566	8.204354	2.117525	-0.655497	8.204354	-4.211118	-0.655497
7104	5	1.472768	7.297157	-0.150024	6.267848	5.712005	-1.317714	1.472768	7.297157	5.994666	6.267848	0.158040	-1.317714	6.267848	5.712005	4.807708
7124	5	7.906128	-5.032033	-5.066013	1.477258	0.499148	0.816504	1.477258	0.499148	6.495261	1.477256	5.817730	0.816505	1.477256	5.817730	6.495261
7127	5	4.886126	-4.872722	1.084337	-1.218669	-0.389710	1.105959	4.886126	-4.872723	7.161036	-1.218669	5.994153	1.105959	-1.218670	5.994153	7.182235
7152	5	4.620245	0.485114	-1.445365	4.620245	6.082607	-1.445365	-1.920365	0.550340	-0.721088	-1.920365	6.146657	-0.721088	-1.920365	0.550340	5.120770
7169	5	-0.733442	0.762901	0.398870	-0.733442	0.762900	6.381034	5.357223	6.090468	-0.393406	-0.733442	6.707333	0.398870	-0.733442	6.707333	6.381034
7232	5	7.061134	-7.611145	-4.805815	0.748851	-1.365573	4.967311	0.748851	5.091061	4.967311	0.748851	-1.365573	-0.221758	0.748851	5.091061	-0.221758
7239	5	2.935622	7.833792	6.598882	2.935622	7.833792	0.257474	6.831740	3.538287	5.322832	6.831740	-1.475006	5.322832	6.831740	3.538287	-1.055249
7250	5	6.577069	-3.455304	5.534313	0.765701	-2.493603	1.566973	6.577069	-3.455304	0.736441	0.765701	-2.493603	6.307517	0.765701	3.630702	6.307517
7257	5	7.630124	-5.284143	-4.827815	1.503058	-0.392915	5.790351	1.503059	5.848870	-0.068741	1.503059	-0.392915	-0.068741	1.503058	5.848870	5.790351
7266	5	2.743486	7.253161	5.635607	2.743486	7.253161	-0.805696	2.743486	1.981479	5.635607	7.001203	0.383263	-6.810425	2.743486	1.981480	-0.805703
7325	5	9.108305	-7.304154	-6.553052	3.129399	-0.761208	5.424320	3.129399	-0.761208	-0.173079	3.129399	5.747223	-0.173079	3.129399	5.747223	5.424320
7374	5	8.176658	-0.734331	-1.014891	8.176658	4.237834	3.842831	8.176658	4.237834	-1.014891	8.176658	-0.734331	3.842831	1.903186	7.027669	6.168810
7377	5	7.554482	-2.158532	1.414185	7.554482	-2.158532	-3.486578	7.554482	3.183305	1.414185	7.554482	3.183305	-3.486578	2.253504	5.092968	7.394640
7387	5	6.414653	4.465185	3.888109	0.442257	6.963532	5.460970	6.414653	4.465185	0.167003	6.414653	-2.071725	0.167004	6.414653	-2.071725	3.888109
7458	5	0.471273	-0.873567	0.190456	6.988275	-5.470313	-5.133160	0.471273	-0.873567	6.579327	0.471272	4.485283	6.579327	0.471273	4.485283	0.190456
7466	5	1.136340	-0.337406	6.276950	1.136340	-0.337406	0.052655	6.204739	-2.130011	-1.284112	1.136340	4.948040	0.052655	1.136340	4.948040	6.276950
7543	5	-0.270651	0.415245	-0.606999	6.337088	-2.584685	-3.666514	-0.270651	6.115898	-0.606999	-0.270651	0.415245	5.781290	-0.270651	6.115898	5.781290
7611	5	0.898737	6.567842	7.218613	6.033881	0.759619	5.550892	0.898737	6.567842	0.802698	6.033881	0.759619	-0.863615	6.033881	5.850389	-0.863614
7647	5	1.864830	6.376629	5.820068	7.920767	-4.901154	-6.486757	1.864831	1.305464	-0.512984	1.864831	1.305464	5.820068	1.864830	6.376629	-0.512984
7669	5	1.379809	-0.059428	7.045963	5.945485	-5.978768	-4.691993	1.379809	-0.059428	1.365307	1.379809	5.221599	1.365307	1.379809	5.221599	7.045963
7677	5	7.239776	-3.847250	-2.912579	0.898056	-1.194794	5.409786	0.898057	-1.194794	0.588719	0.898056	5.212397	5.409786	0.898057	5.212397	0.588719
7719	5	1.861205	0.978124	-1.848437	7.918466	-3.281557	-5.964490	1.861205	6.490032	-1.848438	1.861204	6.490032	4.492845	1.861204	0.978124	4.492845
7725	5	0.560852	6.538328	1.990791	6.204664	-4.319427	-3.362909	0.560851	6.538328	6.040435	0.560852	0.910847	1.990791	0.560852	0.910847	6.040435
7757	5	2.183859	1.262878	-0.309549	7.477395	-2.710147	-4.694187	2.183858	7.271556	-0.309549	2.183858	7.271556	5.614101	2.183859	1.262878	5.614101
7785	5	6.647555	1.698401	5.226630	0.198483	6.338554	6.513579	6.647555	1.698401	-0.937339	0.198483	6.338554	0.358089	6.647555	-3.719589	-0.937338
7807	5	5.754305	5.971423	8.624075	5.754305	-0.213575	2.131598	-0.877642	0.280501	9.151513	5.754305	-0.213575	8.624075	-0.877642	6.463530	9.151513
7815	5	1.910987	8.316400	5.977756	6.930572	0.453201	0.440661	6.930572	5.697917	-5.297139	6.930572	5.697917	0.440661	6.930572	0.453201	-5.297139
7831	5	0.754443	6.357462	1.122814	6.659893	0.164433	-1.414572	0.754443	0.851804	6.778902	0.754443	0.851804	1.122813	0.754443	6.357462	6.778902
7838	5	8.466959	-4.998710	-2.897928	3.013457	-1.100250	1.073353	3.013456	4.065542	7.059208	3.013456	-1.100250	7.059208	3.013457	4.065542	1.073353
7911	5	3.573186	3.238965	6.961034	7.807902	3.103356	-2.876757	3.573186	-2.201150	6.961034	7.807902	-2.335526	-2.876757	3.573186	3.238965	0.956641
7920	5	6.189437	4.592951	4.422647	0.141717	7.240869	7.707003	6.189437	4.592951	-1.137074	6.189437	0.045131	-1.137070	6.189437	0.045120	4.422647
7979	5	0.265857	0.522491	5.121315	6.250344	-2.692212	-4.321158	0.265857	6.350115	1.138171	6.250344	3.228043	-4.321160	0.265857	0.522491	1.138171
7982	5	5.785875	5.459279	1.240099	5.785874	-0.258661	5.547771	5.785874	5.459279	5.547771	0.131839	6.866921	6.284852	5.785874	-0.258661	1.240100
7983	5	1.127527	0.327467	1.043030	1.127527	0.327467	7.092135	1.127527	6.537610	1.043030	6.427383	-4.533965	-4.810194	1.127527	6.537610	7.092135
8071	5	0.293583	6.339616	-0.327083	6.561220	-3.362647	-5.929478	0.293583	-0.159162	6.167339	0.293583	-0.159162	-0.327084	0.293583	6.339616	6.167339
8104	5	1.365011	1.346654	1.387893	1.365011	5.193767	5.315471	1.365011	1.346653	5.315471	6.163267	-2.176504	-1.910891	1.365011	5.193767	1.387893
8217	5	2.677354	3.787374	7.451140	2.677354	-2.221343	1.961494	7.568177	-5.097948	5.724900	2.677354	-2.221343	7.451140	2.677354	3.787374	1.961494
8236	5	0.869569	0.639238	5.956724	6.437525	-2.943127	-2.346419	0.869569	0.639238	0.491885	0.869569	5.585034	0.491885	0.869569	5.585034	5.956724
8257	5	0.155327	5.670137	5.027102	5.983086	-0.273614	-5.792164	0.155327	0.698783	5.027102	0.155327	0.698783	0.606851	0.155327	5.670137	0.606851
8268	5	2.749736	6.581052	6.300915	2.749737	1.242108	0.062157	8.053516	-4.788378	-6.146235	2.749736	1.242108	6.300915	2.749737	6.581052	0.062157
8291	5	2.555066	1.515368	0.219494	7.259692	-2.322670	-5.948876	2.555066	7.480851	0.219494	2.555066	1.515368	6.688715	2.555066	7.480851	6.688715
8300	5	1.045525	6.077987	6.527409	1.045526	0.371501	2.340880	7.398186	4.658618	-2.188268	7.398186	-1.021335	-2.188269	1.045525	6.077987	2.340880
8321	5	1.694022	-0.836396	7.297824	5.684084	4.672944	0.035222	1.694022	5.652730	7.297824	5.684084	-1.679984	6.353021	5.684084	4.672944	6.353021
8414	5	2.217894	7.939169	7.305482	6.420956	5.011506	0.329174	6.420956	5.011506	6.274313	6.420956	-1.033724	0.329174	6.420956	-1.033724	6.274313
8512	5	3.261249	0.938627	7.232595	3.261249	0.938627	0.848305	7.255610	-5.126868	-1.809694	7.255610	-5.126870	4.567859	3.261249	7.050410	0.848305
8578	5	5.776796	-6.278146	-2.561477	1.633083	-0.402439	6.335489	1.633083	-0.402439	-0.029897	1.633083	5.667965	6.335489	1.633083	5.667965	-0.029900
8581	5	2.458968	0.421568	1.178352	2.458968	6.241788	1.178352	8.136957	-6.182916	-3.638406	2.458968	0.421568	5.961111	2.458968	6.241788	5.961111
8592	5	2.295214	7.252658	6.199784	6.448252	3.859838	-1.745948	2.295214	7.252658	-0.383763	6.448252	-0.905358	-1.745948	6.448252	-0.905358	4.667254
8626	5	7.203308	-3.285116	-2.230192	3.247777	7.584662	6.209760	3.247777	7.584662	1.099186	3.247777	1.140206	6.209759	3.247777	1.140206	1.099186
8629	5	7.403607	-5.261166	-4.332501	1.495213	6.123001	-0.438179	1.495214	0.575868	-0.438179	1.495217	0.575872	5.549219	1.495214	6.123001	5.549219
8648	5	7.969021	-3.320970	-0.134203	1.843600	5.552229	0.019421	1.843600	1.861814	0.019421	1.843599	1.861815	4.568579	1.843599	5.552229	4.568580
8681	5	-0.756855	1.237010	-3.200032	4.731160	1.162530	-7.625866	4.731160	6.422775	-7.625265	-0.756855	6.468056	-3.200108	-0.756855	6.468056	2.703996
8699	5	1.575221	-0.886079	-2.326782	6.212917	-4.462960	-6.696158	1.575221	5.490893	-2.326782	1.575221	-0.886079	3.898768	1.575221	5.490893	3.898768
8792	5	0.501832	4.476693	-0.108686	6.896897	-1.965963	-3.344767	0.501832	1.168521	-0.108687	0.501830	1.168521	5.767325	0.501830	4.476693	5.767325
8964	5	2.404984	7.334346	-0.888204	7.302253	-1.440452	-6.277703	2.404984	1.701970	-0.888208	2.404984	1.701970	4.622670	2.404984	7.334346	4.622670
8985	5	7.123601	4.102533	6.931449	7.123601	-0.746669	1.008126	3.097959	6.762898	7.165136	7.123601	4.102533	1.008126	7.123601	-0.746669	6.931449
8997	5	6.492357	3.409643	7.063937	1.074673	6.348050	8.713138	6.492357	3.409643	2.422252	6.492357	-2.352186	7.063937	6.492357	-2.352186	2.422252
9084	5	1.674919	1.067251	1.253989	6.175774	-2.205504	0.218411	6.175774	-2.205504	5.625334	1.674919	6.782739	1.253989	1.674919	6.782739	6.660131
9162	5	0.202179	-0.343130	1.528177	0.202179	5.362105	6.741885	6.214059	-2.585159	-2.717983	0.202179	-0.343130	6.741885	0.202179	5.362105	1.528177
9276	5	0.944105	7.477360	6.309459	6.317428	4.848615	3.353033	6.317428	0.056854	3.353033	6.317428	0.056854	-2.431978	6.317428	4.848615	-2.431995
9295	5	4.622028	-4.143968	-4.754247	-0.843427	-2.799793	1.155593	-0.843427	-2.799879	6.893144	-0.843427	3.456919	1.155593	-0.843427	3.456919	6.893144
9312	5	2.569293	5.459688	0.745175	2.569292	-0.266882	0.745175	2.569294	-0.266882	5.932951	7.330110	-5.487647	-4.609151	2.569294	5.459688	5.932951
9359	5	6.156622	6.003924	-2.890354	0.005608	7.790988	-1.722392	6.156622	2.070326	-2.890355	0.005608	7.790988	3.851727	6.156622	6.003924	2.606558
9379	5	2.068745	6.675982	6.635003	8.261606	-1.071041	-1.461535	2.068746	1.959332	0.424847	2.068746	1.959332	6.635003	2.068745	6.675982	0.424847
9422	5	6.396952	-0.262368	-3.736715	0.612386	6.630470	4.556411	0.612386	2.545715	0.310552	0.612386	2.545715	4.556411	0.612386	6.630470	0.310552
9440	5	1.476348	0.177139	0.638295	1.476348	6.053917	0.638295	6.644511	-1.826602	-1.286479	1.476347	6.053917	6.371982	1.476347	0.177138	6.371982
9454	5	2.503145	0.680369	0.549975	8.641561	-1.984900	-2.137033	2.503144	6.549581	0.549975	2.503144	0.680369	6.627876	2.503144	6.549581	6.627876
9487	5	1.334267	0.396157	1.606781	1.334265	5.861235	1.606782	6.181244	-5.641659	0.213985	1.334265	0.396158	5.874854	1.334265	5.861235	5.874854
9518	5	2.505425	6.800325	8.107332	6.680598	5.127004	-1.799630	6.680598	0.437579	-1.799630	6.680598	5.127004	3.657682	6.680598	0.437579	3.657682
9524	5	-0.096509	5.342272	0.685539	-0.096509	5.342272	6.072627	-0.096509	-0.944109	0.685543	-0.096509	-0.944109	6.072627	6.378498	-4.642939	-1.595569
9527	5	0.655386	1.252560	1.637688	6.706141	6.150079	-2.179830	0.655387	1.252560	6.277999	6.706141	-0.396405	-2.179830	0.655386	7.723290	1.637688
9543	5	-0.802595	-0.309058	1.519358	4.491608	-1.396588	0.823882	4.491608	-1.396589	6.436799	4.491608	4.949598	6.436799	4.491608	4.949598	0.823881
9545	5	0.438430	-0.615730	-0.782265	0.438430	5.700732	-0.782265	6.891479	-6.612561	-2.952780	0.438430	-0.615730	4.665887	0.438430	5.700732	4.665887
9570	5	2.045738	0.099902	5.458877	2.045738	0.099902	-0.448387	8.162848	-5.857205	-0.783655	2.045737	5.759266	-0.448387	8.162848	-5.857205	5.125396
9581	5	6.972690	-1.882971	-6.314371	2.369761	-0.811887	-1.804953	2.369761	5.322007	4.580662	2.369761	5.322007	-1.804971	2.369761	-0.811887	4.580662
9611	5	1.387750	-0.570516	-0.126607	7.687763	-2.501785	-4.072448	1.387750	4.852638	-0.126607	1.387750	-0.570516	5.157069	7.687763	2.881717	-4.072448
9616	5	1.009786	0.350595	2.956008	7.495665	-6.463810	-1.315119	1.009786	0.350595	6.511283	1.009786	4.112831	2.956007	1.009786	4.112831	6.511283
9626	5	1.102073	7.565773	7.495804	7.386541	2.981968	-1.527647	7.386541	-1.053255	4.972908	7.386541	2.981968	4.972908	7.386541	-1.053255	-1.527632
9638	5	1.413234	7.748016	7.116632	1.413234	2.008959	7.116632	7.555512	5.437175	5.581750	7.555512	-0.336886	5.581750	7.555512	5.437175	-0.550772
9663	5	3.441322	5.575116	-0.257993	5.931959	-1.165782	-4.613996	3.441322	5.575116	4.777191	3.441322	-0.304405	-0.258000	3.441322	-0.304405	4.777191
9699	5	0.249746	8.304131	5.802646	6.595728	5.422127	4.478383	6.595728	-0.221052	4.478383	6.595728	5.422127	-0.945342	6.595728	-0.221052	-0.945342
9710	5	1.567965	6.794191	5.733280	1.567965	6.794191	0.175439	5.538550	4.552521	5.049053	5.538550	-1.918907	5.049053	5.538550	4.552521	-0.584382
9773	5	1.047519	-2.096083	-0.261051	1.047519	-2.096073	5.988850	6.626217	-6.173562	-6.460437	1.047519	3.604644	-0.261051	1.047519	3.604644	5.988850
9777	5	6.427129	4.808217	0.299520	0.203720	8.312838	8.004182	0.203720	8.312838	2.045147	6.427129	-1.049181	0.299526	6.427129	4.808217	6.319434
9779	5	9.599976	-4.649697	-8.749480	3.628309	7.624649	3.449489	3.628308	1.221431	-2.272062	3.628309	7.624649	-2.272062	3.628308	1.221431	3.449489
9856	5	2.501406	0.460472	0.222298	6.164152	-2.239976	-3.128521	2.501406	0.460472	5.783996	2.501406	6.478281	0.222298	2.501406	6.478281	5.783996
9863	5	3.315205	5.876530	-2.287788	6.948237	-4.050974	-6.586158	3.315205	-0.236853	-2.287788	3.315205	-0.236853	3.204823	3.315205	5.876530	3.204823
9866	5	1.916488	2.125805	9.026073	7.009638	-0.169312	4.330282	1.916488	8.520751	9.026073	7.009638	6.256715	-1.095660	7.009638	-0.169312	-1.095644
9926	5	0.916310	-1.970999	1.828005	6.468170	2.880176	-2.495581	6.468170	-3.514872	-2.495581	0.916310	-1.970998	7.052319	0.916310	4.635245	7.052319
9944	5	1.142511	4.966336	0.391139	1.142511	4.966336	6.610229	6.162231	-4.174069	-4.277896	1.142511	-1.448277	6.610229	1.142511	-1.448277	0.391132
