38	5	-8.266632	1.744255	9.429586	-3.135930	6.700606	-7.517704	5.597461	-2.907062	5.445061	2.378949	6.199389	-2.050741	3.225819	5.586548	-4.051434	5.825636	-2.723323	8.377619	-0.125451	0.395871	-6.991775	2.489212	3.083437	5.207766	2.379188
56	5	-0.392969	3.525903	0.491203	6.509661	1.149924	5.601765	-4.371270	5.467215	3.142376	-2.549659	-10.302166	1.932545	6.553469	-3.044460	6.232083	-12.092007	8.553879	0.778422	0.342148	6.186336	-0.895941	-0.890720	6.568157	-3.044294	6.221526
65	5	3.933409	-5.798745	2.421020	8.678641	-8.848360	-2.095780	-0.091159	6.815037	3.803347	-2.027289	-2.095780	-0.090803	2.421005	8.678513	-2.535724	-5.364278	-0.090422	8.797526	0.709647	3.483888	3.933409	-5.799100	6.814500	3.803730	-8.340377
102	5	-6.756675	6.727880	1.357470	-0.859305	7.816591	5.435294	0.821893	6.523162	-0.917160	1.803444	-1.649836	6.727565	-3.267754	5.258665	-3.466647	4.095688	4.471530	-1.168536	5.255970	-3.466504	-4.357409	3.264849	5.159968	-6.457175	7.447993
123	5	-8.076344	6.869901	-3.603818	0.187141	5.416476	1.509331	5.998877	-8.422692	6.114511	-0.614597	5.219400	0.096224	2.198458	0.980040	0.299465	-3.645048	6.869977	-8.886450	5.867854	1.405396	5.218354	0.314619	-3.398880	6.114571	-3.275942
135	5	-11.240871	8.270504	1.440820	2.299875	5.795996	5.783361	-3.546872	6.374263	1.193370	1.869604	5.513592	2.490660	1.252988	7.613395	-3.492995	-5.415243	8.281362	-3.071069	7.614697	0.749577	0.008901	8.210076	-3.070997	7.614941	-0.065545
141	5	2.983574	1.482153	7.989213	-2.161991	3.923743	-6.159584	7.771306	-1.430706	1.243121	5.396097	-3.070403	3.066341	7.859349	-2.337496	5.348438	-0.737301	7.558920	-1.448026	6.295713	-0.889246	4.813626	4.782629	-1.107827	6.296088	-2.829077
143	5	-3.980974	6.258684	-4.444621	7.790114	0.207863	5.535499	0.013781	0.394685	7.781407	-4.113076	0.164971	2.516982	-0.656820	7.789147	0.019921	5.412836	-6.024690	6.793622	1.321748	1.049644	-2.575686	-0.342999	6.793781	-3.740371	6.263523
191	5	-3.869771	6.995183	-0.090018	2.493666	4.513822	5.267766	5.673257	-3.008638	6.635436	-4.699547	7.359215	0.969117	5.599807	0.725083	-0.193981	-1.631773	7.024198	-3.462352	5.683478	-1.161971	-1.127787	2.585436	5.285302	-0.909442	4.298744
202	5	5.754325	0.763517	2.360713	7.041500	-5.309092	-3.656041	6.615496	-3.067762	7.024499	0.206460	-5.161003	1.089711	8.494458	-4.811200	5.424027	5.780191	-4.756933	8.456915	0.809128	-0.110479	-11.080446	6.582014	2.798245	1.400119	5.389930
241	5	-8.286880	3.368762	7.809283	-4.151223	5.163878	-5.253358	6.854677	-0.902622	5.619638	-0.897791	-8.919373	6.853449	-0.869245	1.890158	4.995458	6.438000	-3.238852	8.748622	-0.550600	-1.134724	6.438061	-3.235181	3.763158	4.063261	-4.597395
311	5	-6.064192	7.792606	1.947030	-1.435745	3.918430	6.624022	-3.153710	7.691306	-0.773763	-1.155948	-2.156085	2.301573	7.640213	-1.989894	3.939202	1.827365	4.966837	-0.545796	5.737063	0.510678	-4.655335	7.919319	-3.145524	5.648540	1.183681
315	5	-6.731691	4.547996	-4.225484	4.732692	2.925734	-0.974723	0.293589	6.716068	-3.537926	8.313067	7.218316	-3.846734	5.934709	2.417970	-3.063362	-6.707102	4.514981	1.650701	-0.537532	8.219108	7.249790	0.265467	0.834033	5.571924	-3.210641
351	5	9.063645	-1.931631	2.041759	7.045087	-6.450204	9.065032	-1.957715	6.685677	2.263316	-0.138125	-8.629335	3.235708	6.920300	-4.305891	6.269490	-3.667069	7.584889	-2.475144	7.165972	-0.275207	2.593502	6.136183	-2.470801	7.165972	-6.450641
363	5	-3.897820	6.287368	-4.880022	6.577251	-0.061950	1.357092	4.346923	-3.723338	6.580655	-2.095210	5.603609	-4.068575	4.927447	0.634796	0.970357	-6.033370	0.931465	5.148426	-4.355344	6.183508	5.562322	1.189901	-1.046677	6.550614	-5.039655
418	5	-2.168707	0.897041	8.256462	-3.747956	5.955293	-3.932595	6.420683	0.661589	7.176753	1.223030	7.935046	-4.661645	4.216216	3.999519	-1.489382	6.808930	-5.500323	8.278935	-2.831027	3.241514	1.886081	6.047418	0.907362	7.260325	0.608015
470	5	8.094606	-2.617813	6.763341	0.661423	-0.449524	-9.891547	5.021888	-1.927104	3.751382	3.754036	7.736089	0.101312	3.063739	4.316289	-2.519063	-4.727538	5.024020	-1.981327	6.904334	1.365389	-5.279149	1.347194	6.517380	-2.795407	5.847222
576	5	-7.172180	1.168051	7.350780	-3.185709	6.126322	-4.512596	6.835320	-2.896161	6.245146	0.055098	4.519381	1.327915	4.061118	1.120862	-0.216081	-9.746494	6.138436	3.431211	-3.179513	6.126322	4.072424	2.572741	1.498735	4.526879	-3.418356
599	5	-6.341651	4.379958	-4.678467	6.189858	0.995800	7.091732	-5.132314	5.235146	2.294224	-1.532526	-3.819259	-1.907259	5.474009	-2.973657	6.797849	7.181435	1.019352	0.721320	6.218843	-4.161374	2.353984	-5.251769	5.460772	0.157482	4.711432
646	5	-4.004562	6.851647	-1.608570	6.535147	1.654525	-9.710714	6.851241	0.502737	0.662176	7.755754	-4.981461	0.448085	7.543811	-4.840962	7.795591	6.716535	-3.807440	5.943211	1.205326	1.248704	0.891440	-0.518022	7.543825	-4.840956	7.214728
660	5	-8.442432	2.987536	7.245622	-5.169107	6.936414	5.289844	-1.702344	1.300882	6.955227	-2.784381	4.701788	-2.385700	7.440234	-4.163711	3.537594	-5.955015	8.148348	-4.202816	6.928427	0.614463	-0.797086	-1.480721	1.300882	6.954893	-0.989270
678	5	-6.801345	8.803156	-1.412623	2.166001	6.414293	6.114210	2.094291	0.608844	7.638724	-2.990522	-3.621181	8.803158	-3.472190	7.666534	1.043997	-5.551550	5.293156	4.223188	-2.921628	7.258711	3.354332	-1.290678	4.703982	-0.165983	3.569748
711	5	-12.302649	1.154701	6.158552	-4.595439	6.165678	-12.320407	7.682505	0.455180	1.569610	6.164952	-9.304393	1.733987	3.125672	7.411852	-0.254924	-9.308053	7.689669	0.358062	8.051376	-0.255268	3.853641	-3.821136	3.160739	7.376113	-3.953033
737	5	-10.872272	5.436911	0.266861	2.590033	5.106868	-9.254930	5.436921	-1.841197	6.571046	0.764800	2.955161	0.553676	0.757916	6.697338	-4.533759	-6.036399	-0.879879	6.721517	-3.465903	6.560346	0.082783	-1.022122	6.742388	-3.465935	6.558645
765	5	-2.464380	5.826384	0.340032	-0.016199	6.308507	9.041098	0.265677	0.908503	5.104253	-3.735845	7.651928	-1.722932	4.216409	-1.191289	0.900371	0.202955	2.575441	5.514411	-6.416020	6.284255	-2.097319	6.140476	-1.519620	5.192708	1.663467
773	5	2.514774	6.261434	-3.151709	7.991095	0.230061	7.120283	-2.726485	5.716764	1.868336	1.765107	-5.572163	8.509782	0.446342	2.883580	7.784328	-0.619537	7.971611	-3.133695	7.966598	2.111500	-0.743396	1.622697	6.126178	-3.357465	7.835996
825	5	-4.813205	1.392517	7.591715	-3.380880	6.565373	7.488997	-4.347528	7.593249	1.639612	0.676030	1.342074	1.180477	7.592461	-3.379047	6.353644	-5.004770	7.575923	-2.603451	5.754122	1.859919	0.879743	7.513753	-2.602702	5.754625	1.797766
844	5	-7.247938	6.614363	-2.124553	7.264604	1.152334	-10.079560	5.448708	4.385928	-2.340850	6.512355	-7.001616	5.459560	4.364312	1.813164	1.828538	3.267288	0.225957	1.838755	6.580998	-3.564604	3.942560	-2.649455	8.365110	1.435553	-2.756676
849	5	-2.967641	-0.154627	6.048247	-1.924262	7.934835	5.244883	2.078178	0.650847	5.273672	-3.831642	-7.227306	5.510155	-3.604917	4.147661	6.055186	-7.076195	5.338996	0.971068	0.546706	7.971527	5.595496	-3.370133	5.905337	2.305998	1.395561
891	5	5.859468	-0.876773	6.644409	1.345829	0.104032	-5.188698	7.114424	-3.155316	6.615872	-0.187970	0.259742	6.785359	-3.155222	6.618942	-0.417851	-8.600806	7.122285	0.959948	1.518640	6.307515	2.565314	1.505957	6.812051	-0.420097	3.977451
935	5	-8.449263	6.466104	1.462791	-0.734736	6.775831	-4.479617	6.409594	-2.356016	5.649517	1.141883	-3.535888	-0.159768	5.618487	-5.925463	6.775778	6.527297	1.015466	1.397918	5.634982	-1.159162	4.448790	-4.295668	5.967846	-5.095086	4.481883
953	5	0.236658	-1.020146	2.109688	7.832212	-3.393436	-6.129384	-0.880466	6.184695	-2.887678	7.060917	5.742928	-5.402520	6.143638	1.248050	-0.246832	-5.346767	5.439965	-2.792898	7.808508	2.043387	5.744416	-5.400990	2.109688	7.832213	-4.545324
962	5	7.392278	-1.066866	7.204944	1.313212	2.079796	2.271351	5.988468	-2.588153	8.053240	-0.007551	-4.373483	7.131839	-2.714113	8.013748	1.368944	-5.516884	2.258672	7.180764	-3.947664	7.266159	-9.749233	7.131810	0.866181	2.524920	7.233829
978	5	7.940778	-2.949002	8.842053	0.925166	1.342005	7.892145	2.004768	2.586493	6.367765	-4.923760	-0.799345	7.944128	-3.678868	6.708155	-1.273246	-7.230792	7.876648	2.574270	-0.005402	6.091992	-1.339715	2.916819	8.768874	-5.404966	5.781364
1022	5	6.592725	-2.932829	7.025756	3.048611	-0.790114	-4.909077	0.046014	7.179889	-1.699690	7.259107	-2.353632	6.162791	-2.038645	6.852405	0.830038	3.565357	4.680533	-2.038432	7.017024	-4.571396	-7.947629	5.492553	2.786058	1.036413	7.257229
1037	5	7.188318	1.937383	0.788266	8.826763	-4.591513	0.716716	-1.955610	8.676865	-3.880313	6.659831	-11.047152	8.464213	2.076531	2.393073	6.567554	7.215564	-2.556481	7.758300	2.551542	-0.217058	0.527801	2.670308	2.228335	2.391612	6.431075
1048	5	-8.825577	5.911244	-4.207786	3.333997	6.224486	5.073250	-0.790165	1.704529	6.791905	-3.586088	-3.485068	5.911374	-4.620129	6.426475	0.775801	-5.738932	0.588017	6.855125	-2.700855	6.662452	4.969267	-5.358643	7.754017	0.054083	2.514352
1066	5	-7.505261	-1.535193	7.408458	-3.518920	5.390365	-2.008002	0.772251	2.180403	5.727457	-0.513230	-7.125303	4.011697	-0.509794	6.171722	-0.528828	3.281143	-5.395724	2.194669	5.723330	-5.952472	3.184396	-7.620474	6.784544	2.808738	0.250535
1078	5	8.211216	1.314240	1.128824	6.745565	-0.976606	3.099679	-2.478843	7.012302	-4.479574	5.464264	-5.301676	6.781704	-5.309029	6.881580	1.900503	-9.726595	6.350157	0.644046	0.377243	7.332334	-3.757774	2.308937	6.989571	-4.719651	7.280769
1083	5	5.405880	-5.060924	7.036548	0.736595	-3.212232	5.405866	-4.288188	2.345855	6.652408	-6.371489	-0.532823	0.199551	7.036627	0.734580	1.396599	-5.138250	6.554007	-3.688268	6.678268	-1.767666	-6.091827	0.200560	7.064908	-1.117315	4.154146
1103	5	-10.412489	6.780142	-0.892139	1.571786	6.578734	6.423414	-0.352257	0.304458	5.006386	-4.590737	6.429031	-3.173668	4.693311	1.740304	1.169314	-5.873031	2.874673	4.130470	-1.689714	6.580260	-4.182351	6.950943	-5.302595	5.009448	0.812368
1109	5	-2.262915	5.720549	-1.617850	6.410892	1.953535	6.300783	0.091647	0.511423	6.556506	-3.184560	-3.981270	-0.466351	6.236425	-2.800097	6.917608	6.278033	-6.093737	6.307196	-0.115828	1.779260	0.534069	-0.518479	6.239064	-2.798016	6.583022
1125	5	5.516292	-5.242994	5.131213	2.603468	1.786626	2.530086	4.908868	-4.985879	8.108557	-1.188708	-8.335208	7.244011	-4.481943	5.215317	3.975807	-8.464639	7.244010	-1.100162	2.746555	6.660054	-7.479081	0.969911	5.231368	-2.698020	7.627422
1166	5	8.349787	-3.997550	5.939477	2.460086	1.302102	-6.552686	7.455322	-1.602461	6.862607	2.322677	-4.505157	0.985073	5.862294	-3.457677	6.881407	2.025178	-1.709846	5.942455	-3.216729	4.811767	8.632446	1.905509	-0.374388	6.936714	-3.212563
1170	5	-8.278854	9.411877	1.797063	0.981753	9.751663	4.408197	2.121114	2.979491	5.848468	-1.930635	0.108376	9.710776	-1.636680	6.086969	-0.991313	-5.284007	9.717434	-1.636563	5.379662	3.157787	3.750806	-1.902236	6.147787	1.696926	4.690517
1205	5	-4.237269	8.340477	2.251669	-0.395027	6.640436	-4.051824	4.115439	7.048010	-3.115434	6.640437	3.785096	3.515623	2.518017	5.983193	-4.290706	4.262875	1.607480	3.382532	4.633752	-3.293129	-1.874284	4.120435	1.819194	6.141930	1.116376
1252	5	-5.953015	2.667072	7.693579	-3.521655	7.612630	6.149710	-3.617814	7.738267	-0.657216	2.515813	-3.326504	5.015377	-0.897533	6.179243	1.953571	6.312384	-1.321357	2.409830	6.273060	-2.951211	-5.794065	5.015687	1.458664	2.981216	6.081882
1340	5	5.831179	-3.558222	6.061164	1.186650	0.985916	-9.716628	7.088137	-0.496050	-0.142072	6.244863	-4.918252	2.589944	6.056805	-5.302389	6.270736	-5.415460	7.106214	-6.275312	6.435916	0.683460	5.831354	0.553294	0.444565	6.253160	-4.334141
1380	5	-5.437398	5.792084	-7.312332	5.669962	1.851783	6.584119	-0.731297	-0.883764	5.723537	-2.541775	-8.348722	5.795166	-1.825428	-0.097110	6.770947	-1.726970	0.476600	4.614328	-5.301646	6.602154	5.885352	-5.574904	4.614949	0.181890	2.732301
1430	5	5.684569	-5.410191	5.695522	2.035256	0.951146	-4.211610	-0.937893	5.894180	-4.016575	6.024909	-3.119522	5.414194	-1.461177	5.237880	0.885482	-6.966491	5.406373	1.976375	-0.842729	6.127299	5.685343	0.870370	2.485838	5.193071	-3.890641
1457	5	6.807420	1.446380	0.157181	7.182285	-3.478959	6.915794	-1.037476	4.292848	3.349246	0.038241	-4.939586	7.303787	-5.087079	7.523681	0.151053	-4.245241	3.176608	6.120106	-1.519598	6.405585	-7.109501	7.303260	1.483582	-0.239117	6.358136
1487	5	-5.153223	1.400583	0.411438	0.163085	8.878664	5.033258	-7.565713	4.796401	0.536695	3.926553	-5.050323	-4.396156	4.796786	-3.109641	8.888098	6.311008	-2.675994	-0.903357	5.965392	0.085826	0.521070	-4.885916	4.796976	-3.073185	8.819182
1500	5	-9.258050	8.247436	-0.145154	-0.096804	5.470677	2.848156	7.144956	-4.235722	6.310049	-4.543325	-3.761031	8.295302	-4.235690	6.309682	-0.447146	-5.130237	2.023203	5.434445	-5.645488	5.535963	6.320257	0.872481	5.593442	0.559385	1.208104
1502	5	-7.730342	-0.358875	5.692747	-3.404362	6.690126	-4.935801	5.300334	-4.569475	6.903527	0.471699	5.384938	-6.865142	5.680351	1.163345	0.543756	5.384655	-1.206020	-0.135976	6.994824	-5.672563	-11.518871	5.287575	1.255232	0.339842	6.690002
1553	5	-3.179204	5.666886	-2.019927	2.068477	5.967495	7.822407	-2.919614	5.310482	0.964161	2.583040	2.633865	3.697606	-5.145925	7.072010	-1.184692	7.774689	0.289032	-3.089767	7.072113	-2.316444	-2.938035	5.655702	-5.138289	7.047367	1.410115
1554	5	-7.147288	5.477180	-5.056381	2.418590	6.535617	-4.798365	-0.624927	6.526442	-3.644417	6.577695	-7.145908	5.477178	-5.056703	4.848477	2.509525	4.974474	4.269305	-3.740095	5.465940	-3.053910	1.404722	-1.014612	6.525797	-3.179547	5.931087
1572	5	5.468571	-1.507930	5.543561	0.187768	1.006992	6.396745	3.444728	-1.955386	5.438862	-3.339581	-6.069488	7.932131	-0.631353	-2.483524	6.709565	1.319945	-1.385936	5.543603	-4.495640	4.577396	-6.057729	2.980666	5.275081	-5.673502	6.716017
1591	5	5.857115	-2.642612	8.057351	0.777778	1.648618	-1.216526	0.280660	8.057246	-5.805137	8.076024	2.435934	-0.953939	8.057406	-5.803831	5.750169	-6.151200	6.586863	-3.395209	5.428881	2.731322	5.850662	3.444977	0.907867	5.838250	-3.699785
1599	5	6.506664	-4.249021	6.362055	0.096087	-0.623602	-2.939078	4.820435	-5.612752	6.559724	-0.436220	-2.760613	2.015464	6.342026	-5.170063	4.075476	6.729989	-1.573244	0.400916	6.541821	-5.136883	-5.021379	4.695578	0.219449	1.284482	4.074736
1614	5	-5.854530	2.394407	4.456695	-2.811256	6.792360	-9.032701	7.738133	-1.590790	-0.947971	6.792360	3.413927	6.026959	-6.447249	5.529914	1.273999	-2.881060	7.735091	-6.463041	5.414958	1.839502	2.569385	0.831398	4.854299	-2.807078	6.229011
1727	5	-4.371337	8.924322	-3.822242	7.237214	-0.586654	-0.386559	2.055675	7.266192	1.202394	-4.133572	5.326311	1.585339	1.465130	6.817226	-4.633861	5.366775	-0.942446	7.284026	1.200273	-4.515962	-2.261749	2.230530	7.315456	-4.301782	4.720741
1759	5	7.205187	3.166311	2.219603	7.034317	-1.769823	3.712387	-1.279256	7.400263	-1.839909	4.437116	8.050163	-1.311097	6.425703	3.844070	-1.624744	-0.171207	1.177173	7.399986	-2.517529	6.363505	-2.723787	5.751372	1.057423	0.761423	6.423045
1872	5	-9.572573	5.722533	3.036233	-0.708862	7.923253	-5.261154	6.441499	-2.066189	8.147750	1.742442	4.445207	-4.518192	5.642445	3.301742	-4.672731	-5.298747	5.900045	2.866700	2.868595	1.764210	-6.100089	0.674158	6.020919	-0.725453	7.924797
1886	5	7.424644	-6.745107	6.074310	2.264234	1.075925	1.987270	2.858212	0.152557	7.905345	-2.869507	-2.945623	-1.601429	6.905824	-3.162231	6.653993	7.425717	-3.619679	2.291028	7.742456	-3.607204	7.318754	-6.745317	6.673098	0.209106	2.748928
1932	5	-9.341630	-0.044506	8.594323	0.306982	7.320801	-5.376686	1.211405	3.889765	3.099154	3.357345	7.032420	-4.287783	4.013902	3.077028	-1.027523	-3.104152	6.342938	1.285928	6.460604	1.305769	1.241427	5.245474	1.485189	6.358075	0.406961
2004	5	2.144090	-6.238452	6.665666	-2.782188	1.414972	-5.970120	4.023513	-4.341801	4.196168	0.107616	-10.490503	-2.370075	6.665666	-7.467442	5.757125	-12.181535	4.008658	0.401462	-1.460016	5.757125	1.879467	0.461990	1.924569	4.280557	-3.915901
2028	5	-2.869663	7.166421	-4.015888	7.466883	-1.321488	-3.787403	0.585141	5.446839	-1.721234	4.920100	6.933970	-4.283689	5.916208	2.767403	-4.306113	6.922471	2.338544	-0.532392	6.931483	-7.823290	-3.163678	0.568093	5.186214	3.210409	0.497550
2051	5	7.104266	-3.971178	6.143390	0.680778	0.664777	-4.215054	6.596333	-2.610824	6.726244	0.006527	-8.195870	6.643503	0.239267	1.818186	6.278545	6.718599	2.572100	0.247881	6.680313	-5.801402	-2.714256	-0.683601	6.218528	-4.184457	6.476836
2135	5	7.004573	-4.714874	6.671234	1.043138	0.783203	-8.894769	6.729044	0.927035	0.847621	7.291107	-3.870701	6.682133	-3.279037	6.669298	3.290872	-3.936907	0.180823	6.679480	-5.296091	7.291548	6.843018	1.625344	2.350938	6.924679	-3.220010
2224	5	-4.237361	9.255312	1.508988	0.971339	6.641271	2.822709	7.922217	-1.202822	7.101948	-1.479126	-0.362644	9.041546	1.509121	0.971339	6.631258	4.170662	1.898862	7.264421	0.561337	1.576164	0.049353	3.890846	5.010710	-5.004565	6.784829
2263	5	5.879054	1.458312	1.603442	5.355911	-2.698544	-7.601568	2.948876	5.450283	-2.037303	5.794689	-7.639111	7.999649	-0.244616	-0.020558	5.738853	-6.333613	8.027852	-2.191231	4.215602	3.817445	2.375883	4.040864	-0.489008	5.585434	-2.675518
2364	5	6.442623	-4.680962	7.864246	1.894089	2.419818	6.909339	0.160154	2.728546	7.004585	-3.973307	-1.803041	0.901877	7.866464	-3.423461	7.696008	-1.554111	6.638591	-3.700483	8.334077	1.291749	-4.578564	6.557686	1.421535	2.498100	7.692928
2389	5	-8.583852	5.712209	-1.636626	-0.348804	7.401566	-3.618793	5.712212	-8.266259	6.113079	1.078626	6.139254	-5.736264	4.729099	-0.806053	2.837328	-4.093654	0.629047	4.728339	-6.840445	7.401567	7.136128	-0.652219	-1.900598	6.126310	-3.486784
2429	5	2.693473	5.844010	-1.415531	9.178075	-3.469551	-2.288087	1.212454	8.262310	-3.343068	4.702675	7.157054	-3.529698	3.546426	2.306282	0.185089	-3.635511	7.298074	-1.615378	9.073577	-0.980240	-5.135783	7.318955	-1.604439	2.646046	4.659480
2439	5	-0.992117	2.614625	4.213845	-0.609068	6.673411	6.640510	-1.358470	3.894536	3.856076	0.079329	-8.643930	6.225339	-0.855755	2.409970	6.194680	5.349293	-1.382823	5.743152	0.771488	2.869946	-4.668020	6.259203	-5.099872	6.071849	2.223500
2496	5	9.567442	-4.815451	7.018339	-1.824861	0.736624	-8.128343	6.323779	1.317558	-5.052143	5.584320	-2.145040	0.043212	6.978417	-7.503024	5.585365	-2.597142	6.329172	0.865698	2.083054	1.649802	-2.599327	6.332208	-0.061775	4.253810	-0.337781
2529	5	5.172143	-0.541794	-0.315127	6.639961	-4.910304	5.176550	-5.484203	5.981486	0.964599	-4.491403	-8.053241	0.334944	6.251738	-4.475917	6.329038	-4.185840	5.431551	-4.369869	6.631159	-0.332920	-1.528446	0.202374	6.252044	-4.467963	5.948085
2542	5	-9.759119	6.539796	-4.585708	6.700185	2.388557	3.872983	3.557525	0.041883	7.743511	-3.636060	-5.486197	0.173070	6.662635	-1.603546	6.421220	-10.585600	6.540967	-3.096967	4.682190	3.395787	4.747187	-2.942073	6.662183	1.596415	0.323545
2553	5	6.922820	-5.622914	6.663723	-5.917217	2.003842	-3.779469	-0.146344	6.663264	-6.003008	5.668657	6.968506	-0.107682	1.418148	6.814293	-3.948199	-8.202225	5.371311	0.837509	0.536593	5.668391	-3.092846	5.371921	-4.296920	6.286690	-0.283404
2566	5	6.165656	-0.211916	1.732180	4.869097	-4.222670	6.165667	-3.436495	6.282045	2.332801	-2.930005	-5.603438	2.535031	7.241068	-4.206814	5.958099	-4.110135	5.766233	-3.124106	8.712575	0.139263	-10.274190	5.682600	2.488756	-2.742396	5.969904
2573	5	4.169710	5.391189	-5.547801	7.094018	-4.323739	7.588710	-2.311776	6.502728	1.950992	0.670969	-5.892717	2.264844	6.357034	-0.779423	5.738389	-2.381404	7.513282	-5.545062	6.802822	0.675444	1.825297	1.474422	6.501363	0.126566	4.578229
2600	5	7.609624	-1.841279	2.021722	7.371633	-6.489451	-3.907324	-1.480095	6.357356	-2.396143	4.574917	8.280500	-7.714025	6.144470	3.181323	-2.971900	-0.475548	4.758286	-2.754872	7.470808	-0.276071	-6.239441	4.669825	1.615673	1.939386	4.218689
2603	5	-9.737971	4.015902	1.587533	-3.266381	6.835978	-2.971576	5.309594	-3.713488	8.673106	0.545045	7.846896	-0.976578	3.226640	2.324682	1.052987	3.605681	2.939089	-3.213536	8.672597	-5.214439	-4.529544	-0.615313	7.862909	-3.281502	6.835972
2651	5	6.950944	2.635289	-2.585874	7.025161	-1.874164	7.331882	-2.594625	6.105552	3.429677	0.552278	-6.139934	6.290848	-0.084310	0.769219	6.236125	7.323288	-0.162919	1.523570	7.005653	-1.862748	-1.990445	1.974071	4.355949	-1.390367	6.355032
2708	5	-7.266661	1.262528	7.701376	-5.385892	6.605343	-2.933035	1.542000	1.934647	5.462090	2.999599	-5.872858	7.070889	-1.596740	5.471153	2.995970	6.454734	-1.428686	1.827800	6.816510	-3.373764	6.453196	-1.873212	7.705796	0.395390	0.432182
2722	5	4.262496	0.935826	0.877128	7.546110	-4.566301	4.259212	-3.680649	5.370319	3.403087	0.647217	-13.968169	6.962464	0.951810	1.858115	5.967411	-7.540127	2.252096	6.318555	-2.388216	6.090586	-8.331443	7.622636	-4.409086	7.535761	0.071383
2754	5	4.644253	-5.112087	4.932173	4.309178	-3.535734	-6.720139	6.172704	-1.430195	5.562479	-2.298777	-2.978617	0.557398	7.008293	-2.030096	3.281177	-1.796483	0.587708	4.901439	4.321157	0.229472	-9.031481	5.449174	2.559256	-0.495566	3.285160
2845	5	-10.662335	7.485474	1.349962	-1.445707	5.043865	3.871983	-0.518079	6.941643	-0.307058	0.739049	-0.190497	7.374468	-3.386970	6.016715	-1.377392	-10.127741	3.750966	5.240185	-4.905542	5.043865	-4.182120	7.488057	-3.386969	6.016715	-1.096914
2873	5	-5.745324	1.507821	6.286706	-0.712693	8.518742	-6.262623	6.398097	-5.288448	6.966218	2.119548	-5.751346	1.517996	2.839527	4.794310	2.120464	7.194623	-3.578904	2.861617	4.807214	-4.426753	3.945016	-0.305326	0.447735	6.893214	-4.398318
2899	5	-2.008291	1.605403	7.020936	-5.642420	5.861619	6.264161	1.884516	1.591499	4.987834	-4.603573	-4.929143	8.037535	-4.815974	5.065039	1.878415	6.393815	-4.525927	7.020878	0.215540	-0.782401	-7.594969	8.036591	0.685027	-0.785996	5.861509
2915	5	6.941284	-5.024788	5.840051	0.667226	1.572584	-10.037428	7.337089	-0.583589	0.159260	6.371529	0.869992	6.531247	-4.162754	6.485642	0.592045	-5.457084	7.336922	-4.162541	6.484811	1.086962	-4.226696	0.970867	6.308979	-5.650333	6.371157
2936	5	7.763742	-2.264160	9.137587	-1.089473	3.431165	-5.051930	1.425964	8.908721	-4.393020	7.702535	1.223150	1.142258	8.950237	-4.392691	7.642226	7.027851	2.123134	2.356882	5.978286	-0.743182	-2.244767	5.864456	0.908001	4.110760	3.546007
2944	5	5.837063	-5.792098	6.701448	2.034136	-3.788024	-1.021844	5.577449	-3.950970	8.381311	-1.482246	5.832678	-0.679859	2.006796	7.234878	-3.967691	-4.753158	5.581336	-3.952020	8.380353	1.555097	-1.323379	0.193277	6.833471	-4.235721	4.746331
2959	5	-0.416237	7.539861	-5.767391	7.666864	0.742106	-8.374901	7.540745	-5.767138	6.740207	3.390309	-10.973809	7.517713	-0.200238	2.941051	6.007111	6.674024	-0.882087	5.410771	1.179867	1.411055	6.460872	2.844746	-0.312955	7.700933	-2.503921
2971	5	-2.821675	5.321125	-3.529234	5.098881	-1.384564	6.160588	-6.191685	7.230061	-1.020562	0.241071	-4.290116	0.257571	7.229043	-5.397718	4.794114	6.161738	-1.150855	1.565026	5.112846	-5.940419	-7.118692	5.214235	2.134723	0.551127	4.787696
3036	5	-12.280089	5.122794	-3.885324	1.526113	7.500086	4.800612	-1.025975	0.231724	7.159804	-2.754529	-1.018883	-0.993196	0.231724	6.960381	1.451563	-6.587150	-1.351866	6.671360	-4.269974	7.526522	-6.717453	5.122793	-5.248910	6.978510	1.476030
3065	5	-9.954363	6.342946	0.220112	1.831672	6.547579	7.387151	-2.858355	3.331262	5.697655	-3.556360	1.217532	6.289748	-2.483239	5.970834	-3.414468	7.387425	-4.654050	5.228659	3.750281	-3.284512	-4.241446	1.178428	5.987615	-0.413751	6.653378
3067	5	-5.513725	7.955117	-3.307944	7.146923	2.604894	6.757032	2.415514	-0.417529	7.157115	-1.749246	-7.871972	7.945816	1.288871	1.805047	7.197250	5.244371	-3.659742	4.538187	1.730923	2.865933	-2.121905	1.924979	4.462500	-3.439402	7.147799
3100	5	-4.681629	0.393243	6.761262	-1.382999	6.733031	5.665125	-0.710270	1.606700	5.824353	-5.049350	-5.483246	6.356669	-0.496139	5.830710	0.658986	0.702504	0.107745	6.761282	-1.382987	6.543069	5.623961	-5.776306	6.707739	0.834333	0.629623
3117	5	-2.927464	-0.455989	6.126011	-2.823059	6.758306	-8.257278	4.843560	-0.237075	1.627803	6.756355	6.446154	-5.117137	4.776089	3.923553	0.157625	-4.083721	4.844180	-3.978985	7.819179	1.631278	2.237581	-6.334663	6.126023	-2.790359	5.545864
3123	5	2.371772	-2.204807	7.933137	-1.429963	3.366450	-5.782075	4.786465	1.903351	-1.006169	7.052794	-2.689958	-1.013635	7.915729	-4.125238	7.052793	6.089364	0.948329	-0.162333	6.947781	-3.734116	-5.036223	4.900954	-2.808172	7.027281	0.577894
3151	5	6.636456	-3.218469	4.779645	3.995222	-2.900890	-4.465110	5.059793	-3.460038	7.095588	1.625213	6.623142	0.727259	0.086989	8.420501	-3.460568	-9.969871	4.566220	2.367446	2.771503	6.398902	-5.966539	0.786976	5.976250	-1.764698	6.977311
3157	5	-3.967581	6.636095	-0.805011	5.590786	-0.657890	5.967107	0.518735	1.697820	5.588586	-5.667964	-7.285357	3.773798	3.853214	-2.243671	6.027204	5.967226	-5.412525	5.067786	2.195142	0.790600	-6.414241	0.507916	6.362403	-4.059529	6.026008
3194	5	-5.633232	7.596113	-8.040394	5.400561	1.593755	5.364966	0.788336	-1.485893	5.401555	-2.694161	-11.223791	7.193518	-2.155064	-0.049402	7.128706	-6.654272	2.082011	4.364342	-4.767671	7.128711	5.279899	-3.863687	4.396089	0.526856	2.841772
3224	5	8.440146	-2.398712	4.189104	2.040236	-1.796085	1.588909	6.832353	-1.347090	-1.070530	5.252297	-3.985660	7.303096	-1.351178	-1.086965	5.742370	7.057499	3.482138	-2.118057	4.559967	-3.942343	1.717136	6.721531	-4.647900	4.771812	1.699297
3253	5	-4.290924	-0.760851	6.056582	-4.615591	8.333258	-5.664579	5.713760	-0.784520	0.390232	4.404915	1.714339	-3.487244	6.056593	-4.615594	8.118847	5.528998	-5.025460	6.056593	-4.614083	1.956571	3.597641	1.455088	0.700235	4.908476	-1.192966
3265	5	5.341886	-1.396068	7.125465	-0.839139	1.130974	7.162495	2.123136	1.423329	5.139433	-2.951870	-4.708860	3.086042	6.938981	-6.315047	6.783502	-10.327490	7.730250	1.011586	-0.398894	6.783205	1.014137	1.826692	7.123947	-4.849587	5.610377
3326	5	4.965344	-5.864044	5.646353	2.241301	-3.233604	-6.259360	6.716716	-4.283417	6.736357	1.063546	-0.000048	6.557041	-4.283524	6.737365	1.048766	-0.615899	0.669806	6.205835	-3.337959	6.532586	-6.956696	0.716015	6.166231	-3.322251	6.536702
3411	5	7.227005	-3.031483	7.880348	0.229560	2.228280	7.741190	1.623692	2.238415	6.494210	-3.665304	-6.708723	6.787133	2.928756	-0.225231	6.118353	-1.370516	2.535814	7.816189	-5.881289	6.118614	-4.301375	7.515975	-2.763140	6.694055	0.154211
3441	5	-4.951821	7.652077	-4.115969	4.393645	4.304717	-5.283008	1.322823	6.223175	-2.208904	6.660036	6.484621	-4.856575	6.225438	-1.856679	0.441916	-2.636111	1.340321	2.022743	4.331357	4.304778	6.535335	-4.211221	1.120979	5.588635	-1.913610
3531	5	6.098359	-6.733045	6.572337	2.370364	1.230554	6.475456	-0.378758	0.552613	8.366523	-4.212358	-7.641148	5.816076	2.250628	0.775977	6.725934	-2.748307	6.202810	-4.323369	8.380745	1.240405	-5.011028	-0.196031	7.095229	-4.132414	6.725991
3532	5	-2.976265	-0.266270	7.040961	-4.213210	6.476172	-8.667238	5.709741	-2.578023	1.311607	6.459449	6.361859	-4.503995	1.149990	6.912273	-5.040359	-2.431457	5.706105	-3.698226	5.743475	0.786281	6.361543	-4.855448	5.526041	0.383417	0.649911
3565	5	-4.799762	6.709422	-5.322413	3.629687	1.959198	7.101470	-4.218706	6.978144	-0.186806	-0.176599	-10.939406	6.742986	0.824471	-2.550272	4.468167	6.763400	2.329602	-5.304187	3.635225	-2.413057	-4.558339	0.230020	6.207939	-5.494822	4.453727
3577	5	-6.100779	5.658870	-1.915452	4.423093	0.044639	-4.920065	2.249561	5.249755	-5.671673	6.430648	-11.235836	5.658866	0.696905	0.152665	6.038115	6.279854	-3.983723	5.305236	-1.484978	2.530190	6.562542	-0.590772	2.717322	4.408458	-3.905336
3588	5	6.078309	-3.214385	5.891454	1.159929	-1.554100	0.468575	7.764337	-6.182451	6.858395	-0.882852	-8.284871	7.759760	-0.163855	0.313076	4.706249	5.794763	2.784122	-0.936659	6.713252	-7.124101	-6.141328	7.767555	-6.182997	6.857961	-0.863955
3597	5	-2.699183	6.591621	-3.034686	7.899761	1.896569	8.373423	0.294395	0.646211	7.568922	-0.203536	3.077943	-2.608726	6.683933	-1.346717	6.008379	-8.002169	6.591863	0.186280	2.355494	7.163649	-2.282923	2.238462	5.612402	-0.588864	7.338358
3624	5	3.549972	-4.321459	4.110896	0.311337	2.507951	-9.395402	7.063368	-0.751051	4.029502	3.602813	-10.870140	7.063270	-0.342830	3.464721	4.369513	-8.122919	1.389363	4.362669	-2.114452	8.067315	3.669718	1.316575	0.671794	5.999354	-2.144796
3757	5	7.135000	-3.282610	7.448361	3.357936	-1.672101	6.938156	1.308237	2.123925	8.217533	-5.963644	1.756572	6.453967	-1.055688	8.501809	-5.745551	-10.690861	6.417054	3.447953	1.507498	6.541130	-4.160421	7.308680	-1.066471	8.501707	0.661932
3761	5	8.408761	-5.471315	6.639230	-1.598248	-0.004397	8.427598	0.936261	0.284810	2.650048	-0.217353	-0.659708	-2.768874	6.654253	-4.005702	5.630606	-7.136945	6.001912	-4.561293	2.257728	5.586662	-7.163963	5.716161	2.063325	-2.520949	5.715592
3786	5	-5.417543	0.815601	6.925562	-1.330645	6.623792	5.240259	-1.090336	2.878238	7.306177	-4.456544	-2.821206	4.687981	-0.648090	8.189100	1.411273	-6.594453	3.386431	3.515294	1.574131	6.621340	0.622130	-3.553399	6.950201	-1.334322	6.252373
3792	5	7.084297	1.222844	0.649758	5.956345	0.103267	2.614480	-2.125915	6.344405	-1.433245	3.790402	6.854260	2.703891	-1.119654	5.956373	0.103266	-4.696287	6.772824	-4.314293	5.945744	1.435028	-5.176957	1.861951	6.001734	-4.018182	5.134023
3793	5	9.024509	-3.154599	6.976134	2.604099	1.481339	-2.961794	-0.132227	7.465373	-3.458358	6.443599	-9.158281	5.470135	2.402935	1.198722	6.410185	7.429506	3.398455	0.963520	7.310108	-1.912245	-2.987237	6.364176	-0.348573	6.929521	2.917001
3830	5	8.104506	-3.499456	6.551357	1.083954	-1.368223	-8.111618	3.192386	4.595929	-4.816319	4.874587	8.102948	-2.536091	2.872470	6.144620	-6.250625	-8.340247	6.235763	0.935056	1.390199	4.755586	-2.547379	7.228763	-2.042234	7.243845	-0.798952
3945	5	-2.830292	7.473262	0.400717	8.786822	2.069261	3.009343	5.560873	0.401114	9.029870	-3.159756	6.273424	-1.544187	4.503121	4.502071	-2.197779	-6.373867	1.248146	6.475663	0.330222	5.721874	-8.288528	7.250012	3.052735	2.094652	5.433749
3985	5	5.277855	-5.759246	7.405061	1.606853	0.319829	-8.741888	7.334716	1.321205	1.058752	5.887866	-3.332788	0.870795	7.262134	-3.919487	5.888957	5.406623	0.436598	3.328516	4.022028	-5.050555	-6.405093	7.334996	-2.745455	6.578170	0.435080
4059	5	-3.917496	7.313398	0.647045	2.305638	8.040928	8.057097	3.613296	1.743198	7.629387	-0.889986	-2.766375	1.186746	7.549535	-3.242155	9.311293	6.622169	-2.168962	7.557962	-3.198746	4.069365	3.498391	-0.663127	7.557789	-3.242129	5.860026
4067	5	-1.365220	1.144687	6.111612	-3.141881	7.270765	6.859503	-2.605018	6.199082	1.627246	1.544383	-5.130809	4.165482	1.483267	-0.172577	7.208440	0.237139	4.215444	-4.215780	7.145174	2.326055	5.736162	0.498311	0.726893	5.201620	-2.060999
4087	5	-3.609817	6.530289	-6.798156	4.138820	1.725488	-7.832022	6.524090	-2.993616	-1.235715	6.736684	-3.428895	1.822642	3.435348	-7.136644	6.736947	7.524008	0.674919	-0.831233	5.146657	-4.166586	7.485943	-3.897383	3.435728	-0.868791	0.845831
4120	5	5.259195	-4.071968	6.069292	-0.165508	1.000489	-0.003967	5.716596	-4.374380	6.168528	-1.488402	-6.850494	0.791425	6.069382	-6.735570	6.848935	-10.431972	5.698650	0.774845	-0.412498	6.888766	-4.699048	5.716948	-4.373716	6.167481	0.526067
4121	5	-5.666972	6.349432	-4.786534	6.511804	1.630081	-7.654596	2.356405	5.141478	-3.522171	5.562204	6.549724	-3.759279	5.901136	-0.017806	-0.145221	-8.320850	6.455581	-2.793396	3.032466	5.482838	4.737704	0.827228	-0.157053	6.514140	-4.076791
4186	5	-6.448075	6.929882	2.644666	-2.899478	5.629141	-4.535784	7.088531	-3.181015	4.327818	-0.332503	-3.804913	2.284749	5.427390	-4.544113	5.629170	4.620912	-3.594760	5.865312	0.971603	0.265872	4.361778	1.985864	-0.091240	3.977888	-4.337835
4226	5	-7.559084	5.418953	0.353681	2.295129	8.001557	6.985858	-6.168711	5.403683	2.293566	2.051510	2.166971	-2.125613	5.907415	-2.850904	7.169349	6.654137	0.188580	-0.065049	8.648661	-2.636573	-4.391158	-0.988205	5.871238	-2.916594	8.679335
4228	5	3.299614	-6.904577	5.081207	0.752390	-0.168456	-1.303642	-3.992543	1.520639	6.725296	-3.893763	-4.524799	-1.205832	5.358998	-3.250132	6.812629	-1.304386	-4.006150	5.075328	0.753567	0.230014	3.299720	-6.890100	1.526469	6.725102	-4.294170
4333	5	7.925217	3.492666	0.176545	0.606791	0.032529	7.924583	3.493969	-4.390773	7.061082	-5.304765	-3.696081	8.715502	0.173692	0.332556	2.776498	2.545812	6.981449	-4.393615	7.060927	-3.620992	8.443023	-2.399200	5.980670	-1.836556	0.087897
4451	5	-5.464698	7.508826	-6.679778	6.261701	3.253506	6.259935	1.794130	-1.461303	6.666767	-2.729764	-5.335245	3.826880	1.776004	0.229047	7.232730	6.260415	-0.043369	4.948097	1.521951	-0.248324	1.505304	6.723729	-6.587570	6.666585	0.422322
4457	5	-4.629784	5.751195	1.532732	1.435397	2.718938	-0.070103	1.193653	7.254369	1.413687	2.701365	6.753479	-4.504493	7.503908	1.512846	-3.427423	-4.720499	5.882223	-3.728527	4.879396	2.718926	-8.956940	5.751184	1.532795	-4.196153	6.668954
4462	5	-6.102425	7.085840	-0.690495	0.820949	5.622437	8.774163	-4.501933	5.770752	1.934791	0.315515	-2.757541	1.959684	4.840606	-3.979764	5.623027	8.450370	0.625839	-0.043507	6.739502	-4.957735	-1.620247	7.085843	-6.492645	7.022177	0.327035
4529	5	-4.765526	5.858833	-5.026100	6.286526	-1.293713	6.198658	-5.626990	6.356588	0.962590	-1.246554	6.198658	-0.665887	-0.093570	6.366952	-7.081566	-8.557009	5.806388	1.486694	1.745996	4.535682	-3.384630	0.895236	6.354396	-2.821173	4.540854
4623	5	-5.373609	6.350837	-1.845746	5.609493	2.432437	-10.818911	5.891218	1.962951	1.252931	7.689956	-4.551173	1.839473	7.553909	-3.404706	8.249329	2.162701	1.170183	7.607229	-3.404607	6.681051	7.700508	0.628421	7.465951	1.815030	0.837675
4675	5	-3.723070	-2.040684	6.554614	-3.631565	7.711302	6.875958	-6.045499	1.655315	7.096447	-5.245877	6.873112	-7.448959	6.544595	-0.051953	1.314762	0.013153	-0.641790	1.656519	6.869002	0.082605	-8.996715	3.992120	0.376518	1.892988	5.505570
4680	5	-2.470380	5.829253	-0.383036	0.052043	5.382371	6.476974	-4.136111	5.582627	0.874710	-0.001458	0.610633	5.481270	-5.860495	6.708873	0.956771	-5.784874	5.877828	-6.151483	6.703322	1.105684	-8.366405	5.882428	-0.408210	0.073448	5.384564
4699	5	-7.776529	6.005940	0.921044	1.593683	6.127801	-5.959353	6.623021	-0.600880	3.904259	2.735315	5.738503	-2.626033	6.441136	1.824759	-0.399352	4.629091	-2.415346	6.609648	-4.168379	3.626425	5.841530	-1.419316	2.120761	7.812957	-2.871791
4707	5	-9.104235	5.489265	0.902211	-0.353099	6.322003	-2.368660	5.317983	-3.316159	6.081103	0.304046	-3.989864	-0.947288	6.563320	-6.378996	6.339112	5.822122	-5.559805	6.596811	0.072775	0.110166	5.828974	0.811346	1.940143	6.018494	-5.869904
4752	5	8.310823	-6.496122	6.417134	-1.791765	2.458350	1.693135	-2.246519	6.194065	-4.591617	6.759769	-3.836894	4.935017	2.150627	0.121505	7.617264	8.524104	-0.994237	1.498910	5.086099	-2.380881	-1.970770	-0.552786	5.777285	-5.090846	7.628972
4767	5	-4.970599	0.364686	8.154002	-3.689268	7.210984	7.314373	-4.607146	6.910587	-0.830380	1.328642	-3.335641	7.005565	-4.342929	5.432836	0.967688	7.608910	-4.173581	1.961901	2.837494	-1.176951	1.649113	-0.231550	8.215107	-3.598846	6.832031
4824	5	-9.139040	6.888111	-0.706701	-0.374097	6.802720	8.538997	0.726725	-0.217780	6.186128	-5.934228	-4.070127	6.906527	-6.770566	6.185866	0.321557	8.775977	-3.673503	5.636468	3.297154	-0.980993	3.241205	-3.650965	5.858059	-0.304877	2.961505
4828	5	-8.980717	7.184263	-2.441478	6.518251	4.433784	-4.394530	1.214984	7.165003	-3.075880	7.987187	6.582271	1.709659	1.901219	8.622318	-1.783766	6.597381	-4.235403	6.003279	2.889072	-0.233888	0.234314	1.898090	1.756992	8.633806	-0.166075
4834	5	9.443407	-4.825233	6.182065	1.416830	0.284800	-7.066681	7.176740	-1.508715	3.969230	5.181979	9.442223	0.577895	1.887316	5.555727	-1.580379	-1.790670	1.833966	5.849655	-1.746134	6.262488	-7.288740	7.102030	2.566312	-0.053369	6.193728
4839	5	-11.422519	6.750020	0.907821	3.166747	5.246398	-6.217599	6.750043	-4.021564	7.078695	1.340516	-6.002232	0.420698	6.345638	-2.197858	7.936555	5.891205	0.412872	0.728146	7.462190	-4.669779	2.873272	-2.748407	6.344424	0.090486	1.926758
4843	5	-2.973840	6.101798	-3.819314	4.360097	1.564063	7.603207	0.529982	1.707870	4.333812	-4.964169	7.601903	-2.389972	7.139222	-0.687717	0.504908	-3.806489	3.373025	6.086511	-5.558405	7.036600	-5.173570	6.529081	1.587652	-0.511151	7.036264
4923	5	6.497421	3.850627	-1.814105	6.814014	0.453935	-3.500469	8.475406	-3.895905	6.814766	1.846684	-8.372891	8.477426	-1.203764	3.011007	6.026630	-2.543311	2.076804	5.515552	-0.546221	6.686131	3.736016	-1.923196	5.985573	-0.702514	5.330671
4932	5	-9.142353	6.651459	0.796404	-0.277324	8.387663	-4.280439	0.578087	7.290354	-5.129851	8.387703	6.361918	-4.883980	7.289110	1.142672	2.547160	-4.409417	6.856836	-3.588134	6.021985	1.867072	6.711131	-3.726385	2.922728	5.248987	-3.552699
4934	5	-7.540310	8.318885	-1.565401	0.860274	5.544617	8.753652	2.321119	0.643376	5.220415	-4.378779	2.767979	6.775403	-5.731700	5.220439	-4.376800	-3.015076	8.370241	-5.859870	5.209754	1.081267	9.249302	0.157507	5.272756	-0.577345	0.094937
4948	5	7.029118	-5.204502	2.960102	8.455021	-4.885824	6.998240	-5.211477	6.676492	2.872233	-0.037369	-5.377653	0.634762	7.265045	-1.834569	4.696374	-5.511824	6.407080	-2.003302	8.897533	-1.165668	1.122674	-1.594035	7.265440	-1.214404	4.018050
4986	5	-1.910910	8.617053	-4.066170	7.004506	1.500183	-5.030393	3.167098	6.667654	-3.050673	6.761320	-6.832794	8.356915	-0.394221	3.229840	6.432822	6.331065	1.072548	2.390566	8.920050	-4.301492	6.346558	-0.977830	6.849490	1.335334	1.032802
5037	5	5.798719	-1.083990	8.790233	-0.991797	2.544203	-4.412138	2.543754	8.626696	-5.337774	6.609992	-9.950767	6.022867	2.339865	0.375853	6.591007	6.413878	-0.101815	3.201447	6.101227	-1.819079	-4.893674	6.954610	-3.253049	6.595981	1.823471
5045	5	-5.272111	2.901421	4.432422	-3.716682	7.907824	7.991046	-0.106292	-1.553902	5.736578	-3.028144	3.193023	-3.048546	4.901215	-3.739183	6.217336	-6.963047	6.026054	-1.537501	0.710051	7.906962	0.035356	2.888624	4.446383	-3.717847	7.580829
5084	5	-12.498221	6.651313	1.140420	2.746025	5.020637	-7.034425	6.651395	-4.507911	6.203259	0.539136	-7.213641	1.035470	7.100856	0.005975	5.515416	4.727495	-4.560442	5.591649	4.162870	0.869972	4.751049	1.042629	1.304003	6.212913	-2.176022
5101	5	-2.457651	6.355273	-3.828383	5.317508	2.322788	5.690566	-1.776923	6.070939	0.610111	0.906287	-7.661118	6.358353	1.089014	0.555190	7.494474	-4.440109	0.568311	6.170098	-4.156269	7.531006	3.208684	5.116288	-2.500552	5.320789	-3.932837
5106	5	5.354995	0.326819	1.952184	6.166509	-5.710133	-4.487028	2.895384	4.891008	-4.811572	6.004445	-6.180520	6.141762	-2.662361	5.519023	-0.382821	-8.469307	6.118583	1.735384	-0.175512	5.786140	5.206664	-2.882966	6.426479	-3.605941	0.677238
5122	5	-3.139604	-0.152534	7.861929	-4.587989	3.940042	4.388708	-4.449314	7.949797	-0.099439	1.063069	-8.334346	6.028155	-1.865414	6.482771	0.779263	-8.500840	4.741675	2.064485	1.998360	3.937179	4.385691	1.730488	-0.708440	6.482854	-2.097552
5167	5	1.912101	6.171939	-5.418597	6.505828	-1.572120	-4.507213	7.159268	0.519692	1.316176	7.065196	8.814934	1.524730	-0.172572	6.508595	-5.805801	-1.410984	7.037261	-5.394452	6.463159	0.449707	8.602191	-0.298771	5.748594	1.861115	0.700033
5207	5	1.415170	-4.967980	6.026863	-4.726040	7.124517	7.292646	0.445391	-0.442934	5.898874	-5.015886	-11.238103	6.685407	0.143699	1.865816	7.154974	7.305927	-5.457700	6.026863	-0.693297	0.752739	-5.244804	6.691883	-6.322914	5.892488	1.564193
5214	5	6.382070	-5.861831	6.899461	3.019139	-2.456383	-3.558393	0.692580	7.137985	-3.687178	6.772060	6.387372	0.731244	1.111878	8.987105	-2.673008	-7.791317	7.292242	-3.867060	7.379218	3.950722	-9.312032	7.254680	2.088960	2.012966	6.244067
5238	5	8.400446	-5.410897	7.488204	0.020621	0.067810	8.393751	0.786679	1.036723	6.719574	-5.961804	-2.137771	6.562255	-4.350105	6.640380	0.189268	3.075146	4.462488	-4.241674	6.746374	-5.961900	-5.663290	6.478061	1.698445	2.249439	6.236497
5271	5	6.349847	-0.522248	0.474812	5.778247	-5.807024	-4.669954	-1.022194	5.615616	-3.234576	4.882265	-2.310333	4.850732	-1.768507	5.778186	0.660826	6.418050	-6.395235	5.627343	-0.218802	-1.599933	-6.845401	4.850667	0.650913	2.762753	4.724555
5291	5	-1.504752	-1.306434	8.710481	2.315277	-1.054846	-1.497891	-1.284063	2.632367	6.937832	-3.871798	4.003441	-7.181293	2.632368	6.937832	-9.543856	4.003438	-7.206633	8.710478	2.315294	-6.726943	-7.856230	4.680338	-3.420272	7.139293	-3.871943
5300	5	7.260103	0.466259	7.109589	1.149822	-3.585518	7.229730	2.622979	1.744392	5.970669	-3.588862	-4.032089	4.140097	6.217839	-5.033780	7.669613	-1.041586	4.138648	6.219334	1.314261	1.787171	-5.150797	6.883667	0.183549	5.993124	1.805091
5313	5	0.837781	5.535823	-3.141709	7.181337	0.028883	6.233452	-2.925047	5.798472	2.982653	1.052442	6.233833	-1.172513	1.846447	7.143426	-5.099500	-5.731724	6.490745	-3.987079	7.181302	0.215788	-4.575909	1.846675	6.565832	-2.210910	6.584560
5316	5	7.896726	-4.442882	1.456434	9.125124	-2.445369	1.388731	-1.352398	6.606829	-0.726236	7.662626	-3.272724	-0.826355	6.600896	-0.726243	7.855644	0.743506	5.618498	-3.662683	6.697456	3.610637	-4.007744	5.686719	-3.715468	6.564710	3.645331
5327	5	-8.980271	6.659772	-1.504232	1.346700	3.704468	-7.607495	1.081284	5.310402	-4.976140	7.145929	3.776654	-4.942472	5.097844	1.285984	-2.311766	3.774936	0.582817	-1.097883	7.588070	-2.977756	3.653280	-4.925308	5.380623	-3.249000	1.047425
5331	5	-3.194785	0.188330	6.021510	-4.866637	7.865472	2.882706	4.669081	-3.752258	7.031625	-1.399671	-4.057565	6.020383	-4.907300	6.979109	2.270242	6.986054	-1.784982	6.040704	0.943735	0.143932	-7.378430	6.019620	1.448263	1.357411	5.724263
5365	5	-5.120556	-0.534771	8.432394	-3.254026	6.116029	7.120882	-5.472778	7.326181	2.492462	2.138989	1.343995	-0.603285	8.432401	-1.810563	5.197726	-4.744763	6.057673	0.976445	8.083345	0.564051	1.735320	5.740417	0.977109	8.085577	-0.732437
5411	5	-3.445228	5.841566	-6.814740	6.564805	-1.011587	6.318878	0.576229	-0.876596	6.557251	-4.420603	1.480910	5.293786	-6.797353	6.564805	-1.956790	7.883473	-1.074481	5.464215	2.041324	1.298570	-4.581056	5.712588	-0.481806	0.399799	5.096991
5412	5	-3.258464	4.977998	-2.791692	7.531021	-0.187651	6.508817	-3.125152	5.418333	3.245773	-4.922517	-4.703618	0.889505	6.363911	-3.116252	6.042089	-1.247674	0.962257	5.317407	3.246610	0.951060	6.034529	0.905674	0.735184	7.529534	-6.062114
5424	5	7.289775	0.426876	2.431484	5.962085	-7.677904	-7.299894	6.560201	-0.012007	2.335957	5.092720	-4.343491	2.247810	7.406121	-3.592401	5.357713	7.509321	-3.179983	7.483035	0.221491	-1.147712	-4.458063	6.704238	-1.347942	6.150055	-1.184643
5449	5	-5.437906	-0.797034	6.786845	-4.329574	6.675982	-10.655504	5.556682	0.973687	2.295871	6.592919	-5.560816	5.559320	-3.404822	8.083926	2.232202	5.911111	0.715154	1.294875	8.522664	-3.371959	6.137885	-5.627750	6.509196	1.881167	1.037814
5480	5	6.752124	-2.778685	7.926862	-0.108843	-4.409430	-5.603802	1.470339	7.936656	-6.335887	5.460331	5.695644	3.783956	0.790827	6.133897	-4.843422	-2.826367	8.026568	-4.561426	6.516050	-0.953129	-9.203118	8.025053	1.817078	-2.258627	5.220692
5541	5	5.503269	-1.209696	6.912708	-0.319040	3.620850	-8.672814	8.200599	0.898683	1.466160	9.255873	-5.693419	3.927795	5.531125	-2.553690	9.256506	-4.466062	8.200475	-3.771163	5.615328	3.186053	5.792217	2.995448	2.137896	6.350767	-2.566702
5551	5	4.979118	-0.362947	0.667458	7.281453	-6.324312	-4.796363	-1.064612	6.094171	-4.488506	6.333924	4.979140	-6.577563	6.157792	0.637491	0.065403	0.885965	-1.624001	6.120789	-4.502020	5.441138	-5.924220	5.151841	-1.452837	7.066325	-0.124642
5575	5	6.685181	-0.321771	1.404901	6.354018	-6.945825	-4.876919	0.291278	6.797668	-3.822674	5.519168	-10.963087	5.762879	0.121139	1.364485	5.283185	6.685181	-5.777558	6.599442	1.578317	-1.385200	-5.073004	5.763066	-5.158313	6.354261	-0.350670
5580	5	5.800477	-4.493343	6.929488	-2.387964	2.371186	-7.509491	6.082216	0.592534	-0.099129	6.777637	-0.908537	0.838501	6.927980	-5.334702	6.764198	5.878048	0.762066	0.387030	5.822750	-3.190349	-2.237839	6.109472	-5.892072	5.062316	1.216434
5587	5	6.838754	-4.150285	2.780244	4.852650	-3.002906	-0.629437	3.537471	1.411454	0.468068	6.698813	0.207219	-0.851128	4.898179	-1.277720	6.640708	-5.965505	-0.829470	4.898097	-1.279893	6.726383	-6.734148	3.541653	1.410636	0.467615	6.726245
5620	5	6.205771	-1.154951	1.588340	7.136898	-5.664184	3.051551	-2.032078	7.827941	1.599503	0.928694	-4.720622	5.831180	-4.181483	7.222708	-1.710493	-4.246026	1.220073	7.812242	-1.056459	4.439380	0.734098	5.725126	-4.097321	7.227626	-4.428493
5682	5	1.135294	5.631309	-3.968896	8.093779	-1.436834	3.901488	-0.318863	1.955612	8.039114	-5.293544	-7.542345	5.923345	2.031320	2.329095	5.913536	3.899446	-3.509226	7.973340	2.848459	-1.679967	-2.880043	2.865542	7.624070	-2.847484	6.345885
5711	5	-7.852757	6.695004	-2.643031	0.908398	6.488900	6.231263	0.129849	-1.098482	6.541228	-4.859121	1.709455	6.521395	-7.326437	6.541728	0.161659	6.372259	-4.299574	3.637130	0.895301	0.708331	3.297365	-3.323279	3.637506	-4.076420	3.811004
5734	5	-7.168752	5.791102	1.410052	-5.761195	5.932536	7.701558	-4.966063	6.892371	0.558869	-0.313570	-2.307623	-0.146397	7.282634	-6.025507	5.932433	3.539153	3.507886	-2.999295	6.636628	-5.938173	-3.783432	5.757418	-2.999578	6.636626	0.177708
5744	5	8.167420	-3.117240	6.135757	1.031158	0.466785	7.314991	2.982506	-0.427368	7.034086	-5.636723	-6.313912	8.437959	1.401214	1.143246	6.663816	-1.427353	8.446617	-2.865922	7.028910	-1.518362	-3.435455	2.362966	5.341600	-4.610512	6.395609
5751	5	-7.307656	-0.843635	9.042052	-2.141432	7.287746	5.202992	-5.283447	5.004895	5.430535	-2.489431	-0.994897	-0.843155	5.004870	5.404529	1.113158	-5.997554	5.485494	0.525274	8.871942	1.343283	-12.028918	5.485469	0.527512	2.709942	4.962391
5759	5	-1.961590	7.104677	0.652719	0.781159	6.884178	7.353684	2.558765	-1.755150	6.407758	-4.553946	6.799956	2.834517	0.778739	0.786032	1.663061	7.115585	-0.369886	5.753438	-5.501765	1.663085	-8.110732	7.212860	0.652715	0.781159	6.884183
5787	5	-5.608371	8.731368	-2.227499	7.023607	3.841921	1.296722	3.648642	5.163229	1.705698	1.699729	7.960061	-2.134895	6.808692	1.766179	1.486710	-9.373785	4.141846	3.739246	-0.870885	6.778477	1.553693	8.081578	-2.675915	8.335678	-0.179546
5798	5	5.989198	-3.118160	5.246408	1.369277	0.720371	-2.808156	1.533540	5.567418	-3.706115	4.142941	-5.904741	6.465334	-2.966261	7.371288	1.452406	6.079841	1.485682	1.947265	7.491228	-2.051151	-8.487515	6.464083	-0.092658	2.610215	3.971865
5800	5	8.009878	-3.142195	6.507066	2.088625	-0.600544	-9.533893	6.093670	0.709249	0.330117	6.027859	-3.773955	1.299029	6.910202	-4.533241	6.021364	-3.625979	6.239875	-2.419081	6.952067	-0.263372	1.941578	5.325286	-1.955328	6.952067	-3.922189
5819	5	7.052782	-4.388856	5.206405	-1.832377	0.848258	-7.926841	1.661842	7.195271	-7.357692	7.055085	-10.174751	5.901719	1.088697	-7.347176	7.055086	0.791630	-4.376509	7.200248	-7.281437	6.865220	-10.182829	6.440999	-2.085136	-1.277093	7.055084
5824	5	6.925693	0.022122	1.603034	6.082691	-5.687245	-5.865828	6.016900	-4.098295	6.182028	-0.202652	-7.589282	6.014081	1.160407	-0.300124	5.477096	6.858739	-3.507175	6.803551	1.881911	-0.929384	0.238058	6.014998	-4.098286	6.182134	-0.254288
5865	5	-4.378181	6.357618	-6.381134	6.717456	-1.096833	-4.917240	0.414866	5.683433	-3.278903	5.257868	2.205279	4.847220	-6.380886	6.717457	-3.220354	8.749193	-3.923480	5.670864	1.304480	-1.036705	-10.775497	6.357618	-1.235211	2.173740	5.234906
5878	5	7.380957	0.844910	0.775871	6.637204	-5.216404	-4.937427	7.287224	-5.753188	6.636031	1.168701	-10.001858	7.254243	0.106195	0.752572	6.379399	-3.805049	1.507767	6.605141	-5.184682	6.557485	7.360340	-4.876698	6.649287	0.719655	0.015828
5951	5	-9.729272	6.299249	2.207556	0.612770	8.057064	7.666685	-5.410967	7.896346	-1.964458	3.159930	-3.604853	0.864612	7.888107	-5.175015	8.087965	1.824031	-3.458938	7.896345	-5.175136	7.311626	7.887309	0.282251	1.934670	6.630206	-1.533144
5955	5	-12.096867	6.206597	2.526571	-5.134327	6.145261	6.699122	-1.590763	5.700402	-0.854519	-0.180132	0.037943	5.877917	-3.489052	5.664394	0.526074	6.382155	1.530331	2.710206	-0.725765	-0.180109	-6.321652	6.514811	-3.489051	5.664392	0.616980
5964	5	-13.587425	7.211369	2.729889	0.865007	6.580285	-6.990825	1.500601	6.498663	-3.355677	6.580338	-7.554448	7.250785	-2.635898	6.637475	0.502176	4.349562	-4.629362	6.072977	1.942364	1.284225	4.661681	1.042747	1.054542	6.660833	-4.792535
5967	5	6.133866	-2.562487	7.974191	2.617555	-5.687705	-5.035362	2.153343	7.567103	2.660450	0.853972	-8.732284	7.132659	3.599139	-2.096797	6.740788	-5.545397	8.268283	1.848312	5.147683	0.851655	-8.385379	2.184198	8.062380	-3.646791	6.744329
6031	5	7.762082	1.048318	0.886693	6.577206	-2.226312	2.972291	-1.876881	7.365363	-5.430675	5.607753	-6.709031	6.103661	1.690302	0.744413	7.057046	-1.295925	0.859264	7.279018	-5.432643	6.948613	7.679825	-4.194062	6.669189	0.336272	2.272470
6063	5	6.475037	-4.476068	6.693756	-0.852344	1.174088	-2.737974	-0.083423	6.695366	-6.342285	7.084568	-9.325506	6.995954	0.264376	0.039389	7.081420	-6.710672	6.995962	-4.767503	5.532153	1.140790	5.912438	1.765328	1.639558	5.619426	-4.841687
6085	5	5.453680	1.034447	3.288222	5.833064	-5.590660	-0.846434	6.786126	-2.864871	6.239540	0.580773	5.473900	-2.015153	6.473112	0.524413	-1.994570	0.051404	3.291301	5.682464	-3.235200	4.178345	-4.399642	6.792187	0.250699	1.713886	3.962930
6088	5	-8.461822	5.979834	0.775110	0.827147	3.521447	-3.679794	5.982540	-2.466046	4.679573	-2.541468	6.985627	0.549225	3.085245	4.028271	-7.834000	6.986162	-4.813941	6.791972	-1.898172	-2.879421	-4.428091	0.335052	6.749710	-5.743896	3.518534
6089	5	-0.135122	6.484129	-4.482816	7.154336	0.479034	-9.430187	6.426813	0.210335	2.195878	6.618284	-6.447800	6.484271	-4.482817	7.128906	0.548842	4.522437	0.354715	0.777956	7.273801	-2.888427	5.734569	-4.700469	5.508535	-2.751174	3.210607
6116	5	-4.979440	1.153244	8.160994	-5.732965	6.561397	5.603833	0.463822	2.328245	5.630973	-3.306237	5.605216	-5.309571	8.099881	0.198178	0.124447	-7.873899	7.314773	-2.972612	5.696304	3.130299	-11.013942	6.375165	2.856844	-0.477063	6.561389
6137	5	8.717938	-4.213647	9.584011	0.039724	-0.948698	-2.294457	1.237775	9.317267	-4.935144	5.797822	-4.511711	4.775656	4.642187	-4.876262	5.797822	-3.829969	4.775658	4.642184	0.090577	1.028471	2.406033	-2.644914	9.584012	-1.897565	4.049814
6146	5	7.838328	2.586386	-0.300997	7.513376	-1.355408	6.994370	-3.784276	8.547926	0.306527	2.988731	-10.862908	7.284876	1.677436	2.218475	7.087430	-4.506048	0.949227	4.870545	-4.100986	7.325378	-6.726446	7.297594	-0.819358	6.352916	3.298722
6181	5	-5.245301	7.664296	0.234422	3.447995	0.271312	-2.287666	1.370561	5.450158	2.942234	0.275321	-11.162810	7.662301	1.822649	-2.278279	5.465256	3.749157	-4.788994	5.558164	2.942422	-5.811180	-8.195380	1.071033	6.582472	-2.350598	5.477738
6213	5	8.400141	-0.691916	2.844744	9.204285	-0.700579	-0.625078	7.007564	-0.979702	9.234721	0.625430	-6.456031	3.342202	7.761487	-2.109244	5.291296	8.690202	-1.694282	8.517809	3.692778	-0.691634	-0.624921	3.340188	7.128729	3.692341	0.634389
6253	5	-3.577999	-2.237285	4.371010	-1.263952	6.476378	5.289964	-8.482269	4.366758	1.072759	1.687694	6.073826	-3.252995	-1.086298	4.785797	-4.027950	-4.180818	2.106143	2.284773	2.102852	6.195822	-2.370434	3.000821	-3.243792	4.784289	0.743847
6260	5	-2.229332	9.774525	-1.911412	6.867144	0.790440	-7.789753	9.773733	0.698018	2.305167	5.928344	4.144143	4.038294	2.266862	6.285549	-5.515631	6.231840	-1.732654	6.033256	1.924310	-0.410341	-7.874904	4.048733	5.506308	-2.434733	6.648570
6271	5	-6.134577	0.388708	5.715667	-5.272451	5.719718	5.273644	-2.662092	2.195266	5.705529	-6.164641	5.273174	-4.151612	5.701662	0.380508	-0.682213	-4.005732	4.797404	-1.502631	5.774835	0.229475	-0.258478	1.885706	2.189069	5.703785	0.229199
6290	5	-8.584827	6.102188	-7.196080	3.599129	4.573808	-7.165081	6.102191	-7.210813	5.879992	1.302930	3.512852	0.166378	-0.861067	6.045333	-2.206112	-5.643917	-0.135799	5.691897	-2.487053	5.713411	2.838188	-3.624059	5.694850	-1.230621	2.613651
6295	5	-5.874023	8.018659	-2.328223	5.863918	0.772666	6.267594	-4.391038	6.911461	-0.529980	1.023951	-4.464079	1.661864	6.909847	-6.880632	7.237413	-12.063653	7.279163	3.459210	-4.166886	7.237413	6.246864	1.960520	1.119403	5.838400	-5.419871
6309	5	-10.600477	5.518415	1.202061	1.805707	5.592996	5.738842	-1.233610	3.128396	5.906767	-4.042937	-4.609414	-0.584926	7.165780	-2.262273	6.902454	5.689730	-6.481642	7.192372	-0.280512	1.700474	-5.570785	5.518712	-2.122682	5.935332	1.042733
6393	5	-11.768775	5.111052	-0.140847	-1.048206	6.931133	-11.768804	4.831815	2.721347	-6.475567	6.931212	1.918604	-3.294155	6.518925	-6.589701	4.973564	-6.765524	0.420290	5.642445	-6.589846	6.931212	-6.506754	5.111728	-3.050059	5.049513	0.914356
6421	5	6.008052	-0.327016	0.121604	6.774431	-5.131278	6.008056	-3.219455	6.515589	0.277822	-1.086883	-3.946250	6.073738	-3.582348	6.776240	-2.266228	0.132037	3.119381	6.195471	0.277786	0.037414	-3.856285	5.004962	3.598340	0.326265	1.721607
6425	5	5.309377	-4.836056	8.180473	0.399735	0.137924	5.309381	-1.259369	2.470883	5.696797	-5.987774	-8.033595	5.084901	2.161311	1.088478	6.766011	-3.240759	1.414905	8.180746	-4.260755	6.770715	-2.440738	5.541750	-3.673328	5.781822	0.626403
6426	5	-4.237199	1.355362	8.974125	-5.091615	7.073043	-9.727132	7.095934	2.778925	-0.903699	7.180258	5.719171	2.942909	2.259462	5.701906	-2.685848	6.682279	-3.347424	8.975913	1.309732	1.336237	-5.199610	7.871885	-3.821808	6.312489	1.912891
6504	5	7.026093	-4.197857	8.941899	-3.033609	1.957145	-5.985362	5.942549	2.621204	-0.442913	8.238286	8.574678	-3.955877	8.293438	2.150537	-0.138244	-5.985065	2.233541	8.429302	-4.310836	8.238393	4.448318	0.566173	3.060099	5.847341	-3.220451
6536	5	-2.962996	6.444597	-0.728725	5.321918	2.000896	-2.885199	0.904127	6.378383	-6.359243	8.151282	5.313896	-5.193122	5.232738	-0.777076	2.305084	-7.268669	6.020180	2.102390	-3.428730	8.151275	-7.268518	6.445698	0.555619	-0.289949	7.824835
6651	5	-2.585105	1.898899	4.963791	-4.744658	4.966473	3.618005	-3.623967	5.129187	1.356615	0.499337	-7.486219	5.355125	-5.875610	6.331662	1.591950	3.713533	-0.298163	-0.542334	6.188443	-2.446704	-7.738909	5.346000	-0.190623	0.192793	4.780580
6693	5	-5.478153	7.600116	-3.713948	7.205211	-3.100179	-3.302395	2.377936	5.585522	0.811315	0.991661	6.808782	-3.378546	2.731660	7.211318	-9.516646	6.808782	-3.481914	5.730719	1.267186	-5.569294	1.105135	7.399319	-3.712635	7.216448	-3.708807
6695	5	-2.459149	8.063167	-4.096888	7.600749	0.782200	6.579155	1.603569	0.660851	7.602120	-4.178683	-2.599103	2.251043	6.074153	-4.659780	5.170971	-7.747660	8.062500	1.480879	1.859694	4.885894	6.610012	-4.209085	6.403315	1.102497	0.023331
6696	5	-5.838604	7.893530	-0.078361	-1.930622	3.668735	5.881615	-2.173701	5.829533	-0.645610	-3.860268	-3.247614	7.893491	-1.732426	4.498061	-2.468343	-1.484697	1.351475	5.919209	-7.097837	3.662133	3.810684	4.416451	-0.698538	4.497917	-6.692956
6702	5	-5.259433	4.443263	-1.144909	-1.471015	7.383342	5.050427	-7.905947	5.201298	1.214668	-0.237847	-2.392937	4.444041	-4.676683	3.065378	3.042910	3.730056	-7.763856	5.300938	-1.945774	4.510687	5.027663	-1.737257	-0.904101	4.191104	-0.409185
6729	5	-4.755967	7.510956	-3.665364	4.269894	3.589734	-5.423777	1.515760	5.867648	-5.791700	8.859522	-7.469711	7.533558	-0.537676	-0.188890	7.888403	6.840922	-2.156525	5.885601	0.816245	0.078306	5.692769	4.142284	-6.036082	6.433954	-1.579535
6749	5	-7.192138	6.644465	-3.977046	5.563536	-1.512815	5.776092	-2.654333	7.323330	0.417413	-4.411940	-4.984638	1.938781	7.310377	-3.544108	2.968171	-0.670156	1.463538	2.665198	5.124250	-1.523839	5.775860	1.350638	2.666754	5.122763	-7.018215
6765	5	-7.455164	7.429814	-4.600217	7.428220	-0.136432	5.414281	-3.371999	6.570749	3.102355	-3.270765	-6.174740	1.872128	6.669992	-1.822190	6.309012	-5.819652	1.888418	5.874652	3.100319	2.067452	3.388494	2.176854	-0.110388	7.427923	-5.382372
6776	5	-6.633583	6.875263	0.212335	1.967791	3.740288	4.967542	1.815378	0.234622	2.461673	3.111828	-4.179209	6.875348	-3.874860	5.478765	-2.061747	6.520938	1.815278	-3.817166	5.596070	-2.689810	5.922320	-2.835606	5.981432	-0.992925	3.124450
6796	5	-6.125762	6.968892	0.184120	1.626698	5.513924	6.552928	-4.989937	5.143121	-3.859729	1.929912	-1.403137	6.952852	-5.569108	5.476666	0.341871	5.848452	0.803972	-0.752233	7.054310	-2.823173	-3.473409	1.479769	5.102343	-4.582830	5.480648
6824	5	5.587244	-0.857995	0.858671	5.887391	-6.441234	5.588628	-5.635932	6.288969	-0.735056	-0.783241	-7.665058	5.646947	0.654881	-0.594794	5.399550	-4.435160	6.249954	-4.868033	5.893517	-0.124341	-4.441624	0.720463	6.261106	-7.271619	6.421072
6864	5	-5.821958	7.553664	-2.224481	6.467087	1.517258	6.542166	-3.501115	8.510525	-0.663174	2.251606	-9.099585	2.266077	8.577728	-4.460220	7.788948	6.544835	-2.657251	6.747513	2.158811	-3.885761	6.505535	0.664385	2.057152	7.000074	-4.010447
6897	5	-8.419106	6.278106	0.770180	1.499879	6.977238	7.163307	-2.768427	7.210074	-0.442242	2.313730	1.334351	6.102746	-2.815014	6.918081	0.368189	7.559413	0.678093	1.083440	6.920168	-3.728796	-3.296030	6.493136	-2.795773	6.891210	1.109388
6901	5	-6.834171	6.796750	-3.054767	7.420466	-0.432166	-4.088645	1.224762	6.082793	-3.161443	6.113377	-10.019109	6.781200	2.726809	-0.572833	6.180698	3.736492	-3.926125	6.525038	-3.425823	3.134033	4.885502	1.423782	1.355569	6.134116	-3.990117
6935	5	-9.173132	6.729899	2.960329	2.176529	6.016726	-1.004703	6.780767	-3.351097	6.369851	-6.171351	7.718678	-2.694508	7.739674	1.543650	-0.009211	-4.880179	2.035201	7.550460	-2.063623	5.842704	5.297568	2.076650	1.254062	6.348983	-6.373704
6995	5	4.638925	-6.643834	5.938899	-0.559548	1.121942	-3.367290	6.148646	-2.291872	4.711930	3.522769	-4.025237	3.871609	2.816145	-0.009061	5.599691	4.688827	-0.487087	-0.034703	5.912901	-1.494444	-2.354079	-0.025976	5.968165	-3.341279	6.034600
7034	5	7.689197	-6.144101	6.518903	0.486609	-1.644537	-2.003204	5.479019	-5.904748	5.500277	1.339526	-4.990332	-0.127687	6.518859	-6.055803	6.184790	7.573556	-1.952379	0.679533	5.443828	-4.326890	-7.550252	4.443341	0.012527	-1.059289	6.126461
7060	5	-12.292231	6.458159	0.190488	-0.586054	6.171312	-6.231011	0.692224	5.593651	-5.666581	6.171313	-9.451986	6.458171	-5.434696	6.848755	0.589850	3.163456	-4.391338	5.597664	0.386710	0.178165	3.156264	1.375904	-0.037408	5.954402	-5.379478
7106	5	-3.809103	6.638313	-4.277278	6.756754	-0.309308	2.851631	3.417596	-2.551915	7.007896	-6.830793	6.228344	-4.270573	7.586128	1.281325	-3.195560	-4.735936	6.564727	1.520225	1.304380	3.326773	6.137710	0.835944	1.615095	7.007186	-6.831533
7130	5	-2.519908	3.289762	3.391939	3.503042	2.623055	-2.534249	3.261474	3.530006	3.393375	2.680196	5.715863	1.399740	4.132795	4.823731	-2.904535	-2.083559	3.435416	1.198577	5.906196	1.358561	-2.701346	2.753936	4.939290	2.029090	3.352424
7143	5	-7.882151	6.673562	-5.872904	5.297627	3.260880	-7.632007	0.184218	6.699061	-6.608740	8.755441	-13.459037	6.673503	0.412966	-0.189246	8.754890	4.478780	-5.826312	6.613640	-0.500133	2.465053	4.549190	0.635607	0.218155	6.376950	-3.030819
7157	5	6.884979	-1.499545	0.552949	2.051391	0.628977	-7.275627	5.086040	-1.797994	2.044929	6.624518	-4.412498	0.622075	6.121444	-3.846728	6.798398	6.884972	-1.499425	0.547903	6.422938	-4.004484	7.061648	-6.380716	6.430814	-3.843008	0.777463
7167	5	-6.697034	1.223882	6.401145	-3.608767	4.381277	-6.716532	6.323432	-3.516616	5.638518	-1.067652	6.112358	-3.347156	6.394167	2.390830	-4.291739	6.065595	1.705243	0.534495	5.398339	-7.573723	-12.612859	5.780214	2.387424	-1.039835	4.339718
7170	5	-8.073377	8.050131	1.944750	0.076608	6.251090	6.790604	-3.863545	7.591403	-0.028946	0.340822	6.371627	2.752044	-3.184598	6.214823	-3.246731	-3.543360	8.050507	1.944583	1.642992	3.089125	-4.153913	2.116703	5.902824	-6.114137	8.230008
7178	5	-5.101195	0.571125	8.371691	-4.055296	6.521010	1.083016	0.555384	8.373094	-3.690180	5.970865	6.311362	-4.885363	8.438116	0.341358	-1.075829	6.310543	-1.554365	1.810869	6.598620	-4.027765	-4.516211	4.515302	-1.558068	6.434757	2.049792
7236	5	-3.063656	4.894450	-4.845342	5.220948	2.913285	-4.433487	1.624946	5.332417	-6.198687	7.271427	7.999247	-3.884778	5.432526	0.358714	-1.026081	-7.015007	4.595643	-0.054992	-0.814530	6.280157	8.000666	-1.032879	0.756559	5.770864	-3.017889
7261	5	3.783465	0.585377	-0.061441	7.487410	-5.619471	-2.475598	-0.428315	5.703512	-4.777013	6.157711	-13.669148	5.920871	0.692521	1.016865	6.157717	-7.559645	5.956280	-5.064160	7.490795	-0.370689	3.774610	-5.790613	5.701663	1.618351	0.911051
7266	5	3.498601	3.158287	-2.130447	6.695239	-3.945152	-2.359428	6.731182	-3.488575	6.570771	-0.718539	-5.741977	1.497138	6.538078	-2.028289	5.149759	8.746607	-2.111698	6.618522	0.280423	-1.095705	-6.953897	4.621866	2.956067	-0.739978	5.149420
7271	5	-7.780800	5.746377	2.446959	-0.121816	4.943408	5.453445	0.400970	0.422020	6.598018	-3.961379	-2.343569	5.884760	-2.707190	6.733514	1.344798	1.583171	4.446782	-2.667389	6.735662	-0.100100	-3.674642	-0.042447	6.051011	-2.181143	4.956893
7275	5	-8.701922	5.993322	1.977466	0.336816	4.621575	-2.932415	-0.119749	6.730093	-4.490476	4.621576	5.845427	-3.408095	6.723602	1.495814	-1.210347	-2.596223	6.056479	-4.005262	7.250442	-0.966582	4.744886	2.768120	0.513235	7.227797	-6.797871
7328	5	6.712124	-2.060062	6.435991	-5.598374	2.743729	-5.863287	1.884888	4.671827	-5.240312	6.871437	-0.311094	1.635846	4.970260	-5.427721	6.551755	7.150580	-1.584190	-0.038424	6.240320	-3.783195	6.421006	2.344886	-1.997013	6.249594	-3.783243
7361	5	-8.342293	8.494819	-5.847245	6.068100	0.665880	-10.839392	8.494269	0.085394	0.179642	7.094320	-5.635165	2.369197	6.363589	-4.237173	7.116626	3.223112	2.993194	0.209483	6.068104	-5.218330	4.690010	-3.131490	6.270054	1.651448	-2.053763
7363	5	1.704509	-3.973882	5.336820	-2.975511	6.497356	-4.487630	-2.477427	5.336502	-2.975480	7.847300	6.699750	-0.182176	-0.547417	5.208347	-0.209769	-5.087543	3.617679	-1.240631	2.037975	7.840014	1.699372	2.129732	-0.307733	2.000305	6.495779
7393	5	-1.775448	1.597929	7.887025	-5.933481	5.502130	6.627008	-3.643339	8.030406	-0.398674	-0.833950	-1.394819	5.993677	-4.412768	4.847110	-0.014564	6.363506	0.227506	2.057314	4.746302	-6.344767	-4.382754	5.652293	1.682346	-0.724143	5.502269
7396	5	-10.776983	6.803245	-0.769127	-1.469543	8.334320	6.868142	-3.289370	5.554868	-1.361010	1.954794	6.680980	2.379909	-0.318960	3.709948	-3.285903	-4.816798	6.803245	-2.575239	3.365308	3.141442	-4.189046	1.137503	5.373692	-6.210457	8.335726
7453	5	1.338412	2.143249	6.468796	-6.144344	5.165524	7.619017	-2.828682	6.481942	-0.504808	-0.212379	-11.543602	6.337942	0.607649	-0.162014	5.690757	-5.353518	2.759092	6.410152	-6.142995	5.701230	7.618957	0.734032	1.029169	5.991880	-5.606349
7465	5	-9.895327	6.560969	0.540397	0.970585	7.294382	-6.165338	1.117571	4.687873	-5.445121	7.321712	5.303563	-4.166916	4.688597	-1.555309	0.751281	-4.633533	6.608395	-3.341343	4.698220	1.697975	5.193922	1.315302	-0.259091	5.185466	-4.946043
7468	5	5.576706	-5.962745	5.850018	2.893702	-1.984455	-0.315184	0.170138	5.880802	-1.306380	6.650150	-3.234004	6.383155	0.751969	0.891212	6.296623	5.576703	0.248593	0.086576	5.074909	-5.146844	-0.754888	6.382973	-5.132599	5.183812	0.930197
7601	5	6.294314	-6.239108	6.324843	3.729659	-2.470313	0.326160	-0.128580	6.639195	-0.233112	5.369999	-11.903618	6.066738	3.440922	1.525903	5.327076	0.172610	6.187191	-0.176905	6.832207	-1.113444	-5.856878	6.363843	-0.176904	6.832207	-1.108851
7622	5	6.370724	-6.005190	5.931822	1.584021	3.662991	7.153571	-0.107809	0.164642	6.473498	1.775398	-11.278107	6.429070	-3.050169	4.332154	5.467476	-11.365870	6.395939	1.918758	1.882569	7.151832	-5.281649	0.523762	5.988423	-1.312573	7.420698
7678	5	-10.072376	6.772847	0.258010	0.452485	7.256514	-3.769244	6.773107	-4.568989	5.676096	1.204553	7.619695	-5.323837	5.571150	-0.151097	1.259770	7.619751	0.181581	0.685162	5.686767	-4.496362	-3.680248	1.283403	5.530416	-5.370894	6.940136
7702	5	7.872677	-2.971258	4.179742	4.228498	-1.100570	-3.608569	0.051842	5.553364	-1.517773	6.766401	7.869605	1.846790	0.421175	8.148552	-3.246734	-7.882368	4.511305	1.811038	1.585490	6.790529	2.149726	5.219901	-2.397998	8.231768	0.732981
7887	5	-11.452843	7.848723	-1.402005	2.311433	5.531057	4.471434	-4.804190	7.002476	0.257441	-0.490593	-6.641723	1.673491	7.265164	-3.564705	6.271763	4.513791	1.319852	0.930086	5.995767	-3.372400	-0.611139	1.322115	0.939496	5.960976	-0.369978
7946	5	-7.026609	7.103513	-3.011274	3.994320	2.269102	-9.265925	7.095132	1.861361	-7.954246	7.391778	2.503682	-4.343234	5.591291	-7.979000	5.918577	7.055005	2.030381	-3.008143	4.031381	-2.225194	2.501710	2.058305	1.899283	-7.948735	5.919787
7997	5	7.480820	0.059966	0.125504	6.015512	-3.726782	7.442406	-6.107339	6.874843	-1.249690	2.621476	-3.814383	6.439900	1.123583	0.660344	6.737233	0.610711	5.663486	1.123867	0.673309	6.700922	-3.741268	6.439727	-1.592614	4.667956	0.754950
8033	5	7.130195	-0.404094	6.440001	0.268822	-0.456379	5.412021	5.133835	-1.207250	5.691708	-6.198818	-2.384872	1.180596	6.434392	-3.652596	5.071671	-2.120687	6.718290	-2.791387	5.646998	-0.660089	-5.098864	6.697735	1.262473	1.699506	5.052745
8044	5	-4.474710	5.819362	-3.341833	7.499294	1.968024	5.712255	-3.419805	2.118272	8.076431	-4.416936	-7.908608	-0.129624	6.962475	0.431616	6.573583	-2.010470	0.450338	2.116144	7.397743	1.968026	5.778395	-3.998394	6.828879	2.081337	0.125389
8048	5	-5.520735	-0.171089	5.849403	-1.988198	6.553541	1.112847	5.458233	-6.564422	6.453821	0.277587	-11.377556	6.394705	-0.181839	0.291676	6.553002	-5.365543	6.394708	-6.687642	6.391400	0.599246	0.758576	-0.713367	5.854280	-1.928345	6.349188
8051	5	7.286405	0.101886	1.176888	5.151840	-5.856471	-5.702303	6.701127	0.130843	1.037273	5.316477	-2.547506	2.082998	5.882091	-4.716450	5.388913	-0.779887	-0.677788	6.025287	-4.728580	5.385701	-2.958788	6.700490	0.125078	4.989036	-0.350407
8145	5	5.851398	-6.663975	6.949168	1.362954	0.639332	-7.006863	5.380804	-1.149672	4.831698	2.761507	5.851377	-0.904112	1.328006	8.271322	-4.837698	-6.709109	5.387770	-3.579532	7.000672	0.955076	-6.339648	-1.248292	7.016144	-1.421249	6.420952
8161	5	-5.797705	2.712050	6.713136	-1.581287	5.898909	6.269544	-2.494766	5.982834	2.884497	-1.827753	-5.595593	8.733969	-3.463924	6.773928	-0.557055	3.487177	3.464716	-0.296479	6.770690	-5.318541	-11.491474	8.714804	1.858561	2.060652	5.248087
8257	5	0.947491	6.790420	-2.272096	7.329827	0.629490	-11.250364	6.814065	1.398279	1.870527	6.737700	4.891227	-3.595779	4.689139	4.989179	-5.066037	4.693475	1.873012	1.206097	7.379484	-5.806954	-7.315689	0.747015	6.123074	-0.834945	6.762098
8260	5	-9.546871	5.923547	-2.230446	1.221525	7.562176	-5.716246	5.923375	-8.744627	6.488999	2.038895	6.657047	-0.469606	-2.215885	6.980104	-4.243679	6.199913	-5.437950	4.150963	3.157354	0.648006	-3.887425	0.879496	4.196998	-2.606577	7.562432
8270	5	4.845735	2.316978	0.819087	4.649355	-4.000806	-5.990319	2.611920	5.237916	-6.621232	5.827168	-9.930982	8.723253	-0.710230	-1.290777	5.827168	6.240416	-2.982291	5.253445	-0.687453	0.085847	-4.120833	8.728798	-5.067336	4.579793	1.857460
8277	5	6.535608	-1.362747	2.611318	8.421292	-3.361724	-4.067281	4.309756	-3.052768	8.498379	-1.346152	6.534968	-6.086531	6.024525	3.953510	0.773452	2.000919	-2.187503	7.896262	-0.637783	4.285949	-4.643867	-0.855947	7.896920	-0.738377	5.152876
8314	5	-3.768179	-1.248209	7.399938	-8.286677	7.506758	2.106967	-4.548625	7.400930	-3.370444	3.448973	-9.892239	4.799868	1.705304	-1.715716	7.506758	7.019815	-0.649636	3.203864	4.378873	-3.441948	-9.882130	4.803073	-2.598799	4.653475	2.021794
8342	5	-6.547414	8.472305	-4.246080	0.588197	5.415370	2.625908	5.555415	-4.275142	4.618922	-1.819750	6.262980	1.286114	2.350702	4.532732	-2.874327	-3.753247	8.470847	-4.278287	4.591412	-0.422364	5.255489	-3.235428	5.749487	-1.728424	3.051997
8347	5	5.900571	-2.476631	1.596844	6.132832	-3.404037	4.883839	-6.015607	5.864168	1.183505	1.757806	-5.692081	-1.297296	5.980235	-5.443679	6.536958	-12.326969	4.994448	-0.271816	-0.474761	6.537011	-7.662174	5.195483	-4.650965	6.145097	1.741420
8360	5	-7.242522	7.661947	-3.345657	6.391478	3.090942	-5.429368	1.570550	7.074004	-1.983685	6.342985	6.008956	1.850568	1.730391	7.138471	-2.859051	0.190487	7.490453	-3.345657	6.942427	0.932699	6.014105	-4.231944	6.955393	0.484422	0.353117
8391	5	-6.400430	4.349804	0.129024	2.982200	3.971477	-2.447270	4.349805	-3.025985	8.807117	-0.723719	5.712680	-5.400246	5.503947	2.613807	-0.450852	-2.712293	-1.312023	6.098202	-3.218438	5.303188	5.920032	0.223276	2.290296	8.590304	-5.700026
8399	5	-1.679246	2.006000	7.519163	-3.896635	7.558607	-6.718570	6.541440	1.163397	-0.553198	7.558796	8.146694	-3.306572	7.587257	0.532026	1.097122	2.329580	-2.580635	7.588169	-3.687289	6.211637	-2.322638	6.560781	-4.293334	6.037931	2.472098
8401	5	9.525967	-3.284027	7.097756	-3.332961	-0.353829	-2.500292	1.730792	7.089813	-9.124833	6.143834	-7.853100	7.308049	0.712151	-2.685049	6.143842	2.895128	4.729879	-2.778532	3.108375	-4.258103	-3.411291	7.311493	-3.309174	3.106971	-0.236779
8402	5	-3.580631	-0.958117	7.156505	-4.609805	6.402339	6.218369	-0.541733	0.932037	6.075990	-2.279537	6.244572	-6.054689	7.150636	1.469912	1.601672	-1.322679	4.565539	-4.348713	5.998898	2.515824	-5.604444	4.440483	2.145475	-0.088096	6.402341
8409	5	-7.700146	6.693346	1.833605	-5.557131	8.647774	6.330109	1.662849	-0.216219	5.286333	-2.790312	3.483135	-3.651527	5.853891	-0.143391	3.299187	-5.053708	1.365056	6.405679	-5.684858	8.647737	-4.330283	6.694323	-4.788021	7.067914	2.557353
8433	5	-4.514586	7.089764	1.737033	1.092639	6.724668	3.649213	-5.268546	7.225672	-0.978508	3.465654	6.889220	-5.345701	7.225672	-0.416133	0.365799	6.582484	0.869964	0.544940	5.704138	-4.984404	-1.485794	7.048415	-4.441330	5.770800	1.272568
8436	5	-7.080608	0.190252	5.669384	-3.981187	5.814202	-7.112297	6.111870	-2.767951	6.316681	0.212089	4.967154	-5.883802	5.635129	0.491232	-0.339257	4.967930	-1.994235	2.538706	5.932766	-5.574786	-13.441212	6.073054	0.241608	1.889858	5.439538
8465	5	-9.519963	8.043571	1.131291	0.091823	6.447232	5.880581	2.127072	1.062533	6.046034	-5.473294	-4.576654	2.442970	6.044337	-6.299257	6.447239	-4.166008	8.275135	-3.948471	6.043384	1.104491	6.089224	-3.682608	6.245185	-0.345577	-0.130432
8496	5	7.311792	-1.669039	7.380469	1.746506	-1.796263	7.303272	1.299552	2.255644	7.038537	-3.558190	-10.291453	7.057051	1.984561	1.683056	4.054863	-9.852046	7.752126	-3.151693	6.813675	2.292877	0.885265	7.200765	-3.161932	7.483616	-2.524109
8537	5	-6.883540	1.990207	7.303381	-1.713431	6.819692	6.075213	-2.045602	7.990669	2.412127	0.442937	-11.473686	5.874692	-1.506499	4.180234	4.618153	-12.553513	4.494771	3.722545	-1.187237	6.817603	5.912737	1.821069	1.935303	6.637531	-2.846767
8562	5	-1.452820	0.310776	-0.394138	-1.973511	6.950729	-4.764107	5.469339	-0.585973	-1.972046	6.952496	6.149458	0.105812	-0.263638	-1.910383	0.851221	6.414635	0.109213	-6.164831	4.280595	-4.783931	6.156874	-4.584837	4.815703	-6.775742	0.851059
8575	5	-4.667271	-1.131359	9.654847	-1.253414	8.111912	7.898199	-1.924810	4.628873	5.015696	-2.166283	-2.724853	5.204723	-1.880623	7.110602	2.669486	7.849765	-3.435903	9.291208	2.315394	1.834462	-8.694644	5.204656	-1.478825	3.707316	7.416334
8576	5	6.493111	-6.115069	7.908186	0.022552	1.912033	-5.578259	4.524612	1.030039	6.582318	0.749587	6.766091	-0.600983	2.415989	6.563373	-1.613179	-4.290190	-1.119039	7.873332	-2.008628	5.998886	1.840930	-3.643756	7.910754	-0.866372	4.281772
8583	5	4.381037	-3.808554	6.669876	0.842392	-1.670020	-2.065399	-1.218251	6.670019	0.839292	1.340951	4.381037	-1.270425	2.359488	6.756862	-1.670245	-6.312474	-1.227585	6.703488	-5.575023	6.394501	-2.065434	1.318702	2.361033	6.753172	1.340724
8593	5	-6.128994	1.843090	4.980729	-1.895646	2.911779	-7.453737	6.798642	-3.128267	3.489351	-1.728844	-1.743665	1.843102	4.980688	-1.829970	-2.255579	3.442774	2.751020	-1.339796	3.489354	-7.450155	4.808325	-2.213853	5.061978	-1.832587	-2.830881
8599	5	-5.560179	3.499794	1.201419	0.582445	5.822826	3.043951	4.263798	-3.563963	4.349467	1.003304	5.375062	-0.889853	7.126625	-3.752089	1.150981	5.103301	2.718595	-0.470533	2.990414	0.537615	3.526044	3.890751	-2.132774	3.193156	1.486233
8615	5	6.753163	-0.237838	5.886069	-0.670625	1.696415	-5.598204	1.739095	5.536276	-5.291050	5.456809	-5.317876	5.654021	-2.955213	5.477524	0.573500	-11.452710	5.029503	0.432335	0.574199	5.454713	3.617366	3.550049	-0.777169	5.553856	-2.739560
8616	5	4.645693	-3.762155	6.998330	0.078677	0.485596	-8.126632	6.074795	3.636730	0.042998	5.735895	-1.649336	1.563622	7.008276	-5.314080	5.736427	-5.454356	7.341354	-2.426139	6.180565	1.086850	4.894357	2.006868	0.928653	6.180195	-4.177038
8617	5	-6.354640	0.980451	5.963724	-4.836830	4.977160	-4.531758	6.063912	-4.602011	6.205287	-1.197487	5.219580	-4.858835	5.276682	1.244481	-1.637054	-9.146170	5.115190	-0.448134	0.217921	4.976435	5.219378	-2.658205	2.029307	6.137279	-7.796625
8624	5	-9.904460	6.702632	2.275117	-0.577086	6.118697	6.805093	0.435678	3.465526	3.893742	-2.222724	-4.587322	0.925511	6.428410	-4.896842	6.093468	-4.904132	6.735567	-0.949893	5.489891	-0.269052	6.850630	-4.710805	7.485466	0.432333	-0.071096
8655	5	-6.970509	0.320801	5.547597	-2.717837	6.904744	-12.551890	5.683289	0.058948	0.032390	6.904743	4.438422	-3.348490	4.997588	2.971921	2.247809	4.518214	1.887318	-0.210649	5.591717	-3.948759	-7.665008	5.697115	-2.401308	5.802269	0.629453
8719	5	7.806050	-3.019081	6.873432	2.703066	-1.876010	-7.012419	2.283102	5.856858	-3.781643	7.473054	-4.330514	8.594251	-1.933059	6.084838	0.928192	-9.685347	8.165554	2.412472	-1.302201	7.452492	3.432710	-2.760286	6.973613	-3.658553	4.663769
8749	5	-2.894614	0.130089	7.195278	-5.804240	6.235545	1.964312	4.956091	-5.043301	6.108574	-0.463031	-4.053495	6.628085	-5.088542	5.609544	1.039502	6.440236	-1.542119	7.194906	0.210768	0.931870	-7.840498	6.623952	0.702955	-0.397419	6.235543
8757	5	8.101920	-0.778971	0.736263	6.890488	-5.662810	-1.745445	0.494650	6.904440	-4.585330	6.624263	4.436214	-4.320577	6.904784	-0.507566	0.935963	-7.255153	4.597920	1.718094	1.508662	7.152598	-7.182388	4.602517	-4.288161	6.146505	0.572059
8829	5	-10.324160	3.203635	4.981815	-1.684683	7.167649	-10.367571	7.441428	1.846747	0.789892	7.167141	1.518775	7.397617	-4.168631	6.862844	-1.832608	6.036873	1.250570	-0.482301	6.989682	-5.791760	7.467241	-3.016590	5.901262	1.148556	0.590363
8878	5	3.788843	-3.047253	5.580408	-4.702594	4.359528	-5.614253	6.171454	1.435111	-0.325420	6.673970	-0.184976	5.681161	1.465251	-0.333766	6.338800	4.102197	2.106970	1.460041	5.274700	-2.413156	-4.859428	6.174619	-2.631646	5.502729	0.087941
8898	5	-6.930101	8.040581	-4.102148	-1.073220	8.437901	9.082966	2.616271	-5.569745	5.311074	-2.283192	8.578427	-1.401731	1.391339	-1.096597	2.400873	8.506706	2.765005	-3.886411	-1.057934	2.406573	3.688185	5.701782	-5.886515	5.268694	-0.588137
8917	5	-11.230326	6.850611	0.030464	2.385566	5.274849	-5.885362	0.595633	6.826529	-4.048843	5.345389	0.342221	-2.438521	6.826544	-4.048478	5.327953	5.641977	-4.518605	6.668360	0.493032	-0.587666	-5.937247	6.851584	-2.801680	6.923601	-0.229511
8980	5	5.753640	0.782517	2.944962	5.520400	-3.329614	5.786280	-4.338628	6.356644	0.989641	0.153487	-6.143519	0.469891	6.375243	-3.201255	6.285147	-6.616739	6.094070	-3.372930	5.174384	2.771234	-11.918915	6.094022	-0.462667	2.006598	5.804284
9009	5	8.805828	-5.803810	5.893900	3.852436	-2.988426	-2.181065	6.356558	-2.352676	5.685651	0.826284	8.805828	-2.069795	2.941723	6.269395	-3.149010	-3.594329	0.468537	6.847911	-1.990775	7.117769	-8.585023	6.449243	0.898277	0.565304	7.018647
9012	5	6.151038	-4.682818	6.681276	-0.857902	-1.713561	-10.625160	6.822233	1.116870	1.030964	4.470742	-4.740506	1.679603	6.683928	-4.744243	4.585835	6.147877	0.460104	0.676812	4.932254	-7.020877	-6.045307	6.822725	-4.677756	4.837956	-0.682064
9073	5	8.882859	-3.714325	6.571986	-0.112309	1.867695	3.322479	-3.710136	6.829359	-4.478116	5.376847	-3.372471	2.688321	6.438327	-5.551551	7.001670	-6.142935	7.890533	1.580686	0.458531	6.982574	-1.472670	7.939006	-1.711340	6.037354	3.228617
9079	5	5.268594	-0.976353	2.065891	6.617839	-5.356112	-4.461680	0.817964	6.348936	-4.204786	7.043093	5.268408	-2.695137	6.346824	1.991594	-3.046726	-4.620603	5.546354	-4.552642	6.624813	0.474457	-10.157075	5.047752	-0.199649	0.428473	6.905948
9102	5	6.760761	-4.987198	5.893744	-3.532342	1.273659	-8.247295	7.385131	-0.705519	-0.139926	5.844089	6.727321	1.585578	0.446819	6.178757	-5.245977	-2.758561	7.370448	-4.948757	5.911261	-0.759090	-2.297075	0.785368	5.685095	-4.382823	5.742956
9247	5	-3.386385	1.551779	5.389526	-2.135751	7.140151	-4.587221	7.804418	-6.898347	5.266837	2.288025	7.164238	3.061464	-1.005358	5.279784	-3.703245	-9.010928	7.804490	-2.643943	3.061245	5.465792	7.171766	-3.185561	5.393272	0.086710	1.114640
9253	5	2.098246	-2.820022	9.735351	-6.089560	7.499456	-5.097811	5.846938	-0.887777	6.321909	2.362056	6.026195	-4.427375	9.734918	0.300437	1.853947	-3.378263	-0.635184	9.734045	-6.089637	8.651290	6.123101	1.397081	3.080302	6.292413	-4.222706
9262	5	-7.798176	6.052724	0.854767	0.635653	5.748737	6.720537	-0.516876	0.812648	6.967229	-6.335041	-5.108049	-0.165840	6.173819	-4.766939	5.791529	-2.553494	6.052734	-4.476658	7.007956	0.064480	6.663517	-6.733786	5.980153	1.558767	-0.776684
9272	5	-1.167500	-1.352706	6.555886	-6.487724	5.826339	6.215728	-6.982267	6.555691	-0.051053	1.312843	6.742394	-0.520864	0.065918	5.946815	-4.614382	-6.132800	5.108771	-5.610541	5.944541	0.987947	-7.791114	5.108693	0.879397	-0.609988	6.917596
9281	5	-6.102173	1.825106	8.771892	-3.488162	7.325107	6.502335	0.428630	4.196554	5.318612	-4.953772	4.646405	5.367470	-0.154430	7.108360	-4.953772	-2.636566	6.801383	-0.815449	4.583503	1.556761	6.507419	0.370586	8.841601	2.192782	-4.824369
9300	5	-5.152019	1.617609	6.281694	-5.515615	5.565281	0.483968	7.154146	-4.745315	6.270162	-0.266604	-11.252358	7.538384	-0.472913	0.785014	5.533405	4.690709	3.833920	-2.723748	6.265675	-2.316234	6.746106	-2.236984	6.111079	-0.099563	-0.080557
9343	5	-2.771923	1.130120	6.924938	-3.705053	7.392362	-9.144361	7.240467	1.379562	2.061013	7.340622	-7.251890	7.258812	-4.700622	7.372589	2.230918	6.396261	-3.882131	6.908852	1.791170	0.765795	5.038432	2.239016	0.775582	7.575343	-4.372420
9392	5	6.642008	-4.492401	6.532463	-1.222112	0.530943	-9.814669	5.349832	3.057212	-1.117614	5.906099	-5.426504	1.199899	6.529905	-5.396765	5.906647	-3.733002	7.638411	0.068733	4.454659	-0.262784	6.646027	-0.383993	3.070830	4.839502	-5.672498
9415	5	-4.847136	1.347729	4.719362	-0.799043	8.092717	2.832692	-5.038609	4.723530	-0.784873	6.331501	-9.411270	5.563988	1.088272	1.392948	8.083170	2.846495	-0.785633	-1.094849	6.872633	0.042263	5.830329	-0.791049	-1.096332	6.881253	-4.005796
9435	5	7.225716	1.963711	0.501210	5.922996	-5.458419	-12.200567	5.979817	-4.621011	0.515774	6.128478	-5.747618	1.954131	6.990495	-4.949623	6.128511	-5.754270	5.979399	-5.437491	5.978318	0.156751	7.104196	2.655575	-0.153315	5.975496	-5.457452
9453	5	8.343692	-2.508962	5.077942	1.776495	-2.095725	1.637584	6.272123	-7.354224	5.285093	-7.496120	-2.045819	7.843714	-7.373926	5.285079	-3.131461	-4.238334	7.857671	-1.585214	2.843290	3.825314	-2.062554	7.841041	-1.588562	2.848169	2.211582
9469	5	6.383361	1.348543	0.506405	5.176529	-3.979134	-11.396413	6.832650	-3.663802	2.977122	6.479886	6.376762	-3.540609	6.272700	1.492099	0.686944	-6.152544	6.832650	-5.794517	5.761905	1.765655	-4.923011	1.941141	6.354916	-1.563129	6.608332
9494	5	-5.468766	0.271933	7.771589	0.358631	4.951888	-7.056903	5.622690	-1.117176	6.646415	-1.075942	-0.782463	0.950388	5.915338	3.780834	-2.598732	5.360567	-5.589672	5.916376	3.780830	-2.607195	5.371168	-1.553234	2.562610	6.562121	-6.973951
9497	5	-6.293119	-1.244515	7.926975	-1.775841	8.404259	-10.009580	5.359058	0.723648	2.727473	8.359272	5.675751	0.682290	1.305847	7.291385	-3.538780	6.529039	-5.914850	7.912587	0.914620	2.754429	-3.439386	5.361635	-4.393953	6.480644	2.104707
9498	5	-11.813468	3.939303	-2.621707	1.266384	4.327791	7.048126	-1.858864	-0.129535	6.324341	-5.317104	-5.360659	-0.881826	5.954276	-5.152400	4.319660	0.940733	-2.776263	5.954665	-5.145136	3.802249	-5.708410	3.939304	-2.623134	6.359948	-1.971128
9501	5	4.330362	-4.286318	0.639697	6.055575	-1.611813	-3.654662	2.286527	-5.022217	5.700370	3.124327	-8.222807	2.265852	0.890820	-0.002741	5.653516	-8.294169	-4.011282	6.623410	-6.458939	5.864405	4.275200	-10.571836	6.612969	-0.373204	1.230368
9511	5	-7.099390	5.976945	2.655048	-0.342987	6.492586	-2.852610	6.834110	-1.572855	6.568592	1.101522	-1.357112	1.365652	6.060143	-2.724156	6.489914	6.923521	-3.621426	9.181609	1.401167	0.698202	6.441547	1.848967	0.321071	6.557539	-4.571458
9531	5	-10.365626	5.137427	3.491165	-4.070543	6.307303	-4.203508	1.151185	9.098991	-4.366479	6.307313	-10.506360	6.510418	-1.409573	-0.250888	6.301552	-6.777911	6.510418	-1.661298	5.880443	2.319029	4.481670	-3.138938	4.052725	1.868136	0.865382
9532	5	6.298463	4.175884	-0.802744	6.119432	-2.456872	-3.825043	3.381381	6.806469	-0.714113	8.080949	-9.472279	7.941558	-4.964164	2.686042	7.792322	-3.937605	7.941558	-5.096518	5.770137	2.440737	2.096869	-0.376205	7.472199	-0.826387	6.356009
9562	5	-1.132180	5.938446	-4.692472	6.494692	0.107108	6.463985	-0.688833	1.412332	6.448458	-6.342146	-4.388846	5.952149	-1.318507	0.213315	5.986899	6.428242	-6.548715	4.704805	2.251633	-0.529785	-1.436836	-0.039162	4.786174	-4.139008	5.987111
9594	5	7.171500	-5.122571	5.385303	-1.155313	-0.073481	-3.887181	-0.549678	5.385422	-6.383494	6.219283	-8.133935	5.730619	1.360139	-1.387977	6.219159	0.819776	-1.223798	5.385426	-6.378100	5.997652	2.925740	3.888122	-0.548247	4.334214	-0.041289
9615	5	-9.175325	6.232029	-0.025980	1.195150	7.020326	5.132061	-3.828822	6.602538	0.026382	2.149028	5.261687	1.355549	0.886309	6.625645	-4.043751	-2.765731	1.037910	6.623018	-5.340667	7.022924	-3.657754	6.233306	-5.644584	6.624503	0.838052
9673	5	4.481975	-5.826134	5.717113	-1.303224	-1.335848	-4.483285	0.487752	5.717101	-5.813358	3.037297	-2.888978	6.930681	-3.058732	5.185528	-2.878517	-6.385319	6.930487	1.845667	0.534693	3.038326	4.481161	0.619719	0.812787	5.184377	-7.241241
9702	5	-1.572328	5.747756	-1.857719	6.343487	0.807153	7.422977	-0.667995	1.951131	6.291843	-4.237482	-6.768877	5.736117	1.703485	1.198623	5.285388	-4.284569	-0.498740	7.300449	-5.013750	5.334291	7.476994	-6.890484	7.263910	0.143276	0.209369
9705	5	-8.364635	4.472862	3.981426	-1.476759	5.828332	-8.269639	2.227170	5.672702	-2.931722	5.985759	8.734632	-3.755127	8.594444	1.895506	-0.284384	-3.020018	5.932443	-2.030449	6.234271	1.304862	2.241998	3.024397	-1.103936	6.339126	-3.403985
9708	5	6.383157	-0.036413	2.712748	3.322147	-2.159068	-3.214951	0.251653	5.724061	-4.250068	5.914012	-2.414448	5.579895	-1.074350	6.146549	2.777771	-6.130848	5.579895	-1.016954	2.079802	5.884361	6.629472	-4.910838	4.477072	0.408374	-0.357457
9720	5	-6.105905	6.509464	-3.134408	6.864207	1.465725	0.211287	0.549734	6.553120	-3.581412	4.644256	6.880457	0.675988	1.090306	6.868913	-2.810000	-9.808467	6.509417	0.295402	2.669920	4.020126	5.982463	-5.158346	6.284340	0.740363	1.009628
9724	5	6.585892	-5.026322	7.005706	-2.447181	2.175956	6.471418	0.379743	1.101590	7.143799	-2.159096	-7.167242	6.489886	0.891694	1.102485	7.096550	-4.721672	1.080090	7.000174	-3.407864	7.077367	1.865688	0.388153	7.004392	-3.408029	5.652730
9727	5	-0.970289	-5.283661	6.833153	-2.349998	3.582602	5.398793	-3.511536	0.296750	8.841411	-6.944685	5.413165	-9.303258	6.373302	2.361022	-4.344574	-0.445174	-0.169058	0.287788	8.841413	-2.462810	-0.294798	-6.173058	6.381610	2.350753	0.179833
9745	5	-6.402571	5.392031	-0.686745	2.667189	6.695090	-3.180410	-0.990437	5.493365	-3.008326	6.748345	5.831085	-2.043904	2.838812	7.900454	-6.040800	-2.956326	5.390239	-3.203387	7.464978	0.575888	5.831525	-6.458907	5.479389	2.106528	0.123387
9788	5	5.887664	-3.563424	1.918977	6.029321	-0.597800	5.887373	-3.658821	7.295121	-0.041907	1.764234	-4.777706	0.644647	8.390278	-5.654452	6.324840	1.678966	-0.011657	8.390280	-5.649381	5.563068	-4.978262	6.660599	-0.472652	0.795373	6.135510
9794	5	-11.437238	6.113247	-0.768743	2.517518	3.060607	-11.437849	6.113247	-0.752628	-1.736660	6.770352	-5.761565	1.755663	5.581243	1.407464	3.077206	-5.761988	1.755678	5.581402	-2.852738	6.795009	5.733343	-3.138682	5.609140	1.946157	-1.021297
9826	5	-4.553776	-0.407535	6.492393	-4.084464	8.939498	-7.883586	6.151465	1.369589	2.357750	8.852026	6.513430	0.045932	0.751931	8.756744	-2.433779	5.709628	-6.515151	6.328879	1.934961	3.120574	-4.135003	6.177116	-4.013010	8.063904	3.387232
9833	5	0.087555	-0.313419	7.272326	-2.956907	6.790870	6.606806	-6.285528	7.273609	-0.783401	1.839795	-6.072397	-0.252810	7.272153	-2.968999	6.816092	6.601495	-0.059817	0.871912	5.503485	0.513508	-8.321554	5.995571	0.770345	3.467279	6.160996
9895	5	6.177515	-4.027225	5.714543	0.490771	-1.734432	-5.747308	7.954402	-1.372493	6.564818	-0.688144	6.061436	2.053309	1.438363	6.549353	-6.831088	-1.966512	1.848260	5.821552	-4.893772	4.408535	-7.839733	7.727058	2.499063	0.929203	4.408446
9905	5	-2.717659	4.933211	-1.099132	6.527966	-1.603795	-5.295449	2.846199	4.295897	-1.572731	6.443021	-1.086853	-1.588541	7.564432	1.392686	-2.417751	-4.631262	-1.293871	9.009746	-2.543866	6.521314	4.423325	2.991074	-1.096658	6.613756	-6.136729
9924	5	7.261425	-4.973122	7.702362	-5.987617	1.643017	2.061448	0.291714	7.702332	-9.125129	6.728155	-8.736598	4.785050	2.508511	-3.426531	7.784145	-4.184427	1.608449	7.695219	-9.122431	7.783871	7.261426	-0.596838	2.129965	-0.178731	1.642797
9926	5	1.504225	6.370597	-5.083561	7.186186	-6.189835	8.266128	-0.008220	5.190848	3.680360	-8.413784	8.254480	1.848458	-0.513942	6.863017	-8.779596	1.498898	6.126922	1.264509	-0.938357	0.464701	-1.729706	7.276974	1.256835	-1.376958	4.009899
9958	5	6.750740	2.420453	2.047834	6.059057	-2.701217	-3.787890	2.275432	7.340268	-4.723363	6.778104	-2.391885	7.670588	-0.252654	4.108233	0.596260	2.757441	-2.061435	7.803698	-4.733572	5.554980	5.488878	-2.971302	7.817124	-4.701566	3.991448
