9	4	5.275266	-5.526803	-2.421523	6.258984	2.705812	-1.091994	2.181785	-3.483806	5.570927	7.334797	5.275265	-4.738142	3.566083	6.258984	2.705813	-0.252072	0.619488	-2.483234	6.223439	7.319629
52	4	-0.446569	-5.631062	-0.003179	4.062880	7.571687	-0.452831	-0.584465	2.636989	4.058625	7.571691	6.003606	-2.342038	5.959425	4.062770	1.957641	6.003772	-8.438919	-0.003196	4.062880	1.957481
68	4	4.794316	-5.017220	7.967471	8.690880	1.718479	2.044777	-2.530285	-0.484750	8.687781	5.980407	2.044453	-0.947370	3.644435	8.609415	5.980410	-0.992530	4.843936	3.636263	2.528968	5.982820
88	4	2.380088	-3.961670	-0.105581	9.308272	7.546533	2.042879	-0.407605	6.317625	9.301294	7.597414	6.232736	-6.515658	6.327820	9.308276	1.188405	6.232737	-9.999244	-0.105575	9.308276	1.188405
129	4	6.537605	-10.977642	0.308287	6.042591	-0.461201	6.537605	-6.514251	6.850947	6.042591	-0.461201	0.956296	-4.958187	0.308287	6.042591	5.084134	0.870680	-0.463638	6.538463	6.011486	5.090779
135	4	4.417145	-3.689809	6.822397	8.412835	2.961683	-2.886722	4.031031	6.663321	5.566983	6.802945	-2.831258	3.424838	0.924492	5.594209	6.801689	4.417147	-4.165204	1.220020	8.412836	2.961683
185	4	6.633404	-4.879492	7.934426	8.531954	0.563625	-3.449135	5.759676	1.158197	2.149920	6.808597	3.199719	-4.875941	7.934363	8.531954	6.518313	-3.449137	7.206766	5.337129	2.147754	6.808597
221	4	5.263377	-5.377212	7.501989	6.184264	1.437545	5.263377	-11.759312	1.483150	6.184264	1.437545	0.757419	-7.261945	1.476504	6.184264	6.147030	0.757326	-0.876254	7.047458	6.183367	6.147085
275	4	6.869153	0.474346	8.345484	0.943024	1.758948	-2.165480	7.048583	4.048449	0.933194	7.237921	0.098926	3.979592	0.952999	0.933194	7.237585	7.325258	-2.609537	8.490589	7.064262	1.757618
291	4	6.651209	-5.883022	-0.581341	6.979489	-0.573293	-0.275435	6.226310	3.069397	1.212013	4.985896	-0.273088	3.688011	-3.303397	2.655902	4.985895	6.171276	-1.798788	5.857135	6.979020	-0.264655
304	4	1.467511	-4.216037	0.260784	8.129120	8.700097	6.660064	-10.294013	0.318628	8.129120	2.389829	6.660064	-5.624745	6.411580	8.129120	2.389829	0.038584	0.575866	5.819599	8.123161	8.715449
359	4	2.128009	-0.071653	1.962994	9.367189	8.250962	2.127501	0.095504	6.076646	9.365748	8.250975	7.557338	-5.736622	2.305499	9.369027	4.207308	7.557338	-5.652164	6.574774	9.369027	4.207308
377	4	4.701441	-8.754226	1.063106	6.069467	-0.479963	1.071048	-4.437216	1.063106	6.047453	5.039000	-4.454175	2.423360	4.620445	4.563693	5.107702	4.701423	-2.648816	6.918525	5.992111	-0.479960
382	4	1.055230	-4.433840	1.583357	5.957741	8.010686	5.387737	-5.520373	1.658145	5.957741	2.663364	1.053390	-2.446177	5.669310	5.957740	8.010838	5.387561	-3.533666	5.915526	5.957741	2.663455
414	4	6.662498	-7.366883	-0.435169	7.989891	2.833772	6.662498	-5.103236	5.074712	7.949282	2.833772	0.991187	-0.760472	4.890927	7.213005	6.322646	0.997588	-3.531248	-0.435791	7.852991	6.322304
456	4	5.779319	-8.561111	-0.727342	7.399642	1.071668	5.778422	-4.982411	4.924383	7.399627	1.071668	1.081925	-2.355479	-0.727342	7.396214	6.497267	-0.749473	1.264284	4.402720	5.607775	6.504551
497	4	-1.588201	1.997827	3.530802	4.199079	6.715568	2.406090	-4.175067	1.357609	9.140553	6.528729	7.638717	-3.541564	6.070203	9.140000	2.769126	7.638718	-8.995124	1.357609	9.140669	2.769126
507	4	6.485061	-11.328225	-1.701437	6.842749	-0.261891	1.303087	-5.983038	-1.701437	6.842725	4.017977	1.145740	0.028179	4.316693	6.744244	4.021902	6.485061	-5.500785	4.336102	6.842701	-0.261891
530	4	2.675379	-5.670639	1.321211	8.514353	6.766443	2.608131	-0.306695	7.388115	3.872761	6.771746	7.524728	-8.422680	1.321211	8.514353	1.229954	7.523267	-3.086580	7.388683	8.513903	1.229955
539	4	0.586931	6.754110	5.498428	3.155289	7.185058	6.936038	0.145591	2.192439	4.237342	1.063436	6.355352	1.440444	6.289027	3.839783	1.084162	0.626456	4.673363	0.540939	3.172144	7.182560
566	4	1.279796	0.810457	-1.014476	2.656110	4.477940	6.718311	1.696921	4.560951	0.946150	0.799536	7.281011	-3.504418	-0.080222	4.301111	0.799366	0.023789	2.626558	3.070547	-0.087049	6.605855
602	4	1.479897	-2.626778	-0.535779	4.725153	7.937704	7.433006	-5.760360	5.319335	4.725154	1.844356	7.433032	-8.868379	-0.535780	4.725154	1.844357	-1.187055	0.724092	5.283487	4.702654	7.937836
633	4	8.238339	-8.237249	1.294937	6.687954	4.387862	-0.176229	2.885882	3.092852	3.713548	9.312381	1.786635	-4.558920	1.294935	6.687952	8.818321	8.235180	-2.391272	6.141089	6.687719	4.389730
694	4	6.089509	-8.115436	0.361987	7.201865	1.242350	0.375948	-7.229753	0.350257	7.201865	7.580713	0.323388	-2.470334	5.729545	7.201465	7.580716	6.086985	-3.352114	5.935454	7.201801	1.242546
765	4	5.979848	-3.915938	4.602953	5.878328	3.098795	2.008614	-7.621025	-0.477016	5.878328	6.832080	2.008604	-1.555985	4.602309	5.878055	6.832085	5.979848	-9.980881	-0.477016	5.878328	3.098795
818	4	3.884820	-3.359590	5.856586	7.032494	1.583646	0.170444	-0.472048	4.329377	7.032147	6.694877	3.884820	-9.811195	-0.174675	7.032494	1.583646	0.173468	-6.238306	-0.269829	7.032494	6.694070
910	4	1.867421	-6.895286	0.980010	6.517358	7.079983	6.280612	-12.694588	0.980031	6.517358	2.118814	-1.102714	-0.609777	7.475376	6.516371	7.248434	6.280611	-6.411623	7.589211	6.517358	2.118814
930	4	-0.163823	6.276862	-4.765615	1.609317	6.335257	6.535803	-3.136040	5.673686	7.209504	1.398059	6.514137	0.721729	-4.389779	1.748726	1.398059	6.535803	-4.524669	1.025127	7.209575	1.398059
938	4	5.402025	-3.769572	7.099852	7.701419	0.284976	0.539898	1.448767	6.677812	4.245727	6.781306	-0.071241	6.596688	4.959404	1.383722	6.848539	3.368341	5.474714	4.961531	1.412642	0.977288
986	4	5.066401	-8.051871	1.788489	6.113173	0.234786	5.066401	-4.345694	7.529965	6.113173	0.234786	1.198007	-3.225100	1.788489	6.113172	6.109811	1.051486	0.481316	7.526858	6.060029	6.156957
1015	4	7.868683	-10.001025	0.748400	7.049282	0.100475	7.868541	-5.824236	6.719830	7.049282	0.100475	-0.643869	4.623677	4.062542	1.202549	6.064344	-0.268687	-1.119406	6.254737	7.047004	6.058602
1047	4	7.305182	-4.325224	-0.462911	6.470269	0.321574	6.643711	0.204049	5.599476	6.450759	0.327789	2.811184	0.204050	5.599476	6.450759	6.889590	3.566646	-4.325374	-0.462911	6.470269	6.386654
1053	4	4.799172	-0.235436	1.003619	1.182514	-0.427807	-3.838233	3.837401	4.888423	-4.534284	4.890042	-3.414365	3.282616	-0.387843	-3.959804	4.890039	4.753822	-0.143107	6.683979	1.182274	-0.364309
1103	4	-2.752776	-0.371520	-0.991608	4.019595	6.439575	2.798899	-7.744102	-0.962952	7.130688	6.411922	6.698470	-10.014712	-0.962951	7.130691	0.242025	6.678602	-4.671640	5.278610	7.129087	0.242067
1152	4	-4.289765	-1.212619	-1.564700	8.088089	8.645741	-4.886741	4.572130	-5.100288	2.276624	8.645741	6.837005	-5.727874	1.289473	8.088123	2.615209	6.832150	-3.666901	7.264316	8.088123	2.615214
1195	4	-2.264606	6.322480	6.244229	-0.442383	7.052133	8.159497	-3.764508	2.292252	6.057553	3.221056	0.341155	3.083709	0.275885	-0.321712	6.999339	8.159488	-3.751913	8.211465	6.057553	3.221056
1206	4	1.991662	-7.758026	-0.678240	7.653874	7.079839	5.734127	-9.080543	4.585253	7.655380	1.170973	1.991661	-4.413153	4.585253	7.631093	7.079839	5.734127	-12.413224	-0.678240	7.656284	1.170973
1209	4	0.686975	-3.986966	0.785181	7.693750	6.874665	6.532168	-8.015335	0.804845	7.693755	1.077726	6.532168	-4.168073	6.961254	7.693752	1.077726	0.682129	-0.139476	6.705854	7.496912	6.874686
1213	4	-0.851778	2.248378	-1.821898	2.760535	7.861310	0.904724	0.671310	-0.315366	6.203335	7.861229	6.531180	-5.631733	-0.280127	6.280643	1.288765	6.530784	-2.193076	5.644535	6.280640	1.288776
1256	4	-0.126979	-5.333264	0.674049	9.171565	6.824571	-0.765553	1.920922	5.226634	3.207715	6.824834	5.909073	-11.084136	0.690517	9.171573	1.492245	5.909073	-6.944187	6.363949	9.171573	1.492245
1259	4	6.482057	-7.766495	0.066926	7.444254	3.141573	0.431746	-4.036250	0.066926	7.444254	8.596485	-6.023448	5.525493	5.239309	1.048750	8.926934	6.482042	-1.621640	6.612910	7.444250	3.141573
1271	4	0.933152	2.925174	-6.484785	-1.846210	5.650493	1.694149	1.022561	-0.422815	3.278706	5.630237	7.622162	-3.980714	-0.225870	3.373430	2.058576	6.939433	-1.288702	5.982061	3.373423	2.058587
1274	4	-3.684778	6.403010	3.170953	0.630013	6.671288	-3.525333	3.039664	0.377254	0.642018	6.671288	7.661106	-3.076089	6.940936	6.149123	0.298580	7.620228	0.620790	6.534513	1.796231	0.298589
1304	4	6.558734	-7.422065	-0.641815	7.765675	0.892720	6.558733	-1.315900	4.994152	7.765462	0.892720	1.414801	-2.530832	-0.672798	7.765668	6.692927	1.288012	1.917592	2.085415	6.310951	6.705950
1326	4	0.321803	2.284478	5.107784	5.937930	5.743125	3.752463	-1.113021	6.694108	6.019065	4.236996	7.265954	-6.314233	7.032486	7.014194	1.463224	3.752484	-3.132565	6.948433	6.842189	4.236959
1444	4	6.350532	-6.274285	-0.780862	6.524488	2.049206	2.490486	3.636073	-3.239090	1.087226	4.443694	0.533649	4.126694	-3.375326	1.086807	6.385650	6.350489	-4.338585	5.063992	6.524450	2.049206
1450	4	6.190779	-6.282525	5.628144	7.790514	1.293045	6.190779	-12.802739	0.806648	7.790530	1.293045	1.064389	-3.118467	5.628142	7.789259	6.533082	1.064492	-9.640749	0.806648	7.790530	6.533079
1467	4	3.272074	3.325511	4.975658	1.700703	3.931304	-1.943436	2.881115	-0.276322	1.747987	8.214921	8.396163	-1.045422	0.478804	4.240608	2.433889	-2.023655	5.611917	4.937055	1.668637	8.215043
1502	4	8.007905	-8.184927	2.921549	6.140977	0.731007	1.529020	-0.747998	5.744940	6.131699	5.136277	8.007905	-6.883459	5.768186	6.140977	0.731007	0.654695	2.409571	1.589705	0.320194	5.150802
1534	4	-2.231803	0.098966	6.376116	5.573987	6.011814	1.170970	-3.785659	0.688109	5.575564	6.003369	7.056948	-6.099580	6.751313	5.575564	0.162796	7.056948	-9.935283	0.718247	5.575564	0.162796
1554	4	-1.330395	7.834240	4.105809	2.242175	8.538395	-1.313065	4.881534	-1.856608	2.242188	8.538129	4.927618	2.614430	5.557087	2.248942	4.319682	6.323546	1.560586	1.162152	2.357455	3.746985
1592	4	-4.095965	5.285105	1.303650	2.370196	4.008141	0.697983	0.683375	2.228638	6.200488	3.964406	5.723588	-3.324447	7.927718	7.704223	0.094573	-3.930638	3.209189	-4.488985	2.395998	4.008141
1639	4	-1.170450	9.181033	4.987805	-0.232732	6.300914	-1.168711	7.513349	-1.125957	-0.232731	6.300851	1.483382	1.184463	0.532141	5.200989	4.403137	6.293880	-2.786358	7.345454	5.525451	1.209096
1716	4	6.697532	-8.550513	0.311673	6.654334	-2.336975	6.689810	-3.097380	6.256025	6.654334	-2.336828	3.528787	2.485419	4.217987	2.185684	3.801328	3.329662	1.813748	3.394197	1.924038	3.893759
1724	4	-0.903546	-4.111252	-1.003308	6.085382	9.544142	-5.844808	3.124991	4.090240	3.795968	9.544280	5.091249	-7.435126	-0.986158	6.122079	3.040792	5.091193	-0.915537	5.460648	5.790562	3.040792
1751	4	7.373106	-4.621384	7.092577	6.960419	1.884561	-4.584369	5.894956	2.607831	0.608731	7.860701	7.337393	0.852594	5.348748	0.616466	1.884563	0.393288	1.768306	-0.976407	0.608903	7.860438
1839	4	-5.979447	6.297412	-5.708426	2.789417	9.316303	6.226010	0.411870	0.169920	2.796274	3.976908	6.238046	-4.371074	0.828615	5.731842	3.976699	6.238044	-2.662707	6.783355	5.691224	3.976699
1892	4	-1.528912	-3.100429	-0.787013	8.446799	7.771635	-1.560654	-0.010400	5.294361	8.396620	7.771635	4.994829	-8.646609	-0.787013	8.446882	1.878777	4.994829	-5.557179	5.299216	8.446881	1.878777
1922	4	1.061202	-10.047213	1.516596	8.875245	5.580564	1.061202	-5.099264	6.101401	8.875236	5.580564	6.459992	-11.440941	6.122474	8.875245	-0.133531	6.459992	-16.388017	1.517286	8.875245	-0.133531
2003	4	3.741565	-5.255387	1.538495	6.807389	0.990452	3.741165	-1.686798	6.612777	6.807360	0.990589	-2.410499	-0.853219	6.612548	6.807097	7.311556	-2.408236	-4.421685	1.538495	6.807389	7.311555
2006	4	6.673867	-8.229031	1.243916	5.311082	2.627005	6.673755	-5.547752	7.049121	5.309874	2.627082	0.917279	5.279474	6.675530	-1.010544	5.531689	1.180194	2.062889	0.514571	0.704123	5.487381
2016	4	4.449100	3.104780	2.623689	-0.798582	0.629858	-1.432519	4.234728	1.993655	-0.798583	6.589699	4.699853	1.458110	0.005200	-0.798551	0.527738	-1.280072	2.013307	-1.396339	-0.798579	6.564595
2024	4	3.692202	-2.104796	6.044854	8.736194	0.825614	3.716929	-8.643282	-0.211621	8.736431	0.825587	-1.953661	-2.904867	-0.335774	8.736405	6.848001	-5.065522	3.342919	3.456785	3.137646	6.848032
2026	4	-3.758594	5.699230	3.890620	0.702374	7.395762	6.206257	-0.793898	7.040109	6.739921	4.352046	-1.049811	1.042125	6.654512	6.709341	7.263454	-3.756566	3.414301	-0.911976	1.540570	7.395726
2053	4	4.824456	-7.959984	0.171237	7.145863	1.081009	4.824443	-2.075276	5.252828	7.145846	1.081009	0.590032	2.516421	2.767142	0.913211	6.394404	3.119293	2.459668	3.015583	0.925908	2.029793
2096	4	-0.326776	-6.071692	0.550034	7.393320	7.890386	-0.326788	-0.560389	6.875776	7.391353	7.890386	6.162520	-10.014628	0.550053	7.393320	2.173972	6.162520	-4.503599	6.915132	7.393320	2.173972
2111	4	5.911290	-2.275819	6.640564	6.068575	2.772773	-0.076541	-3.470380	1.268648	6.070930	6.437300	-1.498829	2.933676	4.393380	4.233215	6.437324	5.914086	-8.447000	1.271024	6.071486	2.772339
2136	4	-2.110065	2.120527	-2.241872	1.416033	7.135658	5.626855	-3.427511	0.582320	6.645931	4.902645	0.097263	-0.758863	-0.275812	6.535513	6.999433	5.626848	-2.688741	6.309955	6.645455	4.902649
2272	4	2.879109	-4.764896	-0.498335	7.607926	6.097595	2.770330	-0.360594	6.024042	7.598871	6.145959	5.092106	-7.459905	-0.498335	7.607926	2.910390	5.091063	-3.128342	6.056528	7.607926	2.911813
2374	4	6.719875	-4.625464	7.268759	4.477893	-0.307019	6.721689	-6.200319	0.803477	4.477893	-0.307023	-0.475523	0.506087	0.801637	4.393436	5.262275	-1.334840	2.009312	0.082705	2.763845	5.262277
2388	4	7.947187	-4.721523	-0.855243	6.016097	2.963928	2.301145	-1.115851	-0.890644	6.015891	8.171987	7.526144	0.541771	5.325165	5.995899	2.971436	-1.203711	5.808164	4.421938	-0.220744	8.284273
2410	4	6.885580	-3.129950	0.831003	8.213218	-0.116061	6.885566	-0.846748	0.829239	5.751250	-0.116056	6.885539	-0.578645	7.014480	5.736558	-0.116047	6.885580	-2.790319	7.018865	7.980900	-0.116061
2471	4	0.164229	0.846072	5.345071	7.691910	6.361105	5.813340	-3.077817	6.120757	8.022367	0.363166	-2.468175	4.928526	2.525181	1.672750	6.361108	4.357516	2.200738	4.599765	3.568504	1.395716
2476	4	-0.444839	-6.470490	-0.288056	6.105669	6.653186	5.507439	-6.777211	-0.288056	6.115394	0.620819	5.507438	-3.644055	5.653608	5.826853	0.620819	-0.444840	-3.196946	5.653427	5.723768	6.653186
2650	4	6.986331	-4.119176	1.242424	6.874114	1.058842	1.153359	1.347454	5.412033	6.063692	6.996906	1.681547	-1.198356	1.173120	6.662576	6.473915	6.935861	-2.228800	6.830151	6.779544	1.058842
2755	4	-0.197261	3.348016	-4.357449	3.662349	7.637044	2.080820	0.014248	0.324292	6.512765	7.622393	6.449788	-6.100640	1.615266	6.613182	1.870326	5.857721	-0.740140	7.086897	6.577086	1.883608
2771	4	8.018138	-7.409991	0.727364	7.741360	3.345858	1.305971	1.552588	-2.392152	4.154922	7.783572	2.189176	-1.054130	0.666793	7.528858	7.759673	8.018138	-4.994926	5.981999	7.741296	3.345858
2813	4	1.254867	5.413400	4.877326	1.139317	2.199735	1.295530	5.031607	2.264279	1.139323	2.187434	-3.284877	5.477977	4.873468	1.139317	8.482384	-3.246992	5.092033	2.253088	1.139322	8.475590
2857	4	-5.060851	6.627779	-7.402849	2.448961	7.349098	5.885827	-4.580053	-1.200670	7.524820	2.524061	0.720786	0.448572	-1.882368	7.117498	7.348662	5.881735	-3.122884	5.372036	7.524818	2.524927
2859	4	-0.639880	1.082950	0.656214	4.621628	5.129300	6.595331	-4.068700	6.846431	5.808254	-0.419119	6.595331	-7.967435	1.417860	5.809729	-0.419119	1.138426	-2.087982	1.417701	5.786841	5.063322
2986	4	5.498099	-1.850018	6.025858	5.552141	3.884827	-5.121349	2.331263	4.180808	4.516410	7.828349	-0.760908	-4.207527	-0.330363	7.429374	7.544563	5.498672	-8.740917	-0.330363	7.721496	3.884387
3055	4	5.963870	-5.618821	-0.063274	6.853400	0.521823	5.624199	0.180461	5.295483	1.448255	0.521986	0.697874	1.334749	-0.687315	0.406569	6.553067	5.929778	-3.055871	5.578554	6.734485	0.521831
3065	4	-3.275820	3.687053	-2.096184	0.123029	7.976709	6.040787	-4.752550	1.108756	6.424582	2.315233	0.462004	-0.459733	1.100170	6.327056	7.973185	6.040725	-1.384858	6.437980	6.409922	2.315234
3068	4	4.615962	1.244218	5.699837	6.012242	-0.018221	4.840101	-4.038518	-0.091662	6.919367	-0.569166	2.698576	-4.009705	-0.091662	6.919365	5.229401	2.426398	1.278790	5.692396	5.963530	5.252957
3093	4	3.726375	-11.453570	1.210648	5.711701	5.421229	7.375112	-4.901834	7.219302	5.711701	0.453861	7.375112	-11.453793	1.210648	5.711701	0.453861	3.726375	-4.901611	7.219302	5.711701	5.421229
3100	4	6.763051	-5.808546	0.820551	7.572743	0.920020	6.760965	-4.444930	7.354998	7.572743	0.920020	0.752437	2.918623	0.395144	1.186026	5.765230	-0.335750	4.447062	6.796806	1.175841	5.769171
3120	4	6.360592	-4.365398	6.730284	7.103733	-2.134953	2.843926	-6.139996	1.237050	7.103733	3.074119	6.360592	-10.800807	1.237050	7.103733	-2.134953	-3.804075	6.476392	4.101573	0.738942	3.161475
3122	4	7.723377	-2.376374	6.554537	6.315933	-0.889706	-1.787266	2.695876	1.777505	0.530115	4.949258	3.694574	2.537216	2.043714	0.547724	0.232644	0.166061	1.908443	-2.446651	0.762166	4.948935
3163	4	7.011542	-6.620019	0.731316	8.226362	1.762533	6.971864	-1.960199	6.187582	8.221624	1.776230	-3.758508	6.594371	3.513386	2.233889	6.737718	-2.089547	1.259239	5.740632	7.864900	6.590489
3173	4	7.463148	-7.297450	1.845152	6.936371	2.620869	-0.215137	2.417287	-0.125021	4.429653	8.504454	-0.127341	-2.070768	1.845146	6.902169	8.502333	4.038170	-2.523236	4.399546	6.926497	2.732787
3387	4	5.320047	-5.365591	1.454238	6.685127	0.630789	2.003172	7.275492	5.456010	1.977075	3.003159	5.320047	-4.352354	6.554585	6.675393	0.630789	-1.827060	7.392145	5.456010	1.911686	6.690153
3409	4	-4.687658	1.477877	4.054755	5.680978	6.844250	5.667012	-5.977385	-1.437895	6.441262	2.281827	-3.838774	0.333469	-1.882066	6.432048	6.844250	-5.742939	3.416912	-3.413844	3.044756	6.844250
3497	4	-2.445284	0.802035	5.983826	9.092639	7.117028	6.511389	-5.830761	6.490785	9.201991	4.172525	-2.446285	5.548696	2.740890	3.161188	7.117051	-2.446285	4.775182	-2.200793	3.383751	7.117051
3531	4	2.050621	3.489711	-1.030959	3.980586	1.838499	-3.263516	3.498834	-1.042786	3.969898	6.234573	6.498476	-4.874660	1.400036	8.139025	-0.314798	6.498476	-1.452464	6.623232	8.098601	-0.314798
3544	4	-1.232611	3.469250	-5.131117	1.563829	6.892840	5.160471	-2.610416	0.041503	7.024409	1.135876	5.132724	0.130242	-0.061714	2.704035	1.157655	4.503360	1.763133	4.457175	1.570027	1.787326
3556	4	-3.616482	2.295499	-2.935365	0.975389	7.549513	6.358074	-0.878631	-1.019612	4.143368	1.282038	4.344522	0.981161	2.921920	1.241794	2.122155	6.789907	-4.155440	-0.954943	6.109174	1.279000
3571	4	1.431849	-1.215654	6.944752	7.752236	5.257010	1.441232	-5.994433	2.147791	7.752978	5.256985	4.196283	-11.860981	2.147791	7.752978	0.656525	4.196283	-7.084165	6.944870	7.752978	0.656525
3672	4	7.514548	-3.943451	1.670439	6.402968	0.412067	1.596346	-0.566392	-0.067832	6.397359	5.698375	-3.153043	2.546277	-4.879227	2.641441	5.785590	7.512375	-0.354147	5.303109	6.392882	0.412819
3744	4	1.441451	-3.592491	0.583072	4.123584	6.437760	7.219133	-7.565697	0.584052	4.123792	0.235993	-0.598418	2.238030	5.168273	-2.375731	6.545372	7.211304	-2.662362	6.684871	4.121050	0.235992
3798	4	7.517941	-12.815855	-0.759713	6.893961	1.981102	2.479517	-7.151098	-0.759713	6.888627	8.032420	2.479515	-2.043605	5.863853	6.717832	8.032421	7.517941	-7.722278	5.863885	6.890404	1.981102
3807	4	6.912625	-8.586460	1.275858	7.522982	2.356397	3.513065	-8.458964	1.275858	7.522981	6.828071	6.912620	-2.193721	5.925035	7.501588	2.356400	3.513053	-2.066202	5.925015	7.497488	6.828083
3829	4	6.220262	-0.344659	8.823404	7.968944	-0.071185	0.866650	7.594106	6.143005	3.969024	2.634967	-1.997884	3.173028	1.141242	3.987957	6.053681	-3.665285	8.497161	6.076024	3.969024	6.053790
3882	4	-1.409669	6.598761	-7.580925	5.200593	6.314706	6.219853	-2.778866	5.226943	8.162619	-0.315167	3.021246	5.367779	-7.580906	5.200611	3.043472	6.224752	-3.776503	-0.574233	8.162713	-0.315168
3950	4	-1.336591	-0.278796	-0.095880	8.749784	5.693564	-3.852406	1.880102	5.615802	8.174556	5.693564	5.340166	-3.432444	6.146490	8.982763	0.291680	5.348728	-5.555848	-0.095515	9.008702	0.289108
3980	4	1.408983	-6.768215	0.632609	2.270535	8.113262	4.573532	-7.371767	0.632609	2.270535	2.962086	1.401670	-1.844691	7.065441	2.270295	8.113846	4.570402	-2.463511	7.068374	2.270507	2.965325
4003	4	1.849776	-2.680071	-0.735954	6.484878	7.419374	7.520759	-3.225618	4.696501	6.484879	2.441287	7.723628	-7.873746	-0.724329	6.484879	2.430932	-1.330734	3.102947	-5.041965	1.304600	8.133843
4058	4	2.880396	-4.631020	7.677202	8.935520	7.506589	8.510112	-4.657230	7.677202	8.935520	4.195243	2.880399	-10.527542	1.206079	8.935520	7.506588	8.510114	-10.553752	1.206079	8.935520	4.195242
4088	4	0.177558	-6.242832	1.817819	7.182260	6.744392	6.336849	-10.118932	1.835007	7.182260	2.093756	0.169647	-1.930913	5.871828	7.181886	6.744408	6.336813	-5.827274	6.138551	7.182260	2.093766
4132	4	5.974586	-9.058938	0.587056	5.704929	1.143765	-0.803553	1.916197	-0.065847	0.249121	5.691092	5.970764	-6.270512	5.426659	5.702506	1.143787	0.035231	-3.755234	0.587057	5.626272	5.691062
4192	4	2.595753	-8.286620	-0.548484	8.963500	7.394058	5.462052	-8.926192	-0.548484	8.963500	5.310383	2.595737	-1.667658	5.772826	8.914999	7.394060	5.462051	-2.307798	5.772858	8.955159	5.310384
4195	4	-0.002951	-3.054512	-1.409837	6.325422	7.262319	-0.257750	0.651114	3.844447	5.920797	7.269899	5.757605	-9.408398	-1.409828	6.364592	3.820151	5.757605	-5.862936	4.108870	6.359351	3.820151
4277	4	-4.741823	4.119552	-3.292379	3.517223	6.487760	1.778955	4.117848	-3.291528	3.517226	1.711827	7.789422	-5.290266	-0.444512	8.092142	1.169509	7.789421	-3.563072	5.780823	8.092142	1.169509
4279	4	7.482586	-8.258627	-0.701574	8.519890	2.511598	6.870749	1.402495	5.372317	2.788484	2.511598	-2.480140	3.735045	-6.161743	2.715893	8.824366	7.482577	-4.037683	5.640988	8.519890	2.511597
4306	4	1.234892	-11.103456	-1.297034	9.473889	6.263279	6.976362	-9.077327	5.322170	9.473889	0.724509	6.976362	-14.303160	-1.297034	9.473889	0.724509	1.234892	-5.877623	5.322170	9.473889	6.263279
4378	4	1.669464	-5.790289	0.612066	5.737214	6.771554	5.902037	-8.880220	0.612066	5.737234	1.185696	4.991071	-2.011744	5.896154	5.733343	1.572381	-1.123376	0.990870	4.798682	5.507638	6.966864
4393	4	-0.817639	8.329306	6.135550	-0.445144	9.519503	5.393646	5.398734	6.135697	-0.443999	3.734448	8.823000	-0.950972	9.252073	5.987575	3.645404	-0.789044	6.311233	0.526561	-0.445053	9.519499
4409	4	-0.709261	-8.442996	-0.201435	9.309238	6.935986	5.727864	-6.342013	6.232443	9.308183	2.685814	-1.636627	-2.183074	6.230818	8.992441	6.935989	5.811469	-12.605380	-0.201435	9.309299	2.685805
4416	4	2.025788	-2.580420	0.347039	8.068584	7.254590	7.324826	-4.057827	6.636493	8.077906	2.907905	7.324826	-6.824505	0.347121	8.079262	2.907905	2.013995	0.211894	6.609610	7.639793	7.256169
4541	4	7.916789	-1.915191	0.387963	3.266505	1.135424	-0.455303	2.273436	-0.765537	0.637817	5.891720	7.912609	-0.085995	5.621618	1.152623	1.135424	7.916796	-6.809984	0.520866	6.620171	1.135424
4604	4	0.940924	-2.531641	1.004837	7.195707	6.293139	0.940435	-0.320119	6.891920	7.128828	6.293139	7.158412	-4.902268	6.896155	7.198994	-0.340842	7.158412	-7.104516	1.004838	7.199116	-0.340842
4610	4	1.034764	2.050342	2.815813	1.212674	6.675019	0.926615	2.015262	2.545693	1.135121	6.675024	0.997694	2.365305	2.778975	1.177011	6.674998	5.770363	-3.952862	6.441186	6.932090	1.317493
4703	4	-2.915135	3.461905	1.789264	1.014999	8.211497	-2.504804	3.145477	-4.066012	1.518352	8.211411	6.256883	-1.916611	-2.281910	4.423404	4.039032	6.014790	-0.269147	3.573951	4.344762	4.356287
4742	4	1.165274	-6.728924	-0.707613	6.080692	7.384081	7.126638	-12.408188	-0.704636	6.080692	2.577454	-3.593665	-0.172080	4.390814	5.968852	7.385209	7.126638	-5.932454	4.676270	6.080691	2.577454
4753	4	6.666296	-5.226699	6.695373	6.478122	1.630460	6.666296	-9.591299	1.224383	6.483403	1.630460	1.465780	-0.870995	6.686926	6.379394	7.361181	1.469312	-5.352713	1.224382	6.478585	7.360509
4868	4	6.336393	-11.916644	-0.387887	6.991302	1.041552	6.331434	-7.192439	5.938507	6.991302	1.041552	0.076231	-1.140674	5.860091	6.989522	5.869875	0.373010	-6.139318	-0.387889	6.991302	5.580023
4879	4	6.932816	-4.245738	6.224710	7.861582	0.097782	7.031881	-8.363886	0.078553	7.882700	0.089056	-1.469620	2.173277	4.868668	6.669741	6.210803	0.965914	-2.474082	0.078402	7.808879	6.198696
4883	4	1.447591	-6.645782	-0.553919	6.740537	7.431317	7.610019	-10.741525	-0.553919	6.740537	0.987440	7.609218	-4.728731	5.293741	6.740537	0.987484	1.184398	-0.481116	5.293397	6.031671	7.439036
4916	4	-0.017232	-1.637511	-0.475568	8.361580	7.404191	5.174070	-1.437899	6.020905	8.347402	1.843269	-0.699075	8.554693	4.819132	4.010585	7.404612	5.174100	-6.233758	0.570241	8.456983	1.843260
4940	4	1.269112	-6.573675	-1.360664	8.643761	7.113483	4.253928	-2.018286	3.983386	8.643503	2.019960	1.170021	0.108956	3.958646	8.552671	7.151745	4.260817	-8.592042	-1.360664	8.643761	2.010416
5017	4	3.743294	-9.964755	0.125142	5.706248	2.417541	3.743286	-4.102005	5.523670	5.706248	2.417548	-1.022958	0.421227	5.521540	5.703731	3.982798	-2.858432	2.677789	3.807819	1.687408	4.064831
5023	4	1.221105	4.410268	-4.937203	1.674735	2.363752	5.599626	2.009142	-0.194833	3.296745	-0.174553	7.000000	-2.819988	1.138133	7.666062	-1.285219	6.982010	0.243042	7.576534	7.387250	-1.271496
5065	4	0.080672	-3.026142	-1.714165	6.778473	9.093652	6.380110	-7.272291	-1.714162	6.891273	3.285219	6.379493	-1.585481	4.207743	6.594802	3.285665	0.066065	-0.054150	3.163032	6.155987	9.093672
5109	4	6.991673	-6.559356	-0.347201	6.803743	0.960004	1.155598	-1.970768	3.174522	6.803143	7.509006	1.159397	-4.464604	-0.348296	6.803742	7.508937	6.991126	-3.379540	5.311954	6.803731	0.960008
5175	4	8.449390	-4.344734	-0.498296	7.434697	3.462823	8.355971	-0.850190	5.831195	7.434429	3.462823	-2.574073	3.989964	-1.565176	3.065588	8.762429	-3.710819	8.063444	4.827094	3.065324	8.762438
5179	4	5.496349	-7.285210	1.991702	3.050017	0.914818	-2.433076	4.846222	5.104985	-2.658720	6.450817	0.440898	-1.639667	1.855510	3.049980	6.450700	5.493604	-4.690185	8.115174	3.050017	0.919725
5189	4	-1.222238	2.235931	-1.779943	1.817789	6.251040	4.900107	-4.092336	0.613701	4.959469	2.513016	4.900065	-0.775590	6.164518	4.955844	2.513016	-3.234363	6.064393	3.805024	0.025529	6.251041
5217	4	7.480012	-8.360437	1.637640	6.080403	1.346692	7.479954	-2.992688	7.050434	6.080402	1.346692	-2.150450	2.997347	-2.790598	-0.466379	6.645604	0.966001	-2.919422	1.637640	6.080402	6.644581
5257	4	-2.086670	6.480581	0.985588	2.583990	6.155386	5.621104	-4.554396	6.894446	8.247517	-0.241406	5.621104	-4.578847	1.872368	8.247517	-0.241406	-2.086711	6.742372	6.012359	2.583990	6.155386
5277	4	-0.687544	3.807295	-0.968771	-0.234676	7.028922	7.509130	-3.770641	9.790557	5.213051	3.312282	1.346394	1.972032	8.595278	4.686711	6.816559	-2.082642	7.258621	3.732824	-0.301766	7.075620
5318	4	6.291752	-3.950968	0.464323	4.909731	1.329220	-2.627761	0.594963	0.248993	4.904859	7.258369	6.102181	-1.424807	6.959033	4.909730	1.329788	3.050273	0.321690	0.359054	4.908166	3.718659
5344	4	5.523230	-5.204342	-1.276121	7.160889	3.247733	1.930648	-1.421644	-1.287569	7.155771	7.146102	0.642661	1.863896	-2.080605	4.586623	7.306490	5.409237	-1.970124	5.324524	7.160123	3.413476
5345	4	6.194207	-10.476480	0.379690	7.169475	1.786949	2.188062	3.909810	4.001986	3.118856	4.078011	-4.320333	3.925919	3.993060	3.114732	7.395822	6.194173	-4.772020	6.538188	7.168507	1.786958
5414	4	6.323215	-1.646231	8.079361	6.748810	2.256077	-4.442136	5.540229	2.115128	0.371171	6.819817	-4.116307	3.554250	-1.554509	1.874393	6.819817	1.122518	3.393818	-1.235468	2.199105	3.935789
5426	4	3.537323	3.242109	-0.110185	0.453326	1.478860	-1.829339	6.920826	5.256985	0.445330	6.542254	0.432691	3.465882	-0.234807	0.449018	6.527055	5.980411	-0.629943	7.661702	5.261826	0.326228
5450	4	-2.142326	3.702005	-4.792608	1.453298	8.128566	8.697697	-0.097764	6.377356	6.500296	4.214633	8.786847	-4.905706	1.005583	6.523588	4.182286	5.924463	1.169300	3.712245	4.565836	5.738133
5473	4	0.652118	0.074999	-0.334960	7.430770	6.138107	4.744450	-5.900798	-0.320795	7.440660	2.100794	-3.491467	2.881202	3.544446	4.866693	6.477875	4.744450	-2.517928	6.262044	7.440659	2.100794
5579	4	6.302040	-4.376012	8.599519	6.734658	1.753358	0.165632	3.575218	1.226988	2.293945	7.881430	0.160388	6.047150	4.940403	2.276468	7.881437	3.953510	4.306459	6.293434	2.278767	1.816461
5603	4	-1.572903	-2.709713	0.403292	7.780810	7.029996	-2.857429	1.636005	-1.075790	3.604666	7.044553	3.458460	-3.262628	0.403292	7.780810	0.813717	-1.990136	-0.272534	4.314971	7.769720	7.039049
5631	4	1.292827	-1.151262	5.373715	6.890873	7.909341	1.293506	-3.158726	1.239330	6.914518	7.909274	6.755473	-4.687652	5.762912	6.914610	2.893152	6.755473	-6.743364	1.241070	6.914612	2.893152
5635	4	6.626363	-10.388644	0.933458	8.471472	0.879678	6.626363	-7.361916	6.376918	8.471471	0.879678	0.700069	-4.270203	0.933446	8.471373	5.863319	0.551417	-1.243248	6.370887	8.464948	5.863887
5705	4	7.511275	-10.730415	6.889241	7.047336	1.576216	2.324990	-10.691852	1.353185	7.047336	7.939628	2.312970	-5.642310	6.888743	7.047336	7.941821	7.511629	-15.765397	1.353186	7.047336	1.576187
5711	4	5.205025	-8.435248	-0.477808	6.736726	2.532503	5.204960	-5.105766	4.132555	6.736726	2.532503	0.379159	-1.915430	-0.477902	6.736490	6.591159	0.022030	1.189977	-2.051170	4.368056	6.725780
5719	4	-0.528052	-2.315698	0.562192	6.574062	3.933920	-0.553994	0.464629	6.612912	6.547738	3.933920	5.456726	-6.514510	0.562387	6.574074	-1.114717	5.456726	-3.729043	6.664966	6.574073	-1.114717
5728	4	-0.525079	4.354016	-3.603908	3.031113	2.338473	5.893244	-5.190677	0.646143	7.264514	-2.927501	5.881681	-1.233141	6.839038	7.262424	-2.927498	-0.490402	2.517119	4.780774	5.263490	2.282416
5780	4	6.483979	-0.355166	7.004058	5.246650	-1.509625	6.991958	-3.093925	1.061713	5.252892	-1.510491	-1.486966	7.119503	5.441336	-1.277408	4.405675	0.246963	4.360408	-0.679471	-0.187625	4.402431
5950	4	6.555735	-7.151031	7.752252	6.756742	3.527467	-3.602356	4.139919	4.082977	0.422719	6.787134	0.776799	-1.319938	7.745998	6.756536	6.545525	-2.405262	2.071090	-0.042401	2.777341	6.770007
5989	4	0.305776	-0.503781	-5.836856	6.512097	8.394638	-3.358075	2.545662	-6.212985	3.412618	8.406238	6.435977	-6.088730	0.252466	6.512148	3.281287	6.265845	-2.045601	4.677753	6.512148	3.288529
5994	4	-0.602362	2.139711	0.158942	1.807840	5.843626	6.789040	-2.334052	1.771672	7.110851	-0.629021	6.789035	-2.279645	7.197841	7.109362	-0.629021	5.086672	1.841999	1.066484	2.226693	-0.620584
6057	4	2.685858	-6.351213	-0.128400	6.036033	6.817090	8.575060	-9.274036	-0.128400	6.036152	2.396080	2.685828	-2.308533	6.472101	6.003748	6.817131	8.575060	-5.241332	6.473086	6.035591	2.396080
6067	4	0.411018	-1.095373	0.970607	8.827991	8.783552	6.643355	-3.489674	7.387290	8.986398	2.445543	0.371172	0.892872	5.262086	8.380936	8.783783	6.643356	-5.456990	1.053382	9.016340	2.445543
6119	4	-3.380008	1.257206	-0.916702	1.868961	8.225345	2.778084	1.186541	-0.906350	2.101342	2.742668	-3.185979	-0.921839	-0.868426	6.828432	8.225345	2.939574	-1.045797	-0.868417	6.840671	2.732425
6133	4	0.396437	0.325758	1.147411	8.166462	6.064284	0.349680	0.574517	6.020089	8.154810	6.064462	6.234248	-3.704861	6.076350	8.175500	0.510872	6.234381	-3.941009	1.181225	8.175500	0.510800
6145	4	0.484342	-4.824457	-1.171547	6.266908	7.210137	-5.451489	2.872715	3.591857	2.518628	7.210142	5.315265	-9.827114	-1.158606	6.269483	2.590766	5.296184	-3.439406	5.099604	6.252004	2.592101
6255	4	5.423606	-3.898757	7.866211	7.455604	3.220712	5.423606	-5.755843	1.566959	7.455604	3.220712	-6.244491	2.715823	-0.226271	1.730935	7.797218	-0.441786	0.633829	1.363989	7.237326	7.728816
6327	4	5.938611	-8.971684	0.242004	6.549024	3.629886	2.433382	-8.970847	0.242004	6.549024	8.552666	2.433381	-3.346122	6.155640	6.549022	8.552666	5.938611	-3.346958	6.155640	6.549022	3.629886
6377	4	7.091407	-9.783890	1.891102	7.337317	2.073331	1.260303	-3.574062	1.778508	7.296420	6.030327	7.089502	-4.712228	8.050235	7.318759	2.074312	-3.376897	2.879854	5.292360	6.222845	6.940931
6396	4	-0.719549	-2.696646	0.028915	5.685841	7.236152	5.170116	-8.518868	0.029100	5.735670	1.653252	5.170116	-3.368057	6.604863	5.704443	1.653252	-2.674434	2.332693	4.927696	4.752703	7.236167
6411	4	6.546152	-7.294551	0.442010	6.275019	-0.581979	1.277648	-7.087341	0.441985	6.275019	5.764200	6.546133	-4.327102	6.483414	6.275019	-0.581977	1.277617	-4.119804	6.471857	6.275018	5.764200
6429	4	6.530998	0.614773	5.181032	4.429966	0.772392	-5.502796	2.774008	-3.401794	2.820340	6.161305	6.662436	-7.209174	-0.229958	5.976787	0.697794	6.662436	-2.421187	5.743670	5.675788	0.697794
6431	4	-0.053387	1.421860	2.445579	2.116209	6.712530	0.060035	1.499916	3.058507	2.269123	6.711718	0.011773	1.650647	2.867994	2.218109	6.710991	0.018416	1.230276	2.736071	2.196848	6.713116
6482	4	2.785515	-8.886099	0.556535	5.631158	6.144008	2.785419	-2.975467	6.364102	5.630843	6.144063	5.983953	-14.076099	0.556537	5.631158	0.465537	5.983953	-8.165997	6.368609	5.631158	0.465537
6491	4	8.493994	-6.282952	-0.876306	3.380247	3.370323	2.503597	-0.482566	-0.884164	3.378203	7.101129	-3.608437	3.013167	2.371736	-0.747095	7.954404	8.259806	0.331398	5.380609	3.360836	3.471879
6513	4	6.825120	-7.201526	0.836366	8.703593	2.426613	1.050086	-5.877129	0.836366	8.703593	8.923736	6.825120	-4.882822	6.516861	8.703593	2.426613	1.050086	-3.558424	6.516861	8.703593	8.923736
6523	4	-2.726459	2.360973	2.352445	1.697522	6.459157	-0.024042	-0.763582	-0.260752	3.968475	6.459157	5.721958	-9.681884	-0.184439	6.622688	0.138559	5.721405	-4.694034	4.329617	6.583735	0.138611
6563	4	-1.109052	-3.546836	-2.022825	6.928267	8.328873	-1.153461	0.659129	3.499436	6.625741	8.328882	5.517046	-7.547441	-2.022819	6.928267	3.104408	5.517045	-3.178306	4.157040	6.928267	3.104410
6601	4	0.424266	-3.429968	0.366014	7.404856	8.551440	6.754038	-7.861598	0.366136	7.404856	2.668474	-1.417470	2.037278	3.439570	5.937719	8.553545	6.491419	-1.856421	6.532976	7.404852	2.668474
6637	4	5.885407	0.277281	5.071843	1.045790	1.588980	5.911572	-7.336371	1.338814	5.997149	1.550385	-2.202384	3.365798	-0.929325	0.631376	7.171010	5.911572	-5.079858	5.533773	5.905526	1.550385
6674	4	1.526992	0.679389	3.560300	8.258347	9.366573	2.752591	-3.139504	0.998865	8.368878	9.267271	7.562281	-7.202860	0.998865	8.368920	3.191626	7.558930	-1.619300	5.393816	8.367946	3.191627
6702	4	8.554577	-2.637758	1.570095	6.802909	1.238780	8.554575	-1.601770	6.878983	6.802856	1.238780	6.593500	2.544678	3.893732	1.691012	1.238780	-2.701198	4.648949	-4.628486	1.648990	6.856532
6740	4	1.201070	-4.410466	-0.037630	6.236400	7.944847	-3.378053	3.044662	3.332748	1.523338	8.542940	6.502784	-6.887105	-0.014443	6.236400	2.203100	6.498312	-1.494836	5.578621	6.236399	2.203133
6750	4	2.013125	0.875901	-0.867130	0.317334	1.184896	2.013067	4.002497	4.661292	0.312703	1.185070	-0.442981	4.238213	4.647007	0.312703	6.463414	-0.442949	1.085938	-0.902035	0.314941	6.463413
6806	4	0.684518	-7.081475	0.979543	8.880375	6.113357	6.397682	-12.940905	0.979549	8.880403	3.295139	0.684449	-0.539875	5.563106	8.656235	6.113363	6.397682	-6.399316	5.616655	8.880331	3.295139
6825	4	6.945863	-11.173806	7.436618	6.392982	0.960540	6.945863	-11.188237	1.931492	6.392982	0.960540	0.790128	-4.658826	1.931478	6.392879	6.246130	0.790128	-4.644394	7.436608	6.392874	6.246130
6845	4	-3.649671	3.721130	-3.679031	1.350143	8.850525	-0.438258	1.503753	-1.409764	6.359770	8.850485	5.651155	-0.924487	0.980367	6.561719	2.813587	5.562825	-0.270971	6.495162	6.561303	2.855488
7048	4	6.602796	-5.577290	0.951872	8.162632	2.951611	0.797876	-2.385945	0.951690	8.162632	7.705583	0.797219	-1.876086	6.264900	8.162631	7.705597	6.602796	-5.067548	6.265341	8.162632	2.951611
7057	4	5.486441	-3.724389	-1.072508	7.418709	0.340328	5.237519	1.853542	3.957692	4.302020	0.340978	5.485770	0.004895	4.760103	6.702428	0.340329	0.683159	-0.943382	-1.307970	7.191015	6.822540
7126	4	5.937324	-6.880698	0.393175	6.474351	1.809302	5.935511	-1.799890	0.290125	1.410825	1.809302	5.937324	-6.252268	6.479985	6.473386	1.809302	5.884013	-0.977369	6.029917	1.172275	1.809305
7127	4	5.290234	-8.554417	1.900297	7.304297	2.727738	-0.680839	-5.318075	1.900297	7.304297	6.507738	5.290234	-5.084687	5.795282	7.304297	2.727738	-0.680848	-1.848343	5.795223	7.302741	6.507738
7200	4	1.972522	-2.017301	0.973826	6.756240	7.322220	1.495780	0.442948	7.004524	6.569339	7.324377	7.063642	-2.181956	0.974141	6.756321	0.709224	6.772507	0.280484	7.043055	6.633574	0.709343
7219	4	1.292356	5.023412	0.144364	1.027580	2.725216	1.120911	7.240823	6.141607	0.591821	2.734973	7.463567	-5.424062	1.465036	6.473081	-1.334539	7.455525	-3.238016	7.490811	6.470850	-1.334496
7222	4	2.630298	-4.012212	1.145901	5.767597	8.202939	-0.917942	-0.612078	7.011149	5.707019	8.342068	-3.095676	5.342251	3.735806	0.361505	8.342069	6.031994	-6.391790	7.314487	5.768137	4.955479
7232	4	1.456027	-5.697606	-2.820058	7.124496	6.482913	1.102510	-1.073142	3.570988	6.969555	6.484122	4.786290	-5.145361	3.575796	7.121269	2.889291	4.810384	-9.540152	-2.820058	7.130955	2.818296
7322	4	-1.555702	3.888949	-2.338814	3.332188	7.683603	6.001643	-2.841297	6.671221	6.873563	2.103650	6.059768	-5.314186	0.166634	6.873840	2.097037	0.106094	0.310432	-0.334329	6.692562	7.676063
7323	4	4.435000	-8.184689	-1.679964	7.744038	1.360034	-0.242670	-3.391539	-1.679964	7.744018	6.509162	-0.644359	0.674467	4.672663	7.650791	6.509220	4.417541	-4.083350	4.696967	7.744033	1.365190
7333	4	8.401730	-1.911698	4.854238	6.959830	4.085305	4.696454	-8.092753	-0.278516	6.961594	6.858162	8.492586	-8.124717	-0.278516	6.961594	4.025936	4.552779	-1.872753	4.854238	6.959682	6.954502
7384	4	6.712970	-4.680766	-3.898959	6.284899	1.143005	6.636678	-3.284067	2.039842	6.275280	1.185798	-0.936809	3.606789	0.017771	-0.006275	5.787198	-0.499162	3.041607	-5.790601	0.014412	5.784654
7385	4	7.184622	-10.433111	-0.813609	9.639717	1.470841	1.734039	-4.775803	-0.813609	9.639717	6.701524	1.734039	-2.462098	5.607040	9.639707	6.701524	7.184622	-8.119406	5.607040	9.639717	1.470841
7391	4	-0.201942	1.689018	-0.693087	3.894117	8.526225	5.342193	-5.094157	0.390269	7.384139	3.451223	2.715870	1.463322	-0.155655	4.515909	3.677532	5.340281	-1.538780	4.643856	7.383750	3.451227
7401	4	8.669559	-3.651712	0.220079	8.351890	1.251498	7.593905	1.388684	5.153764	3.127242	1.251509	8.615826	-1.044136	6.078681	8.347299	1.251498	0.593055	3.480663	-3.766922	2.254269	6.926619
7441	4	-0.168709	6.007915	-1.830398	0.312745	5.419408	-0.168709	6.142113	4.526744	0.287695	5.419408	4.724340	-5.907892	6.473792	6.580642	3.665597	4.724340	-6.101386	0.082812	6.580659	3.665597
7491	4	-1.754973	-7.729598	0.218749	5.527548	3.956716	-1.850326	-1.097586	6.454900	5.318026	3.956722	4.291152	-10.033609	0.218752	5.529392	2.000734	4.291147	-3.742094	6.479038	5.493642	2.000739
7570	4	0.184404	3.219615	-2.257630	-0.841737	6.266381	0.034715	3.450321	2.710346	-0.843500	6.266586	7.763008	-5.549476	0.092602	5.715789	1.822911	7.761215	-2.702179	5.698374	5.715716	1.822911
7638	4	-0.722306	2.960358	-5.286155	1.631877	6.358021	6.369807	-6.490172	-0.671660	5.939049	1.264903	1.151751	-0.286295	-0.948120	5.936028	6.348032	6.097457	-1.592012	5.905390	5.939036	1.358263
7668	4	6.584383	-5.673330	4.783138	7.267735	1.655926	2.192787	-4.275660	0.951216	7.267575	7.965743	6.584383	-8.639128	0.951694	7.267762	1.655926	2.192373	-1.323353	4.608623	7.256551	7.965902
7673	4	-2.869298	2.645584	-4.966761	-2.072560	7.042824	5.406440	0.010095	1.335596	0.555163	2.931615	5.416308	-4.534220	1.472269	4.257369	2.916475	5.416299	-2.514961	7.535826	4.254144	2.916489
7752	4	0.983737	-4.341939	0.418366	5.849806	7.000213	0.343626	1.868489	-3.827793	3.012670	7.000625	7.605121	-7.558171	0.421301	5.849811	1.489913	7.605094	-3.092170	6.838010	5.849642	1.489913
7758	4	-0.977858	2.538590	-2.881103	2.577014	8.043269	7.004860	-4.715453	-0.201743	6.540100	1.430673	-2.965945	5.980230	3.375274	1.883682	8.044546	5.635159	0.179188	3.393465	3.934597	1.577228
7796	4	-2.769653	2.717083	-2.583602	0.443117	5.895007	6.886911	-7.408039	0.697663	5.948253	0.083972	6.632348	0.830639	7.062093	0.553774	0.084048	6.886911	-4.152194	7.133404	5.948252	0.083972
7822	4	5.005251	-11.557230	-0.126905	7.935556	0.394331	-0.056588	-4.948298	-0.126905	7.935556	5.875875	5.005250	-5.551280	5.221342	7.935556	0.394332	-2.496569	1.911678	3.522246	6.077739	5.889540
7857	4	6.492163	-2.683100	7.082026	5.060136	-0.944840	4.874949	3.275008	5.438501	1.256332	-0.580432	5.513106	2.136811	-0.321285	1.996610	-0.847175	6.494766	-2.754506	0.650925	5.084496	-0.944919
8022	4	0.611193	-2.606900	1.418484	7.412459	7.386952	6.384879	-3.134804	6.496285	7.412471	4.209366	-4.504693	1.341975	4.854035	6.750451	7.850353	6.385418	-7.404732	1.419444	7.412475	4.209103
8037	4	7.800866	-11.458631	-0.729835	8.466059	2.260858	1.771296	-7.585772	-0.741546	8.466059	6.734618	7.800866	-5.372044	5.481985	8.466059	2.260858	1.769058	-1.524317	4.889151	8.456342	6.735025
8085	4	6.860571	-3.685544	7.214106	7.081729	0.691733	6.860612	-5.656564	0.836722	7.081732	0.691710	-2.741893	2.792867	-1.176163	1.372691	6.567594	1.685342	-1.249716	0.500754	7.079184	6.354942
8260	4	1.117564	-5.472896	3.659284	6.539681	7.613120	6.014372	-8.568265	3.659284	6.539693	1.727020	1.117646	-9.135792	-2.399867	6.539693	7.613118	6.014373	-12.231090	-2.399867	6.539693	1.727019
8264	4	7.402736	-10.272638	-1.360504	7.790604	1.520216	1.840314	-10.210782	-1.360504	7.790604	6.689797	7.402735	-4.641053	5.182846	7.790601	1.520216	1.840313	-4.579197	5.182846	7.790601	6.689797
8288	4	4.936682	-7.174699	-1.318771	7.920667	3.519773	-0.442560	-2.270850	-1.339024	7.888998	7.063364	-0.442561	-1.306158	4.182406	7.804169	7.063364	4.936682	-6.194529	4.260319	7.920563	3.519773
8299	4	6.725154	-10.831188	0.645469	6.409524	2.403321	1.628255	-5.887390	0.645446	6.409524	6.519543	6.713027	-4.654693	7.105302	6.409524	2.405233	1.132841	0.413347	6.970298	6.408289	6.646189
8321	4	5.907409	-11.301156	-0.683548	7.424006	0.182994	2.932423	-7.313231	-0.683550	7.424006	6.003062	5.907409	-5.258382	5.374707	7.424006	0.182994	2.932049	-1.343775	4.908288	7.424005	6.003770
8358	4	-5.879918	3.461068	-3.447133	1.010762	8.359483	0.579255	-0.363496	-0.064259	6.316290	8.359365	6.615552	-3.244323	7.337023	7.357581	2.041324	6.615552	-5.445706	0.928450	7.361425	2.041324
8442	4	7.503945	-4.836637	0.121941	6.301075	2.046245	7.503191	-0.856399	5.746321	6.300952	2.046245	1.186498	0.872885	-0.612481	6.252567	8.630564	-2.233288	3.815407	3.065587	0.198087	8.633975
8456	4	-2.968285	-5.351880	0.989976	7.746176	5.832496	-3.007248	0.698298	-0.271526	3.526185	5.832884	1.487893	0.697278	-0.270450	3.528202	2.291028	1.527071	-5.353049	0.989977	7.746176	2.290864
8469	4	2.806400	-10.667769	0.126932	6.817784	8.847543	7.251688	-7.445515	6.570674	6.817777	4.304935	7.251688	-13.331661	0.127912	6.817784	4.304935	2.806399	-4.783337	6.517676	6.817487	8.847544
8487	4	7.344336	-4.012117	6.245328	7.704752	0.834554	6.667373	1.602354	5.592937	2.219040	0.838360	6.759855	1.553330	1.378615	2.219433	0.837479	0.129934	3.780405	-4.435031	2.217305	6.374312
8521	4	-0.512728	-8.122536	-2.379688	6.870762	9.435028	5.464181	-14.398885	-2.379688	6.870762	3.316329	-0.564802	-2.666759	4.105847	6.870613	9.437149	5.463481	-8.912802	4.116140	6.870762	3.316330
8548	4	8.086890	-2.121041	1.201208	6.881580	-0.947950	8.082533	-1.375099	6.758008	6.873367	-0.947950	3.868761	4.150852	-4.143502	3.282327	0.448539	0.665208	5.738498	-4.143502	2.269817	5.584286
8550	4	3.572111	-5.646201	1.359858	7.382719	4.672412	5.522534	-10.128619	1.359858	7.382719	2.214135	3.571571	-1.363756	6.136651	7.382648	4.673281	5.522534	-5.847854	6.139483	7.382719	2.214135
8553	4	4.192914	-1.847825	6.527808	6.880824	3.490385	-3.631673	0.617029	5.895712	5.945207	9.213792	-4.525049	2.324295	-0.945543	1.408069	9.262349	1.069655	0.614146	5.897014	5.951943	3.592682
8602	4	7.602378	-1.125953	2.421404	2.502696	2.450835	-1.119601	5.201608	2.052653	-1.687584	8.659203	-1.654061	7.152493	5.771791	-1.796986	8.659203	6.880260	0.597120	5.949429	2.106696	2.450843
8641	4	1.059659	-2.729212	0.224320	5.943820	6.776101	-0.194763	1.903948	4.664101	5.323171	6.776124	6.702892	-3.940514	6.864114	5.964889	1.285756	6.703626	-8.526460	0.224321	5.980516	1.285755
8665	4	2.447932	0.090971	-0.695535	6.094177	5.144038	5.086611	-5.327041	-0.308302	6.165872	-1.106186	-3.618474	7.703428	5.228863	-0.246274	5.181790	5.082644	0.012598	5.844430	6.101397	-1.105005
8797	4	5.680278	-10.780385	0.174980	5.205978	1.467084	0.744176	-6.021503	0.174980	5.205978	6.809358	5.680278	-5.691360	6.281409	5.205978	1.467084	0.743930	-1.320086	4.334765	5.204703	6.809358
8798	4	-4.047930	0.874581	-0.131505	4.160651	8.674653	6.634939	-5.743215	-0.125828	6.309754	2.290894	-3.249645	-1.085454	-0.125830	6.224775	8.674653	5.826630	-2.463152	5.871074	6.304776	2.396146
8872	4	7.063617	-4.611238	-4.167336	5.568439	-0.201029	1.283935	-4.587035	-4.167336	5.567635	6.103733	6.976529	1.018325	1.667477	4.232416	-0.200969	1.194592	1.027811	1.657716	4.226836	6.103746
8914	4	8.340641	-8.428871	2.097804	6.822706	-0.361297	2.083104	4.857317	4.845550	0.800053	5.506171	8.340641	-4.640550	8.430264	6.822706	-0.361297	8.251897	1.081095	7.565678	0.963219	-0.360840
8926	4	1.975349	-6.063014	0.206980	9.320339	9.573125	7.311867	-5.277097	6.719773	9.307161	3.258455	7.311867	-7.550433	0.209939	9.332153	3.258456	1.975349	-3.788940	6.705585	9.251922	9.573125
8942	4	-2.224717	2.083153	2.830929	4.974370	7.160239	-2.230739	2.086887	2.847813	5.073210	7.160239	-2.268722	1.972058	2.489314	5.000440	7.160239	-2.211764	2.088037	3.011716	5.988956	7.160239
8948	4	-1.276040	2.046831	-0.255526	2.931289	7.570684	6.609493	-5.032120	0.820158	4.711324	1.461620	6.574612	-1.607187	6.458927	4.710935	1.461628	0.906780	-1.291804	0.820108	4.710392	7.570551
8966	4	6.586161	-2.789932	0.861298	3.104386	2.840123	4.045313	2.390153	3.890855	1.266645	2.880880	0.418357	-0.957413	0.790260	3.104351	7.515940	-1.948541	2.269786	3.478253	1.663479	7.567761
9053	4	0.850684	6.023068	4.412054	-1.445643	0.963686	-5.510536	7.079121	4.261298	-1.445975	5.777351	-5.510216	3.871099	-1.348145	-1.315403	5.777351	0.854737	2.955511	-0.827363	-0.318257	0.958946
9063	4	7.999989	-3.826153	7.186536	7.794346	0.170298	8.001715	-7.101188	0.550016	7.794346	0.170292	2.251850	-5.377041	0.549974	7.794346	5.866990	2.232895	-2.094827	7.182527	7.794326	5.882124
9157	4	1.090036	-2.385421	2.644893	9.296407	8.712859	1.090018	-1.573019	1.760937	9.296404	8.712859	1.090025	-2.500734	1.243743	9.296405	8.712859	1.090026	-1.106472	2.259244	9.296405	8.712859
9167	4	0.732976	-9.271215	0.504831	6.519999	7.644741	7.201867	-12.540075	0.504831	6.519999	2.848324	7.188724	-6.396080	6.749255	6.519999	2.848325	0.514864	-2.248462	6.749219	6.519331	7.662800
9327	4	-0.628365	0.379299	5.795841	6.117774	6.675073	-0.572185	-4.388861	0.080352	6.170161	6.630740	5.186124	-7.006497	0.101226	6.170164	2.626892	5.186118	-2.268462	6.227166	6.169947	2.626892
9328	4	1.504706	-7.287991	-0.030822	6.580718	7.304023	1.504701	-1.737789	5.739277	6.580094	7.304024	6.460479	-12.284689	-0.030822	6.580718	2.030401	6.460479	-6.734507	5.739306	6.580718	2.030401
9348	4	8.369011	0.167885	8.892987	8.473053	2.778133	-2.779369	4.442933	-2.418219	4.077121	7.090833	3.234203	7.224832	3.361365	4.033864	4.209823	-2.779601	8.476310	3.361365	4.033845	7.090834
9373	4	9.294168	-5.022241	1.016471	4.802000	1.753966	2.941691	-3.972370	1.016456	4.802000	7.407533	9.294167	-1.548470	6.522112	4.801985	1.753966	2.941556	-0.496179	6.502358	4.800772	7.407564
9421	4	-1.717662	2.209834	0.521488	4.625920	4.383885	5.183319	-3.172296	2.941302	6.651646	-0.941687	1.008794	-1.600387	0.559386	6.428252	4.363648	1.011773	-3.015231	-3.836340	6.637545	4.363523
9429	4	4.611033	-4.576327	-0.172429	6.759963	0.815990	4.606607	-2.622279	5.980929	6.759959	0.815990	-3.807777	3.588685	-3.628449	1.213987	6.637631	0.952906	3.583918	-3.625491	1.213990	1.291723
9448	4	6.905774	2.502771	3.470093	3.373100	-0.046695	-2.311883	7.711343	0.376960	2.827956	6.454645	-2.309710	7.704580	-5.194927	2.827956	6.454645	7.901773	-1.603560	5.112941	5.793647	-0.046791
9585	4	8.717364	-5.731799	6.036848	9.097524	0.455524	8.725404	-10.507659	0.425813	9.097524	0.454866	2.713908	-9.080725	0.425813	9.097524	6.243455	2.691997	-4.278418	6.036848	9.097512	6.257114
9593	4	7.897808	-3.763507	5.336912	7.960186	-0.787114	7.900065	-9.636529	0.491865	7.962240	-0.787114	0.390282	4.969200	3.722066	5.093944	4.925268	6.291601	1.429114	4.856584	5.200981	-0.785493
9634	4	-1.300028	-4.737696	-1.758679	6.051233	6.955195	-2.782402	1.589050	3.763343	5.637559	6.955256	3.960813	-5.988463	-1.746454	6.057002	1.061124	2.881832	0.769828	4.134850	5.758812	1.113728
9673	4	4.957250	-5.154432	-0.243187	5.288612	1.262066	4.957250	-2.910261	6.183363	5.288612	1.262066	2.909363	-1.601219	-0.699711	5.288612	6.251061	2.899934	0.584412	3.221966	5.286023	6.258936
9678	4	3.819451	4.886679	-7.125290	1.432851	2.292552	1.382520	6.002451	-7.125342	1.427885	8.059450	7.393693	-2.886574	-1.145245	6.720962	2.082208	7.393692	-1.194273	5.025455	6.720951	2.082208
9723	4	0.829925	4.855091	2.657629	-0.205032	6.811920	8.108380	-4.116883	7.106271	5.595665	0.779989	0.829926	2.987078	-1.669404	2.032388	6.811920	0.831837	0.072871	7.093181	5.589685	6.811894
9749	4	7.494477	-10.167829	-0.415200	3.243632	2.578680	1.881469	-7.180641	-0.415200	3.243614	7.708043	7.493517	-4.311181	5.773810	3.242677	2.578685	1.435026	-1.284377	4.909911	3.181554	7.713097
9766	4	0.145119	-4.796615	0.823454	5.334072	7.135497	4.787078	-8.047646	0.823454	5.334072	2.558404	4.787073	-2.449237	7.359961	5.334072	2.558406	-0.247605	0.819827	7.348883	5.273326	7.236934
9801	4	-0.273973	-0.557573	-1.777203	7.566815	5.730751	-6.319919	5.679221	-7.619342	1.264700	5.748187	5.301310	-5.681149	-1.529375	7.566837	1.307826	5.301307	-2.327174	3.389182	7.566837	1.307830
9879	4	0.195090	-5.052333	-0.401334	8.498528	6.485348	0.188557	-0.605354	5.892346	8.089238	6.485378	5.909434	-5.721445	5.893098	8.498562	0.385269	5.909434	-10.167877	-0.401334	8.498574	0.385269
9892	4	3.507664	1.000283	6.239935	6.494536	1.018707	-2.176039	1.532690	5.966776	6.391773	6.896792	4.742411	-2.006764	7.737880	6.507678	1.016628	-2.176925	3.112674	5.341895	1.627670	6.896793
9961	4	0.026022	-3.698933	-0.667185	8.610536	6.429766	6.411096	-4.467455	5.695872	8.610536	-0.028858	6.411096	-9.949681	-0.667173	8.610536	-0.028858	-4.235716	2.022997	4.488613	7.263852	6.429820
