44	5	4.974898	1.009901	4.501874	7.503270	0.794088	4.562644	1.163691	4.065552	7.453729	0.794091	4.817633	1.239718	4.476649	7.491071	0.794086	4.764897	0.896920	4.106780	7.475242	0.794090	4.638909	1.302820	4.279784	7.466239	0.794088
47	5	5.768426	1.608013	4.297572	5.085475	-0.844901	5.620928	1.968131	3.913633	4.378202	-0.844901	5.767440	-2.294044	2.612117	6.986788	-0.844901	5.825800	0.819339	4.537443	5.972371	-0.844901	5.396786	1.494567	2.944807	3.767617	-0.844899
76	5	6.310870	1.923779	0.664166	0.870421	2.315497	1.908859	3.339531	-0.309124	0.619957	4.992971	2.030060	3.200021	-0.155135	0.637178	4.981490	1.544524	3.522762	-0.809301	0.596098	5.012433	2.385597	2.507796	0.150064	0.772221	4.936604
93	5	-8.147397	3.429034	1.697349	4.082102	8.107561	-7.785631	3.536491	1.978518	4.152428	8.107561	-3.423319	2.233080	3.155280	5.050436	8.107561	-8.303290	3.214941	1.248420	4.002158	8.107561	-2.973211	1.287596	3.642593	5.782114	8.107561
96	5	5.284020	0.066617	6.691177	6.162419	-1.130715	-2.179501	3.635206	2.740722	4.300006	4.380867	-2.226595	2.258155	-1.060459	4.205050	4.380867	-1.643915	2.076727	0.061751	4.696396	4.380867	-1.931933	3.390571	2.947281	4.503322	4.380867
112	5	-5.654518	1.212649	0.958108	0.872780	9.500728	-5.649795	2.413821	3.823896	0.903964	9.500728	-5.715013	1.940032	-0.620881	0.789702	9.500728	-5.610402	1.026549	2.269020	0.955682	9.500728	-5.715342	2.304221	1.347568	0.800182	9.500728
114	5	9.509081	-2.850435	2.245381	3.693126	-0.282353	9.509074	-2.042516	1.672763	3.681968	-0.282353	9.509083	-2.342326	2.986374	3.692543	-0.282353	9.509079	-0.841055	3.242499	3.670817	-0.282353	9.509082	-2.712650	2.539879	3.693235	-0.282353
121	5	5.337113	-3.698946	6.627942	8.685713	0.990569	1.899015	-3.804611	2.016463	8.683104	6.369064	1.899016	-4.312313	2.272373	8.685770	6.369063	1.899016	-4.218052	2.860657	8.686029	6.369063	1.899016	-4.296206	2.570754	8.686038	6.369063
149	5	1.239935	0.072063	0.020489	5.431534	9.787123	1.330026	-0.228087	0.059887	5.599783	9.787120	1.290537	-0.080267	0.031517	5.519544	9.787122	1.028189	2.273287	4.139254	5.699479	9.787042	1.467144	-1.466624	0.772953	6.029379	9.787068
164	5	2.329077	2.297537	0.681900	0.932720	8.610556	1.918071	2.382465	0.845869	0.754754	8.654429	-2.100692	6.575205	3.436924	0.759370	8.191150	3.697561	1.318789	1.023270	3.657508	7.761982	1.814216	2.403128	0.881615	0.721064	8.658857
172	5	1.789218	0.744813	0.131339	3.308295	7.052294	1.809491	0.619330	0.639111	3.900899	7.041978	1.815871	0.790446	1.570377	4.021318	7.035845	1.643858	1.114362	-0.608182	2.067464	7.073581	-0.490183	2.278005	-0.951443	1.519057	7.074206
258	5	4.348898	1.076803	3.994009	6.364867	4.087325	4.112829	1.885845	2.614607	5.696814	4.127978	3.611949	2.525601	-2.994993	3.784537	4.312024	3.801624	2.774850	0.285603	4.601739	4.172802	4.562481	0.108472	5.222818	6.638976	4.115681
283	5	2.908140	-1.544083	7.469824	6.964287	4.337687	-3.638181	3.547122	1.949730	3.356965	4.526476	-3.495519	3.865805	3.418209	3.487581	4.526401	0.569217	2.050933	1.115997	5.326999	4.525234	-3.659770	3.698507	2.368477	3.313411	4.526474
316	5	7.997179	-3.300646	7.389344	4.230902	0.910902	1.297539	-1.715568	0.267134	4.230869	6.915554	1.586401	-2.770527	2.037689	4.230897	6.914138	1.435501	-0.511864	4.254437	4.230865	6.914285	1.392839	-0.438815	4.014498	4.230845	6.914537
337	5	-0.325260	1.433890	5.566937	6.454503	6.054158	-1.696057	1.571286	-2.758704	3.813310	6.237747	-0.895269	1.607105	4.613238	5.545137	6.109174	-0.279831	-0.489058	0.340549	6.441046	6.114871	4.812882	-4.521935	7.246442	7.393932	3.701363
350	5	5.497533	1.386138	2.077470	1.836468	2.632771	4.941818	3.197375	5.681720	2.045716	2.576355	5.784398	2.317861	6.188074	2.171825	2.585774	5.909004	0.601201	3.753657	2.152960	2.605410	2.324445	4.560557	2.747672	1.758553	2.599127
361	5	-0.594737	2.427482	0.064333	6.403245	6.157978	-1.731684	3.458529	-2.063907	4.134247	6.158021	-1.186030	2.889578	1.476477	6.576626	6.158012	-0.540204	2.378698	-0.026035	6.476909	6.157972	-0.788713	2.578716	0.495074	6.287040	6.157995
429	5	6.879157	1.731615	2.907885	2.908294	2.302130	6.809123	0.704318	1.528535	3.079902	2.302130	6.692615	1.312198	2.194415	2.845299	2.302130	7.036397	1.753257	3.305401	3.075706	2.302130	7.073783	0.292791	2.097535	3.487839	2.302130
435	5	1.717429	-0.857718	3.078069	6.219377	6.370553	1.717682	-0.432253	3.577898	6.226899	6.370496	1.715644	-0.220337	2.705485	6.127799	6.370533	1.716112	-0.724828	2.073080	6.160693	6.370622	1.717339	-0.242834	3.436477	6.208435	6.370477
466	5	0.308028	2.042954	4.761826	5.810235	4.362401	0.478369	1.376660	5.406202	6.442071	4.364393	0.328867	1.955714	4.870042	5.903042	4.361816	-0.519302	1.345415	-1.810802	4.021022	4.457423	-0.761085	2.085180	-1.738814	2.822211	4.458047
519	5	6.655939	-3.585445	5.883234	5.798181	2.054127	-1.277293	2.431964	-4.620099	2.436814	8.202768	0.227756	-0.545097	2.335167	5.795020	8.193169	0.288840	-0.065223	2.952461	5.796314	8.191971	0.156025	0.278585	2.736320	5.794522	8.192156
558	5	0.584778	1.694070	1.389599	4.254504	7.268327	0.767596	0.969784	5.351137	5.232632	7.260860	0.553294	7.526841	3.993534	-0.515695	7.269337	6.940870	-3.726527	7.938682	5.378555	3.187754	0.642066	1.713756	7.052967	4.869987	7.260724
563	5	-2.140108	7.361210	6.332849	1.850430	5.637474	7.561451	-3.732119	7.200710	6.713350	1.722438	4.193245	5.776688	6.332851	1.850434	2.622654	4.193605	4.456246	2.742049	1.850823	2.622337	-2.140096	6.041319	2.741850	1.850431	5.637474
590	5	5.043847	1.225831	5.308319	3.389707	-0.515125	4.693165	0.550551	3.673562	3.152469	0.700581	4.343396	1.057018	3.521929	3.019155	1.005401	4.173041	1.323914	3.560297	2.977282	1.062126	4.919624	1.404874	5.252855	3.325148	-0.652213
594	5	7.384894	-2.777662	7.413272	6.724879	1.358546	-4.855442	3.713093	-4.040827	4.194276	4.644082	-4.485384	5.816140	-4.403869	3.188920	4.644075	-4.877311	4.101937	-4.497036	3.964115	4.644082	-4.748636	4.988494	-4.834888	3.508879	4.644080
598	5	-1.839804	4.057543	1.380493	4.335270	4.737284	-1.423508	4.664123	2.671000	4.479877	4.736921	-1.722778	4.584419	2.256865	4.408756	4.737155	0.391044	2.343565	0.353726	4.556426	4.737142	-1.390394	3.161465	-0.126867	4.315528	4.737305
621	5	-2.457455	2.809805	2.548893	7.599787	7.136363	0.175847	-0.125386	1.138192	7.929690	6.406080	0.234270	-0.247989	1.894768	8.047497	5.804306	0.160430	-0.076862	1.074143	7.908510	6.512708	0.232952	0.156431	2.477278	8.069414	5.690940
681	5	-1.673539	2.048013	2.376625	1.169049	7.488657	-0.205593	1.612198	2.483130	1.258601	7.488631	-0.119616	2.135028	3.390497	1.245114	7.488445	-1.479181	3.625657	3.487985	1.153704	7.488594	-2.948459	2.643865	2.619965	1.137916	7.488653
686	5	2.891897	5.116139	1.909747	0.069396	3.993813	2.953516	5.184953	2.177146	0.069396	3.926539	3.442505	4.895692	2.554260	0.069398	3.566169	3.300479	4.999455	2.479685	0.069397	3.664446	3.537774	3.556589	0.646786	0.069420	3.903666
706	5	-0.876456	-0.439169	1.354726	7.927940	6.428369	-0.771959	1.126267	3.989177	7.947472	6.428362	-0.532906	0.120819	3.837143	7.949178	6.428361	-1.399587	1.591189	2.849812	7.891741	6.428368	-0.484838	-0.522928	3.280781	7.947946	6.428361
711	5	7.489463	1.293609	1.760020	2.108342	3.000823	0.672177	1.026797	-3.111953	2.064911	7.273441	1.238817	-0.423065	0.619882	2.515649	6.994918	0.839916	2.710807	1.748076	1.656780	6.871549	0.177533	1.480461	-3.218579	1.750967	7.306877
716	5	6.820294	-1.133412	6.069102	6.432360	1.013529	6.378056	0.990978	5.623975	5.664080	1.129633	6.606110	-2.348700	-0.219428	6.298510	1.546323	4.271038	3.812438	3.298329	3.227949	2.386355	6.369580	-1.369838	-0.597736	5.997070	1.814874
800	5	-4.405381	4.381566	3.131017	1.002302	8.010035	1.276711	-2.185766	0.007817	6.997397	7.941970	-4.404563	2.972753	-3.046982	1.184293	8.010035	7.757860	-7.851663	0.007821	7.533131	2.831579	7.757245	-3.941411	6.266053	7.477310	2.831581
880	5	-2.182721	0.075923	-0.292038	5.556940	6.685921	-3.622277	0.620466	-1.896675	5.356151	6.694368	-2.501192	0.189119	-0.777897	5.515293	6.690393	-2.314515	0.794555	2.153370	5.524749	6.681266	-2.783809	0.298037	-1.084332	5.477156	6.692345
882	5	6.589788	-9.601261	-2.706724	6.906733	2.855400	1.285866	1.839192	-7.191887	1.891402	7.572625	1.596862	-3.452731	-2.707456	6.906733	7.343709	6.589774	-5.659644	2.699045	6.906733	2.855400	1.572111	-0.216511	2.208685	6.888694	7.368065
915	5	1.049173	2.337029	3.434271	4.942257	3.738251	2.096708	0.099852	6.654880	6.769407	3.705912	0.531132	2.795144	2.783723	4.695229	3.738465	0.765322	1.498422	1.604027	4.664402	3.738929	0.163785	2.724442	2.286031	4.504643	3.738693
939	5	1.763017	3.398641	-1.508213	2.800977	3.010468	3.686404	2.065519	3.166901	3.790319	1.608332	1.744026	5.727773	2.806315	2.811900	3.003899	3.173091	2.395829	5.689858	3.877399	1.291164	1.740121	5.824165	1.718918	2.652946	3.010167
943	5	0.768574	-0.921432	5.498495	0.616680	8.499648	-2.957356	1.270900	2.025615	-0.929454	8.508486	6.514940	-3.423664	5.856346	5.509034	2.571661	1.024733	-3.346930	5.854945	5.505791	8.490564	6.319980	-1.063145	5.560274	1.104453	2.572861
961	5	4.247547	-4.810059	7.265920	8.058592	2.604724	0.300951	-5.027609	1.366200	8.058592	6.862355	4.247547	-6.395004	1.366200	8.058592	2.604724	-4.963850	1.356039	7.100575	8.015462	6.932434	0.300946	-3.442654	7.265920	8.058592	6.862355
973	5	5.960108	-2.303109	6.337835	2.147892	1.368549	1.764894	4.015721	3.471287	-0.448831	7.054232	0.297343	4.144152	1.833624	-1.238450	7.104276	2.976229	1.756793	1.146543	-0.003230	7.178060	2.747534	2.980306	4.527846	-0.004513	7.069596
988	5	-0.995639	1.014764	-4.995038	3.523177	6.381618	6.610489	0.387723	0.342771	3.881118	-0.217253	6.577577	-0.024201	0.007997	3.874307	-0.217247	6.631311	0.144027	0.391032	3.884875	-0.217250	6.522247	0.275677	-0.166227	3.863314	-0.217251
1007	5	-1.734172	1.626441	0.106567	6.041838	5.503957	0.716477	-0.216684	1.925373	6.950780	5.503939	-1.151593	1.306323	0.701563	6.117909	5.503957	-1.432650	3.590871	2.200171	6.515084	5.503954	-0.528373	0.948962	1.135942	6.298249	5.503957
1008	5	0.073724	1.920535	-0.636298	2.030671	6.806148	0.235799	3.642164	1.500734	3.310215	6.806118	0.714840	1.264154	4.008470	5.803960	6.806120	0.476039	0.294670	0.224334	5.120776	6.806149	7.329763	-0.975195	5.411857	6.256298	0.338947
1048	5	1.260472	1.961305	-0.891161	4.158410	6.415927	1.148437	2.015458	-0.944753	4.060572	6.425732	5.489571	0.178440	0.617551	6.406004	0.661108	4.471179	2.008707	3.851234	6.503659	0.270237	1.390308	2.374133	-1.124382	4.354094	5.687388
1060	5	1.222299	3.203930	-3.006463	3.957852	4.389971	0.928346	3.223594	-2.923460	3.940523	4.886774	1.079657	3.211518	-3.012538	3.952996	4.659669	3.284774	2.508757	-1.155524	4.544475	-0.759969	1.138178	3.208271	-3.010461	3.955236	4.555146
1131	5	-1.336340	-0.497581	1.067331	6.632643	6.358328	-1.304492	-0.582557	1.090127	6.659217	6.358328	-1.395719	-0.344833	1.029757	6.578569	6.358328	-2.581273	3.880432	3.176322	5.103904	6.358328	5.474191	-2.611322	5.894023	6.910019	0.469814
1133	5	0.847452	4.403064	0.147007	2.320332	5.365709	0.787016	3.630659	-4.031628	3.006100	5.374536	1.512789	-0.477210	1.307081	5.371557	5.307157	0.786334	2.633426	-4.852428	3.837280	5.375774	0.773367	3.005390	-5.157540	3.589662	5.376951
1142	5	-4.168191	0.893256	2.135016	6.814252	7.024457	-4.156969	1.173560	2.804180	6.814697	7.024398	-4.123479	-0.054317	2.780356	6.820404	7.024432	-4.169812	0.470864	1.689631	6.817631	7.024510	-4.162647	1.083436	2.525700	6.813578	7.024421
1178	5	-2.619137	2.274653	1.211590	2.014694	6.797667	-2.874998	2.308775	0.381511	1.970939	6.799382	6.615182	-2.601404	6.911704	5.777505	0.965266	-2.757792	2.595543	1.859355	1.983158	6.797686	-3.165667	2.748657	0.900075	1.946773	6.799883
1199	5	5.138293	-0.348157	1.072665	7.735488	4.721806	1.593840	-0.121512	1.421368	8.012356	6.379745	5.193006	-0.720702	1.713119	7.881406	4.688711	5.143648	-0.405945	1.113906	7.752273	4.718958	5.199838	-0.711933	1.824708	7.895069	4.684142
1215	5	-0.795417	4.463919	3.550514	2.081318	5.428029	1.454895	3.793683	4.499787	4.085844	5.389919	1.157787	1.338665	2.220675	4.172616	5.430239	0.303615	1.915187	2.236040	3.751601	5.438765	1.727137	0.632513	3.223835	4.672859	5.403067
1226	5	5.679866	-3.933053	5.657409	9.290431	0.001958	-3.578493	2.875215	2.032580	5.607641	6.315679	-4.126660	2.116265	0.910609	5.486764	6.315679	0.692482	-0.054518	5.655775	9.260579	6.315645	-3.742429	2.720550	1.756740	5.577417	6.315679
1290	5	-2.825629	4.999957	1.368611	1.472955	6.603686	5.662184	1.722342	7.231112	3.737866	1.748125	-3.321770	6.092832	2.082876	1.715244	6.468986	-0.536500	6.361206	2.864075	2.762199	5.561694	-1.034522	6.537348	2.765603	2.604593	5.668654
1374	5	-6.352276	4.367216	2.880755	1.543791	7.711091	-6.352236	4.436343	2.913803	1.638232	7.711091	-6.338006	4.514120	3.010039	2.484294	7.711091	-6.351459	4.496634	2.952840	1.883892	7.711091	-5.914474	2.319070	-1.300848	3.680689	7.711091
1394	5	6.159317	-6.144310	5.620768	6.549762	1.401497	6.159353	-9.824661	-0.787403	6.549762	1.401497	0.427244	-4.679763	-0.787403	6.549762	7.420706	0.381035	-0.997597	5.620679	6.549742	7.433474	-4.871101	4.491435	5.091038	3.708725	7.566793
1419	5	1.649752	1.471820	0.523169	5.538747	1.908067	-0.405090	2.379477	-1.926651	5.006073	2.588389	1.257779	1.855860	-0.514825	5.317359	2.225375	1.591613	1.569902	0.205704	5.480068	1.968282	0.516519	2.146674	-1.282981	5.147516	2.489617
1449	5	-1.989792	1.950884	-0.991265	5.601414	7.752123	-0.131708	-1.157244	0.870505	7.013424	7.752082	-0.134066	0.946451	3.495568	7.025375	7.752076	-0.129815	-0.750129	2.055033	7.037261	7.752077	-2.462621	2.747188	1.296394	5.720603	7.752111
1501	5	-3.325290	1.877591	0.943182	6.981504	6.568458	-3.310455	1.834425	1.162377	7.194361	6.568458	-3.365854	2.376918	0.142750	4.968048	6.568459	-3.359565	2.971804	0.755595	4.426108	6.568458	-3.366256	2.717362	0.190374	4.032608	6.568458
1551	5	7.232907	-2.445977	2.140583	6.110753	1.970147	3.914998	3.025027	4.190512	3.956596	1.970169	7.243335	-3.124947	2.312597	6.182077	1.970147	7.042299	-0.693155	1.533121	5.743262	1.970150	7.245042	-3.312060	2.527463	6.201880	1.970147
1583	5	-7.380305	2.016884	1.468794	5.508645	6.203644	-7.376766	2.255879	1.694827	5.594874	6.203644	-7.377317	1.965048	1.577839	5.567031	6.203644	5.218431	-3.450180	7.241960	8.170553	1.928314	-7.380377	2.282955	1.545836	5.526370	6.203644
1606	5	2.832303	-5.685426	0.376634	5.856081	7.070092	8.855855	-8.775026	0.376634	5.856081	3.222271	8.772111	-3.181388	6.755135	5.856058	3.224690	-2.449937	6.976554	4.536084	2.818989	7.427782	6.367665	3.132281	4.536085	2.833221	3.713668
1671	5	-0.603673	5.208107	1.120989	3.070283	7.732888	-0.603669	3.421631	0.799122	3.070283	7.732888	6.508772	-3.513933	6.378826	7.298604	2.367954	-0.603672	4.847384	1.216240	3.070283	7.732888	-0.603675	2.822473	-1.713902	3.070281	7.732888
1677	5	6.036457	-4.991317	6.983040	7.590218	2.906415	-3.121361	2.857698	3.327004	4.104461	6.692816	-2.602205	2.718650	2.112554	4.182904	6.665127	-1.341568	3.724854	3.218826	4.447569	6.555202	-2.839811	2.024289	1.686524	4.169762	6.680358
1683	5	6.369348	-1.524009	6.740400	6.322859	0.988882	1.333607	3.872912	0.913454	1.265956	1.459689	1.333608	3.343455	0.662257	1.650291	1.459688	1.333607	3.695355	0.671825	1.354566	1.459689	1.333613	3.561170	2.882509	1.885834	1.459676
1738	5	-4.029779	3.356508	2.817821	5.563017	6.543407	-4.544769	2.776603	0.310859	4.657128	6.543407	-3.662998	0.618277	-0.024116	5.162575	6.543407	-4.558654	2.948138	0.596943	4.748479	6.543407	-3.814931	0.998831	-0.438165	4.606456	6.543407
1788	5	1.900788	0.245702	2.802769	0.074454	7.879439	-2.888975	3.426969	2.227125	-4.536178	7.886401	0.318934	4.701339	3.856862	-1.671145	7.876604	-2.762287	3.777717	2.370953	-4.669808	7.886026	-2.358975	4.462550	2.688020	-4.499718	7.885049
1821	5	0.402236	2.626134	-3.153742	4.679449	5.568076	0.554026	2.241508	-3.280695	4.913181	5.567288	1.406745	4.041161	2.221044	5.011452	5.468863	0.433840	2.495316	-3.269700	4.759383	5.568138	0.483023	2.367119	-3.321409	4.837408	5.567914
1836	5	-0.784023	3.539747	-5.237127	1.310987	6.430814	5.916012	1.822648	-2.417824	1.337807	0.749636	5.195156	3.230250	0.131224	1.311847	1.085372	5.311687	3.463380	0.616309	1.312331	0.926450	5.316759	2.349071	-2.155371	1.316531	1.229986
1872	5	0.037620	3.197033	-1.210482	1.109810	9.569269	0.297253	2.710975	-1.887780	1.452846	9.569548	0.155131	2.968658	-1.600734	1.267833	9.569421	0.548825	2.285441	-1.466691	1.766920	9.569431	0.799460	1.877397	-0.400848	2.071171	9.568716
1889	5	-3.876557	2.037784	-2.521327	4.833977	6.630453	-4.062876	1.266845	-2.239213	5.514830	6.634051	-0.121001	1.161776	3.633929	6.216663	6.519309	-3.760609	2.386813	-2.456536	4.396190	6.628244	-3.208355	3.911308	-0.336677	3.118374	6.616612
1890	5	-1.296332	3.218297	-1.446347	1.759239	6.875057	5.374987	0.885105	0.291468	2.890326	0.629022	5.537910	0.344575	1.182141	3.116932	0.569311	5.213713	2.582320	2.725135	2.699890	0.521104	5.425104	0.761530	0.456052	2.944973	0.614551
1926	5	-1.374648	3.613441	4.312642	-3.997852	7.441548	-1.563605	2.019309	1.767595	-3.997855	7.441583	-1.797563	4.265663	4.099974	-3.997854	7.441554	-1.187402	1.568793	2.827206	-3.997850	7.441558	-2.782554	4.106314	3.092537	-3.997856	7.441585
1935	5	-2.244998	0.571939	2.470274	7.213398	7.762198	-1.935418	0.636552	2.860994	7.503007	7.762095	-3.955702	4.804247	3.671853	5.859482	7.762194	-3.950866	2.376121	0.837834	4.226576	7.762207	-2.197537	0.771100	2.966242	7.517002	7.762110
1982	5	1.020765	-6.692557	6.910711	5.206800	7.341507	1.020782	-11.136974	2.049605	5.206800	7.341506	5.018885	-13.470400	2.049605	5.206800	4.143461	5.018884	-9.026061	6.910711	5.206800	4.143463	-0.445657	2.328792	4.763609	0.740581	7.390894
1994	5	-0.133235	0.297907	5.762175	4.989983	8.628097	-3.920620	3.241684	1.868447	-0.844052	8.672605	0.148274	-3.355057	2.794141	4.988424	8.639999	-3.913077	4.575200	2.573654	-0.854112	8.669572	-3.924301	1.964600	1.338215	0.327892	8.675153
1998	5	-0.504544	4.207928	-6.228267	-0.890623	6.832796	6.727824	-6.795711	-2.428308	5.041231	0.753862	1.513624	-1.534548	4.008524	5.041173	6.832686	6.723329	-5.399122	4.009207	5.041231	0.753871	1.580897	-3.125757	-2.428335	5.041231	6.832651
2020	5	-2.145952	2.796904	-4.467301	3.260550	7.613130	-1.652710	0.319163	3.864148	7.083538	7.613128	6.146725	-3.509746	6.547713	7.086935	2.101088	-2.008779	0.392540	1.694058	7.081522	7.613129	-1.648630	0.232128	3.634383	7.083424	7.613128
2036	5	6.770775	-3.720262	2.757865	5.602238	0.551503	6.318049	-5.691728	1.858717	5.623761	1.487506	5.870778	0.536440	4.255774	3.066033	1.464434	5.317818	0.411071	3.991126	2.965660	2.348375	6.735658	-4.826483	2.321139	5.622770	0.606373
2039	5	-0.516819	5.122686	3.994811	2.623006	0.371187	-3.863365	4.629912	-0.797791	1.933030	6.222942	0.191429	2.913453	4.788853	3.704000	0.239288	0.164533	2.360059	1.655911	3.822559	0.546136	-0.054772	3.681752	4.458702	3.239294	0.267946
2107	5	-2.883867	2.486964	0.682949	3.773667	6.808929	-2.879621	3.779207	3.291728	4.649802	6.808929	-2.879667	1.993234	1.434139	4.504150	6.808929	-2.884292	2.894201	1.187110	3.771230	6.808929	-2.880768	3.873390	3.024318	4.520161	6.808929
2112	5	7.639696	-4.694117	6.723126	7.153088	-0.315584	-1.443109	4.784167	1.739476	1.933755	6.324937	-1.683423	3.954416	1.142410	1.499221	6.324948	-1.318449	4.821289	1.972976	2.224217	6.324930	-0.945955	4.115532	2.520369	3.235560	6.324906
2144	5	-2.119337	-2.291740	3.592732	6.554775	5.686135	-2.091049	-2.043201	4.254465	6.555275	5.686122	-2.472483	-1.117099	2.119478	6.544941	5.686207	-2.559214	-0.003289	3.108096	6.528301	5.686148	-2.609953	-0.371491	2.642097	6.533615	5.686179
2208	5	6.832235	0.004936	6.414117	6.786199	1.537819	6.859477	-0.987184	3.580483	6.787978	1.536856	6.854786	-0.930138	2.194497	6.787630	1.543020	6.859578	-0.931323	4.072397	6.787986	1.536576	6.731748	0.366062	6.074175	6.779066	1.558402
2215	5	2.947148	-10.097688	0.498929	7.732353	6.041364	8.472228	-14.630494	0.498929	7.732353	0.769554	2.940025	-5.877982	5.757474	7.732339	6.045240	2.121413	1.352376	5.193994	4.063438	6.276334	8.471921	-10.421272	5.757474	7.732353	0.769556
2278	5	0.803751	-2.135241	1.034078	8.597403	6.504911	6.665402	-4.310663	5.640528	8.599645	1.245087	6.685087	-8.362470	1.034080	8.599669	1.244515	-0.097232	1.439219	2.865413	6.125369	6.528478	-0.108098	1.450915	2.850981	6.089400	6.528538
2299	5	0.932958	1.963079	1.529753	6.614324	6.374308	0.957680	1.461406	0.889348	6.598089	6.377144	7.962259	-1.085717	5.593369	7.627827	-0.088886	1.122304	1.337134	1.486502	6.778520	6.375800	0.847608	1.748679	0.954498	6.511560	6.376724
2345	5	-0.957482	8.184136	3.453468	-0.518220	5.398077	-0.957483	8.184479	3.623783	-0.518221	5.398077	-0.957466	8.172686	2.392975	-0.518215	5.398075	-0.403892	4.014922	-2.421649	-0.315686	5.318248	5.159016	-0.526815	1.560676	4.648692	1.817343
2363	5	6.241673	0.700129	1.747247	3.634371	0.964527	4.224760	3.205489	3.437234	2.896010	0.964112	7.226680	-0.408681	7.495492	6.089934	0.964004	4.481983	1.683785	1.209470	2.335169	0.965162	5.726468	1.041939	1.513629	3.039119	0.964734
2364	5	0.890578	-1.506513	1.366565	6.764522	6.186693	6.388260	-1.305334	3.259422	6.757960	0.205555	6.113913	-0.654238	2.545577	6.729327	0.205611	6.155547	-1.125969	2.033817	6.732605	0.205627	6.335306	-0.711805	3.657254	6.756750	0.205553
2401	5	0.395996	2.823312	4.223540	5.880622	7.158882	1.109155	-0.108719	0.193252	6.185228	7.154344	1.377823	-1.615106	1.540759	6.666048	7.081724	0.972857	0.462507	-0.442591	5.728924	7.178330	1.002040	0.347124	-0.313921	5.853455	7.173244
2432	5	4.795761	1.034263	1.197760	3.927049	0.959457	4.704712	2.151070	2.865481	3.875588	0.500930	4.037790	2.186564	2.259291	3.663355	1.047078	5.257806	1.792271	3.173200	4.098680	0.176418	5.262131	0.672813	1.401684	4.105774	0.619910
2440	5	-2.688575	6.259122	5.031814	-2.009948	5.216899	6.579310	-2.258345	9.422542	3.929805	-1.234522	-2.688375	1.425755	-0.620506	0.346922	5.216899	-2.687588	1.027770	-0.724574	1.807095	5.216899	-2.675361	0.422218	-0.026885	3.348647	5.216899
2446	5	5.695893	-12.835498	2.111266	6.268855	0.227896	1.167474	-4.550368	7.509146	6.265000	6.254338	5.695893	-10.846863	7.509156	6.268854	0.227896	0.601648	1.086472	6.658428	3.425217	6.256107	1.167741	-6.541593	2.111266	6.268611	6.254336
2447	5	0.707995	0.321354	-0.299379	6.880878	9.244632	-0.732849	1.548492	-1.721729	5.366809	9.244694	0.526897	0.772358	-1.207115	6.619525	9.244722	-0.014148	1.221540	-2.082886	6.029881	9.244731	0.415724	0.907934	-1.482993	6.482692	9.244734
2461	5	-3.387359	3.109612	-3.816090	3.619253	6.815869	-2.444329	2.638599	3.588919	8.212466	6.815869	-2.821737	1.515949	0.836858	7.506434	6.815869	-1.956447	0.423338	1.418986	8.128721	6.815869	-2.047687	2.115085	3.833860	8.330264	6.815869
2492	5	-1.122813	2.817461	2.627068	6.725425	5.133729	-1.130738	1.615788	0.704131	6.660969	5.139453	-1.055953	2.015380	1.369596	6.728284	5.135728	-1.542882	2.166399	-0.485051	6.477337	5.144194	-1.291040	3.321077	2.421403	6.673788	5.133947
2494	5	6.699701	-4.652015	8.128304	7.319388	0.279248	-4.273405	3.864367	1.287187	3.297719	6.200554	0.284330	2.831707	2.880931	5.962833	6.200403	-4.329295	4.900313	1.846493	2.746841	6.200554	-0.370203	3.258950	2.875792	5.788352	6.200456
2505	5	1.238279	3.424487	-3.915708	3.763208	2.283124	0.167554	3.985595	-3.761759	3.432017	2.286897	-0.698061	5.907661	0.482169	2.546366	2.276945	-0.649407	5.210925	-1.210398	2.806011	2.285512	0.803285	6.755721	3.786893	2.793421	1.928433
2575	5	1.660433	2.392186	4.758721	5.064547	6.706659	1.641523	2.419722	4.654677	5.042240	6.711959	6.142685	0.049616	6.489874	6.478863	4.302769	1.812469	2.150742	5.184075	5.195597	6.667265	1.551682	2.533443	3.706002	4.903599	6.738725
2620	5	6.415501	-4.054600	2.366284	3.955559	0.799443	6.415502	-5.894822	1.412306	3.984652	0.799444	6.415385	-3.466991	1.046433	3.814463	0.799548	6.415481	-3.121200	2.744602	3.905194	0.799445	6.415502	-5.343803	1.886309	3.985956	0.799442
2666	5	1.706287	4.986612	1.899772	2.956210	6.572352	1.706275	5.121425	2.031288	2.856892	6.572351	1.706269	5.461750	2.525912	2.656490	6.572341	1.706281	5.049495	1.958539	2.909327	6.572352	1.706336	5.315386	2.931446	2.937274	6.572318
2681	5	3.171281	2.826033	1.803613	6.010246	2.684904	-2.836846	3.207790	1.376411	6.089512	6.753430	-2.836838	2.272240	2.409571	6.173317	6.753430	-2.836851	2.590619	-1.229799	6.029176	6.753430	-2.836842	3.151304	2.316360	6.148534	6.753430
2723	5	6.226914	1.496095	0.115753	1.780392	0.798624	6.777364	-0.045383	0.296600	2.985862	0.798520	6.335023	0.382313	-2.480728	0.815719	0.798752	6.262221	1.488222	0.209592	1.877126	0.798598	6.433541	0.089531	-2.778178	0.972588	0.798691
2728	5	0.094852	2.090546	3.336075	6.780563	7.617198	0.277173	0.057405	-0.527115	6.480735	7.617353	-2.035952	2.615276	1.654243	5.783445	7.617365	-0.046845	0.880635	-0.466818	5.874874	7.617398	0.350870	-0.352690	-0.232771	6.664597	7.617319
2742	5	-1.382848	2.410862	-3.873055	3.007051	8.715512	0.268992	-0.515886	2.197022	7.600892	8.699523	0.384822	-1.106897	4.153850	7.650753	8.699577	6.826117	-2.025109	5.807396	7.676592	2.973381	0.254460	-0.625963	1.574737	7.595644	8.699758
2752	5	-3.990400	1.766452	-0.969048	6.349240	6.306615	-4.037033	3.461305	0.636119	5.514093	6.306615	-3.980805	3.544456	3.295594	5.946086	6.306615	-4.024530	2.084161	-1.476397	6.162643	6.306615	-4.039082	2.968396	-0.724691	5.685000	6.306615
2761	5	-3.535414	4.335392	-0.331831	1.861509	8.053304	-5.429909	6.686883	5.064139	1.015502	8.053304	6.392324	-2.091346	0.132902	7.407619	1.695512	0.250971	0.835826	-0.175462	7.310501	8.053296	6.386390	-1.404586	5.488670	7.406894	1.695775
2795	5	1.495658	5.905235	3.523087	4.543997	3.615363	1.491610	6.463116	5.887776	4.544925	3.430447	1.736352	3.560975	1.100012	4.547651	3.501068	4.158575	1.212173	8.022087	5.986320	-0.137447	1.521319	5.013026	2.633647	4.544058	3.604165
2807	5	2.144096	4.511302	4.546155	-1.324747	4.713141	3.437497	2.168912	1.116479	2.788679	4.086508	3.073587	2.658695	0.174579	1.831619	4.370048	2.284352	3.292801	1.589944	0.172022	4.802364	1.790736	4.388072	3.965520	-1.387646	4.866142
2808	5	4.831706	-0.347195	2.148501	6.478602	2.215263	4.935736	-1.544182	2.152131	6.491391	2.214933	4.950098	-1.770644	2.530305	6.494127	2.214669	4.920000	0.255126	3.194870	6.491502	2.213918	4.894677	-0.979961	1.896438	6.485061	2.215349
2841	5	-0.675506	3.591319	3.245615	2.570233	6.441164	0.785651	0.726811	1.557819	4.150345	6.445909	1.928901	0.013498	2.028832	4.624275	6.436894	0.151806	1.158039	1.555985	3.804597	6.446335	1.261168	0.411826	1.687043	4.364855	6.444707
2869	5	1.007630	7.537394	4.858031	0.797540	2.169263	5.613903	0.125947	6.643642	7.381923	2.129001	1.016190	3.776821	0.180717	1.287419	2.167874	-0.601734	7.562744	4.858030	0.797538	6.325451	-0.590097	3.796564	0.177944	1.265212	6.275118
2897	5	2.716632	2.068266	-2.265713	2.647496	6.725577	3.589315	1.142924	-2.621802	5.454174	5.978217	2.973799	1.831399	-2.390877	3.528687	6.556326	7.970768	-0.240786	2.042079	6.069157	4.320492	7.987811	0.466997	3.062663	6.038359	4.316569
2903	5	0.554807	2.697929	2.721296	5.315884	7.525015	0.825744	1.757770	3.827673	5.839221	7.528187	0.230984	1.501636	1.055810	5.702425	7.564957	6.326855	1.466936	4.113541	5.763782	4.961457	0.175380	2.267411	0.614132	5.359312	7.543840
2959	5	3.288072	1.234395	5.834298	5.471015	3.695248	4.064616	-2.250686	1.087518	5.407153	4.103674	3.830891	0.800628	5.641866	5.517597	3.560999	2.084855	3.234249	5.214061	5.296582	4.145548	4.408939	-1.074167	4.327533	5.564055	3.573063
2969	5	0.695219	1.340779	0.892953	4.520545	4.075938	-4.919300	1.776655	-0.550019	4.353907	7.524158	0.690968	1.424940	0.355740	4.468170	4.087452	0.694458	1.373273	1.560234	4.511470	4.077307	0.689012	1.823349	1.264110	4.306897	4.085959
3011	5	4.665704	2.495164	3.243727	8.297733	5.318144	3.004658	2.557519	1.357023	8.022375	6.505547	4.699075	1.944129	2.360332	8.348098	5.357141	4.560328	2.263434	2.044561	8.231219	5.390354	4.886132	2.177461	3.901749	8.474442	5.252491
3014	5	-0.037648	-0.176617	-0.518669	0.252260	8.163611	5.642942	0.779817	3.041056	-3.072205	2.758636	-0.022430	-0.194235	1.304208	0.340084	8.162957	-0.022145	-0.076482	2.516932	0.335522	8.162929	-0.488751	1.675453	1.326046	-2.058020	8.163882
3034	5	0.997941	1.877655	1.652297	1.491738	6.661107	8.194334	-4.092627	7.379944	5.149342	2.146551	-0.744592	2.358655	0.665550	-0.436068	6.676293	0.226104	2.047553	1.287499	0.680131	6.674040	-3.772079	3.772351	3.284498	-0.981097	6.676794
3092	5	7.333645	-3.370698	4.092714	6.284423	2.110875	-2.210537	4.110846	-5.161680	-0.286480	8.622917	-2.214388	4.115570	0.807153	-0.286542	8.622917	7.388232	-6.305839	-1.962344	6.284423	2.103514	0.653054	-1.603052	1.908169	6.284420	8.620409
3108	5	4.513777	2.697847	6.738730	-1.437061	-1.330122	7.027382	0.439087	5.264617	-1.044083	-2.406363	7.024406	0.113910	2.791072	-1.064003	-2.406324	7.021921	0.166419	2.294909	-1.119738	-2.406289	2.323482	2.476443	0.462232	-1.438499	3.589906
3208	5	0.489737	0.642378	1.496860	4.307645	4.625083	1.014378	-3.055797	1.777410	6.497615	4.836062	1.007137	2.226556	2.344757	3.792754	4.572992	0.659460	1.143802	1.780766	3.700876	4.598511	-0.263528	-1.424254	0.337833	6.194593	4.818824
3212	5	-0.581021	1.946323	3.461745	6.185820	7.022078	-1.016407	2.547662	3.016627	5.683123	7.022200	5.232383	-2.091373	8.785804	6.919948	4.053948	-0.289425	0.206134	1.400507	6.479043	7.022055	-0.434098	0.731907	0.659633	6.281360	7.022119
3230	5	-3.325219	0.905950	1.637804	7.825040	6.591547	-3.243613	0.308942	1.267062	7.781972	6.591627	-3.717739	1.043888	1.520875	7.771661	6.591603	-3.103297	0.629803	1.581654	7.850409	6.591528	-3.747564	0.837328	1.346043	7.746457	6.591640
3310	5	4.730717	0.754332	6.841848	4.809401	-2.976267	5.267062	-4.852293	1.834593	5.077733	-3.134027	2.340224	5.949273	4.052234	2.521336	0.997497	2.779322	5.545338	4.445980	2.791817	0.008623	4.848715	0.327136	6.828133	4.964529	-3.032738
3319	5	6.472833	-1.805559	8.404047	6.744052	1.402000	2.392121	2.692506	4.128259	3.454390	4.247320	2.365568	2.270021	3.420110	2.134320	4.255600	2.403997	0.700944	3.827408	4.149364	4.256097	2.378326	2.788920	3.836951	2.807294	4.249775
3333	5	7.026568	-3.524140	7.964114	6.791740	-0.799252	-1.201078	0.882283	0.894123	6.188025	5.796260	-0.944467	1.537379	1.395128	6.426900	5.796237	-0.840633	1.269410	1.335614	6.376317	5.796249	-3.012669	2.319714	-0.426428	3.487975	5.796261
3382	5	-2.817855	1.113670	1.751768	1.996557	4.414344	2.371229	5.712938	4.328626	2.287616	0.501943	4.694339	-0.294974	1.697289	1.741939	0.999638	-0.582308	5.477978	2.682264	1.330876	1.281609	3.182351	4.406165	4.622082	2.396989	0.543576
3397	5	-2.751604	4.042492	3.882361	1.374035	6.116254	0.607848	-3.760940	-0.576849	6.673765	5.269930	2.747098	4.022439	3.930028	1.375897	-0.216984	6.107171	-8.033442	-0.556593	6.673766	-0.304542	6.107171	-4.257733	5.968019	6.673766	-0.304542
3453	5	5.706662	-1.925158	1.528428	5.174795	4.988860	1.909528	3.375344	1.002169	-1.028893	5.728619	3.703252	2.312124	-0.197279	2.333321	5.454503	4.545158	3.347507	4.136415	3.147863	4.991395	5.716758	-0.686219	3.371508	5.174928	4.988823
3469	5	1.063081	2.668746	3.985034	4.680277	4.899774	5.089617	-1.319842	6.191841	5.981494	1.029467	0.413145	2.139350	3.216710	3.826155	4.909421	0.913569	2.691458	3.885274	4.553565	4.902323	0.417552	2.288188	3.321742	3.900048	4.908971
3479	5	4.465060	2.029308	3.511972	2.832470	3.414749	4.566297	0.394892	0.684018	2.832470	3.453559	3.833875	1.482241	-2.089146	2.832470	3.764510	4.257663	0.860140	-1.754871	2.832470	3.606307	4.605925	0.385413	2.202572	2.832470	3.431113
3505	5	3.515060	2.738427	2.969732	1.010060	3.653625	-1.950359	2.292409	0.484430	1.010577	6.631056	3.298692	2.341211	1.684631	1.010077	4.028212	3.251930	1.972479	1.211137	1.010654	4.192919	5.740864	0.567392	3.348548	1.066526	2.031386
3545	5	5.956989	-1.313181	7.470110	5.563859	4.009213	-3.670853	1.495326	3.115890	1.942982	6.427376	-4.299495	1.458595	2.779247	1.517265	6.431792	-2.714904	0.219071	2.637571	2.770686	6.428917	-3.533353	0.369792	2.406060	2.227593	6.433409
3568	5	3.841621	1.834861	0.290944	2.840041	6.548259	4.749529	1.605578	0.521320	3.600480	5.791557	3.997988	1.787799	0.346842	3.013013	6.357994	3.826075	1.840005	0.284220	2.820384	6.571608	4.059514	1.771139	0.364990	3.071536	6.296909
3583	5	-1.987758	-0.012179	2.182066	5.201895	6.886028	-2.365611	4.492452	3.816694	2.655331	6.882907	4.485529	0.458326	7.517940	5.042980	2.164174	-2.128486	4.535116	4.127691	3.166595	6.881455	-1.631336	0.691516	2.686958	5.036243	6.879729
3597	5	1.019044	-4.977358	1.752860	6.206945	4.895054	7.212819	-4.823302	7.151161	6.207180	-0.305767	1.000293	-0.569757	7.070287	6.152985	4.895014	1.028098	-5.063782	2.437225	6.207141	4.895017	0.907014	-3.643170	1.348150	6.195460	4.895310
3636	5	5.825439	-2.582845	1.857613	8.375889	0.541504	5.626858	-2.100250	1.182754	7.835325	0.902734	4.895428	2.717776	5.906410	3.562767	0.668750	4.479829	0.495884	0.698487	4.843761	3.756091	5.321745	-1.038102	1.000909	7.067932	1.748136
3666	5	0.912871	2.438769	1.392083	6.675934	6.858706	0.981521	1.544370	0.315632	6.846747	6.858976	0.592621	1.835211	-0.966771	6.583085	6.859073	0.712307	1.702909	-0.699524	6.677595	6.859066	1.138572	1.639670	1.441438	6.929948	6.858821
3694	5	-3.094472	1.355999	3.404454	5.778823	6.140172	-2.551068	0.507656	3.711262	6.310256	6.139993	-3.703825	4.237842	4.165738	3.807090	6.140198	-3.738505	4.201324	4.117994	3.653034	6.140210	-2.635239	1.804289	4.428488	6.257220	6.139910
3702	5	-3.263598	2.765939	3.202556	2.835931	7.355625	-3.356922	2.200102	2.608229	2.660352	7.355625	-2.630594	2.874798	4.353449	3.729200	7.355625	-3.216680	2.916929	3.377990	2.935696	7.355625	-2.836745	3.134607	4.132408	3.510247	7.355625
3728	5	-2.904141	2.744854	-0.065255	2.848355	6.064818	-2.904141	3.487596	0.913482	2.852393	6.064818	-2.904141	3.203722	0.424873	2.850595	6.064818	-2.904141	3.738977	2.048080	2.857326	6.064818	-2.904141	2.424380	0.082125	2.848004	6.064818
3795	5	2.372536	-0.345899	5.204008	5.947193	6.911017	2.598766	-1.134596	3.137865	5.949506	6.910026	-1.411576	5.021240	1.919189	-0.520329	6.985799	-1.652614	5.973048	2.953011	-0.555680	6.983329	2.129479	0.198795	6.195426	5.935783	6.917975
3894	5	-0.325857	1.138847	1.654612	5.417282	6.730382	-0.589375	1.924119	2.275101	5.430143	6.730382	-0.316056	1.180533	1.787538	5.450240	6.730382	-0.934031	1.714856	1.445771	5.063583	6.730382	-1.053087	1.926390	1.678524	5.141723	6.730382
3895	5	0.500727	-0.304536	4.158238	5.360398	6.009883	-1.141338	1.044448	2.755817	4.707728	6.118704	-1.077171	0.950609	2.759220	4.771472	6.121304	0.370224	-0.470599	3.710309	5.327903	6.048386	-0.326399	1.668331	4.904839	5.102285	5.986202
3945	5	1.080538	2.524967	3.598008	5.954460	7.987275	0.917875	3.259821	3.809302	5.608891	7.987413	1.256428	0.331216	1.382847	6.282623	7.989478	0.084988	5.954089	3.174262	3.580179	7.988763	-0.407104	5.856845	1.464110	1.283515	7.989925
4011	5	6.583073	-6.501253	-1.659254	8.112290	-2.847573	5.103249	1.156910	2.941766	2.879677	-1.717858	4.031225	2.028445	2.063922	2.670584	0.164127	4.485896	2.222955	2.966474	2.819587	-2.113166	4.415152	2.247128	2.890018	2.806677	-1.977524
4051	5	2.467090	4.123070	2.080933	3.554499	4.341564	2.422451	4.087560	1.959280	3.549867	4.470024	2.356757	3.992105	1.713594	3.562175	4.670267	2.590673	4.171090	2.351286	3.595258	3.981261	3.778140	2.884675	3.974077	4.941003	2.738509
4072	5	0.538334	6.574378	1.143415	0.836835	1.647175	0.538324	5.417190	-0.543089	0.633228	1.647175	0.538326	5.726014	-0.103258	0.650722	1.647175	0.538341	2.259998	-1.000752	3.502599	1.647175	0.538424	1.690276	0.312594	4.868128	1.647175
4093	5	0.884308	-1.558418	0.946929	8.113217	6.325981	-0.541853	1.623504	-1.740244	3.025494	6.326293	5.701546	-5.176583	0.949205	8.220057	1.349591	0.794024	-0.588910	5.820709	7.565301	6.326079	5.700994	-4.281124	5.833709	8.219731	1.349592
4137	5	6.423448	-0.492147	7.368265	6.597983	1.655596	0.276517	1.529769	5.474057	6.081566	6.045875	-1.202383	4.578069	4.704639	3.079888	6.046132	0.278876	0.957942	5.265553	6.536420	6.046258	0.215043	0.549119	5.006964	6.540462	6.046345
4154	5	0.195791	2.848258	0.917196	4.267070	5.751213	0.271909	2.742559	0.894450	4.388958	5.745988	5.166095	0.133253	8.778155	6.651181	4.006534	0.974270	4.685937	4.875351	4.403519	5.592424	1.229011	1.393615	1.395905	5.901360	5.661534
4174	5	6.718587	-0.141250	3.144678	4.079655	1.778098	6.728641	0.084359	2.986672	3.913471	1.777712	6.727794	0.410912	2.719868	3.664250	1.777440	6.628943	-0.945357	0.430972	4.279416	1.780276	6.694915	-0.438865	3.210611	4.262686	1.778786
4180	5	6.585923	-1.138307	8.562954	2.909116	3.261393	-0.370008	1.773741	2.387378	-0.103569	6.989312	-0.173033	2.102659	3.137378	1.774806	6.989311	-0.445978	3.174213	3.052286	0.774847	6.989311	-0.195897	1.424515	2.583327	1.541251	6.989311
4211	5	3.241605	2.098369	-1.962294	2.418963	0.293838	7.982441	-1.644529	6.633855	4.126082	-0.281455	2.850176	2.351387	-2.163122	2.235324	1.623963	4.807827	0.727610	0.195539	3.234046	-0.278813	6.029016	1.122324	6.003701	3.294912	-0.281452
4228	5	3.387172	-0.870996	-2.565012	2.729262	4.236998	5.482760	-1.871437	0.325233	2.835942	3.120324	5.969530	-2.097285	4.571937	2.907967	2.399120	5.195511	-0.952612	3.770795	2.793182	2.689416	5.912973	-1.570669	5.194455	2.873108	2.370571
4230	5	4.474999	0.732634	0.464758	7.159446	-0.037464	4.579444	0.444809	0.968134	7.314804	-0.182393	4.235338	1.330865	0.038300	6.952602	0.289875	4.648491	0.244450	1.438897	7.430679	-0.273637	4.567592	0.478750	0.901384	7.295827	-0.166318
4232	5	-3.260607	2.702985	0.001826	5.477466	7.524492	-3.131384	3.104518	3.798702	7.017309	7.524492	-3.044954	1.091776	1.678994	7.032213	7.524492	-3.231637	4.151395	2.991838	6.558542	7.524492	-3.170020	3.486807	3.609250	6.901134	7.524492
4238	5	8.584300	-4.120399	-0.275114	7.911773	2.433985	8.592795	-4.866007	1.600744	7.911774	2.433983	8.587283	-4.551285	0.740286	7.911773	2.433985	8.592151	-3.422416	2.840463	7.911774	2.433981	8.594275	-3.915280	3.336723	7.911774	2.433981
4284	5	6.638886	-3.095123	6.483144	6.660478	-0.382080	6.527607	0.769875	3.729342	3.592350	-0.279006	6.387802	1.161257	2.975122	2.827019	-0.257953	6.441533	1.234981	3.990004	3.074109	-0.291769	6.523397	0.945757	4.166518	3.529692	-0.287563
4286	5	0.251523	2.158709	4.451421	2.545344	6.941366	0.658741	1.406096	-0.576687	3.582663	6.941344	5.841667	-3.180765	0.198059	4.970755	0.410383	5.828616	-2.877599	5.698558	4.968582	0.410557	-3.706944	8.273344	2.342724	-0.909059	6.941371
4304	5	-0.108030	-4.650573	0.075510	8.383339	5.610063	-0.353580	1.736980	5.483636	6.995774	5.612957	5.425726	-11.099161	0.075667	8.383339	2.915460	-4.671387	3.253385	3.571693	3.207441	5.620108	5.425726	-4.650804	6.236564	8.383339	2.915460
4334	5	5.426387	1.078268	6.840996	6.383816	-1.920340	5.983030	-0.322392	6.360493	6.823722	-1.873265	-0.745851	4.540601	1.842015	3.613231	4.002171	5.846547	0.479597	6.737694	6.602112	-1.909072	5.883836	0.372313	6.705530	6.638346	-1.905807
4388	5	-5.057437	5.200647	3.859238	2.651157	7.744485	-4.975396	5.174929	3.932348	2.697145	7.740987	-5.453582	5.207161	3.303757	2.491923	7.765493	-4.810927	5.115999	4.063642	2.801258	7.734318	-5.565749	3.086259	0.552971	2.646064	7.780399
4469	5	3.437950	0.544320	-1.570813	4.512140	7.902410	3.515821	0.051194	-1.401743	5.148270	7.893685	3.276405	1.096096	-0.771521	3.899098	7.891265	6.412927	-0.679373	4.303710	5.967291	4.252324	3.458130	0.446444	-1.605498	4.641888	7.901950
4526	5	-0.824734	1.399465	-3.763350	5.008222	6.895173	-2.102753	1.942237	-3.619991	2.570738	6.907739	5.644354	-1.649455	7.833474	6.193427	1.007512	-0.574497	1.171190	4.390215	6.167745	6.843103	-0.993981	1.531753	-3.813956	4.514519	6.902925
4534	5	-2.279078	2.285433	1.243347	4.586397	7.628357	-2.656404	2.921599	1.293994	3.850765	7.628351	-2.590153	4.285477	2.154446	4.606871	7.627948	-1.884932	3.316930	2.393607	5.587146	7.627812	-1.625312	2.098146	2.163938	5.903057	7.627899
4624	5	2.706630	-5.155305	-0.915147	5.339256	5.816366	2.698937	-0.414528	4.350898	5.299985	5.820036	5.594566	-2.430446	5.413618	5.336873	3.893884	-3.836546	3.608422	3.942690	2.713053	6.759109	5.594580	-7.161910	-0.915147	5.339308	3.893874
4650	5	-8.442060	3.503747	-1.895356	1.539878	7.487048	-7.006385	1.606274	0.369057	5.642588	7.487048	-6.661286	4.526077	3.715309	4.549024	7.487047	-7.149370	4.765289	2.394780	3.510113	7.487047	-8.020505	2.005906	-1.151899	4.752952	7.487048
4679	5	-0.606624	-1.204636	-0.774001	7.229827	7.198830	-0.800012	0.496383	0.468547	7.215165	7.198830	-0.672782	0.768103	1.436724	7.218613	7.198829	3.388332	-0.048669	1.136671	7.230460	3.417031	-0.488669	0.554905	2.232459	7.230669	7.198828
4681	5	2.168367	2.512454	2.670604	0.947760	3.309456	2.750817	2.300830	4.825883	2.480254	2.334636	4.126386	0.926637	6.188907	4.998121	0.902388	2.643129	2.446950	4.541448	2.164830	2.499219	3.270196	1.674544	5.733722	3.852052	1.647243
4698	5	-5.192601	5.245846	3.123766	-1.907017	6.415120	-5.342159	4.800712	2.503712	-2.079241	6.415122	4.788404	-4.442775	6.644060	4.429220	0.776088	-0.831476	0.696025	5.947053	3.695452	6.411414	-3.436979	5.082644	4.662884	0.369438	6.414845
4702	5	1.688666	1.808683	1.018360	2.980855	4.644492	2.799708	1.170568	2.225892	4.926570	4.579356	1.928539	1.684414	1.278662	3.382043	4.643242	2.716621	1.225932	2.119437	4.788356	4.596700	-0.009461	4.700410	1.821402	1.966124	4.568782
4718	5	6.521417	0.454845	-0.743813	4.348666	-0.137425	6.297346	1.017981	-0.972579	3.100074	-0.130861	5.940976	2.490258	2.872141	1.684988	-0.129910	6.871956	-0.630314	1.366785	5.394253	-0.143150	6.337807	0.919348	-1.039077	3.337562	-0.132209
4731	5	-0.737133	2.551882	-0.555213	5.146624	4.939710	-1.360787	3.921611	2.221247	4.640853	4.939711	-0.885950	2.574216	-1.351540	5.105199	4.939711	-1.241764	2.752190	-2.032888	4.981713	4.939711	-0.718391	2.744556	0.937445	5.121049	4.939710
4750	5	-0.881760	3.823491	0.811814	2.212805	6.727476	1.851040	-1.667555	1.487091	6.909877	6.340726	1.419406	0.911974	0.471871	5.397477	6.660082	1.831331	-2.011559	1.290988	6.903265	6.380667	1.663086	-0.440234	0.874661	6.546765	6.549269
4769	5	0.374024	2.568033	-1.057248	4.180065	8.251688	6.377812	-3.744193	7.144608	6.683272	3.027707	0.103689	4.015124	2.624549	4.490061	7.930411	0.893638	3.264612	3.773093	5.170615	7.770235	1.102784	1.275604	-0.405268	5.205546	8.111272
4773	5	6.194769	0.559639	-0.108831	6.435341	2.175458	1.053582	3.762816	-3.176141	2.605963	2.175509	3.036555	5.030123	3.271139	4.950710	2.175458	6.223686	0.470310	-0.078927	6.470353	2.175458	6.327526	-0.197116	0.092756	6.630413	2.175458
4779	5	-1.079354	4.232441	3.579620	4.996833	5.561019	-0.295762	4.059835	4.115166	5.331423	5.560967	-1.603370	1.922760	0.102206	2.942174	5.561244	-1.896773	4.030775	3.041217	4.640129	5.561069	0.509042	0.931063	0.562332	2.936896	5.561251
4809	5	1.912506	0.948888	1.285960	6.702826	3.079017	1.285765	3.087656	3.798583	6.349771	3.078954	1.192994	1.994944	-1.455004	4.681990	3.079243	1.234506	1.732147	-0.878059	4.967516	3.079240	1.289798	1.553759	-0.433569	5.300391	3.079235
4819	5	5.190463	2.899078	1.187541	2.787033	3.392977	5.273919	1.828280	1.534072	3.401870	3.457347	5.217719	0.942128	0.920187	3.270761	3.516600	5.156082	0.969260	0.537378	2.902413	3.543897	5.110185	2.845849	0.808423	2.356188	3.397732
4967	5	1.759942	2.455526	2.708864	3.642405	3.980225	2.002960	2.157578	2.824434	3.642413	3.978045	1.558018	2.193048	2.253610	3.642398	3.982947	1.976633	1.339816	2.190020	3.642406	3.982273	2.129368	1.353559	2.505514	3.642420	3.979422
4971	5	-0.350738	2.247081	-2.016926	2.609581	7.511086	-1.010880	2.675229	-1.564716	2.319059	7.510951	0.172328	2.033375	-1.172292	2.996185	7.510437	-0.735872	2.436783	-2.169967	2.424601	7.511153	1.826141	-0.681126	8.016008	7.346680	7.307636
4987	5	8.106591	2.452974	4.777603	1.261780	-1.437192	8.020837	2.520219	4.451698	1.242802	-1.437192	8.052419	2.499079	4.589087	1.246037	-1.437192	9.212469	-2.683684	6.791666	7.753630	-1.437192	8.010652	2.525525	4.389530	1.242129	-1.437192
4998	5	-2.190668	2.982271	-1.261568	5.007139	6.429979	-2.195156	2.443982	-4.447317	5.290525	6.429979	-2.191456	1.988487	-4.604592	5.519983	6.429979	-2.125466	1.205802	-2.538600	5.845629	6.429979	-2.193100	2.109207	-4.693320	5.462584	6.429979
5031	5	-0.715176	-0.246858	0.291168	6.928511	8.717293	-0.669138	-0.404778	0.403148	6.966076	8.717211	-0.729324	-0.197718	0.263150	6.916341	8.717312	-0.970746	0.580584	-0.117415	6.642673	8.717485	-1.714337	2.915252	1.920073	4.993310	8.717463
5067	5	-1.645144	3.269010	1.592231	2.412620	7.444008	-1.784360	2.252144	0.053593	2.098966	7.469002	-1.846914	2.715873	0.675100	2.219698	7.458614	-1.290882	3.809384	2.533067	2.643399	7.432343	-0.887113	3.613861	3.467477	2.905343	7.434749
5080	5	6.488634	-4.286901	5.848163	7.129327	-0.465036	1.113388	-3.326567	1.269381	6.970020	5.096509	-0.606024	1.435730	0.425434	5.327021	5.097959	1.249677	-0.803864	3.812735	6.939793	5.090905	1.369089	-4.991108	1.571272	7.133476	5.091016
5174	5	0.137007	2.092982	2.895717	6.780769	6.294412	0.638652	2.389723	3.981289	7.249378	6.292995	0.715370	0.375371	3.772623	7.451792	6.293841	0.393006	1.309565	2.203882	6.943579	6.294737	0.656794	0.443102	2.753097	7.352302	6.294146
5185	5	7.948282	-2.085800	7.004448	6.841354	0.021673	6.219142	3.230757	4.549003	3.120162	0.021673	6.154653	3.281311	4.450452	3.032384	0.021673	5.629621	1.949270	2.808146	2.321552	0.021673	6.209212	1.526531	3.188921	3.146455	0.021673
5201	5	3.047025	-0.991671	2.644545	6.797741	2.263610	1.281194	2.638766	0.905805	3.997906	6.516238	-0.383420	5.450281	2.254014	0.814539	6.611164	1.430815	2.393297	0.861732	4.507770	6.455108	-0.645527	6.343113	2.933196	0.779564	6.609606
5268	5	-1.642042	4.563308	2.077607	4.196759	5.123017	-0.150704	2.108676	0.095101	3.819379	5.123049	-0.865629	4.248498	2.482165	4.686613	5.122691	0.105619	1.814559	0.293155	4.487496	5.122836	-1.452487	3.933487	1.241336	3.241692	5.123158
5289	5	-2.637859	3.281414	3.484676	5.398810	6.092811	-2.637804	2.479194	3.062865	5.449709	6.092811	-2.637831	3.021453	3.710538	5.603640	6.092811	-2.637821	2.536540	2.960002	5.346700	6.092811	-2.637795	2.730182	3.649730	5.675102	6.092811
5398	5	-3.266067	2.327437	-1.599305	2.854328	4.742844	-0.947508	0.615158	1.535867	6.141689	4.742842	-1.130802	1.065492	2.134567	6.159735	4.742842	-2.956593	1.967950	-2.008031	3.438710	4.742844	-1.388789	0.607276	-0.693276	5.874383	4.742843
5425	5	3.739218	-1.913821	3.685632	6.643683	6.381207	3.739118	-1.850498	3.566202	6.643586	6.381206	3.739411	-1.884279	4.056350	6.643838	6.381196	3.739369	-1.913773	3.958353	6.643809	6.381200	3.739585	-1.306682	4.629461	6.643790	6.381128
5434	5	0.917404	0.999747	-0.737122	2.684680	8.281730	1.540563	-4.181098	0.508829	8.531536	8.280055	7.141394	-10.637298	0.567459	8.570817	4.260292	7.134562	-5.862825	6.473737	8.569611	4.260292	6.620504	0.618713	5.395581	2.758320	4.260302
5438	5	-9.075886	0.835507	-0.311990	5.222030	7.053237	-9.940011	1.350709	-0.578894	4.953203	7.053237	-9.897676	1.285353	-0.605610	5.000631	7.053237	-8.484954	0.649453	0.055633	5.276737	7.053237	-9.193355	2.454560	0.660645	3.665179	7.053237
5551	5	-1.722777	3.775665	-5.469787	2.139748	9.229920	6.520021	0.046515	2.115459	4.535289	3.789432	5.854094	2.007277	-1.181095	2.670711	3.789442	6.523553	0.454669	3.021362	4.560761	3.789431	5.856225	2.292794	0.742215	2.939069	3.789436
5571	5	5.456783	1.072483	6.161410	4.494042	-0.663117	6.187280	0.340327	6.743316	5.044995	-0.696933	1.300382	1.549687	-1.360892	1.628060	5.658816	6.351353	-0.457614	6.826518	5.474236	-0.496426	4.082589	0.726373	-0.178370	2.384031	4.831422
5593	5	3.799573	-3.172310	6.424083	6.506893	1.534059	0.048107	1.648269	2.602839	4.329936	5.806248	-0.516500	2.238195	1.095502	3.819392	5.806249	-0.070602	1.675464	1.852613	4.218080	5.806249	-0.370415	2.017715	1.134615	3.946031	5.806249
5643	5	2.157816	-1.582067	4.642800	5.939578	7.744604	2.157792	-1.282054	4.576681	5.858442	7.744602	2.068929	-1.142645	-3.151196	4.485860	7.745747	2.151867	-3.630714	0.225701	5.782562	7.744807	1.147095	1.166052	-0.698655	2.776083	7.746377
5662	5	-1.480042	5.278860	1.214854	0.767089	5.834333	7.092644	0.955426	6.932386	5.695533	1.135648	4.695845	4.394089	5.878770	2.465665	1.402989	-1.136331	6.563939	3.693390	0.764168	5.768945	-1.470602	6.117827	2.649999	0.763569	5.831170
5667	5	7.795203	-6.853039	6.178563	7.924259	1.034336	-2.397218	3.121741	3.311948	5.062532	7.641994	1.098706	-0.640243	6.178548	7.923973	7.641971	-2.736449	2.993009	1.719145	4.813701	7.641994	-2.690116	2.204528	1.128336	4.751252	7.641994
5685	5	-6.480064	3.160508	1.752179	4.319997	8.311509	-6.435355	1.467104	1.345783	4.691379	8.311509	-6.536058	1.731340	0.842142	4.275239	8.311509	-6.465275	3.176793	1.867620	4.434773	8.311509	-6.470356	1.504001	1.159282	4.592769	8.311509
5699	5	6.043923	2.298300	4.523492	-0.102097	0.447278	6.442978	0.328752	1.466803	0.699526	1.539005	6.408645	0.286960	1.385510	0.635664	1.845903	3.517951	1.423052	0.310141	-0.553322	6.641379	3.622172	3.900424	3.779193	-0.477993	4.391378
5713	5	1.763393	-2.079780	1.429479	6.165476	5.706994	0.137720	0.303470	0.965930	5.489407	5.904260	1.712686	-1.920305	1.406522	6.138722	5.719911	0.690515	-0.179453	1.139395	5.703970	5.869932	0.346234	0.133300	1.038653	5.573568	5.893903
5761	5	-3.590248	3.002947	0.386216	0.249543	6.127435	-3.588795	2.322409	1.800168	1.653105	6.127435	-3.590321	3.590847	0.034980	-0.192571	6.127435	-3.590257	4.480526	3.101074	0.240893	6.127435	-3.590312	3.389886	0.002266	-0.111497	6.127435
5762	5	5.651665	-1.876579	0.597109	4.285217	-0.849040	3.888477	1.399265	2.050697	3.439496	0.374259	5.871667	-1.606588	4.424126	4.286050	-1.033685	3.939908	1.064020	1.767429	3.782364	0.342782	4.605264	1.306629	3.973462	3.980843	-0.399723
5795	5	2.225648	1.620044	-1.286764	5.603940	7.494049	2.335371	1.010665	0.242162	6.458740	7.480890	2.131772	4.255582	0.390057	2.226783	7.469438	2.228642	3.420387	3.879206	5.099112	7.449662	2.150035	2.246239	-3.220092	3.960849	7.495066
5798	5	-0.405474	1.348995	1.563353	5.222250	5.103707	-0.339806	3.573684	3.763105	5.231840	5.099509	-0.601381	3.444786	3.066282	2.892718	5.104406	-0.554763	1.927545	2.032149	3.214222	5.104537	-0.588276	2.266633	2.341744	2.754844	5.104670
5809	5	1.483342	3.565915	3.529028	3.055945	4.642435	5.975235	-0.131524	6.612642	3.996711	1.987694	0.789700	1.772129	1.844342	2.562423	6.526563	1.097160	1.523430	1.816179	2.587469	6.585848	0.577823	1.971956	1.905237	2.562854	6.459334
5847	5	1.859206	0.024946	-4.677466	4.308619	7.129692	-2.228497	2.526899	-4.680362	-0.033970	7.142014	6.421261	-2.004784	1.725381	4.346278	1.191300	6.421139	-1.399701	2.323079	4.344921	1.191300	6.421232	-0.559887	3.498075	4.342742	1.191299
5871	5	7.139527	1.481872	1.302491	6.326517	2.974649	-1.850395	6.324336	-3.065421	3.521025	6.600999	7.063676	1.556960	1.962654	6.305933	2.974652	7.406920	1.090313	2.259011	6.714327	2.974638	7.186878	1.430780	0.511976	6.360026	2.974647
5912	5	-5.252744	1.677621	2.120585	-0.615091	6.871776	-5.254432	2.603728	1.562257	-0.622768	6.871776	-5.253746	2.923198	1.988477	-0.619016	6.871776	-5.254773	2.207946	1.272092	-0.624829	6.871776	-5.254674	1.799093	1.251687	-0.624459	6.871776
5917	5	-0.844167	1.538579	3.840295	7.768828	6.881340	-0.943648	2.037599	4.165007	7.787364	6.881340	-0.999057	1.513324	3.459873	7.704867	6.881340	-0.858505	1.518197	3.786358	7.761257	6.881340	-1.534122	2.158116	3.402404	7.604408	6.881340
5957	5	-2.191797	1.856754	2.164847	5.750315	7.455086	-3.272374	2.756206	1.329786	3.979060	7.455086	-3.279221	3.113929	1.736978	3.624303	7.455086	-1.933363	1.605707	2.155219	5.904718	7.455086	-1.815811	1.491353	2.131551	5.957855	7.455086
5980	5	0.497227	1.011263	1.369746	4.263165	6.560883	0.451428	1.961118	1.828057	4.230342	6.560082	0.299068	1.340696	1.004109	4.143247	6.561292	0.252221	2.022832	1.588212	4.159714	6.560349	5.595016	1.064412	0.395463	4.121425	1.364246
5990	5	-1.663245	2.404842	0.345579	4.026932	6.148852	7.512072	-6.754474	1.806361	9.523657	2.123621	7.512072	-5.681966	6.484300	9.523109	2.123621	7.296670	0.432286	6.469337	4.027033	2.125314	2.271067	2.245315	0.630734	4.026932	4.349609
5993	5	7.309076	-2.589309	4.997850	5.176111	1.276659	2.152678	-5.195544	-0.705242	5.176111	7.337827	7.318602	-8.294608	-0.688511	5.176111	1.276657	5.174782	2.291933	3.396841	2.000546	1.405046	1.716751	0.304063	4.442562	5.155494	7.360081
6029	5	6.598398	1.445175	3.639005	3.095033	6.231398	6.441779	0.927861	1.942562	3.066858	6.231758	6.430931	1.623563	2.927626	2.827350	6.231586	6.583609	1.497701	3.597534	3.057423	6.231408	6.388310	1.422814	2.433832	2.852442	6.231721
6049	5	7.260426	-6.535810	6.640459	6.291306	3.884885	-3.066933	4.048142	2.322441	-0.223666	7.319109	0.494912	-2.077661	6.631912	6.268252	7.319107	-2.362479	3.347638	2.994579	-0.218495	7.319109	-3.154409	3.658964	1.527546	-0.223668	7.319109
6114	5	0.494130	1.601783	0.148506	4.701418	6.495768	-0.104281	2.110112	-0.628612	3.798926	6.495744	5.906201	-1.154879	6.442832	6.731384	5.192232	1.148349	0.778596	1.073426	5.699941	6.495673	0.290577	1.789498	-0.149622	4.384821	6.495762
6120	5	7.120935	-5.110243	6.017381	5.698240	2.291112	-3.248328	6.488133	4.184012	-0.002526	7.722246	7.120936	-6.109414	0.499608	5.698240	2.291112	2.316960	6.375096	4.185443	-0.000805	3.109744	-2.911625	3.712165	-1.062850	1.262421	7.722222
6160	5	6.043252	-5.209834	7.539287	6.065300	4.666847	4.094716	0.794794	3.126782	4.163513	5.883889	3.684863	0.976468	2.724954	3.587269	5.965028	3.886084	0.837122	2.901107	3.888709	5.931505	4.512666	1.731443	4.884526	4.129406	5.631223
6194	5	-2.440759	-0.206623	2.386035	7.431462	7.279662	5.626194	-3.724565	6.401868	7.792638	2.943749	-7.168275	4.032727	-0.763000	3.883304	7.279909	-4.587243	1.163415	0.751724	6.562094	7.279898	-4.280483	2.329741	5.230383	7.157925	7.279745
6261	5	7.242986	1.166427	-0.325649	0.424941	-1.116927	7.102336	1.838192	1.048569	0.321469	-1.116926	7.387694	0.798116	0.284725	0.743217	-1.116928	7.284546	1.047070	-0.200012	0.486045	-1.116927	7.198851	2.148516	2.888312	0.333057	-1.116928
6321	5	-2.833458	2.429971	3.844360	5.338418	7.874750	-2.957017	2.819883	4.267546	5.305365	7.874748	-2.017464	0.474238	7.277451	7.043425	7.874486	-3.035019	2.436044	2.866326	5.062358	7.874759	-2.833113	2.332946	3.507121	5.281320	7.874753
6390	5	6.799650	-5.120095	6.878451	5.332550	1.636929	-1.096370	2.230487	3.203197	4.393831	6.838614	-0.798349	1.520750	0.940220	4.386972	6.840757	-3.294851	2.437319	-0.009320	4.050563	6.841123	-0.677489	1.619120	1.742560	4.421435	6.839720
6393	5	3.786755	-1.619432	1.095599	5.216285	-1.364485	3.108374	1.095552	2.229101	5.071846	-1.357442	3.198586	0.456402	1.212944	5.160431	-1.353030	3.387079	-0.041737	0.409055	5.196410	-1.356096	3.591332	-0.636573	-0.227526	5.212207	-1.360832
6460	5	1.078956	1.548857	-3.617047	0.664018	5.454349	7.769738	1.067303	-3.613874	2.104015	1.755857	8.153132	-0.918453	0.710057	6.625833	1.505592	8.170896	-0.608388	3.353517	6.670958	1.497845	8.157022	-1.301932	0.256714	6.647171	1.506176
6493	5	4.269872	4.503367	1.690805	1.797234	1.913422	8.199062	-0.463437	0.907426	7.759053	1.720304	-1.489732	3.261998	-2.780405	2.770546	7.710765	7.787338	2.978266	5.544559	6.349008	1.719305	3.392294	3.271224	0.122339	2.144658	3.386888
6599	5	4.060986	-5.322651	-0.648473	6.991852	5.977192	7.074843	-5.854244	-0.648473	6.991852	4.626713	-1.526367	4.226345	-7.176137	2.471333	7.242254	7.074596	-3.550512	4.965698	6.991852	4.626789	-1.278463	1.547801	3.569388	6.737702	7.232544
6622	5	0.246167	5.220605	3.526907	2.460202	5.067156	0.246907	5.184042	3.994665	3.107505	5.067048	0.249563	3.578348	4.956050	4.562652	5.066672	0.244961	2.321110	1.055572	4.317832	5.067372	0.259570	2.504346	5.897912	5.546761	5.065262
6644	5	-0.678461	2.361817	0.969410	1.154964	8.278078	-1.165123	3.066494	2.755728	1.034519	8.281694	-0.306400	2.057839	0.627717	1.335135	8.275856	-1.245211	2.918911	1.858801	1.030782	8.276689	-1.024386	3.515466	3.326886	1.074190	8.267757
6663	5	0.435280	0.438010	2.081080	6.271520	0.150606	0.455902	2.506834	5.368743	6.345709	0.116966	0.445401	0.032217	2.370876	6.357859	0.149302	0.472879	-0.218448	2.672416	6.424139	0.143636	0.432675	2.411451	1.736653	5.885685	0.147355
6667	5	5.905174	1.874090	1.111949	-0.010073	-0.481538	6.342606	2.931247	3.486243	-0.006842	-0.481552	2.926260	2.787175	0.088832	-0.010767	-0.481480	6.173791	1.760346	1.359393	-0.009595	-0.481540	4.750198	2.267321	0.480645	-0.010679	-0.481527
6672	5	-1.151639	2.535670	-0.860908	1.814885	7.062534	5.840906	-2.999496	0.973956	6.618971	0.542048	2.483028	-2.222134	7.048716	6.617016	6.978032	5.155069	1.062946	7.020826	3.261431	0.571911	5.840327	-2.327641	7.048716	6.617577	0.542051
6684	5	4.483809	-4.364809	7.016730	7.250705	0.962894	1.645472	-0.429860	6.998115	6.528688	6.063713	1.640109	-0.333549	6.995302	6.412784	6.063748	1.652734	-0.557293	6.996465	6.704526	6.063654	1.609365	0.180854	6.972004	5.965610	6.063895
6696	5	5.423212	1.808152	-0.157845	3.692776	3.574768	-1.505165	2.676822	-1.632704	3.481774	8.860916	6.350884	1.292495	0.811623	3.835861	3.417567	6.090055	1.446356	0.492784	3.724247	3.481789	3.016643	4.052390	0.713352	3.872355	3.261331
6712	5	-0.634733	0.629952	1.226189	4.664342	7.401514	5.235673	1.539102	5.738545	4.511928	1.551657	4.735879	1.954091	5.006484	4.264818	1.552546	7.107485	0.600900	6.222445	4.671993	1.585698	5.211601	1.552862	5.712541	4.506173	1.551542
6736	5	6.935903	-1.917830	5.699509	8.462744	2.640395	-0.055973	1.232620	1.980633	6.800448	8.168992	0.050870	2.206109	2.948665	6.925348	8.167515	-0.374010	1.944824	2.322816	6.822932	8.168346	0.199978	0.872172	2.057969	6.830525	8.169171
6754	5	3.799349	0.731682	3.885468	6.888174	3.257270	1.585357	4.368427	3.895456	3.616708	3.730998	3.848621	-0.629499	0.193877	6.757481	3.318960	3.920980	-1.911569	1.596628	7.052492	3.219734	-1.482782	5.341865	2.835859	1.326382	4.164101
6770	5	-0.222296	5.451371	3.179202	3.118137	8.812818	-0.178228	0.562222	1.447235	5.342355	8.812818	-0.264458	4.571515	2.694332	2.880088	8.812818	-0.195006	5.017757	3.396838	3.883863	8.812818	-0.254099	5.098257	2.870589	2.885207	8.812818
6772	5	0.201082	2.428308	4.996134	4.464453	7.056937	0.532966	1.396727	5.948434	5.186591	7.051116	0.182716	3.709900	2.086495	3.738481	7.056974	0.270338	1.830675	5.668372	4.855304	7.056643	1.457402	0.314384	1.909495	5.661540	7.044041
6781	5	6.702311	2.269047	1.893356	4.280045	1.051176	6.716410	2.300193	1.977959	4.282058	1.051117	7.353423	2.065372	4.734700	5.564571	1.049775	7.526701	1.704221	5.559210	5.849046	1.049951	6.750286	2.364479	2.171406	4.304147	1.050987
6783	5	-3.065106	5.331804	2.175669	3.532587	5.394374	-2.959874	6.051282	3.092657	3.238710	5.393787	-3.036197	5.922435	2.819065	3.237459	5.394212	-3.033997	2.924445	0.083083	5.051109	5.394388	-3.067008	4.498013	1.348464	4.035110	5.394387
6791	5	0.407734	-5.588562	4.099325	6.471435	7.055978	-5.315511	2.122755	-3.298399	1.929031	7.056267	6.284095	-8.182894	-2.076669	6.471435	1.063117	0.407734	-8.159481	-2.076670	6.471435	7.055978	6.284095	-5.612125	4.099325	6.471435	1.063117
6826	5	-1.599362	2.518529	-3.423702	1.419809	4.432880	6.504817	-0.800909	3.265222	6.755015	1.000452	0.096068	-1.697120	0.910549	6.755153	4.244171	0.095987	-0.819618	-0.651488	6.754732	4.244194	0.096069	-1.180228	3.763281	6.755158	4.244170
6830	5	2.722661	1.631268	1.005707	8.519689	0.577358	3.681631	0.472610	-0.381989	8.560834	0.526748	2.989565	1.689498	1.702366	8.657772	0.353934	2.708531	1.605713	0.916891	8.503461	0.609407	4.257537	0.332581	2.445262	8.817822	0.340270
6910	5	-5.156333	-0.109100	2.778895	5.252699	6.511940	-5.111511	-0.124719	3.583515	5.253509	6.511940	-5.177704	0.613505	3.024151	5.251872	6.511940	-5.152582	0.724200	3.285847	5.252670	6.511940	-5.134620	0.711332	3.438094	5.253252	6.511940
6948	5	-4.184550	1.438693	4.081998	6.060872	7.546518	-3.897154	0.481781	3.289174	6.158107	7.546518	-4.418991	0.771671	1.718274	5.868831	7.546518	-3.931568	0.397698	2.829449	6.131244	7.546518	-5.552450	2.201766	3.560565	5.623282	7.546518
6967	5	3.904190	2.109171	0.925728	4.095097	-0.093916	6.161357	1.391324	5.106483	4.955783	-1.221122	5.259288	1.349972	1.066099	4.470610	-0.259066	5.468089	1.224513	1.335242	4.549172	-0.369477	4.606733	2.605995	3.310896	4.502873	-1.914830
6983	5	-3.392697	3.765208	2.606618	0.981541	7.635944	-3.393292	3.910828	2.665571	0.966964	7.635528	1.148170	1.607424	3.255082	2.062640	7.570918	-3.112840	2.814428	2.275629	1.178710	7.637363	-3.051258	5.097242	3.344695	0.937195	7.617311
6995	5	2.344468	-10.095022	1.549947	6.926908	6.850598	-2.894971	1.484973	1.427400	3.264176	7.122540	6.041863	-6.639945	7.122525	6.926908	1.830290	6.041863	-10.146181	1.549947	6.926908	1.830290	2.344468	-6.588786	7.122525	6.926908	6.850598
7017	5	-2.109457	2.480593	1.052986	4.835346	6.890577	-1.830782	1.674211	1.979410	5.173913	6.890536	-1.962769	3.158805	2.458520	5.053906	6.890354	-2.071307	3.013412	1.725872	4.858164	6.890471	-1.836030	2.729119	2.930532	5.213216	6.890340
7022	5	6.083584	-7.420968	7.330534	7.258432	0.437112	-0.054327	3.952814	4.134329	4.223029	6.647110	-1.434383	2.791702	2.998245	4.221030	6.647120	-1.373946	3.014925	3.131587	4.221225	6.647119	0.337566	0.787650	3.012492	4.221262	6.647120
7058	5	7.739128	-1.875560	-1.222649	0.686647	0.933200	7.704822	-1.555755	-0.887227	0.453095	0.933200	7.774863	-2.187265	-1.438967	0.852567	0.933200	7.790264	-2.329329	-1.476485	0.908232	0.933200	7.862569	-2.958955	0.041405	1.066889	0.933200
7073	5	-4.939578	3.745152	-4.085800	3.296116	7.256005	0.670615	0.341889	7.654988	6.437600	7.255487	-4.994973	4.772735	-4.602978	2.075273	7.256005	-4.996219	5.065973	-4.543815	1.878995	7.256005	-4.994181	4.669318	-4.610060	2.159541	7.256005
7074	5	3.679185	2.200481	-0.103304	7.522085	2.014879	5.635332	1.344263	2.558058	8.032057	2.012958	5.317858	1.453399	1.523366	7.721236	2.013489	3.955404	2.812524	2.011525	7.744156	2.012843	5.626320	1.711001	3.713105	8.076657	2.012869
7081	5	1.295369	2.044636	-1.676884	3.815924	7.118972	5.290799	1.706649	2.415810	3.919152	1.688235	5.453728	1.841250	3.935411	4.103784	1.574619	5.928523	1.376422	4.559630	4.365560	1.566406	5.229598	1.791773	2.578617	3.899361	1.687899
7105	5	5.199852	-3.024998	5.891274	7.260560	2.499476	0.438298	1.710974	-0.987479	1.022358	7.252766	0.154937	2.560902	3.652146	1.014857	7.255132	0.864369	-3.526700	0.481792	7.260608	7.245218	5.200935	-6.249920	0.481875	7.260615	2.498370
7121	5	6.802553	-9.420805	0.503727	6.047576	0.805355	6.802548	-2.876171	6.988213	6.046357	0.805355	1.564884	-0.186184	6.733308	5.997667	6.269544	1.572994	-6.733037	0.499692	6.047571	6.269539	-1.225966	5.646059	3.467553	0.328155	6.269665
7143	5	-2.510761	4.031529	1.771611	4.800600	7.076255	-2.470863	4.151364	1.886075	4.848608	7.075764	-2.537192	2.308867	0.452901	4.388156	7.080520	-2.263598	4.546044	2.386726	5.052996	7.073859	-2.645365	3.149790	1.032762	4.506092	7.079120
7145	5	-4.364643	4.552308	-0.352573	0.881989	7.041772	-4.218302	3.875116	-0.682240	0.956733	7.041772	-4.440907	5.752787	1.559951	0.845538	7.041772	-4.258059	4.006656	-0.694934	0.935807	7.041772	-4.287415	4.121286	-0.673638	0.920656	7.041772
7153	5	-0.582060	-2.400483	6.502644	6.713502	5.171186	2.040946	-9.240577	0.670867	6.713507	1.310012	-4.157273	3.474497	4.968156	1.892946	5.172234	-0.573839	-8.932505	0.670727	6.713507	5.171150	2.035547	-2.706536	6.513741	6.713505	1.320369
7161	5	-0.029379	1.538238	-1.888150	0.656149	5.789850	1.212604	-3.821705	-1.385665	6.810233	5.786775	7.808200	-10.022059	-1.385656	6.831517	0.582650	7.808107	-1.343471	5.125353	1.558742	0.582650	7.808200	-6.747695	5.127111	6.831516	0.582650
7176	5	-1.017476	0.407526	6.460673	5.652291	5.598132	-1.043279	0.951047	6.246118	5.160400	5.598132	-1.039496	-0.148461	6.159794	5.867083	5.598132	-1.061504	1.069653	6.171922	5.066549	5.598132	-3.571112	2.482060	-0.041546	2.306430	5.598132
7198	5	-2.782103	-3.775886	1.907738	5.254355	6.859017	-2.962693	-4.362574	1.446623	5.252596	6.859019	-4.754335	1.492226	1.056197	1.104323	6.859022	-4.058747	-0.409566	1.108612	4.319393	6.859021	-4.984654	3.114019	2.045319	-0.741325	6.859022
7249	5	-4.209269	-1.246498	2.285251	8.564601	7.353007	-10.306578	6.397133	5.108515	4.292021	7.353007	-10.306578	6.429879	4.455349	3.454451	7.353007	-4.209012	-1.259426	2.271704	8.556986	7.353007	-10.306578	5.034187	2.672825	3.381646	7.353007
7330	5	7.058199	-3.141472	6.762592	5.220105	0.502590	-2.973836	2.561302	0.257072	3.014894	6.665785	-0.896786	3.853840	3.684962	3.985175	6.664231	-1.500925	1.868049	0.071219	3.996699	6.665812	-0.250822	1.209469	0.851678	4.696420	6.665593
7365	5	-2.196326	1.889553	2.538430	3.791780	9.385788	7.217189	-3.841690	7.817868	6.916376	2.801049	-2.182376	1.566868	2.478283	4.448625	9.385788	-0.021934	1.251742	3.531676	6.036959	9.385787	-2.252499	1.749411	2.498640	4.062586	9.385788
7453	5	-0.322116	1.677071	0.463314	5.975850	7.394608	7.903831	-0.956764	5.274184	6.499968	3.196933	-0.298012	1.759311	0.557390	5.953145	7.394608	-0.066711	2.123738	1.354753	6.077030	7.394606	0.012607	2.132855	1.605339	6.184092	7.394606
7476	5	6.481734	-4.483563	6.765724	6.269058	3.140029	0.438901	-0.025782	3.817026	6.268600	7.234469	-0.076893	-0.267049	0.118016	6.257056	7.254320	1.890909	-2.735186	6.729494	6.269058	7.023026	-0.273714	1.909924	1.163634	5.456419	7.253930
7518	5	-1.533836	5.064769	0.482870	0.566145	6.285669	1.882125	1.700203	-1.387524	1.261206	6.536659	6.421199	-3.138317	6.284509	6.800135	2.180001	6.199666	1.330724	4.565315	2.531805	3.521872	4.683859	2.860808	4.124203	1.504686	3.249509
7519	5	2.282391	-2.626909	0.998531	8.461461	7.153807	-1.881305	2.693315	4.572742	7.187505	7.170810	-2.569199	1.822470	2.667748	6.903803	7.170810	-1.895488	0.738611	2.872911	7.169423	7.170810	-2.421710	2.725257	3.412993	6.924916	7.170810
7521	5	5.594970	1.949792	-0.787273	2.888877	1.526999	6.151407	1.364597	0.325882	4.508411	1.520323	5.194705	3.743042	3.094282	3.761815	1.523222	6.174044	2.477900	5.463899	4.967179	1.519686	6.288645	1.431720	2.892547	5.119448	1.519729
7569	5	-4.775705	3.413953	-2.205686	0.959855	7.658060	-1.813565	0.005046	2.880347	6.628470	7.623493	0.263215	0.427622	4.412686	6.640837	7.419011	0.256490	-0.803822	2.734914	6.639900	7.630226	5.242044	-2.287006	7.966913	6.642120	4.850539
7661	5	0.513445	2.201006	2.176903	5.538237	6.858327	0.615210	2.041040	2.148261	5.624135	6.836925	-0.165369	3.140036	2.661723	5.015683	6.900215	0.704139	1.892146	2.156429	5.699066	6.814611	0.331445	2.465044	2.284189	5.386697	6.885701
7678	5	-0.149696	-2.059850	-0.578706	5.807888	7.258362	6.351607	-2.822794	5.854507	5.807994	1.694872	-1.569456	0.432383	5.836152	5.691602	7.260862	6.354639	-5.198714	-0.578688	5.808009	1.694868	-4.491602	2.576111	-2.681518	1.396986	7.260911
7681	5	9.033810	-2.797845	1.611059	5.394713	1.290447	9.033808	-1.663982	2.137154	5.394696	1.290447	9.033810	-1.646446	2.491826	5.394703	1.290447	9.033807	-2.255294	0.891562	5.394699	1.290447	9.033812	-2.278526	3.015168	5.394716	1.290447
7724	5	-0.440849	1.590347	-0.761377	3.811878	6.382052	7.533896	-1.784898	6.850777	7.100565	-0.209895	0.802258	1.837763	6.660525	4.467144	6.382033	1.022305	0.814729	6.729416	5.162508	6.382028	-0.014046	3.526705	5.155251	3.984198	6.382044
7734	5	3.314754	1.106677	1.727774	8.145961	2.440371	4.059577	0.958738	7.296291	8.966654	1.580921	2.965075	2.451751	3.759070	7.568185	2.629342	2.961210	2.608728	4.440052	7.816475	2.626451	4.486713	0.101817	2.855644	8.749046	1.643297
7746	5	5.986166	2.678270	0.588223	1.383506	1.964686	6.153807	2.450005	0.746075	1.384871	1.964686	6.211614	2.391216	0.869305	1.385346	1.964686	6.301693	2.308074	1.082126	1.386129	1.964686	6.789600	2.003737	2.910839	1.391927	1.964685
7750	5	-0.218401	1.896056	4.272207	2.861186	7.138056	-0.135558	-0.875099	1.358362	3.366739	7.141788	-3.539102	1.768974	0.487676	0.836840	7.142297	-4.048798	2.266991	0.746416	-0.384358	7.142120	-1.970779	1.281025	0.380973	2.084096	7.142443
7807	5	0.098455	3.224848	3.528131	3.243151	6.940438	-0.045767	1.843441	1.093567	1.545976	6.940520	1.312034	0.568947	3.183100	6.315213	6.940371	0.311325	3.104774	3.965600	3.668294	6.940402	0.357274	3.075126	4.058162	3.759772	6.940392
7811	5	7.189533	-5.607939	4.737798	6.009741	0.905999	2.940756	-10.351128	0.931879	6.009742	6.286877	7.189548	-11.496201	0.931878	6.009742	0.905999	1.157110	-0.538943	4.737747	5.949945	6.399275	2.940250	-4.461790	4.737798	6.009725	6.287030
7838	5	1.489260	2.327694	1.679459	3.292886	6.147416	6.971742	-1.802231	6.587097	5.484084	2.515648	-1.220525	4.143772	3.509475	2.906984	6.155497	0.885127	3.350133	3.657393	3.119382	6.145505	-1.792715	3.926315	2.750784	2.897960	6.155982
7844	5	2.316892	4.264295	3.362267	3.460147	3.836117	3.717577	1.475560	0.470417	4.100825	3.972767	4.647428	1.613510	2.085676	4.631479	2.056800	1.550873	4.817289	2.380927	2.992883	4.410441	3.643746	2.761430	4.436239	4.152386	1.110795
7853	5	-2.472036	0.093532	2.392102	9.122974	7.346205	-2.709454	1.467380	1.751864	9.111083	7.346205	-2.654390	1.499430	2.040369	9.116550	7.346205	-2.537092	0.497175	-0.215186	9.114259	7.346205	-2.474942	0.624731	2.735817	9.123564	7.346205
7871	5	2.015068	-3.857702	0.075481	6.922771	5.763603	2.015081	-3.087277	1.526694	6.922767	5.763601	6.917014	-2.417537	4.876991	6.922666	-0.381515	-0.716424	4.589866	2.469069	4.992193	5.776798	-2.429384	3.835416	1.204035	3.641746	5.778425
7872	5	5.881234	0.446880	2.554219	5.378137	-0.389069	5.940317	0.047367	1.390769	5.493181	-0.389284	5.889790	0.435001	3.253548	5.394643	-0.389323	5.904727	0.399499	3.541557	5.423603	-0.389626	5.931152	0.334428	3.847250	5.475735	-0.390059
7878	5	4.148366	1.680916	5.790881	2.104155	3.299121	2.545860	3.278323	2.663188	-1.124872	4.166553	1.865941	3.254270	-0.938775	-1.749805	4.319174	1.925852	2.240945	-0.912527	-0.834352	4.375951	1.564532	2.991168	-2.849581	-1.810100	4.369783
7923	5	-1.849935	1.796366	-0.690944	4.452043	8.059641	4.111585	2.846207	-1.638375	3.613908	4.605524	4.241007	2.075649	-2.734465	3.643971	4.613891	4.166199	2.446238	-2.523229	3.577307	4.649499	4.168256	3.525052	0.861745	3.994858	4.175757
7929	5	-2.930967	2.382678	-5.463223	0.014387	7.325431	5.727529	0.026089	0.705044	4.861137	1.623255	4.570431	1.209211	1.300522	4.109588	1.920025	5.503426	0.229162	0.250923	4.836267	1.707452	5.946130	-0.107946	1.520092	4.870853	1.530471
7974	5	6.698980	0.989547	-0.083601	4.970734	-0.197733	6.665399	2.080583	5.593903	4.572451	-0.197747	6.035032	2.784442	1.525296	1.140497	-0.197401	6.565970	1.362527	-0.747509	4.355169	-0.197703	6.837892	0.521804	0.712874	5.371681	-0.197753
8002	5	4.858895	1.598587	-1.188349	0.175018	1.898664	3.955559	3.459131	2.595185	0.124438	3.024395	5.247529	0.725382	2.636614	0.339141	1.255552	4.789873	1.742322	-1.051450	0.163789	2.009263	5.217010	0.755163	1.283607	0.313639	1.313320
8004	5	-4.891656	1.514618	1.598432	3.447715	8.192853	-4.925166	2.172233	0.506797	2.072490	8.192853	-4.846141	2.542135	3.764638	3.654774	8.192853	-4.824827	1.381222	3.020162	3.780819	8.192853	-4.885629	3.207129	2.962878	2.846747	8.192853
8101	5	6.160095	-1.071714	-0.128152	6.142285	1.388058	6.004536	1.192974	1.655754	5.541750	1.390472	6.101109	0.139699	-0.080186	5.746349	1.390439	6.021448	1.209158	2.047111	5.584730	1.389553	6.168172	-1.534519	0.491841	6.281596	1.387352
8111	5	0.645670	5.577060	3.143635	-1.495619	8.078311	1.153449	4.578620	2.584648	-1.619582	8.162884	2.762688	2.479691	1.343172	1.251502	8.181785	3.080873	2.087142	1.080393	2.220157	8.154194	1.866806	3.589999	2.050826	-1.213120	8.184767
8133	5	8.017564	-1.806888	6.982716	7.024264	-0.036033	-0.220004	3.816485	2.724949	3.578940	6.364866	-0.220366	2.813270	1.790037	3.257566	6.364871	-0.220399	2.454788	1.692180	3.247725	6.364875	-0.219773	2.968294	3.212987	3.778887	6.364871
8158	5	0.772641	2.986531	3.437991	5.378448	7.359458	6.229334	-4.776427	6.388744	7.589978	1.214194	0.047323	1.713081	-2.074948	3.471576	7.360630	0.934131	0.634898	0.182870	4.989839	7.360211	-0.531626	3.677689	2.055604	4.699930	7.359894
8170	5	7.524957	-2.001528	6.750848	6.848126	2.486517	-1.074836	3.453644	2.063311	4.270694	6.933971	-1.023919	2.373276	0.125427	4.381379	6.934491	-1.078028	3.480942	1.425004	4.159480	6.934428	-0.798006	1.778415	0.866311	4.712258	6.934202
8217	5	-4.493359	0.377881	0.906348	5.480977	8.312572	-7.871015	2.950022	-0.042594	2.295276	8.312583	-7.941275	4.599790	0.998579	1.081532	8.312575	-7.804005	2.634233	-0.176019	2.809048	8.312583	-7.942326	5.139985	1.418748	1.717522	8.312567
8222	5	-1.547481	1.689902	6.212499	6.207135	7.771774	-2.748086	1.929509	-1.478059	3.459434	7.771775	-1.656346	1.917775	6.155607	5.982526	7.771774	-1.327192	1.232669	6.224320	6.569968	7.771774	-1.325591	-0.390384	0.066183	6.647327	7.771775
8228	5	7.695255	-2.295119	6.200622	6.130855	-0.492939	7.695770	-2.121378	6.481663	6.084397	-0.492939	7.695496	-2.228897	6.444384	6.117928	-0.492939	7.693803	-2.771706	1.848732	6.142353	-0.492939	7.695139	-2.326927	5.908222	6.135130	-0.492939
8232	5	0.906537	1.423055	5.592663	7.465640	5.376226	1.207579	1.181199	5.881067	7.533777	5.290767	0.760985	1.558065	5.392279	7.398795	5.412277	1.049944	1.303920	5.748560	7.506545	5.336813	0.718109	1.601646	5.323415	7.372414	5.421929
8242	5	-1.765024	1.742797	5.347434	6.440924	6.551949	-1.766362	1.356954	0.138685	5.745644	6.551949	-1.766463	2.330504	-1.329904	3.797589	6.551949	-1.766356	1.338572	0.163547	5.775332	6.551949	-1.766458	2.065541	-0.885440	4.361077	6.551949
8311	5	-0.791903	1.319708	1.152692	1.287886	5.820389	-0.826503	1.359268	1.094519	1.287156	5.847577	-1.739006	1.827952	1.352098	1.284072	6.218581	-2.196805	1.984704	1.570541	1.283956	6.264602	-0.755016	1.270474	1.294687	1.289087	5.789858
8403	5	7.882837	-5.448486	-0.346906	6.212541	0.419475	7.838454	-2.251999	6.057505	6.211616	0.419481	2.273783	-5.440969	-0.346906	6.212541	6.197496	-2.036922	3.907058	-5.227173	1.221680	6.207632	2.228801	-2.242900	6.057504	6.211598	6.198955
8437	5	-0.099266	2.211861	-1.205061	0.772822	7.119729	6.296550	-0.009524	2.835836	1.698473	2.717124	6.307373	0.390747	3.832083	1.650800	2.713654	6.307608	0.350800	3.720509	1.689883	2.713691	6.307401	0.161860	3.352610	1.883156	2.714130
8496	5	0.465456	1.383911	1.284382	6.271344	8.379170	7.764221	-2.024038	7.303401	8.148012	3.137744	1.202257	0.824636	1.810771	7.163549	8.379164	1.550644	1.399116	7.002158	7.840623	8.379016	-0.432183	3.061361	3.786861	5.366548	8.379170
8504	5	-0.956289	-4.915405	-0.309112	7.262073	8.808576	-1.404245	1.199681	-0.430417	1.735625	8.809087	4.967086	-7.032709	5.995272	7.262075	3.784877	-0.957651	-0.949777	5.994947	5.985374	8.808579	4.967086	-10.998202	-0.309112	7.262075	3.784877
8683	5	-2.029905	3.123620	2.594022	1.520216	5.594264	-0.027260	-4.392629	-1.097883	7.326153	5.593989	4.967164	-2.003702	5.397809	7.315999	0.211377	-0.878468	1.147958	-2.094654	2.652277	5.594239	5.105260	-8.570380	-1.097864	7.326166	0.115895
8684	5	8.069360	1.133155	1.440036	4.610505	0.805379	8.182303	0.849496	4.103493	4.829915	0.791563	8.163048	1.359179	3.945844	4.743497	0.788356	8.171920	0.540684	2.935242	4.830632	0.795223	8.079785	0.959615	1.357164	4.648478	0.806976
8696	5	6.559200	-2.535397	3.709849	6.523298	-5.645879	6.559577	-2.619710	3.413849	6.465674	-5.645870	6.274646	1.176971	3.579361	3.948805	-5.644217	6.215283	0.620252	2.644645	1.709618	-5.637083	6.559331	-2.563451	3.600720	6.510577	-5.645878
8699	5	6.058818	0.637547	4.960614	2.841106	-3.839933	7.231129	-3.915643	1.996791	3.808935	-3.365286	7.248901	-4.010335	2.058973	3.855891	-3.404885	5.468685	-0.554234	1.147089	1.347212	-1.492196	6.608939	-1.807892	1.335719	2.218099	-2.311111
8705	5	0.729800	-0.521748	3.972718	7.627337	6.517783	0.730406	-1.823571	0.283173	7.627699	6.517780	-5.690875	4.302570	-5.575744	2.020297	6.519947	6.282267	-8.180341	0.586265	7.627703	2.012726	6.282267	-5.467228	5.003121	7.627703	2.012726
8776	5	5.981010	2.371541	4.441496	1.787055	0.328311	3.499577	3.004866	3.510564	1.787038	0.333886	8.294653	-0.277102	4.640995	1.853866	0.328310	8.061717	2.099898	5.013427	1.801995	0.328310	7.655689	2.350092	4.610933	1.791685	0.328310
8777	5	5.967812	-3.552985	7.086067	7.378119	3.217777	-1.739456	2.075526	1.742158	1.653521	7.629520	-1.857930	1.998020	0.814023	1.518540	7.629714	-1.934156	2.477782	2.759413	1.611256	7.629455	-2.813809	3.284636	2.673623	1.468830	7.629539
8809	5	4.760270	1.584400	6.101626	6.783948	0.476771	5.315958	-4.097285	2.445543	7.464745	0.478282	5.196773	-2.438682	2.230138	7.163957	0.486640	2.480323	3.388083	3.657348	6.223612	0.480624	5.165435	-2.160484	2.208840	7.109198	0.488783
8833	5	8.071109	-6.482754	7.695021	6.933929	1.394476	2.110804	-2.277007	3.709390	6.933912	6.111311	2.103769	-1.496942	1.329929	6.933833	6.111561	2.110935	-1.680658	3.934543	6.933911	6.111286	2.107671	-1.172083	2.997363	6.933868	6.111351
8852	5	-2.197546	1.729235	-1.197295	4.596011	8.058964	-2.932919	3.007160	-2.764660	1.995608	8.058964	-1.578338	0.742203	0.839077	6.520084	8.058964	-2.499408	2.288968	-1.953005	3.424404	8.058964	-2.435097	2.171150	-1.802294	3.670673	8.058964
8862	5	4.756275	-2.225341	8.001881	6.586683	4.366490	-4.291107	2.988317	-1.331531	2.989710	8.813560	-4.284517	6.428641	4.289680	1.851090	8.805520	-0.096384	1.593319	6.046818	6.461571	8.780799	-3.884587	1.736054	-1.326608	5.848588	8.813680
8903	5	7.769971	-1.918708	2.803049	3.998489	2.874094	2.040229	-0.629514	-4.252763	3.596631	6.956904	7.771714	-3.772931	2.453358	4.242149	2.874094	7.771998	-2.111348	4.240862	4.240190	2.874094	7.770310	-2.233579	2.463751	4.023354	2.874094
8918	5	-3.012900	4.601171	-5.868574	3.030012	7.414191	4.980113	2.558242	-2.989354	4.378229	2.016011	5.118831	2.474464	-2.638094	4.464293	2.014807	6.417624	1.144545	0.502184	5.925319	2.012107	5.295386	2.363203	-2.171926	4.587789	2.013793
8967	5	-2.143098	4.367483	3.045003	5.760202	7.351526	5.531982	-1.439086	7.113010	7.545615	2.675393	-2.211866	4.370608	3.000208	5.731196	7.351534	-3.317818	2.527693	0.702068	5.029321	7.351712	-1.848526	1.879407	0.403389	5.538357	7.351725
8989	5	-3.599000	0.254649	1.981658	5.572369	5.488011	-3.598198	0.227976	2.025494	5.650521	5.488011	-3.603715	0.705921	1.982246	4.891729	5.488011	-3.602187	0.440614	1.873959	5.171501	5.488011	-3.597492	0.210289	2.068796	5.714338	5.488011
9022	5	-0.391304	3.912292	3.458966	-1.004618	6.587557	-0.391931	1.646388	1.613725	-1.896053	6.587557	-0.391704	3.149726	2.401593	-1.518059	6.587557	-0.391813	2.528643	2.012248	-1.697510	6.587557	-0.391404	3.966530	3.229357	-1.115657	6.587557
9131	5	-2.612632	2.476664	1.007810	3.929671	5.056991	-1.808496	2.542930	1.361334	4.258561	5.056991	-0.602662	0.822484	0.670308	4.724629	5.056991	-1.306828	1.001160	-0.235397	4.109940	5.056992	-3.277796	2.110296	0.593664	3.654658	5.056992
9179	5	1.568722	0.975776	0.284267	3.196585	6.551745	8.142282	-5.089503	4.961177	8.502823	0.299057	1.566247	2.173984	1.806318	3.202187	6.550821	1.504789	1.745330	-0.038750	3.166927	6.551732	1.611699	1.882386	2.815054	3.231610	6.550638
9248	5	2.673034	3.675313	4.415109	1.663841	5.861364	1.937791	2.850084	2.338022	1.667438	6.121900	2.634880	3.676960	4.357101	1.663823	5.876371	3.683820	0.832435	1.972741	1.757380	5.558696	2.893155	3.630635	4.752825	1.664054	5.770715
9313	5	7.372049	-3.608084	4.041387	7.029421	3.035260	-2.394308	2.613720	-1.924300	3.626939	6.438356	-2.395736	1.784405	-2.523587	5.309966	6.438464	-2.353094	1.587016	-0.818445	6.478397	6.438298	-2.363946	1.943226	-0.954182	6.207788	6.438264
9333	5	-1.786676	2.439626	2.479231	7.199803	8.129747	-1.825000	1.908391	2.017967	7.183371	8.129747	-1.759405	1.673392	2.513759	7.205646	8.129747	-1.828182	2.255489	2.164929	7.184629	8.129747	-1.759968	2.341623	2.634358	7.208273	8.129747
9342	5	0.897134	-3.599799	0.649623	7.638942	7.746596	-4.834215	2.967475	-1.127529	3.004281	7.843991	0.697166	-0.718252	6.552182	7.599762	7.769562	6.858747	-7.471807	0.692551	7.638956	2.484882	6.858747	-4.592925	6.832546	7.638955	2.484882
9345	5	5.773585	0.937075	2.177266	-3.335677	-2.699653	5.947516	1.601667	4.043368	-3.029598	-2.699653	5.493984	1.339803	2.607451	-3.489747	-2.699653	5.919228	1.611693	3.993978	-3.060243	-2.699653	5.536232	1.617979	3.206110	-3.418438	-2.699653
9372	5	6.062944	-7.606103	0.686390	7.715778	2.772184	-6.058095	3.148904	-0.641174	3.328800	7.565028	-0.262658	-1.387318	6.617709	7.712109	7.565024	-0.245112	-2.647547	0.643781	7.715511	7.565024	6.062944	-6.364876	6.716764	7.715778	2.772185
9420	5	3.001520	-1.281913	0.455703	6.560269	6.697316	3.156680	-4.438633	0.979969	7.327766	6.517053	3.132902	-3.115530	0.623784	7.019155	6.555199	3.149684	-3.895031	0.726302	7.193704	6.529092	3.159956	-0.638827	6.216228	7.373537	6.510668
9422	5	8.003519	-3.325709	9.498922	6.759220	2.895764	2.577093	1.486581	2.672138	5.796231	2.902907	2.573552	2.422753	2.652818	4.569817	2.902926	2.574878	3.743807	4.338204	3.627438	2.902862	2.573460	3.388454	3.425574	3.311230	2.902916
9470	5	6.272979	0.007459	4.782205	2.152913	-0.007415	0.187733	-1.984955	1.191369	2.469379	6.028540	0.232393	-3.204420	1.479840	2.727833	6.008482	-0.854796	0.883650	1.694171	1.382965	6.084978	0.243258	-3.425497	2.091504	2.793692	6.001024
9496	5	5.312289	-3.288323	6.608246	6.120570	1.999872	1.552566	-2.332087	0.258863	6.116737	6.222704	1.439787	0.187708	1.932856	6.105279	6.221292	1.407325	0.065727	1.341077	6.101314	6.222766	1.479548	0.163801	2.367192	6.110135	6.220431
9506	5	-1.072669	2.069871	-0.222817	5.210131	4.890215	-0.995747	1.745365	1.012987	5.466712	4.890215	-1.083660	2.230298	-0.227114	5.112981	4.890215	-1.079329	2.153167	-0.264598	5.158121	4.890215	-1.049566	1.901867	0.117796	5.324855	4.890215
9513	5	0.463619	0.813754	-0.056865	5.409567	7.726054	7.495966	-2.530906	6.562090	6.066272	1.247739	-0.591846	1.959714	-1.616375	4.817708	7.727384	-0.439933	1.832513	-1.421854	4.894025	7.727469	0.530111	0.696506	0.067834	5.458000	7.725308
9521	5	0.518326	1.887094	0.258243	4.923116	6.486303	1.162445	1.369579	0.802265	5.519576	6.486189	1.175662	1.923323	4.165380	5.610129	6.486035	0.396605	1.966468	0.214544	4.832781	6.486306	-0.865968	3.624785	4.902576	4.367919	6.486267
9541	5	-3.646556	2.108108	-4.763990	4.044937	7.067414	6.895566	-2.949087	3.995592	7.872715	1.603765	6.895566	-6.800502	-0.735619	7.874870	1.603765	1.730650	-3.511588	-0.735880	7.874662	7.067243	6.886947	-0.344979	3.480654	4.260038	1.603774
9578	5	6.835047	-0.069680	3.665397	5.507641	-0.217235	6.849742	-0.233007	3.594512	5.507859	-0.217110	6.862006	-0.176252	3.832058	5.507935	-0.217687	6.838131	-0.177109	3.534721	5.507737	-0.216921	6.844701	-0.072985	3.766934	5.507733	-0.217531
9611	5	3.569111	2.296937	3.292011	4.333159	2.701895	-0.924707	2.588701	2.957393	4.173957	7.919280	4.693108	-3.384686	7.117765	5.988953	2.701803	3.318782	3.090434	4.037786	4.005890	2.701867	3.518569	2.241741	3.047685	4.273997	2.701906
9613	5	2.296756	-3.326313	0.477627	3.564764	8.361807	7.841682	-3.583444	0.493806	3.564764	1.994043	-0.884508	1.458187	-0.960461	3.395451	8.388831	7.840613	-0.882534	6.088304	3.564489	1.994047	2.293598	-0.621735	6.012846	3.564198	8.362040
9636	5	-3.950310	5.274124	3.747915	3.803914	7.370696	-4.423607	4.608264	1.190195	1.529913	7.370696	-4.143387	5.628536	3.269131	3.209299	7.370696	5.326333	-2.428144	6.719412	5.817057	2.653298	-1.959338	0.608332	3.609540	5.480188	7.370696
9704	5	-4.585018	3.561751	0.152360	2.352596	6.110363	-4.555458	2.512266	-0.205144	2.910097	6.110577	-4.492773	2.299747	0.816115	3.411501	6.110539	-4.514090	2.351156	0.466846	3.271751	6.110558	-4.594590	3.041889	-0.652779	2.261612	6.110488
9742	5	1.078345	1.077988	-1.600326	4.584419	6.190739	4.727031	2.007875	4.439795	5.084198	1.525868	0.446692	2.086963	-2.593376	3.683238	6.187245	1.791118	-0.106635	1.937208	5.896976	6.163619	4.782656	0.871306	-0.785478	4.713144	2.356611
9772	5	-2.345019	2.484376	1.337632	5.388241	5.044211	5.806727	0.437579	6.873715	6.633637	-1.300323	-1.496332	1.253704	1.682692	5.981612	5.044217	-1.681659	2.718551	2.450603	5.794618	5.044198	-2.215237	2.643197	1.634947	5.442411	5.044207
9844	5	-7.343525	1.778933	4.250628	5.901753	7.319848	-7.331716	1.753460	4.387245	5.939222	7.319848	-6.945414	0.407760	2.611955	6.279068	7.319848	-7.187730	1.446880	5.215747	6.178379	7.319848	-7.129564	1.286140	5.278621	6.225416	7.319848
9903	5	0.953392	1.952023	6.550985	6.211243	6.081071	1.223346	1.707154	6.350601	6.418224	6.076769	-2.753155	3.171526	3.628402	3.891716	6.087545	1.345236	1.347797	5.893798	6.562251	6.076088	-2.378853	2.541406	3.178558	3.801891	6.087545
9914	5	0.776767	4.878149	2.622048	-1.233430	6.782994	2.166551	2.093409	1.310011	-1.234244	6.907194	2.374078	1.836464	1.551677	-1.232974	6.867712	2.775482	1.414034	2.425755	-1.224913	6.789672	2.518041	1.658991	1.775184	-1.231309	6.840542
9926	5	9.359427	-6.050559	-1.393372	5.819649	-0.891543	4.787122	2.161577	2.679387	1.754629	2.604518	4.784895	2.440033	2.902972	1.587492	2.586708	9.355165	-0.546769	5.100634	5.816462	-0.888915	4.748011	2.702098	2.811742	1.205375	2.573608
9932	5	6.704859	3.582777	4.457953	4.237154	-0.739922	6.981962	0.020592	2.955886	6.142336	-0.739523	7.052338	0.087267	3.405041	6.219988	-0.739681	7.132957	1.402141	5.487535	6.314830	-0.739977	6.657559	3.637515	4.277773	4.041968	-0.739861
9938	5	-1.912058	2.395765	-0.282890	5.390307	6.353259	2.385905	0.281930	6.765693	6.867778	6.183187	5.990478	-3.481918	6.916908	6.892537	5.085090	-1.749199	2.329448	-0.061582	5.501263	6.353186	-0.898057	2.618403	2.706167	5.823175	6.351644
9987	5	4.066324	0.457684	-0.361154	5.645975	1.199698	6.551230	-1.533919	1.057440	5.672500	0.004122	1.410813	2.374715	2.352288	4.524911	3.063230	6.534608	-1.288975	1.473850	5.672498	0.004122	6.457058	-0.534157	2.808563	5.672478	0.004122
