155	4	6.999262	3.726371	-0.247137	7.223719	-5.532185	1.762151	6.010925	5.012498	7.223719	-5.558068	1.264076	0.714807	6.550670	3.526448	5.453510	6.998824	-1.618666	1.288390	3.526448	6.311825
250	4	6.850010	5.021948	0.802641	4.832269	-1.970840	2.692895	-0.106103	5.701681	-1.734278	6.211681	2.726715	5.744603	5.674221	4.832269	-1.979900	6.847958	-0.830303	0.836926	-1.734278	6.211686
310	4	5.981959	-1.187642	1.034379	-0.604486	8.210405	-0.321538	5.058964	6.037160	-0.601141	3.582536	5.981963	3.393092	1.034299	-0.601467	3.619657	-0.321541	0.411438	6.037246	-0.604486	7.926762
596	4	5.585238	4.012791	-1.236606	7.034725	-3.266730	1.300341	5.459629	5.054229	7.041433	-3.885805	5.584430	-1.121857	-0.099256	3.716379	6.362687	0.044907	0.330727	6.139200	3.993007	6.004961
614	4	2.341998	5.829996	5.357384	6.046914	-4.744364	8.310240	-3.023817	2.426985	1.564701	5.949345	2.340025	0.875333	6.671273	1.574459	5.938692	8.677471	1.678180	1.172169	5.967724	1.135791
638	4	7.698365	-4.536144	0.999914	-1.224212	7.549002	3.042865	6.576108	5.970604	4.929984	-3.819044	7.700866	-4.536629	0.961717	4.879976	2.329798	2.977193	1.799788	6.017534	-1.215862	6.001724
672	4	0.739729	5.420579	6.337932	6.681728	-5.250588	6.200634	-4.191899	2.392499	0.078665	5.874721	0.684266	-0.331175	7.892994	0.078665	5.874687	6.228747	1.477434	0.837496	6.681684	-0.211437
677	4	2.555455	8.098194	4.602762	4.830363	1.370008	7.668973	-1.388435	0.396347	0.810710	5.052757	2.557587	8.492642	4.512684	6.208369	-2.172429	7.669338	3.517689	-1.725721	6.144368	-1.056135
1128	4	6.920647	4.926835	0.502071	7.984057	-6.108568	6.758261	4.463100	2.739871	1.573675	0.315775	6.756231	1.415242	2.746137	1.542865	5.340244	1.220296	7.598943	6.099648	1.723928	-0.342444
1179	4	8.524625	3.324261	2.923839	8.112625	-0.402113	2.376452	6.189561	7.112200	8.112747	-3.837537	2.376177	0.383374	7.378225	3.286584	6.348841	8.306250	-2.493644	3.189869	3.286454	6.363122
1235	4	8.192476	-3.992753	0.675836	0.742725	5.584212	4.224537	7.435750	6.765263	1.289669	0.362804	4.536732	7.123652	4.597341	5.916611	-4.264272	4.224537	1.416802	6.765394	0.742725	5.572299
1272	4	3.811202	1.705130	6.471762	2.390729	5.397138	3.847501	5.956791	5.986408	7.401839	-5.202414	8.737891	1.043896	1.304143	7.352339	1.020421	8.730020	-3.121960	1.793307	2.389249	5.402265
1334	4	2.624453	5.606485	7.816503	1.264664	1.769409	2.624453	1.378673	7.816907	1.256726	6.925412	2.624593	5.608710	4.734922	7.885866	-3.538330	6.917113	4.459658	-0.178167	7.885863	-3.534420
1390	4	7.547686	-2.035118	-2.088072	6.140470	0.957872	2.801276	3.004107	3.717507	6.173469	-0.562037	7.535339	-6.923172	0.231149	4.709083	4.139562	2.799168	-1.887061	6.108934	4.709083	4.139562
1409	4	9.098567	-5.881201	1.603512	1.132279	7.214377	9.201081	0.451492	-1.233260	6.873719	0.632284	2.600769	-0.612114	7.321382	1.132279	7.185152	4.889565	5.699446	4.372670	6.891094	-5.120727
1454	4	-0.119289	7.018486	4.735231	5.891320	-0.734969	4.965222	6.704263	1.390034	5.891320	-0.734938	4.858568	0.275150	3.092449	1.839152	6.757045	-0.991782	0.578040	6.294446	1.839152	6.757034
1609	4	6.487798	-2.762159	2.066980	1.613810	6.987023	2.436720	6.584989	3.890155	6.177090	-3.618665	0.413493	0.864162	6.944739	1.619612	6.975769	6.541840	2.912352	-0.761347	6.112956	1.557754
1640	4	6.306109	5.280473	1.628052	2.703267	2.049532	1.138342	9.181060	6.992602	2.748041	1.499021	6.273320	-0.857901	1.680837	0.178214	8.055145	1.131433	2.902460	7.046679	0.178293	7.982098
1641	4	6.148355	-2.954378	0.089406	0.067369	6.731184	0.299515	6.306870	5.196445	0.412947	1.985873	0.299355	0.716964	5.211650	0.067367	6.720946	0.976051	6.588518	3.798353	5.575468	-0.963929
1685	4	1.818171	5.443480	7.742497	3.110083	5.026632	1.831804	7.654190	5.896363	5.454773	-2.081796	6.444088	2.602768	1.562087	1.924374	6.547430	6.907411	5.142722	0.105168	5.340776	-0.235199
1762	4	6.180864	-6.803546	0.852618	0.502278	7.345806	1.612236	3.873824	4.841549	6.334729	-0.572599	1.609667	-2.049609	6.591909	0.502278	7.345806	6.198302	-1.154138	-0.560178	6.071096	2.379804
1795	4	6.812561	4.710231	-3.044339	8.715057	-1.883482	6.812561	-1.361556	-3.043323	8.248468	2.916086	6.776676	-1.368678	2.110561	2.620288	6.150328	0.277958	2.719771	5.854335	2.649955	5.910761
1826	4	6.896674	2.197948	-2.057739	6.225662	0.394566	1.720579	0.001697	5.803554	-0.344008	6.234008	6.896674	-3.777054	-0.543434	-0.344009	6.234019	2.865485	5.976539	4.266064	6.261069	-3.626687
1828	4	2.524909	-1.570635	2.593198	7.633171	1.696297	7.029062	-2.173698	-3.177516	7.633171	1.696311	7.006346	-2.588596	-0.196860	1.491029	6.270577	1.253046	0.036827	5.541097	1.491055	6.270006
1834	4	6.620639	-5.660280	2.006663	-0.609518	6.833046	0.570922	0.121790	6.470708	-0.609519	6.833044	0.571330	5.693625	6.454509	2.312312	1.655730	0.636995	5.845521	5.694091	5.304575	-4.098158
1920	4	2.748034	7.624857	5.334780	4.459383	0.171315	7.837458	4.700933	-0.386080	4.459382	0.204672	1.984581	1.383061	6.209822	2.659025	4.720487	7.834128	-1.541170	0.485107	2.658937	4.727326
2040	4	2.140858	-2.166685	3.184501	3.030648	5.933132	7.125162	-4.645648	-7.374901	6.303744	0.757810	7.112504	-4.633947	-2.210618	3.030644	5.933148	7.125162	1.983766	-7.379470	6.306451	-4.317117
2073	4	6.601775	1.994925	0.854709	0.793539	1.996136	6.601775	-4.242724	0.854709	-4.383722	5.413116	1.537213	5.596917	6.091591	0.934430	1.901011	1.537213	-0.673390	6.091592	-4.383711	5.410088
2147	4	1.644850	-3.998212	5.885021	0.226415	7.218484	6.736409	-2.615930	-2.602406	6.093939	0.854847	6.735905	-8.678493	-0.210713	0.226415	7.218485	1.671993	2.074959	3.490147	6.094033	0.641958
2242	4	6.517908	1.788355	-0.477240	7.353925	-2.144595	0.965345	0.230213	6.445831	2.470477	7.181937	1.190551	5.433503	4.645480	7.353964	-3.680064	6.479868	-3.473570	1.331420	2.467716	7.540778
2255	4	5.455005	-0.849434	1.379279	1.666962	6.790443	5.455005	4.724550	1.379270	1.783216	2.505874	1.437713	-0.283881	4.082622	1.666962	6.790442	5.455330	4.753040	1.010749	5.185826	-1.470727
2321	4	8.670292	0.125360	0.736149	7.822840	-1.923724	3.869532	0.882909	4.792243	7.822967	-3.620947	8.667502	-2.041105	0.753007	7.442593	1.991447	3.710860	-5.302286	8.736683	4.390607	6.010284
2577	4	5.523836	-2.395847	-0.677864	1.044536	6.627323	5.523836	-1.354597	-1.242531	5.128034	2.370096	-0.047992	-1.537013	4.966523	1.044536	6.627323	5.523836	3.281192	-1.496925	5.297606	0.441658
2593	4	2.267919	-1.240589	6.234977	5.086332	6.054097	7.709945	1.356725	-1.477111	6.432061	1.742447	2.478222	4.099898	4.832470	6.432610	-1.056464	7.709945	-3.960097	-0.075599	5.086332	6.054100
2830	4	-0.061797	0.452839	7.653238	0.429978	7.823999	-0.053176	6.933124	5.136675	4.921175	-2.802025	-0.061797	6.789602	7.653237	0.668290	2.437844	5.781308	-5.278658	1.584472	0.429978	7.828926
2907	4	8.561751	-0.181912	-1.054347	5.773081	-0.416887	8.561350	-6.387756	0.161443	1.014731	5.836889	2.645104	-2.175017	6.206791	1.014815	5.836439	3.188189	1.766623	4.840790	5.773103	-1.398520
2978	4	5.820648	-1.088441	-2.259129	2.375895	3.801683	5.820648	5.391762	-3.115286	4.772277	-0.766871	-0.581650	6.549676	3.253595	4.772296	-1.665848	-0.637761	0.092272	4.109894	2.777312	3.663665
3033	4	2.660277	5.512588	3.861351	5.776687	-2.502857	2.558766	-0.710908	6.124099	0.116449	4.975007	7.160446	-3.283204	1.126923	0.116290	5.543502	7.194594	3.082551	-1.178897	5.775659	-0.821754
3115	4	2.449255	4.581446	6.632376	0.813569	1.509602	6.898033	-5.120570	2.368101	0.713656	6.708105	2.447389	-1.299836	6.635507	0.713656	6.706360	3.197869	4.578248	5.762223	5.521466	-1.347129
3133	4	4.041484	0.008909	5.726502	-2.144443	6.554643	6.548994	-2.581342	1.836613	-2.144503	6.737859	4.042013	3.855949	5.722780	3.416907	-2.998153	6.549337	1.267451	1.832059	3.406819	0.081728
3141	4	7.195003	2.501657	-0.994898	4.255804	-0.967204	1.624209	4.184869	4.284589	4.255910	-0.967422	7.183677	-3.623152	-0.239536	-1.207041	5.511820	1.601138	-1.936600	5.041095	-1.207032	5.503618
3215	4	5.606103	-2.815119	-0.271784	0.226729	8.389415	-0.483448	5.496744	5.889766	1.083379	3.581172	0.148387	6.247373	4.520888	3.996521	0.632694	-0.483555	3.303542	5.894216	0.226729	8.146187
3369	4	5.392043	-1.349239	1.510570	0.203276	7.133998	5.922702	1.976183	-0.285986	6.459240	-2.247985	0.801579	5.431601	4.909809	6.459240	-4.545826	-0.398374	0.476273	6.702399	0.203276	6.684393
3542	4	0.999126	6.488946	4.385882	5.362836	1.533670	0.401282	1.323921	5.327999	-1.188351	8.461783	5.994924	5.400153	0.292816	5.352096	1.635701	5.994697	0.236520	1.210807	-1.188355	8.525242
3581	4	1.095180	-1.059749	7.003331	-0.541313	7.671230	7.092741	-0.753842	-0.072264	5.609134	1.459528	7.088377	-6.413715	0.800912	-0.541313	7.671231	1.427936	5.515102	6.062103	5.646680	-4.761778
3601	4	2.718378	7.673023	4.895293	4.350239	-3.371042	7.731243	4.867731	-1.374834	4.350238	-2.831111	7.730879	-0.055347	-0.435831	1.117725	5.848808	2.660552	2.797605	5.834597	1.132428	5.796634
4101	4	4.493457	6.894813	3.408370	4.994500	-0.761501	4.100306	2.271036	3.917750	0.116063	5.315436	1.436196	7.485388	7.645811	4.994641	-1.100847	1.246582	2.485777	8.047761	0.121981	5.169707
4161	4	1.176604	1.993125	6.966883	1.190283	5.719921	1.309948	5.177274	5.868555	6.225933	1.198517	7.149954	1.154339	1.282556	1.190171	5.723031	7.203886	4.337261	0.167525	6.221896	1.272373
4205	4	1.448026	6.642080	5.022723	6.438848	-1.448090	7.005897	4.669756	-1.192546	6.438848	-1.447803	1.387251	0.775660	7.524549	-0.197429	6.891606	7.005587	-1.236381	1.309476	-0.197433	7.316096
4248	4	4.588979	-0.015762	4.468026	2.278964	9.478252	2.856144	0.965221	6.238767	2.278964	9.477623	4.708717	4.864376	4.398998	8.906884	-0.214171	2.877729	6.031044	6.150006	8.906902	-1.698421
4315	4	-1.155401	3.025138	6.666096	2.382324	3.300213	5.032062	1.591945	1.684314	2.052602	6.713164	-1.153922	6.750332	5.865414	5.154331	-0.590077	5.077653	5.261417	0.858483	5.150594	-0.573870
4379	4	8.127191	1.515018	1.075408	5.730794	1.809877	4.308749	5.165388	4.713423	5.819178	-4.015109	3.294134	-0.328058	6.887944	0.625362	7.563221	7.984848	-4.438415	3.131706	0.625294	7.563403
4518	4	6.837078	4.345002	-0.382244	4.310181	-3.364470	3.125110	6.559245	5.616122	4.310186	-6.299743	2.732537	0.457214	5.895558	-1.602441	5.187376	6.834528	-1.768400	-0.104192	-1.640814	5.229104
4630	4	1.040165	6.026605	3.343281	6.967230	-3.868613	1.002842	0.823009	3.382401	6.952040	2.480884	0.714616	0.726999	8.388878	0.885385	6.235880	6.990509	-1.351359	-1.751128	6.951996	2.481735
4663	4	4.982495	6.211908	-3.377546	7.116906	-0.632736	-1.259391	1.221136	6.459035	0.853475	5.992172	4.859468	0.408331	1.523831	0.853460	6.194217	4.859489	5.882894	1.523778	1.447602	3.063927
4710	4	6.324397	3.874442	-0.625196	5.525791	-0.641105	6.321178	-1.432599	0.153476	2.472925	6.556741	0.689062	7.134231	5.530732	5.629379	-5.525268	0.688843	1.827011	6.356788	2.474317	6.554497
4874	4	6.162681	1.221091	1.314584	3.248457	7.714410	6.204693	5.613006	0.130922	6.388914	-1.461928	2.981419	6.540650	5.456806	3.994410	2.682954	2.963657	3.179977	5.623426	3.256014	7.406697
4957	4	-2.751893	-0.323051	8.447269	2.577357	7.726275	-2.601697	1.429365	5.994321	6.549445	3.218689	-2.159258	5.988333	5.257352	7.329164	-1.864125	3.662786	-1.014674	-0.199370	6.539893	3.230368
5280	4	4.892467	0.333312	7.878689	3.784973	5.611362	8.153775	3.767183	2.716751	5.696631	0.985540	7.109708	-1.482104	3.891212	3.645729	5.802147	5.048806	5.327947	6.510033	5.713059	0.846841
5307	4	2.230541	7.094882	4.562897	7.340628	-5.444999	1.989209	1.374086	7.192986	1.368585	6.199144	7.401345	2.207329	-1.808899	7.327784	0.228316	7.258112	-3.160035	0.883024	1.368399	6.201397
5450	4	3.077173	6.434359	4.721766	8.971072	-2.464803	3.075411	-0.099387	5.994727	6.419878	5.029653	6.506774	3.622921	-0.574705	8.806273	-0.121554	6.498716	-2.878944	0.667977	6.419872	5.029662
5478	4	7.345198	-0.227252	-0.134219	-1.634418	7.455634	0.839262	7.964008	6.211201	4.250791	-2.305238	0.838848	6.710613	6.240581	-0.290031	4.042301	7.345199	5.180392	-0.163525	4.250085	-2.242642
5571	4	1.706430	2.615213	6.685266	5.224111	-4.267914	6.833697	-7.148724	1.266054	-0.860194	7.569883	1.651028	-3.160742	7.415628	-0.859845	7.569322	6.843566	-1.412129	0.537376	5.180263	1.197593
5590	4	3.243826	6.245170	3.992073	6.289521	-2.313043	8.175528	-2.686661	1.573801	2.217679	5.833468	8.323588	2.043779	-1.738733	6.220132	1.530545	3.143065	1.390032	7.561303	2.538372	5.628774
5656	4	4.279866	-4.083770	3.869044	1.061240	5.735972	7.188133	-2.415169	-3.947461	6.891734	0.775818	7.185905	-7.962020	-1.887249	1.061241	5.735972	4.294053	1.455885	1.810677	6.891734	0.775745
5954	4	3.141138	1.121745	4.652368	7.071341	2.780829	7.419127	-1.667231	0.971673	7.016661	2.891193	0.923553	0.447030	6.875794	2.599148	6.411925	6.886751	-2.549533	3.230924	2.541045	6.463496
6059	4	4.085311	6.949947	4.150829	7.292777	-2.925300	0.434542	1.947670	8.244714	4.293316	4.392257	6.513657	3.686381	-0.419288	7.292777	-2.914601	6.513364	-1.330732	-0.401873	7.122938	2.815293
6139	4	2.544060	6.793962	6.148496	6.840931	-1.776982	8.064586	1.028839	1.524473	6.831904	1.188994	8.064140	-3.170245	1.530191	3.117340	5.760058	2.542615	2.737263	6.152759	3.219896	4.803854
6153	4	3.070576	-2.717855	2.962991	4.770361	4.787612	6.617631	2.633746	-2.543733	6.404523	-0.082018	3.088036	3.803513	2.633645	6.404530	-2.556884	6.617630	-3.889696	-2.214462	4.770361	4.787613
6226	4	1.439502	-0.861294	6.501712	1.542070	7.376425	5.281469	3.224167	-0.287805	7.362105	-2.493355	1.659758	4.944820	4.244940	7.370741	-4.986858	5.271890	-2.574827	2.004211	1.542066	7.376714
6270	4	0.546462	0.558465	6.268123	-3.742238	5.784923	0.547384	5.573095	6.201017	0.824961	0.454880	6.628209	-0.841699	2.357086	-3.846696	6.527525	6.641926	4.163848	2.266020	0.629828	1.014692
6296	4	1.390223	1.429420	8.092276	-1.934906	5.506125	7.586358	4.905489	1.548104	4.253622	-0.407970	1.534778	6.844679	7.313765	4.254033	-0.430511	7.026406	-0.572786	2.577108	-1.936064	5.513605
6303	4	5.538424	3.881193	-1.792850	6.701808	-4.285303	-0.477541	0.713662	5.890600	2.681748	5.974804	5.502801	3.824007	2.282794	4.063201	1.662172	2.837929	5.286683	4.256686	4.065675	1.659935
6317	4	5.917204	-0.435286	-0.579920	1.240911	6.162301	1.101574	5.374142	3.972526	6.887411	-1.184645	5.947597	3.622899	-2.393854	6.887069	-0.589680	1.101320	1.295060	5.786692	1.240921	6.160350
6356	4	2.358367	2.182195	7.011678	3.095003	6.708156	6.633831	-0.117815	0.806733	3.093664	7.135357	3.576025	5.809846	4.253757	6.784408	-0.768006	6.635074	3.544168	-1.949636	6.783578	0.771546
6539	4	6.572122	2.759903	-1.676038	5.786260	-3.639199	6.572067	-3.609356	0.244978	2.631052	5.332843	1.054164	6.314907	4.504316	5.786566	-5.453871	0.185633	-0.049927	6.426549	2.666290	5.198182
6580	4	7.097260	1.157883	-0.451857	7.700582	1.147450	0.485403	4.850295	5.863562	7.757772	-3.212887	0.483497	1.665748	8.735756	2.735415	5.744401	7.038227	-2.020471	2.409011	2.698872	6.049510
6606	4	0.348088	7.587442	5.607757	3.859243	-2.044346	6.644905	-0.798909	-0.705169	-1.966603	5.623908	6.645178	5.643205	-0.727657	3.858878	-2.039131	0.348035	1.145526	5.630147	-1.966107	5.617404
6629	4	3.051590	5.139268	3.687360	4.428816	0.031234	6.891573	3.028326	-1.561698	3.343053	1.511538	6.885229	-2.984453	-0.245461	0.411762	6.258725	0.926034	0.524020	5.786031	0.494606	5.995566
6826	4	7.497364	-1.311472	-0.813083	-1.824831	9.039848	3.897287	5.560393	4.984868	1.680629	3.026081	3.853313	0.478012	5.015603	-1.824819	8.960624	7.501852	4.552265	-1.624949	4.272252	0.374943
6827	4	2.155276	0.415990	6.894050	0.684683	6.948682	8.274456	-4.895314	0.609714	0.684682	6.971009	2.803004	4.601676	5.218565	6.970611	-0.887762	8.285523	-1.188219	-1.060858	6.833348	1.333550
6838	4	7.094605	-1.168838	1.513294	-0.855181	7.733406	1.364167	-0.287193	6.734261	-0.855181	7.732683	1.385185	6.024037	6.481823	5.091553	-1.210813	7.095934	5.117590	1.259596	5.091553	-1.163198
6899	4	6.888782	4.700647	-1.431462	4.819789	-2.037195	6.888780	-1.612027	-1.256411	4.346304	3.163902	0.944173	6.367972	4.668504	4.819789	-2.162793	0.943833	0.049552	4.843501	4.346465	3.163786
6904	4	8.121783	-0.220243	0.098567	4.776446	5.549877	2.766529	6.978887	2.877840	6.339908	-3.266058	8.133049	5.540987	-2.834922	6.339908	-3.263008	2.186138	1.239500	5.811432	4.776446	5.549655
7007	4	1.534150	4.384548	6.112954	6.556313	-1.957625	1.482773	-1.764749	7.585017	0.285275	8.730837	7.004714	-1.992430	1.016612	6.116844	2.678065	6.938635	-7.717522	2.461530	0.285275	8.730840
7029	4	2.044328	1.650001	6.098511	1.018235	6.258401	6.068932	0.854373	-2.629915	6.827249	0.507388	2.062426	5.511357	3.465136	6.827278	-5.917703	6.068018	-2.605236	0.003317	1.018226	6.258728
7106	4	1.805254	2.487348	6.725940	1.671420	7.886924	6.179122	5.296633	0.798307	5.729328	-0.772495	1.858031	6.926159	5.058450	5.729345	-0.791020	6.161561	0.862884	2.504658	1.671366	7.912935
7151	4	4.989329	7.658625	0.847698	3.703070	-1.016140	2.168448	7.854403	6.656662	3.703070	-1.016160	2.165785	1.770732	6.659994	0.187123	5.642156	4.988916	1.417839	0.851121	0.183092	5.818371
7403	4	7.009437	1.312668	0.462705	0.741578	6.517565	7.348155	6.773421	-5.004402	7.221851	-3.367475	4.176583	8.202552	6.093426	0.887896	2.156110	4.176571	2.549692	6.093449	0.741578	5.989178
7536	4	2.531696	6.297716	3.667419	6.360009	-2.367061	6.262024	3.541148	-0.943220	6.359426	1.491432	-0.050397	0.668260	6.188905	1.590550	5.625904	6.258456	-2.055548	1.580694	1.585289	5.655411
7594	4	0.431726	1.507034	9.048024	1.976253	5.568769	2.308774	7.145778	3.898593	7.159058	-4.141822	6.395516	2.911458	-0.612183	7.159057	-3.534943	6.395516	-0.895294	-0.606338	7.116145	1.434150
7642	4	5.767967	4.547838	-3.267372	6.146837	-0.255213	5.705204	-0.186702	2.059524	-0.379179	5.413398	5.706994	4.681892	2.045286	0.734846	2.225330	1.359998	1.782550	6.633630	-0.379130	5.115193
7651	4	7.395899	2.094429	0.842982	2.759727	0.942148	1.728449	1.892703	7.374130	-1.865752	6.799470	1.776617	6.652961	7.138259	3.717419	-2.151107	7.393458	-2.689930	0.861533	-1.865752	7.393622
7658	4	6.605803	-2.378261	-0.714539	-2.452936	6.072825	6.605803	3.888644	-0.717132	-2.206284	1.541699	1.772589	-1.105404	4.810076	-2.452937	6.071482	2.687728	5.094676	4.565015	1.886450	0.126006
7760	4	6.514183	5.051276	1.106581	5.737888	-1.593002	0.851346	6.346666	7.396201	5.737888	-1.593146	6.324320	-0.667244	2.061195	-0.899899	7.145583	0.675476	0.660070	8.357387	-0.899799	6.964987
7810	4	8.640838	5.498937	0.660808	2.648267	0.451232	8.640331	-0.814522	0.765158	0.748894	6.586635	8.642929	5.499369	-3.617860	7.149109	-5.271824	3.872496	-0.459512	5.635099	0.748894	6.586603
7817	4	8.419102	-2.724084	0.625768	0.082605	6.650868	3.201852	6.777930	4.161224	5.546464	-1.182540	8.424431	3.676879	-1.169483	5.545821	-1.128739	2.115547	0.574180	5.967097	0.084889	6.177210
7836	4	6.212162	4.328945	-2.541226	9.383465	-4.466790	6.210767	0.719636	-0.647152	4.688311	6.241454	2.323495	6.782749	2.513930	9.383465	-4.670818	1.935582	3.170058	4.407912	4.688636	4.696170
7882	4	5.599777	-1.810121	-0.125777	4.006762	4.108601	5.599778	-1.521905	-4.137319	5.977077	0.555562	5.599778	4.136768	-4.566277	6.112891	-5.817959	-0.071266	-0.990596	5.267116	4.006762	4.108601
7925	4	2.090614	0.648673	7.098874	-0.327146	8.296759	8.131795	-5.497548	1.148856	-0.327154	8.416075	8.132199	-4.389858	-1.257271	6.181781	1.892100	2.235577	5.185332	4.655704	6.183660	0.004199
8376	4	2.443761	1.264014	6.385439	3.600849	5.275983	2.443762	5.570710	6.360539	4.276854	0.714669	7.882203	3.390983	0.316481	4.179078	1.520218	7.881713	-0.968420	0.332689	3.592940	5.803635
8379	4	3.929245	2.817626	7.635320	-1.474311	7.220741	7.415267	0.204739	2.025979	-1.474742	7.602282	7.447147	5.293741	0.977174	4.924780	-0.921697	3.967049	7.923261	6.568546	4.926678	-1.026930
8676	4	0.651254	2.476004	7.505026	-0.849035	3.732243	0.651259	7.056345	7.455201	4.730493	-2.963769	5.803342	1.219213	2.653941	-1.148922	4.691466	5.832436	5.752852	2.579635	4.730493	-2.955962
8682	4	6.776209	-2.949155	-0.263286	-0.405387	7.739405	0.958780	2.020627	6.081537	-0.405357	7.734284	6.776219	2.598295	-1.360831	5.696147	1.771250	1.014003	7.539048	4.331847	5.912413	-1.631900
8832	4	0.521712	-2.083344	8.150758	2.844841	6.984112	0.637559	4.479742	7.358796	5.182712	-0.830713	6.472360	-3.723287	1.694173	2.844820	7.269724	6.673529	2.706085	0.823232	5.182685	0.417034
8909	4	-1.725202	-1.584764	8.748984	2.520684	6.009196	4.263723	4.954223	-2.355159	8.474491	-0.406313	4.263723	0.317788	-2.354940	6.332265	3.883130	4.068418	-1.597299	2.388050	2.520683	6.009198
9039	4	3.562829	2.881033	6.100370	-0.654598	4.957317	4.408219	7.683609	5.062839	5.896898	-2.660995	6.877377	4.185802	0.405533	5.896898	-2.613969	6.813418	-0.548130	1.583432	-0.664403	7.970287
9054	4	7.054399	3.228467	-0.190773	5.385457	-1.343994	7.034236	-1.307670	0.615967	-0.677381	8.059323	1.355914	6.672186	4.992128	5.385457	-3.915420	0.923290	2.112421	5.766060	-0.677365	7.432102
9081	4	2.189488	7.111954	6.560468	7.952384	-2.461678	2.173821	3.986251	7.419112	2.482346	5.762589	7.199648	5.071609	1.916032	7.939073	-0.777387	7.039052	1.700392	2.981461	1.814552	6.825854
9232	4	7.007140	0.340783	-2.831075	6.704845	2.343882	0.876128	1.046607	6.658565	0.617982	7.021776	3.044423	6.655721	3.203090	6.902923	-4.385970	7.005580	-4.168457	0.390937	0.617910	7.022559
9297	4	8.429936	-1.618726	1.783843	-0.175473	7.477602	2.962488	-0.006713	6.289739	-0.124466	7.375466	8.430053	4.132725	1.772826	3.982930	0.183321	2.962697	5.746171	6.277091	4.032965	-0.073310
9305	4	2.580023	3.991826	4.580963	4.550476	-0.663947	7.299357	-1.657744	1.883188	-1.973988	6.822907	8.026746	3.984473	-0.462656	4.550476	-0.660476	2.528279	-1.649261	6.913183	-1.973988	6.822907
9316	4	6.713022	0.164484	3.657644	-0.058578	7.824865	7.926557	3.778360	2.993052	4.732893	0.779457	2.778489	5.764112	5.805670	5.217480	-0.555038	2.706548	2.323320	6.673631	0.041274	7.597719
9406	4	1.477101	4.901513	8.973356	1.579139	3.387861	2.632388	5.995778	4.840465	6.590183	-2.712092	1.477101	2.649481	8.973356	1.578565	4.468573	6.828917	0.559533	0.302166	6.210763	-1.073455
9437	4	7.218074	1.270432	2.788301	0.548982	6.624076	7.766789	5.713441	-3.031757	7.025796	-1.274652	1.672893	3.850417	8.502912	0.588938	5.557789	7.766789	1.153363	-3.031736	7.011240	2.523752
9472	4	0.454409	-0.740764	6.117660	3.159567	5.476177	5.924747	4.662557	0.428640	6.070936	-0.453257	5.924413	-1.661167	1.386776	3.159566	5.484797	0.890343	5.568086	5.159550	6.070943	-1.175045
9492	4	0.934231	1.403998	7.057669	-0.305424	4.801130	1.400637	6.877150	1.630097	5.893335	-2.163255	7.534552	2.282710	-3.796938	5.892855	-0.731697	0.934231	4.864485	7.057668	0.030367	3.193356
9893	4	5.000214	1.156767	-0.013394	0.824844	6.428825	5.000222	5.640645	-0.476285	7.209190	-2.816262	2.193399	1.469219	5.153258	0.836610	6.293786	2.325498	5.883512	4.512655	7.209190	-3.011497
9930	4	5.988030	4.021292	-1.165039	6.080821	-2.837154	2.607745	4.888057	4.436029	6.081138	-4.660968	5.988004	-1.938078	0.417111	0.811041	6.660167	1.789844	-1.014634	6.029419	0.811057	6.660141
