28	4	0.162856	6.346580	1.944758	0.162856	0.826641	8.111796	6.452212	-1.748709	8.132886	6.452212	3.790303	1.975249
93	4	4.661653	6.334462	0.388682	-1.390534	1.446982	5.146281	4.661653	1.443103	5.146382	-1.390534	6.338615	0.387312
124	4	6.362709	5.692901	3.445046	0.661698	1.724870	6.922282	0.661698	6.356040	3.441113	6.362709	1.061284	6.922574
389	4	0.308414	6.437137	1.392325	3.928423	0.224325	6.873480	0.308414	0.456613	6.873453	3.928423	6.204828	1.394591
409	4	0.684956	5.458477	2.655299	0.684957	-0.589983	6.746867	6.571903	2.821933	2.659077	6.571903	-3.228341	6.752595
419	4	1.326822	6.469030	-0.596363	1.326822	1.050664	5.860263	6.631007	5.480611	-0.571676	6.631007	0.062685	5.860332
445	4	7.445620	-2.347231	5.488722	7.445620	3.418251	1.964567	1.842600	0.128221	5.323238	1.842599	5.876382	-0.608239
487	4	-0.114516	6.222005	4.097885	6.066822	-2.050622	6.639791	6.066822	4.135304	4.098064	-0.114516	0.037331	6.637954
635	4	-1.004468	6.499615	0.846778	-1.004468	0.235095	7.361924	4.627695	5.609355	0.847674	4.627695	-0.655171	7.361963
682	4	5.398527	4.134870	1.970201	0.991655	5.705526	1.376938	5.398527	-2.080318	6.300215	0.991655	-0.509577	6.300018
772	4	-1.097967	2.576762	6.124093	5.348860	2.108005	6.203293	-1.097967	4.887697	0.151402	5.348860	4.436326	0.595487
893	4	-0.542642	6.920335	1.766278	-0.542642	1.046005	7.191712	4.141519	6.910767	1.769042	4.141520	1.035833	7.193389
925	4	1.247805	6.907108	1.076311	1.247804	0.477200	7.615323	6.631171	4.174852	1.089031	6.631171	-2.254426	7.618434
933	4	0.957365	6.876374	-0.259579	7.172722	4.292203	3.452599	0.957365	1.168608	6.159625	7.172722	-1.435541	6.172479
942	4	1.146443	0.799648	7.379607	6.199272	3.694912	2.045414	1.146443	7.056714	1.938043	6.199272	-2.561819	7.413952
1055	4	2.110132	8.080699	1.141254	2.110132	1.587796	7.376998	6.691465	5.329619	1.225892	6.691465	-1.163893	7.432682
1109	4	4.696839	8.999349	1.063912	4.696839	2.573247	7.087345	-1.498720	9.360698	1.063891	-1.498720	2.934591	6.965068
1157	4	5.874566	6.132793	2.134835	-0.545370	2.564849	8.266898	5.874566	1.314822	8.287379	-0.545370	7.382855	2.132353
1190	4	6.027306	-0.577012	8.347353	1.107935	7.344639	2.078772	1.107935	0.783857	8.293915	6.027306	5.978023	3.118141
1192	4	6.318501	5.749564	1.520305	0.197848	1.573865	7.017075	6.318501	-0.061512	7.018012	0.197848	7.384971	1.469946
1220	4	6.831885	4.960144	2.768461	6.831885	-0.797258	6.755968	2.065776	7.535910	0.583278	2.065771	1.779901	6.474460
1234	4	0.165067	6.037800	2.232503	6.244812	1.852500	8.841909	6.244812	4.777743	3.405672	0.165067	3.115639	8.542712
1255	4	5.378073	5.991434	-0.691060	-1.167636	7.220997	-0.692694	-1.167636	1.491582	5.728303	5.378073	0.258300	5.745888
1296	4	1.717513	-0.605167	6.716522	4.899588	-0.926818	6.721223	1.717513	5.519423	2.106111	4.899588	5.102714	2.583963
1315	4	-1.772995	4.988176	3.091603	4.484512	4.930592	3.094070	4.484513	1.739214	6.439471	-1.772995	1.821997	6.432893
1385	4	7.219851	4.702189	1.563377	2.818951	2.896677	6.302857	7.219851	0.189969	6.868108	2.818951	7.480862	0.480338
1392	4	0.987723	7.965828	1.229495	0.987723	2.204431	6.782531	5.468777	-0.477429	6.784115	5.468778	5.285526	1.381795
1395	4	2.341693	8.270389	0.519948	6.053612	7.335314	0.525638	2.341693	3.198865	6.646161	6.053612	2.048741	6.897099
1398	4	-0.247937	7.350082	2.416824	6.330408	4.996970	2.677491	6.330408	-0.925076	7.621598	-0.247937	1.426075	7.620532
1440	4	7.158954	-0.428579	8.076752	0.758849	1.356097	8.062485	0.758849	7.467706	1.821488	7.158954	5.687479	1.824737
1476	4	5.649694	0.697353	4.127158	-0.358444	6.792882	1.098453	-0.358444	1.710403	4.113690	5.649694	5.794876	1.240839
1510	4	5.191024	-0.328610	7.321858	-1.202268	7.055618	1.303172	5.191024	5.551879	2.160640	-1.202268	1.175364	7.138370
1540	4	5.225863	5.964121	1.048222	5.225863	-0.430004	7.554444	0.605531	6.013780	1.048222	0.605534	-0.380335	7.554133
1543	4	5.489067	-1.380813	8.135251	5.489067	3.970996	2.944490	-0.972093	-0.899720	8.131140	-0.972093	4.452267	2.632682
1696	4	8.002837	3.727859	1.414120	1.603196	5.678995	1.406441	1.603196	0.652752	7.038516	8.002837	-1.310041	7.074892
1770	4	8.277519	4.927384	1.338149	2.256770	4.946203	1.336892	8.277519	-0.158504	6.963642	2.256770	-0.139459	6.963479
2038	4	4.228119	5.168075	1.290731	-2.359121	-0.436065	7.750085	-2.359121	5.170751	1.290731	4.228119	-0.438954	7.751271
2084	4	3.827156	3.008844	4.322563	-1.732583	3.009480	4.322292	3.827156	8.142765	1.062669	-1.732583	8.143491	1.062274
2222	4	2.230409	-1.350723	7.350894	2.230409	3.795110	1.435196	7.813413	1.702641	1.665193	7.813413	-3.447823	7.363257
2247	4	8.511115	5.168240	1.910836	8.511115	1.000279	7.369810	2.231810	6.214733	1.011558	2.231810	2.054157	7.348951
2251	4	1.119370	0.995168	7.351346	5.549288	-0.086417	7.352281	1.119370	6.100682	0.990633	5.549288	5.018751	1.132787
2279	4	7.057656	-0.693112	7.037431	2.724000	1.269955	7.037389	2.724000	6.638655	0.549745	7.057656	4.674381	2.171881
2367	4	0.081865	2.360195	9.192585	6.424363	1.946017	9.241047	0.081865	6.516976	3.619815	6.424363	6.097014	3.877285
2368	4	0.151592	1.260449	8.549523	6.279753	-0.481986	8.581806	0.151592	7.735034	2.557694	6.279753	5.944595	2.766128
2384	4	2.171775	8.268616	0.662991	8.265116	-1.221601	7.290194	8.265116	4.570338	0.799029	2.171775	2.460424	6.568968
2417	4	7.294942	1.800687	6.957782	7.294942	5.471283	2.614657	1.673154	5.839128	2.255435	1.673162	2.168464	6.922113
2429	4	4.265985	7.306800	2.900674	4.265985	1.146122	9.026368	6.104357	-0.771647	9.026957	6.104357	5.389029	2.905866
2463	4	-2.596629	6.261792	1.041857	3.540994	6.261560	1.041857	-2.596629	1.369212	6.700210	3.540994	1.368979	6.700210
2526	4	3.045588	5.679128	1.874484	3.045588	-0.880621	7.504672	6.895799	4.421870	2.243618	6.895799	-2.137815	7.504762
2530	4	0.506189	8.059308	1.131038	6.162595	0.962764	6.809761	6.162595	6.874085	1.135072	0.506189	2.182296	6.757875
2678	4	7.472702	-0.585476	6.844940	7.472702	4.438541	2.666251	1.493125	6.945886	1.357732	1.493125	1.924266	6.843777
2739	4	1.345843	5.636421	0.023243	6.544542	4.974472	0.057266	6.544542	1.463939	5.983073	1.345843	2.177312	5.954683
2975	4	5.596733	1.147632	7.537404	1.840950	1.733093	7.527566	5.596733	4.386445	2.851077	1.840950	4.973468	2.398799
3073	4	-0.703813	1.831765	6.086279	4.842776	7.222280	0.396971	-0.703813	7.547943	0.396916	4.842776	1.498935	6.093072
3105	4	1.315223	8.331292	1.319144	5.985839	-0.261655	6.608882	5.985839	4.982278	1.628235	1.315223	3.135331	5.682513
3168	4	7.038181	-1.726338	8.303795	1.498050	7.667669	2.352132	1.498050	1.089740	8.296241	7.038181	4.851553	2.354772
3257	4	-0.365937	7.401376	1.951026	-0.365937	1.070978	7.998532	6.014595	6.340626	1.951027	6.014595	0.010221	8.131516
3298	4	-0.549975	6.066120	1.164595	6.088545	3.514949	3.665129	-0.549966	-0.260862	7.659642	6.088544	-2.811018	7.659646
3303	4	1.430892	6.784871	1.482331	5.101931	0.305775	7.342027	5.101931	5.059859	3.369599	1.430892	2.170578	6.961045
3330	4	-0.600116	1.288048	5.076459	-0.600116	6.226059	0.041455	4.354415	6.185595	0.075893	4.354415	1.243167	5.083301
3360	4	4.999494	1.219803	9.689383	2.351954	8.801405	3.212726	2.351954	2.228544	9.559651	4.999494	7.792665	3.212726
3405	4	-0.257728	7.186491	1.463063	-0.257728	1.348158	6.764610	5.661970	6.390979	1.691052	5.661970	0.415390	6.912657
3484	4	1.629743	8.568331	2.635903	1.629743	2.146156	6.924262	5.916827	6.500534	2.643043	5.916827	0.055954	7.691063
3510	4	9.316114	2.706420	4.147799	2.956318	6.039337	2.069828	9.316114	-2.833889	7.590947	2.956319	0.492169	7.589119
3535	4	1.740066	1.078696	7.453139	1.740066	7.420239	4.247823	5.296936	0.824933	7.802082	5.296936	7.179277	4.247824
3543	4	0.050607	1.438783	9.449596	5.462326	0.745514	9.453409	5.462326	5.777208	4.624732	0.050607	6.472968	4.621204
3561	4	4.925808	7.564429	2.604494	1.008758	7.678182	2.604494	1.008758	1.437272	7.473630	4.925808	1.323428	7.502357
3730	4	-1.746999	6.851686	3.499585	-1.746999	1.183573	8.955323	4.412776	0.573871	8.958730	4.412776	6.241984	3.499601
3736	4	-2.216076	6.006983	-0.849141	3.879188	6.003626	-0.849141	-2.216076	0.207040	5.786162	3.879188	0.203689	5.786164
3762	4	0.217386	6.881870	3.420044	6.021493	5.885189	4.249747	6.021493	-0.442666	8.057067	0.217386	0.552382	8.042939
3767	4	8.322423	7.295413	2.758781	1.931510	7.874115	2.758769	8.322423	0.720636	8.203192	1.931510	1.299340	8.203105
3775	4	1.080305	7.305010	1.298821	4.448455	7.254104	1.298827	1.080305	1.821456	6.862207	4.448455	1.770361	6.862310
3780	4	-0.916434	5.604724	1.772396	-0.916434	-0.836262	7.186931	4.230770	5.416253	1.916396	4.230770	-1.026799	7.192063
3845	4	2.768499	7.068721	2.579932	2.768499	1.082109	7.233490	6.406794	-1.368847	7.441433	6.406794	4.364100	3.977371
3870	4	0.547129	-0.147344	5.621686	0.547129	5.368580	-0.230955	6.889178	-2.093488	5.621689	6.889178	3.373812	3.077064
4009	4	0.536479	5.988334	4.491054	6.797841	0.188982	7.135964	0.536479	1.819329	6.975698	6.797841	4.416696	4.497511
4020	4	-0.989027	-0.341150	9.336859	4.739581	5.996412	3.049553	-0.989027	6.114557	3.032005	4.739581	-0.459255	9.336876
4022	4	5.354768	-0.415682	5.753645	2.279572	0.686151	5.753077	2.279571	6.244308	-0.675603	5.354768	5.142425	0.195492
4066	4	4.951906	-0.188029	7.116131	-1.091895	0.871874	7.072637	-1.091895	7.155730	0.571597	4.951906	6.095802	0.571653
4087	4	-0.158599	6.985966	0.995789	-0.158599	1.741024	7.058656	6.332222	3.039999	4.148947	6.332222	-2.236853	7.106686
4120	4	0.597992	2.141298	6.830704	0.597992	8.038006	1.912134	6.694537	0.654128	6.997962	6.694537	6.546812	2.432701
4209	4	6.162036	4.767214	-0.361082	1.117305	0.883959	4.716274	6.162036	-1.601628	4.716288	1.117305	7.252801	-0.928766
4217	4	-0.735846	1.445662	6.527971	5.497291	0.936594	6.669377	5.497291	6.188816	3.667119	-0.735846	6.690872	3.329177
4415	4	0.150135	1.346172	7.857129	0.150135	7.424419	1.758697	6.440319	-1.935705	8.179776	6.440319	4.148708	1.948098
4482	4	-0.436206	1.456621	7.814345	-0.436205	6.012868	1.584632	5.530008	0.412888	7.873669	5.530008	4.969137	1.585786
4545	4	2.133716	0.494690	7.313216	6.845921	3.791522	2.252467	6.845921	-1.535281	7.326618	2.133716	5.822195	1.595735
4641	4	0.955838	4.967862	0.757051	7.013770	-2.403961	7.367701	0.955838	-0.447166	6.869745	7.013770	3.010981	0.981115
4687	4	-0.484681	7.548391	-0.440020	5.877141	-0.985410	5.409455	5.877141	4.914236	0.723177	-0.484681	1.659279	5.401854
4880	4	0.523906	5.688960	1.508401	6.131199	4.120150	1.528558	6.131199	-1.694851	7.513355	0.523906	-0.118880	7.465285
4959	4	5.040976	3.654678	0.817200	5.040976	-1.740763	7.272185	0.471367	-0.777655	7.269652	0.471367	4.617815	0.803173
4988	4	0.285293	1.453686	8.613281	4.116912	1.449934	8.614130	4.116912	6.180618	2.561566	0.285293	6.184392	2.561531
4997	4	0.166738	1.498418	6.772310	5.252203	1.231329	6.773011	5.252203	4.739147	1.519694	0.166738	5.006355	0.868475
5034	4	4.877879	4.482202	1.259606	-1.420956	6.532709	0.861237	-1.420948	1.225416	6.589161	4.877879	-0.825762	6.589462
5068	4	5.907046	5.474926	1.748743	1.606295	7.307763	0.408282	5.907046	-0.559905	6.409541	1.606296	1.211256	6.285053
5084	4	-0.424931	7.447047	4.878946	4.963145	-0.552667	8.365132	-0.424931	2.038636	8.288657	4.963145	4.894876	4.891187
5185	4	2.312060	7.822597	-0.452143	7.756315	7.546924	-0.452143	7.756315	2.102081	5.660398	2.312060	2.377772	5.339752
5198	4	1.593953	6.495024	2.902450	5.515230	3.851202	3.913448	5.515230	-2.536813	8.969633	1.593953	0.107338	8.555814
5208	4	-1.742260	2.983131	8.144429	-1.742260	9.114521	1.790554	4.487725	2.821904	8.194503	4.487725	8.964631	1.790580
5262	4	6.917932	4.648025	-0.299678	3.251123	6.319796	-0.410641	3.251124	1.150697	6.003457	6.917932	-0.522171	6.004180
5276	4	-0.732777	1.477961	7.566997	5.818174	0.627259	7.568780	-0.732777	7.508843	3.521578	5.818174	6.658038	3.529632
5282	4	5.702274	-3.983614	6.925785	0.446095	-3.240714	6.925785	0.446094	2.850834	1.370803	5.702274	2.105732	3.691070
5476	4	-0.216817	6.431433	0.477420	5.639987	5.405589	0.939167	5.639987	1.667398	6.950371	-0.216817	2.695602	6.924581
5510	4	0.331939	6.812008	3.204710	6.242360	4.454684	3.790170	0.331939	1.424504	6.933862	6.242360	-0.952667	6.940902
5539	4	1.302182	7.078745	0.792921	6.803360	-0.406394	6.613349	1.302182	1.792207	6.608037	6.803360	4.892678	0.845472
5543	4	4.861085	1.264028	7.740581	4.861085	6.083930	2.994520	-0.440374	2.131780	6.832756	-0.440374	6.950054	2.987055
5587	4	0.019050	6.935356	4.159460	5.975337	6.126163	4.303911	5.975337	0.613031	8.517704	0.019050	1.422011	8.358487
5598	4	5.460983	1.508551	2.356707	-0.844955	-2.590977	6.962507	5.460983	-3.382992	6.985730	-0.844955	2.264744	2.071128
5624	4	-1.011421	5.783680	1.494223	5.411765	5.603988	1.494224	-1.011425	0.556624	6.369799	5.411765	0.355817	6.377716
5686	4	0.836867	7.138235	3.467657	0.836867	0.589292	7.757223	5.728179	4.379701	3.467679	5.728179	-2.175716	8.009225
5720	4	6.324664	4.403532	0.982090	6.324664	-1.640841	7.087141	2.038785	5.791535	0.714730	2.038785	-0.252809	7.087086
5753	4	0.862217	5.971844	0.361792	0.862217	0.458641	6.776638	7.108774	-1.739189	6.804294	7.108774	3.778932	0.884609
5818	4	2.953679	2.110822	8.368951	5.355715	2.015525	8.370549	2.953679	5.934838	2.705735	5.355715	5.830814	2.719264
5891	4	1.499528	3.852718	5.357470	1.499528	8.114482	0.815873	5.283337	3.507660	5.873562	5.283337	7.821667	0.822167
5896	4	5.514201	4.389847	3.120936	-0.631441	6.367542	0.916404	-0.631441	0.336128	7.332953	5.514201	-1.647105	7.339716
5914	4	5.511141	5.364638	4.503113	2.782656	5.818939	4.479662	5.511141	1.637254	6.542468	2.782655	2.156052	6.526771
5942	4	-0.180460	7.584084	2.124367	-0.180460	2.098451	7.530818	5.852510	0.528231	7.570634	5.852510	6.073228	2.556341
5987	4	7.664457	0.224460	8.030620	7.664457	6.050995	2.356996	1.280117	2.094771	8.028290	1.280117	7.918867	2.353863
5989	4	-0.455695	-0.161789	4.677753	6.079781	-1.153233	4.678272	-0.455695	6.063595	-0.191220	6.079781	5.071864	-0.189864
6007	4	4.586914	0.391299	7.004716	-0.302636	7.627096	1.019690	4.586914	6.084038	1.020730	-0.302636	1.938874	7.000734
6068	4	2.064670	3.593885	7.406178	-0.722561	3.594070	7.405757	-0.722561	7.325840	5.555022	2.064670	7.325672	5.555022
6152	4	0.690537	1.345533	6.273208	0.690537	7.215884	0.819162	6.149663	4.354280	0.847830	6.149663	-1.516084	7.279975
6331	4	2.749373	0.767911	8.464479	5.857997	-0.701249	8.472649	2.749373	6.457596	2.550642	5.857997	4.988471	2.550996
6338	4	1.315016	0.702785	7.817343	1.315016	6.810699	1.644293	6.374132	-1.134021	7.817371	6.374132	4.972992	1.743956
6360	4	-0.353381	1.891964	6.706507	-0.353381	8.086650	0.570797	6.009281	0.763497	6.739860	6.009281	6.958539	0.661548
6411	4	7.207721	-3.850782	6.893465	7.207721	1.387573	2.560298	1.556071	3.397494	2.556592	1.556070	-1.652107	5.613557
6418	4	1.130633	8.474212	4.191782	1.130633	3.168674	7.657007	5.189241	7.908514	4.575022	5.189241	2.588627	7.849956
6422	4	6.454980	-2.198752	7.663993	6.454980	3.794242	4.031876	-0.048395	1.440581	7.631267	-0.048395	7.514812	3.827260
6428	4	-1.223186	7.390753	1.074938	-1.223186	1.863880	6.178734	4.877680	0.366450	6.180429	4.877680	5.893186	1.108467
6483	4	0.678899	1.709772	6.794551	5.766240	1.360358	6.794755	5.766240	5.903104	0.587168	0.678899	6.256689	0.575533
6493	4	6.953264	3.843870	0.760073	6.953264	-0.535189	6.913956	0.630688	6.022668	0.687015	0.630688	1.643814	6.713954
6508	4	6.773840	0.439647	7.405949	2.176981	3.391775	5.788925	2.176981	8.010859	2.311099	6.773840	5.031393	2.381017
6532	4	-0.537968	7.265530	3.297194	4.573995	7.188505	3.308269	4.573995	1.918993	6.683584	-0.537968	2.040996	6.663654
6620	4	0.132632	5.553760	4.056167	6.484855	-3.052785	7.943668	0.132632	-0.356000	7.939132	6.484855	2.844967	4.065877
6676	4	0.863222	6.310816	3.388172	0.863222	0.300885	7.283614	7.264973	-2.737199	7.314272	7.264973	3.288423	3.416211
6736	4	-0.764228	0.814716	7.266148	5.268527	0.728763	7.276066	-0.764228	6.626734	4.514263	5.268527	6.458007	4.642675
6741	4	5.724300	5.820969	0.605354	-0.418304	1.109403	6.106168	-0.418304	6.440131	0.605330	5.724299	0.489097	6.115330
6829	4	7.012175	4.873534	3.160761	1.140794	1.576818	7.226019	1.140794	6.934422	1.098392	7.012175	-0.416487	7.256482
6851	4	7.142266	5.087573	1.493169	0.789097	2.647854	7.425904	0.789097	9.121674	1.469815	7.142266	-1.386194	7.651428
6865	4	0.728588	6.754416	3.570325	7.330223	-0.335824	6.830864	0.728588	2.453979	6.800110	7.330223	4.023224	4.146950
6876	4	7.573299	-2.502259	7.459931	1.064486	-0.612479	7.459927	1.064486	5.859420	1.052057	7.573299	3.968342	1.240616
6885	4	1.693259	1.754162	7.624030	6.451279	-0.250856	7.625198	1.693259	7.170336	2.377166	6.451279	5.159716	2.421753
6933	4	1.545843	8.568507	3.422730	6.114380	0.438519	8.276387	6.114380	6.868615	3.456834	1.545843	2.138599	8.196895
6938	4	-1.731626	6.356208	0.870230	4.372704	6.348424	0.871594	-1.731632	2.623812	6.849383	4.372705	2.615732	6.850827
6945	4	-2.529065	5.131726	3.331562	4.014570	5.129679	3.332641	4.014570	-0.311582	5.606060	-2.529065	-0.310221	5.606044
6984	4	5.803234	5.169657	4.970439	-0.683504	5.792263	4.591703	-0.683504	-0.384360	7.536064	5.803234	-1.024289	7.612313
7016	4	2.958623	0.544148	7.796631	7.546866	-1.171942	7.872973	7.546866	4.890685	1.410983	2.958623	6.606743	1.410952
7047	4	5.368715	4.322081	2.048985	-1.264272	5.045211	0.782140	-1.264271	2.666712	6.490565	5.368715	1.832327	6.538756
7070	4	4.614776	0.462001	1.927046	6.575820	-0.365915	3.499968	6.575820	-5.611418	6.643994	4.614776	-4.784911	6.643931
7104	4	1.651331	5.356108	1.696611	1.651331	-0.812379	7.993715	5.849506	4.489400	1.763831	5.849506	-1.679077	7.994507
7111	4	5.595157	-0.337946	6.360722	0.933254	0.187108	6.359329	0.933254	4.786684	0.960348	5.595157	4.226412	1.384690
7169	4	5.046877	5.632145	2.135546	0.393495	5.905571	1.765295	5.046877	0.769454	6.154672	0.393495	1.095360	6.135115
7195	4	4.077233	-0.700146	8.431226	-1.075232	5.250817	2.011412	-1.075232	-0.690742	8.430657	4.077233	5.241413	2.011412
7216	4	1.109428	-0.456239	5.688573	7.309277	5.002601	0.611078	7.309277	-1.316199	5.688573	1.109428	5.862714	0.351680
7245	4	6.693291	5.664603	3.566402	1.346335	6.748105	3.566348	1.346334	1.263287	6.879003	6.693291	0.045490	6.951567
7275	4	2.017582	6.701847	2.096560	7.293872	3.430275	2.473927	7.293872	-2.638343	6.773698	2.017582	0.609523	6.729268
7282	4	7.552251	4.842390	2.478518	7.552251	-1.070977	6.203517	2.269771	5.548528	1.239154	2.269772	-0.365595	6.203506
7418	4	6.616083	-1.027222	8.401183	4.471809	-0.201303	8.401144	4.471808	6.233503	2.143025	6.616083	5.407550	2.143300
7503	4	0.121982	6.351884	1.047040	5.964948	3.623849	1.872066	5.964948	-1.700104	6.941159	0.121972	1.035995	6.862320
7512	4	5.737417	-0.706797	7.612939	5.737417	3.941608	2.884317	1.763719	4.727336	2.676451	1.763719	0.076180	7.608328
7513	4	-0.716822	0.866881	7.458037	4.961134	6.894993	2.684565	-0.716822	6.917358	2.684561	4.961134	0.844516	7.458038
7517	4	1.916943	6.522074	-1.502821	7.296355	4.870844	-1.497922	7.296355	-1.228643	4.582648	1.916943	0.438888	4.461802
7586	4	1.416208	7.415967	3.177079	1.416208	1.761754	8.953032	7.230565	4.052053	3.445435	7.230565	-1.601811	9.092399
7606	4	-1.241586	1.801491	5.817884	5.053584	5.373459	3.470832	-1.241587	5.561392	3.468314	5.053584	1.613801	5.818167
7661	4	7.734586	-1.483579	8.678544	1.303418	8.707404	4.075225	1.303418	2.644563	8.640412	7.734586	4.572602	4.421501
7728	4	4.937021	1.413491	5.924729	-0.278124	7.239624	3.219975	4.937021	6.675440	3.226123	-0.278124	1.965806	5.883995
7803	4	2.185625	5.389743	0.510683	2.185625	1.034541	6.626107	6.438964	3.604495	1.690761	6.438963	-0.798904	7.021870
7909	4	-0.350412	6.318782	0.840840	-0.350414	0.579156	7.085233	5.559558	4.918333	1.159049	5.559558	-0.830205	7.132463
7918	4	0.650257	7.420944	0.013787	0.650257	2.065862	5.688215	5.235466	6.839631	0.111845	5.235466	1.445686	5.713411
7933	4	5.318180	1.215788	5.089668	1.244955	1.513145	5.075995	5.318180	5.300415	-0.614873	1.244954	5.592970	-0.681707
7953	4	6.577448	-0.724485	8.133629	0.645103	7.252686	1.673285	0.645103	0.640438	8.133607	6.577448	5.887764	1.676021
7959	4	6.444021	-1.146245	7.985777	1.958430	6.658601	2.456724	1.958431	0.044299	7.984886	6.444021	5.446650	3.290723
8097	4	6.704023	4.741504	2.793439	6.704023	-1.273684	8.940937	2.265453	4.831171	2.793437	2.265442	-1.184011	8.826015
8146	4	3.960974	5.803767	2.593658	6.607746	-1.658755	6.997241	3.960974	0.104336	6.996844	6.607746	4.040687	2.601433
8184	4	2.197409	0.415288	7.015154	5.534628	5.514590	2.287739	2.197409	6.490369	1.173383	5.534628	-0.560334	7.016412
8193	4	4.657353	1.269733	6.633305	4.657353	6.787067	3.867525	0.829458	1.858649	6.496392	0.829458	7.442737	3.521091
8201	4	5.517399	5.896703	1.703444	3.411501	6.547431	1.676120	3.411500	0.874483	5.748628	5.517399	0.221000	6.193541
8255	4	8.031039	-2.014686	7.419597	2.076396	0.043942	7.410139	2.076394	5.200298	0.956832	8.031039	3.145992	2.692878
8296	4	-0.427900	1.679638	9.235357	4.422215	1.194281	9.377790	-0.427900	7.060975	3.899495	4.422215	6.575501	3.908511
8337	4	7.449968	5.859363	-1.409394	7.449968	-0.056002	3.445960	2.311366	7.814795	-1.409504	2.311367	1.928767	3.405685
8352	4	-0.932183	6.589552	2.886873	-0.932184	3.292180	5.878445	5.601432	6.100718	3.119426	5.601432	2.733166	6.188091
8386	4	2.164384	7.850265	0.949236	2.164384	1.386277	6.637354	5.314612	-1.386078	6.714273	5.314612	5.063041	3.550711
8453	4	1.121427	7.330279	0.686283	6.600393	7.012945	0.686384	6.600393	0.596460	6.206288	1.121427	0.919809	6.191928
8557	4	7.256684	2.537672	7.005200	1.388031	4.120580	5.115896	1.388031	6.815907	0.655349	7.256684	5.204539	1.889961
9008	4	7.669429	-1.511300	7.431353	7.669429	4.169384	3.775773	1.527443	4.698376	3.766859	1.527440	-0.983831	7.431322
9020	4	-0.921818	-1.099490	4.164488	5.170281	-1.304526	4.164636	5.170281	5.025895	-0.474279	-0.921818	5.230999	-0.476833
9044	4	1.627791	1.863923	8.205922	1.627791	6.681754	4.272292	7.659262	1.207043	8.206349	7.659262	6.024786	4.274026
9096	4	0.375743	7.865468	0.835271	6.308393	5.156179	2.906363	6.308393	-0.067213	6.784346	0.375739	2.811491	6.603086
9122	4	1.687116	5.730100	1.965957	1.687116	0.863111	6.228378	6.269325	4.506373	1.967296	6.269325	-0.377768	8.181549
9137	4	-0.403032	1.259458	4.312193	5.562896	0.619034	4.391724	-0.403032	7.023116	0.114975	5.562896	6.374408	0.237668
9162	4	6.186263	3.647965	0.034570	1.224060	6.137907	-0.133759	6.186263	-1.103916	5.453243	1.224060	1.430351	5.401310
9168	4	5.630346	5.691141	1.802253	5.630346	-0.168161	6.675463	0.842196	5.940816	1.734733	0.842200	0.180522	6.629595
9184	4	-1.122216	1.264133	8.815478	4.698840	0.885063	8.815896	4.698840	7.251826	4.122939	-1.122216	7.630895	4.122938
9235	4	0.461385	7.765156	2.678168	6.500826	6.629236	3.082650	0.461385	1.251764	8.152169	6.500826	0.112319	8.222430
9354	4	0.604542	5.979399	2.789982	6.671916	3.684781	2.855269	0.604542	0.879760	7.558079	6.671916	-1.416654	7.934898
9386	4	6.413342	-0.816373	8.486287	0.782127	1.967849	8.223526	0.782127	7.381005	4.696354	6.413342	4.536541	5.045003
9417	4	1.334673	0.601877	5.954252	1.334673	7.118298	0.059095	5.567106	6.896409	0.059162	5.567106	0.379986	5.954255
9533	4	5.210901	6.607884	0.788052	5.210901	1.472798	6.946810	-0.587102	6.713918	0.759418	-0.587102	1.582545	6.940861
9563	4	0.784285	2.064216	7.215544	0.784284	7.019665	0.956096	6.090416	5.948754	0.992088	6.090416	0.993271	7.221326
9650	4	4.543909	0.148912	6.709705	1.184504	2.070147	6.662965	1.184504	7.750145	0.627856	4.543909	5.795930	0.717993
9656	4	0.975576	2.302803	7.949737	0.975576	8.609505	2.298423	6.683542	-0.594096	8.214044	6.683542	5.712744	2.298713
9762	4	5.708652	-0.741357	7.634735	5.708652	4.892493	2.202343	-0.705056	8.144801	2.129431	-0.705056	2.538266	7.568762
9766	4	1.172508	6.618423	1.194748	1.172508	0.823886	6.907172	6.623744	-2.008400	6.954799	6.623744	3.757199	3.284567
9867	4	7.372285	0.814697	8.167648	2.233687	1.536749	8.167129	7.372285	5.454117	2.251247	2.233688	6.179752	1.974688
9909	4	7.262541	-0.878810	8.211142	0.835881	7.100674	1.819787	0.835881	1.086015	7.951435	7.262541	5.147809	1.820247
9919	4	4.849264	2.972073	3.696301	-0.267814	7.581298	0.761762	4.849264	-3.247857	6.937796	-0.267814	1.399392	6.771260
