43	5	-1.972676	4.001525	5.609233	2.844896	6.046247	2.800863	6.313261	3.189363	3.451907	-2.058845	3.842476	5.973959	-1.979729	3.589887	6.569047
58	5	7.678963	3.601186	0.069098	7.392019	3.820621	-0.379973	7.558737	3.711841	-0.213320	7.641442	3.340660	0.917799	6.418685	2.932634	2.058805
186	5	-5.023575	1.845842	7.952155	-1.056785	8.390271	1.884850	4.739564	5.056566	2.773651	4.906194	3.829000	3.301891	4.970522	3.862021	3.217559
210	5	4.450360	2.284770	2.821622	5.978284	6.560416	-1.710568	6.421110	5.430900	-2.322640	2.489534	1.551937	4.458423	5.294843	2.791558	2.189712
218	5	4.586824	2.086671	3.336807	5.106165	1.773327	3.177065	4.138879	3.459671	2.866929	-2.580655	2.507877	6.410286	4.954913	1.661571	3.259672
317	5	-2.696338	6.113785	2.339352	4.865208	2.117526	0.777018	5.266604	1.738558	0.718442	5.403870	1.889057	0.572983	5.078435	2.339754	0.471509
346	5	4.287496	2.393926	2.486617	4.343620	1.864057	2.583698	4.139184	1.526098	2.741404	4.026295	3.011012	2.460357	3.635529	3.570551	2.576991
372	5	-6.862929	1.251710	6.322257	3.064186	4.436903	1.759342	3.008709	4.028532	2.411244	2.937967	4.528870	2.009559	2.893333	4.285460	2.376761
505	5	7.288673	2.826462	-1.373440	-2.153564	3.175561	4.962675	-0.520751	4.197384	4.042257	1.601193	2.859481	3.521716	1.299950	3.430916	3.337414
544	5	6.395284	0.622243	0.821892	-0.207548	0.112555	4.598535	0.376257	-0.904512	4.485453	-0.012708	0.546298	3.988916	-0.094501	-0.529289	4.868488
663	5	5.323503	1.534613	3.360339	5.176254	1.600968	3.453016	5.444075	1.518312	3.283048	6.191924	2.529320	2.612114	4.314230	3.178592	3.899589
680	5	2.876641	2.878623	5.586692	5.144760	4.303982	3.135827	1.933473	3.583642	5.048294	3.369790	2.425921	5.478092	5.558377	2.407277	4.018524
733	5	0.323492	5.585930	3.378553	1.178998	4.530940	4.499540	0.962497	4.784898	4.217339	3.029458	0.853522	6.589471	4.872046	0.163546	5.149361
758	5	5.533616	1.380280	-2.118642	1.698378	0.802859	4.196379	2.023740	-0.102684	4.173048	3.007800	1.827234	3.462526	1.121972	2.252608	4.196400
801	5	0.737306	6.175143	0.827170	-1.385226	5.282527	2.563214	0.617545	3.477671	3.732426	1.963785	5.510520	0.265266	1.861754	3.037545	3.287798
807	5	3.363423	2.076770	3.344166	6.427691	2.471212	1.396829	3.849176	2.163235	3.097911	4.773722	2.229436	2.631579	2.390169	1.831359	3.826562
814	5	-1.586156	3.200221	5.061110	4.983973	-2.548597	3.379018	5.493603	-2.267771	3.275320	4.251683	-2.245091	3.485711	4.899971	-2.567864	3.393396
851	5	3.449066	3.710442	3.399610	3.500720	4.152304	3.004852	-4.397806	1.416212	5.901857	4.047183	2.040550	4.309228	3.488022	3.184387	3.882349
922	5	3.045150	2.330667	4.430531	5.966089	-0.099150	3.251565	6.687911	2.310317	-0.155097	5.253711	-1.047246	3.703348	6.080000	0.309555	3.133874
925	5	4.107913	5.648647	-0.481642	-4.863178	6.919592	1.999939	5.437901	3.280710	-0.262629	3.959717	4.630757	0.184103	4.711246	2.825186	0.293409
1034	5	3.623733	3.867270	4.592781	3.273674	3.762363	4.939390	4.153956	2.144294	5.635291	3.824300	2.280571	5.782295	5.133039	2.485277	5.251711
1056	5	5.522522	3.495559	-0.837816	3.957078	5.737207	0.578284	5.709156	2.711318	-1.294126	5.802106	2.065244	-1.575715	5.759490	1.053588	0.700289
1105	5	-4.450838	7.018302	1.859059	3.746449	6.575069	0.849004	4.161013	4.215945	2.372188	3.874491	5.449933	1.747650	3.707748	6.331201	1.100579
1110	5	9.082002	4.447706	-1.974897	-0.040495	3.539974	5.663600	-0.113204	3.410728	6.136417	-0.146129	3.527226	5.896368	-0.132196	3.442407	6.091823
1219	5	2.992595	-0.437359	5.452045	2.245000	0.287155	4.608470	4.871692	-3.163618	4.928479	4.505847	-2.571904	5.088361	3.666848	-1.266807	5.419637
1349	5	4.763207	5.557867	1.698634	6.115077	0.954399	4.441665	7.548993	2.645014	1.973570	3.158787	3.381153	4.514460	6.944544	1.357855	4.111890
1368	5	-2.669735	5.287774	3.099750	1.193657	5.610143	2.594112	2.296900	3.944101	4.475138	-1.127955	5.472724	2.811255	-2.093593	5.362519	2.982998
1543	5	-0.267218	7.037483	1.842713	4.636830	3.759028	2.487959	6.196864	2.760120	1.280357	6.372432	1.705303	1.922847	6.366633	2.075479	1.411505
1699	5	5.037790	3.461743	2.897114	0.697336	2.009807	5.175724	5.240242	-1.380666	3.343411	5.570002	-1.148654	3.051039	5.742709	-0.770747	2.822226
1756	5	3.608229	3.178417	6.199063	4.168726	3.723463	3.554036	3.123842	4.798003	4.323877	3.289737	4.144017	5.551578	3.439699	3.734905	6.030180
1768	5	2.221893	4.010138	1.329312	2.125947	3.870033	1.688433	2.498433	3.630600	1.851931	2.277071	3.766684	1.793281	2.527393	3.887185	1.355310
1773	5	1.279289	7.849162	-0.530205	0.791273	7.826366	-0.488035	1.081148	7.842450	-0.512754	3.002221	3.766162	1.930227	4.062187	2.727804	0.595703
1833	5	3.163397	6.134287	2.928156	3.161756	3.542158	6.342402	4.253057	6.504057	2.295934	4.999476	6.147013	2.075507	2.356817	4.896709	4.484153
1887	5	-4.192508	1.104354	5.631191	-0.422782	3.867788	1.441962	-1.697325	6.245535	0.400205	0.174903	4.273230	0.422675	-0.473297	6.026852	0.004201
1889	5	0.589433	6.218725	1.553719	6.661078	1.425066	1.528093	2.500752	2.278631	6.149080	3.094772	1.737939	6.131127	6.647805	1.960589	0.860296
1932	5	-3.531008	4.709898	4.422848	6.103269	1.653654	3.127247	4.369728	2.859537	3.209375	5.913641	1.384470	3.667910	5.943956	2.155038	2.649168
1979	5	2.399964	1.313470	6.128030	7.285307	-0.515434	1.582884	2.764842	0.641526	5.980896	2.737364	0.628263	6.008215	2.328795	2.251457	5.449325
1981	5	3.594960	5.545927	-0.502740	1.213036	5.593953	0.127939	-3.545790	2.643798	6.134613	4.418765	5.389727	-1.064825	0.982894	5.494932	0.275777
2025	5	0.276063	3.262508	3.266653	-0.957176	2.453579	5.592825	6.570495	0.335943	0.418410	-1.795126	2.529755	6.129348	0.080696	3.704880	2.310449
2036	5	3.612797	0.202212	-2.986287	2.875009	0.284456	-1.305192	3.148452	0.906907	-2.811865	3.117232	-0.185972	-1.015199	3.341052	0.660448	-3.011956
2047	5	4.398265	2.430323	0.693919	-4.062031	1.242488	6.473089	5.490202	1.266320	1.816449	4.976033	1.269170	1.880748	5.717195	1.287972	1.765249
2063	5	9.358581	-0.321090	-0.197126	0.443184	0.031592	5.707545	-1.335395	2.339165	4.265857	-0.305935	2.843022	1.945879	0.290469	2.527882	1.719376
2100	5	-4.238053	-0.275847	5.453719	6.248544	-0.616925	-0.927127	1.331598	5.264434	0.578361	0.478716	5.452136	0.940933	0.289510	5.384520	1.366507
2113	5	2.155281	3.208458	7.720089	1.506884	3.959613	6.762516	6.717584	4.559188	0.852355	0.105373	5.905813	3.247301	6.854006	2.982021	3.147723
2135	5	-5.971437	2.278373	6.552871	-5.725634	6.014858	2.387044	3.994361	1.996169	1.333354	4.224242	2.449100	0.763484	4.430709	2.080092	1.022565
2165	5	-1.949366	6.042539	3.403830	3.975724	2.579678	4.708220	3.254856	5.200419	3.358633	3.654751	3.709521	4.369994	3.303583	5.007520	3.503399
2184	5	6.236121	2.995315	-0.262724	4.322014	5.363815	1.647405	4.553782	1.908081	4.497030	4.457562	2.297368	4.316114	6.337336	1.341597	2.119886
2191	5	3.229801	4.395504	0.474915	3.397442	4.238167	0.176178	2.759017	4.383651	1.511617	2.898291	4.472453	1.131440	3.479107	4.132782	0.034503
2213	5	-3.153245	5.062935	2.280167	4.147099	4.930989	-1.125821	4.261422	3.085063	0.550111	5.436830	2.755973	-1.187046	4.038177	5.003877	-1.069618
2242	5	5.018468	5.404037	0.004768	6.499767	3.599571	0.297554	6.693989	3.600615	0.193851	6.305491	3.598549	0.401079	7.340491	3.603956	-0.172489
2273	5	6.457367	0.979325	0.884115	-1.106874	2.827958	4.833845	-1.067526	2.932577	4.757187	-1.017250	3.044571	4.670206	-0.949150	3.170549	4.566464
2391	5	4.194975	3.747417	2.822596	5.486305	2.381259	2.505136	4.513048	3.566403	2.730302	3.300067	1.067615	3.962965	5.310844	2.723467	2.517329
2397	5	-4.933015	6.843163	-0.436694	4.989952	2.941781	-1.103045	5.361460	4.050204	-2.631755	5.233377	2.408751	-0.629404	6.348834	1.163608	-0.271596
2462	5	6.371609	3.710070	1.575827	6.068470	4.354540	1.576866	4.000697	4.864975	2.690419	3.992191	5.314752	2.526610	0.640857	7.760392	2.191148
2487	5	0.807623	7.223061	0.271899	6.895668	2.403150	-1.682788	5.287407	4.338567	1.909263	6.933640	2.220846	-1.542189	6.150134	3.839377	0.738420
2622	5	5.340849	-0.099932	4.494104	8.041464	2.197851	2.463344	7.104664	0.931833	3.240676	0.150606	5.349711	3.256592	2.869373	5.368223	2.361612
2670	5	2.144145	2.757794	5.915804	-1.453309	3.421348	6.782026	-0.858842	4.554248	3.984256	-1.277081	4.217672	4.783958	-1.508348	3.845129	5.804286
2684	5	6.494798	0.517979	0.007357	1.096733	2.140009	5.536774	1.170583	1.865184	5.603216	1.960042	1.507047	4.869213	1.492902	1.055882	5.597385
2762	5	6.149069	4.312203	-0.275480	3.240170	4.377456	2.468376	-5.613138	0.117687	6.330403	6.373085	3.296265	1.966114	5.906625	3.303900	2.503681
2862	5	-5.915887	0.371627	6.076603	0.579118	0.371339	6.076599	2.539568	5.709735	1.836638	6.039571	0.132879	0.626206	-3.370603	5.966931	1.682094
2889	5	5.133108	1.813701	0.971358	0.108814	1.758295	8.554016	4.247616	3.512873	1.274946	4.908248	2.532009	0.819196	4.403811	3.430574	1.074516
2974	5	3.784487	3.550501	4.429104	5.150722	5.430571	1.149434	5.375958	4.804628	1.101155	1.531469	6.445559	2.150697	5.530325	4.024731	1.431715
3016	5	2.772700	3.476384	4.750435	4.167897	1.561106	4.179961	4.163625	1.419877	4.270686	4.121097	1.084688	4.488590	3.626091	3.072130	3.877912
3050	5	4.229670	3.702918	0.307352	4.508164	5.019746	-1.050988	4.393798	5.015172	-0.965172	4.517949	3.551274	0.296300	4.178598	4.876765	-0.712578
3121	5	1.107486	4.511403	0.430182	1.471531	4.232208	0.363629	1.842860	3.938853	0.380545	2.866036	0.909053	4.538589	3.683933	1.318704	3.495722
3143	5	3.210399	4.833289	3.020263	2.426130	4.723470	3.195211	2.287987	3.963157	3.959705	2.975894	2.937258	4.960413	4.691255	1.324869	3.081259
3172	5	3.625177	-1.134191	5.536700	5.662766	1.568528	3.279159	3.433358	-1.251376	5.617059	5.485751	3.054140	1.217021	2.521749	5.185164	0.926830
3180	5	7.150206	2.392478	2.072501	0.287280	5.606736	1.698986	3.491113	3.522748	4.095401	2.687073	4.268270	3.529033	1.792255	4.911136	2.818667
3192	5	4.403361	3.945809	1.800279	-2.435155	0.134900	6.080094	5.831685	3.095275	-0.134003	0.346639	6.631106	0.714232	5.664585	2.795335	0.698778
3213	5	-4.537857	0.650299	8.647322	0.472679	6.654991	0.449080	5.794764	1.802919	1.889391	5.550395	4.670753	1.269964	5.676421	4.510749	1.224628
3240	5	8.756089	3.138823	1.625442	8.194561	2.825566	2.581223	2.606279	5.158739	1.719690	8.263181	2.843975	2.511922	8.768827	3.421895	0.751022
3271	5	3.504246	2.648563	0.947989	1.052403	6.685896	-0.507187	4.084319	2.571423	0.372830	4.524645	0.931734	1.604048	3.626099	1.083609	2.128272
3332	5	0.757133	6.940598	-0.239525	-6.232656	1.430435	6.456120	5.881488	2.952559	2.984266	6.143140	3.072650	2.685982	6.218392	3.302430	2.121282
3341	5	-4.865157	5.171714	2.705878	-5.000591	-0.239210	5.637813	5.351424	1.799892	1.416908	5.734798	2.256429	0.461034	4.721051	4.176991	0.511593
3370	5	-2.424944	5.556859	2.521587	3.544229	5.116565	1.804793	2.953665	5.004461	2.263889	-3.131006	1.152026	5.961575	3.823470	5.024080	1.668073
3389	5	6.472479	1.647750	3.354986	2.536135	7.298287	2.001071	2.212852	6.824481	2.185381	2.436569	7.228127	2.042956	2.457908	7.248309	2.033202
3397	5	-4.752287	7.146342	1.202747	-5.448539	3.596805	7.123397	6.473875	3.820795	-1.508913	6.459534	2.972235	-0.073182	6.525060	3.485421	-0.905690
3398	5	2.809328	4.040400	0.072947	-6.674639	0.902562	6.828437	2.774110	3.592237	1.274713	2.964617	3.109013	1.829776	2.856500	3.376287	1.586134
3417	5	0.828809	2.658670	6.258837	4.972562	2.104424	3.608402	5.699133	3.256876	3.064617	4.691152	4.472154	3.006883	4.673952	2.069095	3.711060
3429	5	2.471552	3.656340	-0.353892	4.151239	3.515682	-1.792839	3.965567	1.581543	-0.394149	3.171252	4.475760	-1.311530	4.311686	1.555202	-0.647802
3434	5	-4.208011	6.108651	1.500586	4.618769	3.164268	0.505551	4.281026	3.332010	0.696359	4.490596	3.405342	0.285440	4.383337	3.467665	0.349913
3438	5	-8.128340	2.083639	5.879064	2.898931	5.013477	2.536182	3.567788	3.702698	2.876776	3.621568	4.082447	1.979433	3.516144	4.874259	1.281346
3446	5	4.886965	5.204064	1.724497	5.156436	6.737835	0.156302	-3.198391	3.529096	5.981729	5.310362	5.420233	1.380023	5.559742	6.634782	0.067850
3475	5	1.863837	4.150316	3.018789	0.033681	4.154049	3.277896	1.391357	4.153632	3.038094	5.841355	-0.611150	4.358842	1.360333	4.059763	7.034803
3502	5	0.143832	5.100851	4.107998	6.891656	4.845968	1.977210	-0.059671	5.018954	4.217437	0.694821	5.303509	3.866641	7.033699	4.684390	1.789533
3594	5	-1.308637	5.492816	2.124233	-2.503370	4.928471	2.856174	-2.650202	5.023880	2.740592	1.795544	2.424948	4.361456	5.420044	0.666799	2.165027
3606	5	4.694386	4.140113	3.614515	5.340430	3.313446	3.590532	3.274575	4.371810	4.159340	5.226916	3.160401	3.716277	3.130415	3.551266	4.679524
3641	5	3.248736	3.474730	0.898356	5.060946	3.974228	-1.689240	3.657145	3.260915	1.211134	3.899681	3.239174	1.203295	5.409694	3.870742	-1.623015
3645	5	5.286705	3.976707	3.382958	6.621305	4.350575	1.801628	6.584649	4.501648	1.812190	6.461715	3.910416	2.541508	4.850216	4.943271	3.108135
3659	5	6.452884	1.712374	-2.178812	2.058700	1.089347	1.282367	1.663033	2.031949	0.954792	3.171382	0.777202	0.519770	2.982953	0.740361	0.655496
3661	5	5.115623	6.791301	-1.953579	5.060993	4.683703	-0.273164	1.362091	2.838984	6.346118	3.315167	3.304135	5.081550	4.763104	4.174760	1.735930
3754	5	0.719782	2.579284	7.643300	1.329244	6.068751	2.174301	2.252407	6.093207	1.618401	2.930458	5.840928	1.233273	0.973531	5.552665	2.835949
3795	5	-0.417310	6.944536	2.180203	5.393289	3.289112	2.457633	5.346589	3.785500	2.336605	5.312452	3.859951	2.341019	4.112387	5.344468	2.734199
3837	5	-5.387748	8.315975	1.213194	5.411376	4.922696	-2.728233	5.838794	4.109522	-3.183945	5.865567	3.855932	-2.743494	5.269770	5.045310	-2.537142
3893	5	1.864763	5.955030	1.857835	8.458665	2.754154	2.948838	1.746983	5.925168	2.088344	1.565258	5.052729	3.651474	2.383089	4.959177	3.130457
3907	5	6.411167	-1.875356	1.246164	1.369734	4.055812	3.774414	1.136777	3.946494	4.219793	1.482027	4.060978	3.667098	1.177051	3.745801	4.607396
3935	5	0.402523	3.366774	3.954742	1.567877	1.788287	5.076347	1.118148	2.111739	5.014357	2.014447	1.639636	4.897593	2.280929	3.421288	2.451643
3986	5	2.275467	2.455840	4.150228	3.396694	1.240292	4.071285	5.807764	0.812116	2.679210	5.664464	0.573726	2.882652	4.295596	0.603850	3.671305
3989	5	5.534506	2.917580	2.661718	5.459853	2.804118	2.961745	5.406653	2.973969	2.600798	0.625082	2.068294	6.736921	5.417230	2.756796	3.075643
4044	5	-2.533648	-0.921940	5.911208	0.273050	2.615733	3.137971	-0.575521	3.588542	3.015496	-0.554306	3.952627	2.762298	0.546904	3.483818	2.351816
4063	5	-0.819976	6.973953	0.636728	3.881120	3.719752	2.956657	4.772091	4.074620	-0.981183	4.079512	3.596115	2.834970	4.169920	3.705815	2.670049
4100	5	5.546397	0.402550	1.385511	5.105245	0.471909	2.056102	5.881066	0.446512	1.002725	2.280377	5.131737	3.638334	5.930766	0.456494	0.953885
4105	5	5.431286	0.763030	2.639250	-1.935769	3.910875	5.564301	1.863787	3.332937	6.324541	5.559615	1.859135	2.348949	3.580304	1.873835	5.028362
4239	5	4.893071	5.536824	0.738265	3.385977	5.758759	1.157876	6.042911	3.358675	1.360741	4.824225	5.578670	0.770375	2.152835	5.295983	1.558700
4268	5	2.470630	-1.734347	6.498509	6.937052	0.624409	2.814556	4.084656	-2.100577	5.660606	0.631605	5.024839	3.338551	6.840214	0.224415	3.420663
4276	5	5.564906	2.968269	-1.814397	4.852606	1.285973	1.136509	2.874382	4.696259	-0.434307	5.328957	1.737980	0.412806	3.719120	1.040709	2.010627
4373	5	3.391672	2.544227	5.020602	4.069841	0.539269	4.702015	5.909222	-0.219431	3.431991	3.490986	4.659710	2.644797	3.553246	2.117750	4.990346
4480	5	6.803610	0.540578	-3.422276	4.401334	-0.852122	2.131623	2.153269	-1.567990	4.294593	5.066075	-2.345429	2.732636	3.232419	-3.425071	3.821879
4500	5	-2.989878	7.341677	1.308175	4.902840	5.247201	-0.299198	4.071103	5.460633	0.623731	-4.210119	2.734300	6.777495	4.241822	5.703255	0.156284
4702	5	-3.214325	5.361448	0.831393	-3.270411	-0.084611	6.736590	5.126603	1.147550	-0.149955	5.307233	2.028953	-0.817675	4.952343	1.228257	-0.070399
4871	5	1.369463	4.165725	2.393562	7.871430	-1.538969	1.581813	1.876467	2.630224	4.181528	0.517073	3.931436	3.848150	1.099566	3.535991	4.476627
4917	5	8.004575	3.252022	0.623917	8.089265	4.270381	-2.084927	8.100652	4.132188	-1.698621	7.859555	3.115748	0.902329	7.318601	2.841258	1.355436
4998	5	0.177423	3.465140	4.127620	0.504039	3.680387	3.753155	0.229963	3.955126	3.751635	0.497925	3.557665	3.841073	0.362271	3.456712	4.010592
5027	5	4.783212	3.898281	1.965060	4.444535	4.760885	1.560707	4.595193	3.592704	2.459899	3.857745	4.843439	2.149250	4.004271	4.059204	2.696391
5154	5	-1.665061	3.331408	4.492582	4.883096	-1.481247	3.099783	-1.249324	3.540739	4.149345	4.969603	2.957168	2.301660	5.025605	-0.881386	2.893224
5176	5	6.391601	5.700937	-0.850425	7.070610	3.628967	-1.261700	6.192045	5.938562	-0.665337	2.224912	6.596872	0.799154	0.972125	5.331953	2.127624
5196	5	5.562949	-1.889935	0.595471	-0.698309	0.981056	3.002481	0.216680	-1.931243	3.101073	0.776930	0.848133	2.197234	-0.550942	0.129217	3.185021
5208	5	6.671248	0.080775	2.448527	5.035952	3.086684	3.875025	5.199407	2.824017	3.907065	4.948830	-0.211378	4.507093	4.022846	3.801254	4.339510
5220	5	7.437756	4.169413	-4.203624	-2.014727	8.766524	0.088046	7.519576	3.830449	-4.517762	5.948344	3.009484	-0.792854	7.406321	4.236436	-4.054838
5234	5	-3.496449	4.832259	3.204779	4.423761	2.080052	0.846273	4.485914	1.950550	0.847759	4.976369	1.939232	0.261994	4.615627	1.760855	0.809443
5334	5	6.366879	3.542009	-0.309288	6.213158	3.217771	0.407569	6.042527	3.059665	0.815896	-0.130901	4.352782	4.937551	6.154443	3.150307	0.568797
5361	5	0.010462	6.892483	1.735302	-6.087798	2.254509	6.340718	5.437877	2.316807	2.065189	5.699757	2.083044	1.959041	5.887280	2.159810	1.697382
5405	5	-6.590199	1.336515	8.647959	4.594640	4.956919	-0.388380	4.893468	4.282315	-0.842957	4.749126	4.814507	-0.889841	4.611746	4.590788	-0.011151
5501	5	-2.279247	0.899241	4.415444	-2.431571	0.801891	4.712159	-2.361208	0.882989	4.529195	-2.237395	-0.118984	5.412926	-2.414260	0.050959	5.890159
5516	5	2.542550	-1.019788	5.270962	-0.450358	1.850380	4.190094	5.772028	3.306975	-2.412109	-0.780938	1.771454	4.583783	-0.360937	1.991805	3.979680
5545	5	6.871433	1.811560	1.446779	5.493890	5.797627	-2.105417	-4.537460	0.752060	6.477070	6.631249	1.622362	1.604604	1.410018	7.285283	-1.353097
5607	5	-4.500143	5.676155	4.113480	5.227428	2.735396	1.422915	5.093717	2.625771	1.608518	6.420444	2.099890	0.917077	6.807463	1.392265	1.523590
5612	5	0.373816	4.490506	2.573111	1.060811	3.879686	2.506821	1.320322	4.274815	1.825261	0.380308	4.784351	2.312256	0.340998	4.722397	2.391719
5622	5	0.662190	3.164279	1.510105	0.450782	3.468015	1.639759	7.819967	-2.055416	-2.903345	-0.301512	2.126699	3.394392	0.040279	1.213043	3.515998
5688	5	4.746158	0.781748	1.828175	5.093579	0.780342	1.766625	1.012220	5.909422	-0.839816	3.960851	2.365240	2.094539	4.929878	0.739176	1.798793
5728	5	3.384652	0.528004	3.511609	4.233169	1.193307	2.112398	3.551927	0.626917	3.378849	4.102937	0.977458	2.836895	4.038865	2.806809	0.826512
5799	5	1.382027	4.077203	4.973090	2.992425	3.024552	5.045922	1.911821	2.368230	6.087489	2.941140	2.909374	5.166606	1.536994	2.802273	6.142884
5817	5	1.945187	2.827021	4.740575	-3.827516	3.352592	5.577193	5.143445	0.661138	0.664682	1.258095	2.396771	5.258834	1.029175	2.286707	5.363228
5873	5	1.393035	6.349770	1.150356	6.109720	1.627079	1.366356	4.673272	2.455282	1.782154	4.846862	1.129526	2.730561	4.566875	1.515278	2.653203
5892	5	4.235429	2.849651	0.602505	5.502566	2.111775	0.170522	-2.169605	-1.968355	4.135960	5.439067	2.225620	0.121152	5.472906	1.178992	0.553835
5900	5	1.778692	5.482152	1.664397	1.946832	6.043812	1.213892	-4.053715	3.741653	5.890227	1.984087	6.109241	1.139561	1.792573	5.588924	1.596166
5904	5	6.154162	0.320861	-0.052187	5.610946	2.678829	0.591926	2.780774	3.054029	2.139452	6.104506	1.329279	-0.520384	5.462196	2.860681	0.739032
5908	5	-3.782287	0.118626	7.686478	5.022057	2.833113	1.555444	5.039143	2.267269	1.721083	4.643789	4.284963	1.774631	4.512993	3.513791	2.198449
5938	5	6.203362	-0.346400	2.811139	5.883735	-0.236263	3.018851	2.353850	4.695302	0.553062	6.670957	2.881246	-0.731713	6.292612	-0.335622	2.751826
6088	5	-1.973171	4.285648	3.366875	0.309919	5.207463	2.317083	3.044423	2.482752	4.580333	-0.435524	4.798965	2.720177	4.434954	3.505553	2.291167
6091	5	2.941508	3.054500	4.503523	2.742460	4.812959	2.833015	6.297656	1.959014	4.147066	3.445638	2.470923	4.641602	5.350893	1.318810	4.492604
6136	5	0.376027	1.551034	7.069361	-1.936736	3.431674	7.132517	4.147610	3.131084	5.193110	2.483803	2.070251	6.563636	-2.012664	3.477366	7.099932
6178	5	1.006060	1.818171	4.366749	0.486044	2.313502	4.368976	0.074410	2.656418	4.362362	2.625083	0.998860	4.217727	-1.584249	3.607319	3.827435
6217	5	-1.910545	5.118178	-0.684566	3.574530	3.516794	2.479334	4.077308	2.333271	2.502937	3.415942	3.365982	3.038179	3.385655	3.251222	3.249812
6228	5	7.748111	-0.514731	0.654436	2.191269	3.111529	5.124864	0.748164	3.733551	4.978837	0.726769	3.703106	5.023766	0.781893	3.590069	5.161693
6238	5	6.023626	0.947312	3.938252	6.390477	1.295560	3.678599	6.370623	1.271631	3.692968	6.985031	2.662734	2.976838	5.425847	0.652753	4.356700
6251	5	4.515715	4.581379	2.387287	4.592213	3.788041	2.967970	4.224203	3.707511	3.574080	3.939304	4.051942	3.679627	3.859273	4.470503	3.461843
6253	5	-3.449677	0.487030	6.560385	3.666675	3.858347	3.254308	5.524694	2.288152	1.055215	5.539783	2.533461	0.658395	5.342117	2.029380	1.661171
6266	5	4.551796	0.597308	-0.077626	4.035262	1.051836	0.603363	4.311269	1.065336	0.111892	4.683828	0.023616	0.258941	-5.995924	-0.745464	6.102505
6310	5	1.502096	6.374666	2.571109	1.736971	5.863964	3.174710	2.165508	6.503325	2.113481	1.582063	6.397497	2.515377	6.482389	3.736816	1.202198
6374	5	5.843260	3.189547	0.450460	6.162368	2.671437	-0.298521	5.763579	3.288316	0.629142	3.449076	3.583060	3.542891	6.452076	1.985553	0.314546
6423	5	1.583803	4.987863	1.543086	3.739002	5.192221	0.513593	5.257625	3.104599	0.073033	2.659915	5.417664	0.752391	5.001501	3.658425	0.140425
6495	5	7.092580	0.117663	0.255593	3.291967	1.884043	5.746050	3.500617	2.204825	5.469113	1.437894	4.676133	4.155582	3.661094	2.507330	5.177833
6549	5	0.008596	5.632180	0.930440	4.069690	1.298540	4.022305	4.260331	1.672719	3.439055	3.765799	3.861944	3.010639	3.364985	3.889122	3.702172
6576	5	4.764367	3.925288	2.786865	4.370851	3.735121	3.048755	4.246159	3.788986	3.075742	4.596962	3.767583	2.942640	4.565281	4.665989	2.400689
6577	5	-4.863522	4.835907	7.860885	4.754769	3.705483	1.816578	5.152458	4.009827	1.683302	4.537649	4.924577	1.683198	5.109721	3.933033	1.705953
6618	5	6.077344	1.512766	1.596440	5.600154	3.560447	0.943809	5.147636	2.203325	2.700495	4.447589	4.112831	2.259335	4.834855	2.759771	2.822097
6686	5	4.092394	2.509494	3.093403	4.331764	2.793699	2.729360	3.232781	2.990084	3.475772	3.186738	3.435632	2.940730	4.206047	2.619440	2.960517
6783	5	6.350868	1.847829	1.987448	6.567748	1.913600	1.651769	6.394412	1.859720	1.923897	6.640816	3.858444	-1.599373	6.368116	4.551504	-1.036016
6834	5	3.045637	2.576054	2.559316	3.061348	2.866435	2.236750	3.039588	3.049807	2.185002	2.796335	3.973684	2.474225	1.633819	4.139669	3.754186
6848	5	0.950881	5.153931	4.394812	0.959276	5.047341	4.549055	2.373193	4.580483	3.430669	1.372413	4.168518	5.555970	1.041764	5.597061	3.713634
6891	5	0.072895	3.640520	0.399722	1.573235	2.940971	1.205721	5.652525	1.395492	0.158291	5.782736	1.723471	-0.190480	0.450860	3.411179	0.837032
6942	5	-0.414356	5.287769	0.763559	-3.674961	3.737795	3.501763	-0.486398	5.374850	0.920380	5.182561	0.527697	1.148062	-1.036692	5.509039	1.731072
6964	5	2.915069	6.664709	-0.452590	5.449157	2.343754	1.472857	2.526204	6.655162	0.032334	-3.014380	0.850609	6.171728	3.361511	6.456433	-0.966080
7044	5	6.588280	0.163970	-1.370382	0.836165	4.438577	2.007523	0.467213	1.618639	4.425561	1.179259	3.868179	1.858245	0.862346	3.896719	2.396497
7069	5	4.573078	2.021197	4.647009	2.734260	4.263084	4.822254	5.312045	2.899287	3.732350	3.090417	3.391297	5.428018	4.233527	1.690980	4.912429
7078	5	1.285688	5.049355	4.018253	5.546459	3.262493	3.434719	2.530612	5.642832	3.644036	5.260511	2.841824	4.019587	5.427790	3.034933	3.779111
7125	5	3.924162	3.485489	4.489145	1.226001	4.844090	3.378357	5.987388	1.587999	3.715835	6.401222	0.198271	3.861030	6.390056	-0.061355	3.940536
7184	5	-4.015183	1.227468	6.528884	-1.739099	7.241350	1.022796	5.524148	3.066741	1.498626	7.310431	3.209251	-0.134200	6.185008	3.761925	0.038105
7211	5	1.652027	4.079357	3.620321	1.658548	4.231494	3.406033	1.451406	4.184659	3.522638	2.654025	3.977800	3.280863	2.475333	3.835402	3.490279
7215	5	6.651463	-0.379690	1.535413	6.348344	0.200687	1.107173	6.208118	-1.458790	2.250454	6.571249	-0.188593	1.381690	5.892993	-1.512290	2.372694
7246	5	5.470330	4.143990	2.372271	4.387974	6.840671	1.962032	3.103684	3.608157	3.399163	0.582341	4.448813	4.359494	1.613040	3.462583	4.297384
7249	5	3.710073	2.777189	3.077323	3.611412	2.965953	3.070009	4.245568	1.965477	2.830515	-2.432697	0.945095	6.271436	4.339599	1.885501	2.765148
7330	5	-4.224140	4.090690	3.337008	4.644758	1.664799	0.481693	3.951424	2.148010	0.824583	4.080926	1.739680	0.828641	4.208248	2.895756	0.422588
7354	5	4.723845	4.082213	2.777465	4.303636	3.172337	3.386663	4.060669	4.737271	2.781344	-4.477767	3.307784	6.437812	4.595915	3.464624	3.148602
7365	5	3.087822	4.499571	1.299917	1.869692	3.873850	3.182837	3.187578	4.242781	1.404112	2.379295	3.545784	2.906891	2.741949	3.558886	2.486719
7476	5	6.958729	1.289700	0.515587	-1.013448	4.557476	3.958401	-0.183168	4.992405	3.156909	0.033171	5.025776	3.036355	0.908637	4.329172	3.109203
7478	5	4.133223	0.398844	3.098429	3.634076	0.428468	3.340465	4.239402	0.353883	3.099791	3.853025	0.493174	3.154911	4.350744	0.266378	3.155789
7503	5	1.779757	4.568795	0.856098	0.744738	6.048570	0.683717	0.049010	2.363995	3.874675	1.861061	3.352292	1.933100	1.242960	5.425235	0.635570
7562	5	8.938689	0.684768	-0.312163	4.512528	3.888322	2.285626	4.583892	2.813951	3.778898	4.416932	2.985933	4.015272	4.315785	3.683386	3.240919
7643	5	7.696880	2.947035	-0.269301	3.148956	4.821492	1.075171	6.024354	0.727840	2.379503	-0.457772	0.487026	6.844414	6.922173	1.502556	2.108322
7727	5	-4.060743	0.324149	5.991150	0.018082	6.250933	0.090621	3.738417	5.586456	1.090861	6.186807	2.502570	0.952778	4.861130	5.433301	0.503740
7736	5	4.486679	3.402264	0.396728	-3.312060	3.604493	5.760242	4.318402	4.021138	-0.425695	4.250927	4.182257	-0.426137	-2.695093	3.282665	6.318726
7748	5	3.968300	5.717628	3.673433	6.771128	2.324263	3.186083	6.673138	1.101216	3.640401	6.769359	1.474277	3.497851	6.008213	0.125061	4.168881
7879	5	-5.997922	0.063635	5.203810	5.717060	3.142991	0.268146	2.935240	4.383180	2.281212	2.571231	4.840085	2.244421	4.607838	0.623612	1.674728
7931	5	7.025084	2.517001	0.030693	7.299095	5.680031	-3.044959	7.206770	1.587158	0.710115	7.044612	1.154733	1.458679	6.854171	0.861086	1.838463
7952	5	6.034547	4.879032	-0.417725	6.626021	4.384934	-1.126311	2.849155	3.405858	3.572215	3.985075	2.354344	4.136916	2.862542	6.009883	2.032841
8015	5	2.996777	5.398178	-0.212944	7.072464	1.350743	-0.369166	3.514301	4.345405	1.444048	6.056785	4.226529	-1.513868	4.102355	5.412982	-0.991795
8080	5	4.775700	0.218923	5.823417	3.877779	-0.571050	5.976791	4.960867	0.684393	5.790411	3.617159	-0.264470	6.021944	1.938031	6.682899	-0.220803
8085	5	-2.626129	0.509346	6.365538	3.723028	5.136669	0.741533	4.564591	4.599628	0.482564	3.588952	5.011810	0.844200	3.870010	3.825014	1.010627
8092	5	-6.306098	2.739351	5.215782	-4.096088	2.115639	5.818973	-5.476959	2.233989	5.726810	-6.011308	3.286765	4.614076	-1.922245	1.920142	5.882784
8113	5	4.222366	1.752147	2.676502	-0.582041	-0.122895	6.035122	4.812369	1.015519	2.374446	5.088511	0.997460	1.709081	4.529172	2.541330	1.727901
8121	5	0.294499	2.603502	2.487102	6.517248	0.214476	-0.713535	-0.733704	4.564341	2.468943	0.537665	3.363452	2.165878	0.478243	3.046247	2.287997
8193	5	1.580055	3.161389	4.309722	6.857061	-1.029896	-0.090444	1.802439	2.599105	5.452423	1.665461	2.737269	5.421742	1.293458	3.163868	4.586218
8323	5	5.987211	1.426806	-1.680187	6.016926	2.189288	-2.089253	4.242728	2.284840	0.458760	6.015586	1.705555	-1.816911	2.288129	6.230343	0.172111
8334	5	-5.111888	-0.257229	7.478673	5.079232	-0.260629	1.197934	3.149666	2.631741	0.739181	3.005684	3.643970	-0.206386	5.658314	0.999132	-1.039760
8348	5	1.084027	1.787021	9.312545	-3.563134	1.787132	9.312886	4.248305	4.239215	2.441078	4.452939	4.305808	2.277130	4.425668	4.515973	2.260711
8358	5	2.397753	5.321030	2.210955	6.079815	5.337149	-0.634843	6.291786	4.531708	-3.395734	6.292376	4.437264	-3.364035	6.287444	4.743503	-3.100313
8444	5	2.808109	1.505105	4.185760	3.137321	0.249254	4.861390	3.291749	-0.407230	4.604050	3.940829	-1.218438	3.180906	2.855407	1.349170	4.462846
8468	5	-0.552034	4.814955	5.058005	5.434036	4.276399	2.570284	5.575391	4.642677	1.842315	4.738627	3.985331	3.497144	5.564958	4.587328	1.947516
8494	5	3.909891	3.154793	1.205824	4.000623	1.427373	3.197516	4.068660	1.347340	3.055564	3.686200	1.999293	3.588248	4.257173	2.558371	0.121414
8524	5	5.672968	3.908703	3.014275	4.966771	3.569494	4.065992	3.530637	3.705044	4.131316	5.415406	3.651328	3.755098	4.455951	4.076614	3.012536
8558	5	-0.517682	4.794628	0.438389	5.154892	1.864229	0.444998	3.999521	1.027743	3.291267	5.104718	2.010758	0.536333	3.603171	3.193791	2.518162
8611	5	2.482912	3.986702	3.408218	3.593231	1.752329	3.460404	4.134965	1.437915	3.267771	2.495738	4.275142	3.338883	2.503862	3.871866	3.427750
8643	5	2.014637	2.932030	1.157189	6.978540	0.290799	1.189590	0.185970	2.235137	3.668964	-0.277441	2.019216	4.281790	-0.131312	2.175311	3.877683
8656	5	4.343834	4.736371	1.452205	2.960261	3.954849	3.970794	3.637730	3.576849	3.598954	4.351806	4.057538	1.933939	4.326526	5.100291	1.657945
8677	5	6.100673	1.710514	2.826921	5.196963	1.029679	4.501934	6.050602	3.437866	-0.003928	0.678626	5.005026	2.684911	3.246393	2.559987	5.203476
8727	5	0.482433	5.328909	3.906563	5.299343	3.689136	2.528276	3.555884	2.265432	5.449096	5.039671	2.952311	3.485120	0.447779	6.226332	3.003313
8748	5	-3.944111	5.345284	4.113884	5.092807	4.201542	-0.268870	4.750887	2.896423	0.984260	4.120190	4.460715	0.403132	4.159951	4.526699	0.328053
8767	5	5.651334	2.355676	3.093621	-0.051146	0.831766	6.222423	5.620958	4.439082	-0.083635	3.811113	2.143054	3.704947	5.395628	4.723861	-0.138671
8787	5	5.490433	-0.123658	2.699312	5.564375	0.043457	2.627233	5.620723	0.203216	2.572205	5.435173	-0.227028	2.753225	6.653541	4.632980	-2.984012
8816	5	2.905087	2.612593	4.989579	2.997676	2.953989	4.408758	3.122792	3.345133	4.005775	2.918916	2.662520	4.881015	2.966570	2.841420	4.565793
8829	5	0.777728	4.449819	1.590245	1.010994	4.279783	1.275314	6.908679	1.948754	0.259713	0.993531	4.462597	0.989645	0.752364	4.617335	1.428376
8840	5	2.332181	3.323187	5.057355	2.616442	2.831444	5.443826	4.241740	2.215541	4.959582	4.504212	3.068952	3.886762	3.703747	3.591794	3.688244
8951	5	0.820374	4.919838	3.554904	0.775323	5.048666	3.473511	2.058518	4.209022	3.228672	1.875513	5.486771	2.621366	1.889330	5.453864	2.629420
8968	5	3.556698	3.284458	2.595862	3.736414	3.162322	2.438365	3.590154	3.601886	1.956989	4.384203	3.014438	1.392852	3.992976	3.007786	2.104471
8997	5	8.175248	-4.995220	-1.368486	2.786352	-2.635015	4.109252	1.762446	-1.775369	4.099347	1.793224	-1.651076	3.971842	1.910346	-1.567180	3.829270
9079	5	5.174985	1.153008	3.292412	0.078037	6.563320	-0.293698	5.740134	0.740192	3.161127	5.668518	1.015104	2.778933	5.745559	0.916317	2.817987
9111	5	-0.775370	8.162657	0.033712	4.896287	3.765685	2.364247	5.146962	4.142133	1.366270	5.148828	4.300170	1.047707	5.108385	3.971937	1.783837
9122	5	-0.907246	-1.177294	5.823972	5.856296	3.008624	-3.424780	5.278378	3.121081	-3.283826	6.068958	2.534366	-1.999330	6.085654	2.939046	-3.357691
9213	5	-3.801854	-0.418492	8.912216	5.067558	0.561479	2.485565	0.696519	5.670368	-1.158101	4.978728	0.875817	2.442196	4.837758	0.798524	2.617853
9323	5	3.207833	0.414570	5.527766	2.915208	1.212187	4.722714	4.249887	-2.473047	5.304655	2.787402	1.749193	3.871859	5.027350	0.230879	3.230557
9335	5	2.967622	3.653314	5.421613	-1.119857	5.359356	4.148301	3.727308	2.348196	5.235772	-1.012797	5.228216	4.343450	2.814591	3.828877	5.405823
9382	5	1.015304	1.004452	4.411649	4.254982	4.783565	0.924904	3.563598	5.420324	1.279616	4.909728	3.920611	0.599661	2.536786	5.666029	1.853312
9403	5	5.940657	2.179964	-0.697424	5.124743	3.702532	-0.770575	4.682167	3.666712	0.096748	4.807925	3.783444	-0.234571	4.735829	3.744153	-0.071033
9418	5	-0.905707	5.831783	4.416192	2.716427	6.458626	3.284416	-1.007505	5.873285	4.324971	0.215978	5.597429	4.721045	4.846344	4.156735	2.340128
9531	5	5.090139	-2.304311	0.439384	-1.050180	0.602194	6.248585	-0.639517	-0.519801	5.975988	-1.998469	2.300902	4.376905	-1.591316	1.701046	5.596009
9567	5	4.242183	3.306661	2.104528	4.376771	3.368188	1.869785	4.517331	3.325481	1.703653	4.656263	2.850435	2.148828	4.322356	2.941462	2.356871
9608	5	0.739913	4.125144	2.598062	0.388628	3.837633	3.229666	4.929515	-0.979619	5.115687	2.419351	2.511290	5.440482	5.068629	-0.969159	5.059919
9669	5	-1.387161	6.788269	1.312471	4.017495	1.587163	0.196663	4.042410	2.473413	-0.129165	3.791457	2.520583	0.072308	4.638568	1.274277	0.009094
9711	5	6.472764	1.684363	1.026071	6.601426	2.244981	0.317251	6.230995	4.080573	0.703769	6.425255	3.725790	0.227220	6.369105	1.368842	1.266829
9733	5	-0.390160	1.471966	3.795463	0.768751	2.733332	2.984358	5.814899	1.028261	-1.627485	0.372905	3.874027	0.556463	-0.734096	5.626260	1.312756
9813	5	0.292815	4.818001	0.916346	5.809212	1.600860	2.975016	5.779119	2.271477	1.666507	5.657269	1.655001	2.999275	5.577504	2.304914	1.848005
9908	5	4.229976	-0.876696	4.615042	6.255581	0.621336	3.054175	6.418323	0.959810	2.745194	6.350196	0.740881	2.957863	6.081754	0.502775	3.162643
9940	5	3.942399	4.313566	3.819835	5.232535	4.316330	1.709837	4.898110	3.598513	3.356674	3.482027	5.481478	2.674091	4.313947	3.864657	3.888326
9957	5	-4.201131	6.813778	2.855324	6.105677	2.392102	1.606592	6.277141	3.063568	0.245695	6.230078	2.497921	1.270177	6.088360	5.295186	0.704810
