3	2	6.289006	5.270952	-0.462672	5.916058	6.289006	3.277561	5.794225	5.916058
7	2	7.383658	-0.806573	-0.355520	6.984344	7.383658	-3.677933	4.882527	6.984344
9	2	5.394531	6.506657	1.366063	4.180644	5.394531	4.446848	7.772694	4.180644
13	2	8.679508	-6.532138	9.342426	7.067558	8.679508	-3.328106	3.535413	7.067558
19	2	8.115647	4.227014	-0.327290	3.539779	8.115647	3.656034	5.003131	3.539779
20	2	7.003432	1.557675	-1.446954	6.369187	7.003432	1.199231	4.572698	6.369187
21	2	5.796763	7.242511	0.249350	6.345806	5.796763	3.095641	6.033892	6.345806
25	2	7.781486	2.207037	6.141796	6.879926	7.781486	3.406824	-0.091504	6.879926
26	2	7.038597	7.008398	5.608590	6.291844	7.038597	7.895629	2.469554	6.291844
30	2	9.160111	1.847007	1.542648	8.018060	9.160111	0.206535	6.421747	8.018060
31	2	7.529570	-1.041999	2.164288	4.899276	7.529570	-4.440902	6.314156	4.899276
32	2	6.697467	-0.671940	7.340227	7.401084	6.697467	2.732798	2.586075	7.401084
49	2	6.654184	-0.956099	7.404883	3.834698	6.654184	4.175520	1.484414	3.834698
51	2	7.246119	4.920457	1.117850	4.186907	7.246119	0.754704	7.493784	4.186907
57	2	7.853040	-2.368456	1.673161	8.430748	7.853040	-4.233377	6.133383	8.430748
58	2	7.144948	-0.674005	1.429078	6.254963	7.144948	-5.728304	7.256535	6.254963
59	2	8.608700	-0.825044	7.505732	7.963378	8.608700	3.284955	1.582526	7.963378
63	2	5.781017	-4.293490	7.259285	5.436713	5.781017	-3.305821	3.322721	5.436713
66	2	7.273019	-5.527697	6.829160	6.532422	7.273019	-1.677306	3.659712	6.532422
68	2	3.324909	-0.611945	7.355615	8.499351	3.324909	1.472734	1.746150	8.499351
71	2	7.337662	3.523448	-0.672759	4.996491	7.337662	2.475269	5.692477	4.996491
80	2	7.836754	-0.898603	0.588387	7.140769	7.836754	-2.853922	6.756696	7.140769
83	2	7.421660	2.036515	-0.397487	8.123586	7.421660	-0.700713	6.185019	8.123586
90	2	7.169451	4.417173	5.244283	5.044290	7.169451	5.415620	-1.360320	5.044290
92	2	8.818363	-3.617924	2.732253	8.391066	8.818363	-6.402400	7.919806	8.391066
94	2	3.697957	1.881435	6.701275	5.957540	3.697957	6.974293	0.856880	5.957540
95	2	3.606641	0.318634	6.444248	7.310824	3.606641	3.838030	1.373660	7.310824
98	2	7.541694	-0.879335	6.229263	5.784310	7.541694	1.715799	1.927369	5.784310
99	2	8.186125	2.695712	0.693740	3.300255	8.186125	-1.393091	6.702026	3.300255
100	2	5.387901	1.231811	2.582451	5.779557	5.387901	-3.810394	9.209244	5.779557
101	2	5.990475	-3.531636	3.064446	9.228773	5.990475	-6.323705	7.106038	9.228773
105	2	4.212057	-0.809622	7.101249	5.976724	4.212057	5.115324	2.320134	5.976724
110	2	5.967200	-6.736953	7.114267	6.838976	5.967200	-4.671326	0.822459	6.838976
111	2	4.534448	1.565970	7.559682	4.374626	4.534448	4.431078	1.295403	4.374626
116	2	7.722738	-13.689105	7.852043	8.363912	7.722738	-7.219248	2.503025	8.363912
117	2	6.528351	7.721947	0.789907	6.089467	6.528351	2.355797	6.422664	6.089467
121	2	6.370660	-0.661002	8.079885	7.621036	6.370660	5.137621	1.827794	7.621036
126	2	5.947058	4.774682	0.734215	6.592152	5.947058	3.606266	5.904606	6.592152
128	2	5.761828	0.948849	1.102747	6.137670	5.761828	-0.633318	5.915811	6.137670
131	2	6.097966	-0.888388	6.598874	9.137440	6.097966	0.788426	1.587603	9.137440
132	2	4.897817	-0.000122	-0.481620	6.776940	4.897817	-5.125276	5.796501	6.776940
135	2	2.429966	6.513371	1.453332	7.442271	2.429966	1.002672	7.449605	7.442271
137	2	8.016406	2.202889	0.754555	7.188520	8.016406	1.426404	5.861325	7.188520
138	2	6.126039	1.905747	5.925430	6.446157	6.126039	3.683384	-0.135796	6.446157
140	2	7.770112	6.726101	-0.053268	6.772596	7.770112	3.136181	4.906619	6.772596
145	2	6.258724	3.958934	0.812428	7.005077	6.258724	2.044129	6.628264	7.005077
146	2	5.201225	-2.619120	6.515062	7.105286	5.201225	1.826777	1.216608	7.105286
149	2	8.303079	-0.839107	6.551215	5.242318	8.303079	3.730971	1.077602	5.242318
150	2	4.410335	-2.445959	6.345909	6.577068	4.410335	1.473479	0.187655	6.577068
153	2	4.024901	9.471642	1.687523	5.121670	4.024901	4.157663	8.242048	5.121670
156	2	5.911266	-0.494166	-0.530197	6.913577	5.911266	-1.149733	4.936322	6.913577
158	2	6.659000	1.293344	0.629653	9.140266	6.659000	-2.367389	6.887643	9.140266
162	2	6.722666	-4.428053	5.538744	6.048948	6.722666	0.899513	0.746034	6.048948
163	2	5.829301	4.776714	1.054898	2.352837	5.829301	-0.118669	7.021989	2.352837
170	2	7.665405	4.489259	2.339420	6.584460	7.665405	-0.649971	6.644357	6.584460
171	2	7.272313	-4.313681	6.715434	7.889166	7.272313	0.088147	0.966450	7.889166
174	2	6.089109	-4.761071	6.492951	6.742742	6.089109	-0.433615	-0.101629	6.742742
184	2	3.485098	4.851488	5.738952	6.699118	3.485098	5.995335	1.779437	6.699118
185	2	6.930321	6.739596	-0.632296	5.677585	6.930321	4.633397	5.494783	5.677585
188	2	3.152102	0.365047	6.122998	6.741838	3.152102	4.471753	0.125171	6.741838
189	2	5.916757	6.975871	-2.007706	7.016176	5.916757	6.928562	4.218055	7.016176
190	2	7.398088	0.942459	7.290138	7.101756	7.398088	3.329894	1.880035	7.101756
193	2	7.861196	3.265623	0.754760	7.431371	7.861196	-0.929734	6.641460	7.431371
194	2	7.649001	-0.366161	0.384787	5.131009	7.649001	-1.392769	5.453545	5.131009
196	2	3.735547	4.459605	0.718454	5.604574	3.735547	0.511962	6.460331	5.604574
197	2	6.652502	-3.094423	8.031280	3.626225	6.652502	0.338220	2.368504	3.626225
203	2	7.305109	-3.423316	7.458492	4.966386	7.305109	1.973219	1.171359	4.966386
205	2	9.125551	-6.773890	7.996668	8.197303	9.125551	-4.742717	1.749122	8.197303
217	2	6.824944	3.246090	0.686137	7.199064	6.824944	0.213642	7.174879	7.199064
218	2	7.470561	-8.696927	8.104495	7.330767	7.470561	-6.523957	1.581877	7.330767
220	2	7.409496	-3.543981	7.566842	4.272293	7.409496	0.857798	2.376919	4.272293
221	2	3.930951	0.824148	6.358836	5.035893	3.930951	2.312853	0.578450	5.035893
222	2	7.054780	0.541228	7.786778	5.796301	7.054780	1.959389	1.850128	5.796301
225	2	2.614792	9.117026	-0.307538	2.612685	2.614792	8.741558	5.137473	2.612685
226	2	3.708631	2.852127	8.176233	6.747316	3.708631	5.605676	1.714117	6.747316
227	2	4.971436	-12.370363	6.716361	8.345342	4.971436	-7.504563	1.059892	8.345342
235	2	8.866916	-7.621332	6.982872	6.194489	8.866916	-1.022702	0.533611	6.194489
237	2	7.613717	-7.688458	5.237360	8.068824	7.613717	-1.047431	-0.039290	8.068824
239	2	6.187608	3.582306	-0.140127	6.733284	6.187608	-0.324901	6.477011	6.733284
242	2	8.179141	-0.826165	6.257934	7.700851	8.179141	0.137287	2.043016	7.700851
249	2	6.610211	2.408386	5.062698	7.205027	6.610211	3.475651	-0.566998	7.205027
250	2	6.008096	5.716241	1.862577	6.256058	6.008096	3.084911	6.366237	6.256058
251	2	6.228151	-4.402488	4.162678	6.463760	6.228151	-4.024071	-2.257109	6.463760
257	2	8.964369	-3.910060	4.445656	4.462536	8.964369	1.995019	-0.739266	4.462536
260	2	6.918252	4.857752	0.201181	3.163650	6.918252	3.767020	6.539770	3.163650
263	2	7.316946	2.542997	-0.996348	6.310790	7.316946	2.524874	4.215331	6.310790
265	2	1.318505	-0.956389	8.519588	5.446702	1.318505	5.217606	2.125871	5.446702
266	2	6.493530	-3.581237	1.903379	8.430011	6.493530	-7.311860	6.501627	8.430011
268	2	9.545281	-2.812516	5.765121	7.608323	9.545281	-1.803127	-0.330022	7.608323
269	2	5.977187	-3.199602	6.779172	6.970218	5.977187	1.496232	1.953121	6.970218
273	2	3.087785	0.780195	7.346732	6.558436	3.087785	6.322883	0.824771	6.558436
275	2	8.731840	-1.523974	2.948689	7.203650	8.731840	-3.213900	8.211846	7.203650
276	2	7.913957	-3.271813	6.264261	6.816112	7.913957	0.078613	-0.140323	6.816112
278	2	8.299128	4.291537	1.646984	7.580397	8.299128	-1.705541	6.176352	7.580397
282	2	3.961616	-3.111000	5.536950	5.226727	3.961616	-0.618588	-0.165573	5.226727
291	2	4.822751	-6.563063	5.752622	8.685692	4.822751	-4.645861	1.378391	8.685692
294	2	5.007565	0.049514	1.213508	7.662344	5.007565	-2.225978	6.364773	7.662344
297	2	7.885705	-1.194428	8.338303	3.692016	7.885705	2.908630	3.105297	3.692016
299	2	8.236404	-5.057230	6.434123	7.480270	8.236404	-1.590595	1.250409	7.480270
307	2	5.387849	2.181734	1.480614	3.734021	5.387849	-0.516019	7.596569	3.734021
312	2	8.689683	1.405977	0.191649	6.043936	8.689683	0.475091	5.425502	6.043936
313	2	3.974955	2.766022	0.840960	4.718428	3.974955	-1.501658	7.260580	4.718428
316	2	7.258391	-5.561198	7.821626	5.417538	7.258391	0.612748	2.560656	5.417538
321	2	5.304862	2.067677	5.707060	4.325777	5.304862	3.725695	0.189449	4.325777
322	2	6.119694	4.747229	1.766443	7.472904	6.119694	2.892585	6.543692	7.472904
323	2	5.199187	1.082554	8.562765	6.106743	5.199187	6.594709	2.211665	6.106743
326	2	6.187545	5.776760	2.767484	4.707932	6.187545	0.892223	8.049396	4.707932
327	2	5.104064	5.820612	0.388760	6.307297	5.104064	4.117080	6.382882	6.307297
332	2	6.744429	-0.422745	-0.298051	6.985817	6.744429	-1.561834	5.953394	6.985817
333	2	6.007514	1.888118	0.201562	7.237442	6.007514	-1.494718	6.443321	7.237442
335	2	7.673748	4.210421	0.096104	5.130926	7.673748	3.100659	5.519143	5.130926
336	2	6.417512	0.830879	7.341571	5.112885	6.417512	4.864056	0.899747	5.112885
337	2	8.613664	-8.266244	2.177910	6.988510	8.613664	-10.060468	7.512994	6.988510
340	2	6.899835	3.607112	6.544423	4.545137	6.899835	6.560377	2.926643	4.545137
342	2	8.355495	-5.621701	7.713487	7.364625	8.355495	0.054498	5.017467	7.364625
348	2	6.909268	3.937865	1.319759	2.576590	6.909268	-1.571267	7.881212	2.576590
352	2	6.831258	0.309654	7.300191	6.581795	6.831258	3.175746	1.562832	6.581795
354	2	6.380875	-0.396833	0.239238	6.266330	6.380875	-3.537872	6.731863	6.266330
356	2	9.051303	-6.626431	5.312797	6.325066	9.051303	-0.994899	0.269288	6.325066
358	2	5.863371	-4.954629	6.670087	6.925976	5.863371	1.181599	1.476388	6.925976
361	2	5.724608	5.872408	0.872430	4.755013	5.724608	3.602764	6.843952	4.755013
363	2	5.390752	-3.835393	7.657744	9.074552	5.390752	2.117477	1.325530	9.074552
365	2	4.500155	-1.239152	6.354095	7.363016	4.500155	0.388278	0.914296	7.363016
366	2	6.685474	2.403067	-0.028750	5.785810	6.685474	-2.560597	6.514360	5.785810
367	2	9.348769	-4.031438	8.099807	6.631340	9.348769	0.094224	1.612338	6.631340
368	2	5.875831	2.570024	6.610863	4.698278	5.875831	5.760167	2.334831	4.698278
376	2	6.060361	0.033975	5.824135	7.096345	6.060361	1.071157	0.017801	7.096345
383	2	7.051046	4.200342	5.814417	5.114659	7.051046	5.626224	0.213620	5.114659
384	2	2.208086	3.616636	3.764866	6.612754	2.208086	3.406967	7.243338	6.612754
386	2	4.765053	2.826039	0.653606	5.875616	4.765053	-2.203289	6.518262	5.875616
387	2	3.315912	-3.112858	6.814290	6.123105	3.315912	-2.889862	3.304620	6.123105
388	2	3.997264	4.622051	2.796872	5.584068	3.997264	-1.233488	7.462039	5.584068
394	2	8.420735	2.857557	1.938634	6.513454	8.420735	1.168928	6.617048	6.513454
396	2	8.831975	-1.587761	6.944862	7.095161	8.831975	1.438719	1.412201	7.095161
404	2	6.677641	-4.410189	7.393749	8.787699	6.677641	1.722077	1.230404	8.787699
405	2	5.498841	4.517709	2.262817	5.773579	5.498841	0.632842	6.724834	5.773579
413	2	5.489042	3.955689	2.753801	6.764348	5.489042	-0.603605	7.450149	6.764348
418	2	6.406642	-1.802673	1.585383	6.587612	6.406642	-5.294818	6.469129	6.587612
421	2	6.903883	1.880059	7.195585	3.227383	6.903883	5.437943	2.871709	3.227383
423	2	4.559491	0.371677	6.667311	4.604729	4.559491	6.863173	0.663900	4.604729
424	2	4.481049	4.204230	0.198993	6.763583	4.481049	1.536023	5.907227	6.763583
430	2	8.046629	-3.375881	1.758273	8.991099	8.046629	-9.316243	7.973732	8.991099
433	2	8.942638	-2.210906	7.466465	2.344460	8.942638	1.328381	1.444801	2.344460
435	2	7.165514	-5.939191	8.501549	9.203361	7.165514	-2.994967	2.049645	9.203361
438	2	6.750690	3.282803	-0.746103	5.482550	6.750690	2.871894	5.615549	5.482550
439	2	6.260889	-0.543844	6.800709	5.533111	6.260889	4.653322	0.948504	5.533111
444	2	6.071829	4.101635	3.528357	7.262727	6.071829	-0.322954	7.298724	7.262727
453	2	8.528489	-4.755965	0.859185	6.549699	8.528489	-7.080067	7.415712	6.549699
454	2	6.094282	-1.448011	-1.575813	5.498551	6.094282	-1.458035	3.979960	5.498551
455	2	6.421309	0.038078	8.697657	2.226932	6.421309	4.677675	2.686463	2.226932
456	2	7.920606	4.702292	0.441669	7.150932	7.920606	-1.839518	6.591636	7.150932
460	2	6.971775	-4.256363	0.290072	8.769593	6.971775	-5.203448	6.434069	8.769593
461	2	7.170743	-3.909362	0.185385	6.634220	7.170743	-6.348689	6.274382	6.634220
467	2	6.073258	-2.236369	0.228870	8.773050	6.073258	-6.684868	6.374850	8.773050
471	2	6.574831	6.158415	0.648156	4.794805	6.574831	0.970615	6.499675	4.794805
474	2	4.331000	-2.735794	7.093835	7.645370	4.331000	1.677562	1.254469	7.645370
475	2	6.769958	5.606747	2.159880	2.464011	6.769958	-0.238086	7.125987	2.464011
482	2	7.603857	0.334985	7.558246	9.216437	7.603857	3.895676	1.510658	9.216437
492	2	5.674329	6.508092	1.700590	7.799419	5.674329	2.678094	8.082032	7.799419
494	2	6.807387	0.059874	0.448161	5.341754	6.807387	-1.725613	5.896345	5.341754
497	2	6.782738	0.272289	8.279894	6.246909	6.782738	4.944967	3.112739	6.246909
500	2	6.390013	1.345888	0.814597	9.132949	6.390013	-4.503599	6.571332	9.132949
501	2	7.700930	-4.651528	-1.342232	7.114939	7.700930	-7.418865	4.849254	7.114939
502	2	5.881055	-0.481832	1.446191	5.843804	5.881055	-6.939346	7.238831	5.843804
509	2	7.839185	4.121302	0.672484	4.802670	7.839185	1.856402	6.661256	4.802670
513	2	8.094089	2.674654	6.507186	6.905220	8.094089	4.020322	1.091670	6.905220
518	2	6.165970	-0.551365	1.353691	6.298865	6.165970	-5.879757	7.552736	6.298865
519	2	5.543966	3.306798	-0.076181	7.333783	5.543966	2.231092	5.648179	7.333783
520	2	6.940107	1.948122	4.110715	6.013467	6.940107	-1.809817	8.483950	6.013467
521	2	6.094882	4.193112	1.944285	5.733551	6.094882	2.994881	5.705937	5.733551
522	2	3.881990	7.453872	2.564433	6.263660	3.881990	0.856541	7.825407	6.263660
525	2	7.671294	-3.995132	6.958565	7.138784	7.671294	0.041118	2.631445	7.138784
528	2	5.546291	1.209861	0.919689	5.824392	5.546291	-4.705253	6.615799	5.824392
529	2	5.572042	0.819492	-0.428177	7.594941	5.572042	-1.276414	5.492952	7.594941
530	2	9.825976	-2.024082	5.648171	6.153433	9.825976	1.022817	2.014302	6.153433
531	2	7.348608	4.844215	1.280335	3.942942	7.348608	3.758590	6.036404	3.942942
539	2	6.702881	-2.430990	7.226238	7.270331	6.702881	3.995290	2.664451	7.270331
540	2	5.419918	8.806601	0.015358	5.460373	5.419918	7.322406	6.254297	5.460373
544	2	6.819024	-0.139100	6.274490	4.348654	6.819024	1.013643	0.854629	4.348654
545	2	6.687927	1.122536	0.973513	7.983981	6.687927	-0.436088	6.525706	7.983981
553	2	7.061669	-1.877528	0.490481	7.722668	7.061669	-1.988817	5.482533	7.722668
559	2	8.109645	3.341095	-1.954053	6.122752	8.109645	3.130973	4.535903	6.122752
563	2	6.509450	3.353592	0.694808	7.351422	6.509450	-2.966655	6.317736	7.351422
566	2	2.350865	7.472295	0.909177	6.182748	2.350865	5.723495	7.164018	6.182748
569	2	6.299994	3.610098	7.250109	6.524450	6.299994	5.941524	0.990271	6.524450
570	2	4.664460	1.232309	7.512111	7.243826	4.664460	5.066235	2.557815	7.243826
572	2	3.245136	6.114949	0.114879	6.480881	3.245136	5.204197	5.939106	6.480881
575	2	7.628607	-2.464910	3.678631	6.014489	7.628607	-4.755911	7.442820	6.014489
576	2	6.974018	6.083107	-0.073537	6.460506	6.974018	0.058502	6.536051	6.460506
580	2	6.779443	5.803031	0.189331	7.351453	6.779443	4.589725	6.600491	7.351453
581	2	6.523497	6.100319	0.271360	4.790363	6.523497	0.300668	6.032569	4.790363
583	2	4.222806	-0.445167	7.336460	7.883151	4.222806	3.409160	1.833961	7.883151
589	2	6.373811	3.305330	1.645184	6.388163	6.373811	1.954818	7.119777	6.388163
590	2	6.472134	-1.832234	0.162632	6.195039	6.472134	-4.238408	5.970124	6.195039
593	2	3.510332	3.339699	6.328693	5.987546	3.510332	5.836178	0.158155	5.987546
595	2	8.619942	2.618050	1.039792	7.619684	8.619942	-3.668183	7.374031	7.619684
602	2	8.451526	-3.016956	-1.759095	7.403020	8.451526	-6.965815	4.126178	7.403020
604	2	5.540596	-4.224187	2.523035	2.238425	5.540596	-10.263508	7.060450	2.238425
605	2	7.127937	3.343167	1.550990	1.902780	7.127937	0.972517	7.703264	1.902780
614	2	6.184672	1.180382	-1.240471	6.287814	6.184672	1.171878	4.696359	6.287814
616	2	5.406148	-0.404167	7.224876	5.312691	5.406148	5.782501	2.738519	5.312691
619	2	4.616191	5.163925	0.845724	6.177911	4.616191	0.538552	6.456144	6.177911
625	2	7.083152	2.220616	0.612640	6.559307	7.083152	0.316816	6.520533	6.559307
627	2	7.210706	0.952301	-1.010753	5.122738	7.210706	-0.639297	4.905570	5.122738
628	2	7.019445	5.243937	6.023464	5.190864	7.019445	6.130102	0.888967	5.190864
635	2	3.985565	0.301400	6.575073	1.161539	3.985565	4.642708	0.267415	1.161539
638	2	8.807846	2.996677	0.703919	3.698026	8.807846	2.807325	7.028328	3.698026
643	2	4.439069	4.037682	1.984709	4.871539	4.439069	-0.008452	7.396749	4.871539
646	2	4.899527	0.531007	3.935025	9.208978	4.899527	0.533336	-1.392770	9.208978
647	2	6.767231	2.067467	1.358204	6.627837	6.767231	-1.419151	6.572924	6.627837
650	2	6.790525	1.996962	0.539686	5.416589	6.790525	-0.363145	6.835382	5.416589
651	2	5.503328	6.257832	-3.186943	6.620338	5.503328	6.255651	3.188056	6.620338
653	2	3.241541	-0.298891	6.160441	5.411528	3.241541	2.122991	-0.317654	5.411528
656	2	6.817052	7.765667	-1.139173	6.775209	6.817052	3.048229	5.464607	6.775209
657	2	8.477384	-5.573711	7.367997	7.031852	8.477384	-4.188404	4.049456	7.031852
658	2	7.403899	2.867742	1.382693	5.127789	7.403899	0.437128	6.145969	5.127789
662	2	3.754981	8.604818	2.154576	2.913378	3.754981	5.518465	6.686712	2.913378
665	2	5.731060	0.423661	8.533534	7.571633	5.731060	5.866767	1.974328	7.571633
667	2	6.579621	5.908112	1.458757	4.305865	6.579621	-0.006852	7.606313	4.305865
669	2	5.958090	1.396238	0.141197	5.181113	5.958090	-1.007318	6.428415	5.181113
671	2	6.250420	-0.436855	6.926908	7.501490	6.250420	2.791543	0.396647	7.501490
673	2	7.267327	6.450252	0.656314	4.056279	7.267327	3.687831	6.936484	4.056279
675	2	7.785376	-4.715914	1.817307	5.837312	7.785376	-5.764714	6.053856	5.837312
678	2	7.549363	-0.540721	6.087197	4.589510	7.549363	0.112469	0.124487	4.589510
681	2	7.174474	-1.390525	6.451397	3.880978	7.174474	4.791570	1.595735	3.880978
685	2	4.711666	-6.298337	0.782044	8.194117	4.711666	-8.333084	6.596487	8.194117
686	2	7.645231	1.608105	-0.401824	2.033896	7.645231	1.169499	5.697289	2.033896
688	2	6.581598	2.849941	1.354021	6.891308	6.581598	1.107264	6.419992	6.891308
689	2	4.914331	-3.590288	7.199690	6.065608	4.914331	2.288905	3.794619	6.065608
693	2	6.744449	-7.360051	8.446945	7.472024	6.744449	-2.148883	2.189837	7.472024
696	2	6.560101	3.913003	1.429113	5.107284	6.560101	-0.363651	6.965759	5.107284
697	2	6.718125	-2.670811	1.794722	6.169006	6.718125	-3.691992	8.118468	6.169006
706	2	3.915640	7.015889	1.204832	5.783978	3.915640	2.087132	7.148976	5.783978
709	2	4.163423	2.121965	7.040729	5.879280	4.163423	5.712177	1.276007	5.879280
713	2	7.478860	2.070876	5.987693	6.906685	7.478860	5.398318	-0.334459	6.906685
715	2	2.962656	0.051736	1.494213	9.290691	2.962656	-1.900555	7.804444	9.290691
719	2	3.299428	5.157921	1.178858	5.368799	3.299428	-1.339207	7.546843	5.368799
720	2	4.425303	6.122778	1.675522	4.445369	4.425303	4.526958	7.033461	4.445369
722	2	7.364972	2.507973	7.082872	3.855120	7.364972	5.184655	1.450040	3.855120
725	2	7.088689	-4.693944	6.646242	8.078104	7.088689	-0.541082	0.383765	8.078104
726	2	8.596095	3.978631	0.213022	6.562984	8.596095	0.739499	6.755394	6.562984
729	2	7.002778	0.297319	6.956057	5.546124	7.002778	6.425386	1.734655	5.546124
730	2	5.682659	0.812810	8.315889	5.840868	5.682659	7.146763	2.168717	5.840868
734	2	6.240092	6.623212	0.926914	4.916955	6.240092	3.774826	6.071793	4.916955
739	2	6.322071	6.125584	1.722891	5.621860	6.322071	3.417707	7.215967	5.621860
743	2	8.801228	0.469529	3.437481	2.487509	8.801228	-5.260415	6.500530	2.487509
744	2	3.931237	1.694805	8.810069	5.772972	3.931237	4.031793	3.473991	5.772972
746	2	6.371086	2.380110	6.891275	4.113146	6.371086	8.126451	0.373343	4.113146
749	2	7.611249	2.711246	0.378339	5.562493	7.611249	1.292744	6.451006	5.562493
753	2	6.441604	-0.687968	1.078413	7.383284	6.441604	-6.670872	6.500489	7.383284
754	2	8.017986	-2.437489	6.712456	6.060305	8.017986	1.833839	0.766357	6.060305
759	2	7.764112	-2.259538	4.812311	6.647470	7.764112	-1.758349	2.036194	6.647470
760	2	3.343107	4.109087	5.168133	7.192344	3.343107	4.497473	-0.644946	7.192344
761	2	5.580494	3.046095	0.773868	5.528175	5.580494	1.526298	6.409574	5.528175
762	2	7.800089	5.053943	5.978035	3.680619	7.800089	5.786486	2.908166	3.680619
764	2	5.037873	1.638596	0.651171	6.259639	5.037873	-1.854979	6.834763	6.259639
767	2	6.520375	5.607887	1.057469	8.573980	6.520375	4.298506	6.503522	8.573980
768	2	6.988202	-1.896754	7.172516	7.281818	6.988202	0.181859	2.331392	7.281818
769	2	3.697643	0.475585	6.998324	4.344625	3.697643	2.919159	1.910865	4.344625
770	2	5.681797	6.352898	3.046086	6.386109	5.681797	0.866770	7.732236	6.386109
771	2	7.383453	-3.331838	1.906557	6.414865	7.383453	-7.778716	6.836606	6.414865
775	2	8.922318	1.803759	-0.737863	6.749069	8.922318	-1.242989	4.932375	6.749069
781	2	8.099202	1.148760	1.984614	7.495312	8.099202	-0.135430	6.794437	7.495312
785	2	6.629280	-4.629601	1.735309	8.295274	6.629280	-10.170933	6.499700	8.295274
788	2	4.722501	7.302684	3.725759	3.531909	4.722501	2.886925	7.766979	3.531909
789	2	5.218230	8.291547	1.324154	5.747213	5.218230	6.460752	6.927160	5.747213
790	2	6.126072	3.311646	-0.474728	6.197377	6.126072	-2.560874	5.711757	6.197377
796	2	7.659330	-4.723423	7.856312	7.954396	7.659330	0.098909	1.836161	7.954396
801	2	5.375136	-1.721354	6.324341	6.437288	5.375136	4.343590	1.734045	6.437288
806	2	6.677107	1.016034	7.602452	7.464538	6.677107	5.184272	1.391661	7.464538
807	2	6.382705	3.268275	1.220505	6.280322	6.382705	1.163675	7.634041	6.280322
809	2	3.106877	2.902844	5.836849	8.508001	3.106877	3.867050	0.711237	8.508001
810	2	3.501314	5.214812	-0.036555	6.316803	3.501314	-1.260796	6.008078	6.316803
811	2	6.853221	-1.251683	1.706848	2.979851	6.853221	-5.809710	6.615658	2.979851
812	2	5.108779	5.703548	-0.831761	3.236208	5.108779	3.277511	5.574398	3.236208
813	2	6.253862	1.644112	5.026676	5.776298	6.253862	3.673053	0.587755	5.776298
816	2	4.203120	-4.369125	8.384872	9.207889	4.203120	1.923634	1.989331	9.207889
821	2	6.768699	-4.342967	6.639041	6.911013	6.768699	-1.644487	0.741923	6.911013
822	2	8.608804	1.304678	6.484303	4.485858	8.608804	2.633821	0.439680	4.485858
834	2	5.143390	4.842505	6.999912	4.803644	5.143390	6.314800	1.377190	4.803644
841	2	4.540947	6.472974	2.859206	6.691709	4.540947	3.903387	6.813841	6.691709
842	2	5.216743	-1.692304	6.468105	7.342244	5.216743	3.444398	0.506293	7.342244
845	2	6.102580	5.689591	1.331022	5.587718	6.102580	2.615591	6.318924	5.587718
859	2	6.814450	-1.387690	1.054529	5.658770	6.814450	-7.379880	6.457774	5.658770
864	2	7.849185	-3.196907	0.914545	9.159373	7.849185	-7.201396	7.091868	9.159373
868	2	8.498112	-2.035151	5.513882	6.655671	8.498112	0.947574	-1.098440	6.655671
872	2	5.586455	3.733603	-0.897342	6.547308	5.586455	3.494839	5.693363	6.547308
873	2	8.382710	-3.507246	1.068208	6.750735	8.382710	-9.481583	6.785547	6.750735
874	2	5.043546	-4.240052	7.733400	4.368893	5.043546	0.966188	1.292183	4.368893
878	2	4.093175	3.813378	7.099221	7.035023	4.093175	6.695430	1.685963	7.035023
882	2	7.853018	3.376920	3.000842	6.683032	7.853018	1.246421	7.883945	6.683032
886	2	6.384425	-5.464874	6.644046	7.536511	6.384425	0.948174	0.214851	7.536511
887	2	4.646386	1.291302	7.517269	7.423915	4.646386	5.036245	2.681257	7.423915
891	2	7.285936	-3.074174	6.346773	3.755821	7.285936	0.439048	-0.038560	3.755821
892	2	6.566379	5.876482	1.357662	7.329228	6.566379	1.703266	6.531526	7.329228
893	2	6.666515	-4.129205	2.222451	9.724334	6.666515	-6.206476	7.816711	9.724334
894	2	4.103187	2.746876	-0.527255	7.868696	4.103187	-3.185018	5.344224	7.868696
895	2	5.407431	-6.041329	8.496111	6.388831	5.407431	-0.340634	3.229748	6.388831
896	2	5.269328	-1.186147	6.329444	6.528589	5.269328	5.045000	2.447648	6.528589
897	2	6.863203	1.549415	1.666614	7.939810	6.863203	-0.871693	7.319735	7.939810
899	2	8.106386	-1.641754	6.771973	6.252434	8.106386	2.398390	1.812699	6.252434
903	2	6.633218	9.277483	1.752136	5.683592	6.633218	7.880199	6.746400	5.683592
906	2	6.470486	2.868675	6.507031	6.869599	6.470486	8.322995	0.278197	6.869599
909	2	4.886282	3.385256	8.926117	6.616295	4.886282	5.373357	2.708505	6.616295
912	2	7.465447	-0.986429	0.576146	7.404880	7.465447	-2.081986	6.393340	7.404880
919	2	6.773408	2.537928	7.395286	2.531582	6.773408	5.965928	1.375477	2.531582
927	2	4.442085	5.812281	1.315734	8.150182	4.442085	0.257319	7.833783	8.150182
930	2	6.685513	-4.239345	7.887856	4.416028	6.685513	1.673237	2.370420	4.416028
932	2	7.223171	-0.479785	1.928159	6.293549	7.223171	-3.541257	6.708687	6.293549
945	2	7.363998	-4.470894	3.619973	6.974483	7.363998	-8.286292	7.104834	6.974483
947	2	8.714535	-3.011602	0.712661	4.821198	8.714535	-4.069790	6.286067	4.821198
948	2	6.760143	-1.753072	6.878775	7.761251	6.760143	2.774378	0.951996	7.761251
950	2	8.270008	3.436422	1.945553	4.665021	8.270008	-1.165445	6.819671	4.665021
951	2	9.493754	-1.866804	0.587968	6.495116	9.493754	-3.840616	5.974730	6.495116
953	2	8.252343	-12.254774	7.556934	9.104929	8.252343	-5.903616	2.359372	9.104929
954	2	5.828092	0.705923	-0.038122	6.783511	5.828092	-5.204705	6.444591	6.783511
957	2	8.006385	-1.828728	5.255213	6.848518	8.006385	-0.488475	0.130951	6.848518
963	2	7.540321	-0.899667	0.139029	3.776286	7.540321	-2.729531	5.823459	3.776286
964	2	1.247374	5.815289	1.136219	7.395350	1.247374	3.233913	7.037465	7.395350
975	2	5.667404	3.450834	3.918456	5.736720	5.667404	-0.263996	6.785906	5.736720
977	2	6.632947	4.913850	-0.457280	6.192072	6.632947	1.920346	5.726173	6.192072
980	2	3.886566	6.316362	0.241403	6.343451	3.886566	3.016578	6.278929	6.343451
982	2	6.793379	0.017719	1.775068	9.217295	6.793379	-3.597800	8.152433	9.217295
985	2	9.736871	-3.151711	6.443094	2.551350	9.736871	2.904082	1.339342	2.551350
986	2	6.327512	-3.843502	7.428860	7.853734	6.327512	0.083774	1.098572	7.853734
988	2	8.875963	0.028770	-0.601529	6.535379	8.875963	-0.195046	5.498379	6.535379
989	2	6.592234	5.270746	0.252870	6.087374	6.592234	3.417776	6.798048	6.087374
994	2	6.311912	-0.319411	2.405746	6.110041	6.311912	-1.107983	5.782460	6.110041
995	2	0.757396	3.645183	-1.861326	7.993846	0.757396	3.385810	4.119888	7.993846
997	2	3.244225	4.223682	6.463133	5.512431	3.244225	5.980617	0.119688	5.512431
998	2	7.297376	2.005159	2.315967	7.509758	7.297376	-1.882104	6.650786	7.509758
999	2	6.231375	4.042153	8.280707	5.961567	6.231375	6.354722	3.092100	5.961567
