1	2	7.898039	-18.786065	7.669382	3.197494	6.541382	-4.671412	5.650862	-1.552103	-3.311435	-4.638362
2	2	-7.179719	10.652335	-10.156593	1.654941	-1.078234	5.633533	-3.848990	-3.618558	5.435909	6.151743
5	2	8.476771	-18.495459	8.969531	6.780681	4.372403	-2.538559	6.768508	-1.948685	0.926959	-6.543970
7	2	0.130619	9.865510	-2.240477	0.602834	-2.678415	8.695840	-9.997032	4.752968	5.564901	6.247138
10	2	6.293521	-7.818376	8.551104	5.821839	2.700139	2.016531	9.908833	-4.004671	-0.539781	-9.573070
15	2	6.510655	-7.144938	8.048275	6.544902	6.819898	-4.972587	11.478530	-4.742404	0.038567	-4.160146
16	2	6.000936	-8.227769	6.491861	4.520100	9.352875	-5.883079	10.378829	-4.177157	1.129365	-2.349351
18	2	5.725677	-15.083917	8.756515	6.336418	7.954107	-4.692011	12.141418	0.082438	1.094935	-3.152564
20	2	2.435820	-11.895804	6.490962	7.301513	4.989426	-4.594422	8.487339	-5.903364	1.059713	-4.905187
23	2	-5.727873	8.241903	-2.160067	-2.461433	-9.322442	0.657850	8.241871	-2.160067	-2.461433	-9.322442
27	2	6.208690	-15.974558	8.028424	5.562896	7.599342	-0.606476	6.371434	2.109120	-0.508622	-3.668628
37	2	-3.919125	9.568773	-2.040998	3.389427	-3.053533	7.013157	-16.064011	6.549262	7.817554	8.357651
41	2	-1.543091	-9.723687	8.527980	6.639781	4.646297	-8.140811	7.831428	0.459329	1.444894	-3.170854
50	2	0.422690	-4.867741	6.607444	7.804929	-2.026323	0.422721	-6.127863	6.607444	7.804929	1.836181
51	2	-3.379368	9.580358	-2.761649	1.528705	3.144328	7.735134	-16.203205	6.715047	5.520337	9.270616
56	2	0.973942	-7.128428	5.192139	8.600306	-4.853399	7.119007	-9.359853	5.193892	8.600306	-4.853399
57	2	5.620549	-10.609813	5.290112	4.594657	4.903973	-3.414429	6.174212	-4.873251	-1.489556	-4.782791
60	2	7.294590	-13.533040	6.887188	6.247380	7.733041	-3.186308	9.988783	-4.661590	0.122444	-0.724490
62	2	-4.927364	8.063922	-3.284895	4.520500	-2.441766	7.577015	-11.961319	7.570876	6.928485	7.533347
77	2	7.657708	-11.069389	1.092550	6.373722	3.693962	7.657708	-11.071176	7.463589	6.373722	3.693962
78	2	-2.577178	8.625907	-9.648718	3.026856	-6.098653	6.198804	-9.128673	-4.165911	6.602996	6.625072
86	2	-6.374331	9.859974	-2.264714	-0.954878	-9.256762	4.767714	-4.314300	9.036823	3.246664	-2.137836
91	2	6.462491	-13.725460	6.017774	4.608181	8.131224	0.419432	4.063945	-3.750464	-1.382846	5.398231
92	2	8.765345	-16.044149	8.454850	8.170444	5.932335	0.102746	8.888579	1.873407	1.806986	-2.558949
93	2	-5.433418	6.238930	-3.587208	3.852546	4.673621	5.293309	-10.214644	6.364261	6.446523	7.650333
97	2	-1.708711	12.480574	-4.808496	0.386621	-3.578870	5.915317	-13.870277	5.327735	5.924225	7.207107
98	2	6.937050	-16.828553	6.642863	6.998613	5.551479	-5.414097	7.439858	5.303002	0.624701	-3.291014
104	2	7.494237	-18.723155	9.101778	5.660863	6.028484	-0.171804	6.624986	1.946357	4.473692	-4.654603
105	2	3.923501	7.227584	-3.611326	-2.312071	0.615953	7.867214	-10.580009	8.508576	3.746001	8.515354
106	2	-0.880988	12.309562	-1.126861	0.193133	-9.235203	7.058607	-9.063962	7.195935	6.367910	-0.477243
110	2	-3.540692	11.690545	-7.980025	-2.282098	-1.111869	6.877021	-4.256759	4.954170	4.161040	6.687630
111	2	1.912594	11.111790	-3.973713	-4.176547	-7.294162	7.339313	-0.698279	6.561483	2.073219	-1.046826
112	2	6.719659	-17.779726	8.729050	8.382741	7.511820	-3.344675	7.896481	-1.885754	2.253121	-1.687562
113	2	5.841554	-7.045055	-0.084201	7.571303	7.320161	-4.390033	12.006357	-6.338972	1.124825	-2.182936
116	2	3.399682	7.955051	-5.913582	-0.322460	-4.347607	-1.735993	8.441529	-5.913582	-0.400828	-4.347607
117	2	7.905248	-16.324405	6.200320	6.797206	7.477618	-2.890816	7.290449	-5.252226	3.394197	-2.351219
119	2	-5.046807	-15.589044	8.982200	8.813350	7.469358	-7.351201	7.985974	-2.886460	3.490622	-1.380050
120	2	6.481129	-13.781285	6.640141	6.334243	8.199370	-6.157527	9.343173	-3.384546	1.060894	-3.798640
123	2	-1.659254	8.353856	-1.673104	1.969353	-1.964636	5.659297	-18.805645	7.162114	7.567856	5.421286
126	2	-7.632788	11.145983	-4.337265	0.461740	-3.887682	4.333976	-11.298342	7.079510	4.925918	8.770563
128	2	0.456361	8.551208	4.899530	-2.348589	-3.491825	6.450226	-6.176678	8.924179	4.199862	7.361963
138	2	-0.468935	11.194933	-1.537917	2.443152	-3.143520	7.936023	-6.864218	9.506776	4.991732	4.352772
142	2	6.600467	-13.255396	-3.001341	7.433172	-0.871003	-2.280268	4.409865	-7.673311	1.556718	-5.444955
146	2	-3.023276	12.542471	-3.904627	-2.563783	-8.594749	7.468704	-8.956248	6.367295	4.053375	-0.857180
151	2	6.312937	-14.739419	7.759947	5.817287	3.997380	-6.397797	8.283278	-3.501851	-0.191224	-3.427060
154	2	-4.739678	11.371445	-4.963768	2.017394	-4.841216	5.112049	-3.696616	6.376575	4.221515	6.785065
156	2	6.227484	-10.250935	6.515461	5.377486	5.712969	-5.784332	6.668629	4.937882	-0.998449	-1.357153
157	2	6.975247	-19.107871	5.858777	9.823408	5.020263	6.975247	-14.647632	5.858777	9.823408	-1.173739
158	2	6.612967	-12.617598	-0.292263	6.063509	8.903506	-5.833274	8.000835	-5.918332	1.389261	1.457893
167	2	6.617024	-12.720224	7.773717	6.742373	6.922306	-1.665451	8.948404	-2.673898	4.871268	-4.646180
169	2	-2.826506	9.839395	-1.144505	-1.263319	-1.721862	7.408537	-11.057010	7.842924	4.839733	7.083355
174	2	-0.657804	9.635728	-5.332878	1.806907	-5.882398	7.865975	-10.739340	6.515192	5.403143	5.161212
175	2	0.376597	-8.221383	6.185936	6.078150	9.537246	-6.085632	10.776331	-5.310015	2.151786	-2.194255
176	2	6.801952	-17.880955	5.747310	8.292646	6.537650	-4.692111	8.109858	-5.667321	2.912506	-2.368033
179	2	7.355385	-16.312743	7.197022	4.569823	8.118269	-3.056062	3.288501	-4.179571	0.847817	5.589761
180	2	6.326537	-14.862196	6.541272	6.860356	8.882165	-5.839805	10.049432	-0.858803	0.789929	-3.698939
182	2	-4.856243	7.655258	-1.638252	0.471220	4.005856	6.955614	-18.070210	4.701441	5.842969	7.237351
189	2	-3.471231	10.185253	-3.967657	0.586698	-3.316910	7.945575	-13.201382	6.372864	7.198827	7.245075
190	2	7.130753	-19.142865	5.454632	6.392845	6.405279	-0.428529	6.816559	-4.457986	0.443172	-1.291507
193	2	-3.128893	10.986434	-2.932590	-0.141332	-3.740072	7.504829	-10.572496	9.612199	6.039283	6.902318
194	2	-5.101785	10.451906	-4.220199	1.521903	-6.529544	-3.243262	-0.266580	7.425872	5.427219	4.591321
196	2	-4.763787	9.945122	-2.194282	2.680456	-4.070316	7.323644	-8.111999	0.410677	9.067930	5.725266
199	2	-10.086377	10.504996	-3.931989	-4.478756	-4.675985	1.641989	-3.056949	6.886455	1.783757	5.936546
202	2	-1.759966	9.756805	-4.778242	0.857156	-4.581454	7.142696	-8.167391	5.481174	6.928652	5.760836
206	2	-2.889394	9.373803	-0.471636	0.295527	-4.558205	4.435527	-10.654719	8.371018	6.499647	6.701965
207	2	6.608745	-17.858178	5.504020	8.452774	8.842017	4.683045	3.299077	-0.728805	4.528353	-1.305124
210	2	-3.591935	-1.432854	7.069135	3.632487	-2.945580	-9.839243	10.105295	-3.777908	-2.662412	-9.050505
213	2	-1.508413	8.087782	4.155529	-0.525143	-7.391380	7.904112	-7.587589	5.956448	5.270531	-4.373244
219	2	-6.188333	12.500489	-2.147107	0.526037	-4.393975	6.281427	-13.192963	6.926343	6.842743	6.101172
222	2	-5.037426	9.100279	-3.168155	0.328804	-9.035332	6.531686	-4.140868	6.668485	5.790927	-3.037951
223	2	9.162568	-12.428650	6.799882	6.755180	7.075083	9.162552	-5.912792	0.687354	6.755180	7.064943
226	2	-0.849126	8.199049	-1.709765	0.729965	5.601572	8.521353	-13.434202	8.540785	5.838625	7.770235
232	2	0.131363	10.392741	-5.738174	-2.596857	-4.052834	8.450919	-10.341845	6.327888	4.023198	7.749140
233	2	0.752106	6.705488	-6.014882	-0.079355	3.153326	7.165870	-3.247051	6.733040	1.919991	7.674315
235	2	6.680971	-17.281991	6.062463	7.101369	7.146412	-5.286806	7.073299	-4.260335	1.074380	-3.490449
247	2	6.172968	-10.899770	6.863787	8.584870	8.129252	-4.881804	5.812680	-5.860851	7.895847	-3.425976
249	2	-2.213803	11.628874	-4.529152	2.325671	-3.537574	7.664407	-5.428300	1.937821	3.929470	7.992181
252	2	-6.685274	9.018503	-5.681540	-0.093501	-4.748750	-3.113743	-7.932590	6.024025	5.867437	7.601185
256	2	-7.779737	9.924944	-3.603349	1.657734	-6.804422	4.699538	-6.502625	6.411313	6.356548	5.402973
258	2	5.634608	-13.800613	7.815624	6.938035	8.636721	-3.925549	7.749803	-5.158135	0.925275	-1.781535
259	2	8.121925	-11.484432	7.078268	8.230018	5.831261	3.792342	7.720486	-2.380328	1.834568	-5.661330
260	2	-5.538582	4.830029	-5.260934	1.583900	3.754039	6.986175	-15.877646	7.158154	6.839394	8.072998
270	2	-4.910915	10.052337	-2.520684	1.198728	-3.282899	5.537993	-20.242978	6.431786	7.014151	7.828915
271	2	0.028025	-6.870643	6.584554	6.728172	7.884474	-4.779959	3.331353	2.005453	1.172488	-1.866009
279	2	-2.012628	9.801113	-1.231961	0.284227	-5.388606	9.421270	-19.655696	9.163536	5.783656	3.956010
281	2	6.546842	-9.495464	6.872169	4.687440	8.706975	-3.967887	10.372599	1.923196	3.766118	-3.163133
283	2	7.170134	-15.040238	7.060180	6.778572	6.779148	2.508564	8.710030	-1.978482	0.660452	-5.235321
286	2	-9.588803	9.662498	-3.108558	2.270546	-3.460767	-3.462117	-14.451926	6.992138	8.673602	7.817105
288	2	7.018622	-11.341929	6.748085	7.270811	6.158384	-2.748619	10.228170	-5.240091	1.222377	-6.259332
298	2	7.527569	-10.418714	6.325201	2.278149	7.076579	-4.376236	9.116708	-4.651127	-3.669163	-1.007030
303	2	-8.060682	8.828374	0.067713	3.180084	-4.387700	-1.832357	-7.011491	6.322435	5.263843	5.852332
305	2	-2.691572	9.916158	-2.867781	0.644541	-4.077939	5.332938	-9.471238	6.220679	4.846239	6.440821
308	2	7.634520	-12.744964	6.071088	8.074611	8.818517	-4.188547	6.804290	-4.243153	1.556241	2.132211
312	2	0.796552	8.663109	-6.168821	-1.497618	-4.997941	6.514755	-10.961617	5.038355	4.574591	6.373461
313	2	1.370102	10.786533	-1.309731	-0.283163	-3.946276	8.080762	-9.216750	7.422256	5.221976	8.225126
320	2	-3.135713	9.604624	-0.603780	1.001169	-5.983126	6.650395	-7.672214	5.770518	4.692180	5.743705
323	2	0.882383	-3.834234	4.864521	5.192419	6.465524	-2.906605	10.545667	-6.517558	-0.804782	-1.450280
328	2	-8.901596	11.247650	-3.932981	0.361744	-2.573852	-2.472905	-2.044971	2.369374	5.917822	6.782742
331	2	-4.442342	7.406312	-2.394808	3.209785	1.051259	4.778003	-14.744631	6.635198	6.416859	7.404437
334	2	8.372991	-13.104127	8.079028	7.956429	8.604149	-2.737539	3.383916	2.421631	1.568926	4.171168
335	2	-4.874293	9.968895	-4.101169	0.122133	-2.271584	5.945356	-12.553602	6.738285	6.097869	7.283798
340	2	-5.778659	12.879927	-5.050371	2.996112	-4.174826	6.417919	-10.810186	7.072920	6.749738	5.474385
345	2	-6.180934	10.080559	-3.692225	-0.923728	-5.341165	4.870397	-14.877350	7.993746	4.741271	6.688629
347	2	-5.084129	9.490799	-8.227005	-3.611295	-6.065312	5.785513	-5.489499	-3.606203	2.801087	6.576178
348	2	7.865186	-15.777263	9.122920	5.929748	8.284886	-4.890841	10.176317	-1.287198	-0.397358	-3.728219
351	2	6.146308	-11.089203	3.959729	4.684181	5.859222	-4.037343	9.768728	-4.215065	3.252651	-5.168609
353	2	-5.305352	7.951377	-5.262949	0.667060	-6.500966	6.508063	-11.414781	5.255926	6.246736	6.235331
355	2	7.559101	-14.512678	8.264599	5.879253	8.066915	2.317320	7.467193	2.037343	-0.079202	-3.661654
358	2	6.373751	-12.694634	6.537585	3.949732	6.337223	-2.612019	7.189126	-3.456699	-1.491151	-3.534621
359	2	-7.973510	9.645991	-5.549964	-0.678702	-6.512002	3.915165	-16.481123	4.934115	3.867495	4.707957
361	2	-1.043106	-9.464086	4.902443	8.373554	7.011110	-5.489084	10.206981	-4.239939	2.843823	-3.785584
362	2	4.089575	8.363188	-1.406508	0.158390	-3.640134	8.315331	-21.771994	8.396281	5.743488	7.183397
366	2	-9.339716	9.578351	-3.513650	4.162649	-6.077555	-4.618099	-8.735688	5.994576	8.055997	6.686333
371	2	6.893992	-13.524256	-5.180216	6.150131	6.227296	-3.612326	7.194600	-11.627137	1.274785	-5.978492
372	2	5.595813	-9.793607	6.769070	5.306773	6.994876	-3.589242	10.883884	-1.832639	1.155248	-5.154884
374	2	0.517306	-9.069530	7.524480	8.955106	3.887879	5.331969	-10.789031	7.524480	8.956044	3.887879
376	2	8.725995	-13.975782	2.963421	6.253696	8.148213	-3.723797	5.007614	-1.068913	4.447864	-3.440907
379	2	-5.662352	8.907908	-0.757408	-1.485498	2.279152	5.623396	-11.223902	6.829378	4.362975	8.711097
398	2	8.333736	-15.227760	7.206923	7.430831	7.445378	-3.064516	9.398276	-4.744189	3.964038	-2.896234
402	2	-3.638068	2.879507	-8.232317	0.224540	4.890132	6.963605	-10.724890	-4.044260	6.444357	6.949752
409	2	6.605573	-14.743630	6.295466	6.043289	6.596523	-2.767558	11.203437	-1.095903	0.796582	-6.380474
411	2	6.693104	-3.186862	7.095574	4.392464	-1.643624	-5.086433	7.862724	-2.931665	-1.679914	-7.000108
414	2	-6.977721	11.188722	-6.703688	1.668923	-3.873387	4.986761	-5.393116	-1.639268	7.223399	3.673158
415	2	-4.574705	12.109258	-4.094363	0.261472	-8.604056	7.705024	-6.998426	8.816738	5.608634	-4.067815
419	2	7.936379	-12.153752	2.181170	8.308667	8.282312	7.936379	-15.643347	7.798342	8.308667	8.282312
423	2	6.199883	-14.215327	8.138664	8.502283	8.598281	5.480776	5.509683	-1.923462	1.900378	-2.895643
429	2	-3.755420	11.296432	-4.838455	1.824108	-6.494251	2.283941	10.660913	-4.838455	1.824133	-6.494251
430	2	-3.464803	12.129054	-4.551365	2.143122	-2.830615	6.845272	-11.206583	6.252463	7.434027	6.976768
431	2	7.280791	-6.459006	1.182796	1.972613	6.201970	0.912137	10.171003	-10.655530	-3.218020	-5.653090
436	2	8.696061	-15.484002	5.879987	6.228206	4.886078	0.011857	9.021180	-6.763636	-0.062378	-6.881003
440	2	7.823853	-10.162001	7.449431	6.527558	4.291465	-1.775377	5.391404	-3.019174	5.309152	-7.668468
444	2	6.384124	-4.703120	5.233510	5.745956	-1.043352	-5.941979	11.927563	-3.426868	-0.707345	-4.291244
449	2	-5.256072	8.905619	-4.421873	3.665896	-3.124263	0.097390	-6.778324	6.533816	9.584494	6.188202
450	2	7.892016	-1.169667	0.386716	3.460202	9.021095	7.892105	-12.926912	5.607270	3.463325	9.021729
456	2	-5.829841	10.466438	-6.135580	4.229001	-4.173066	6.290244	-9.503690	-2.814688	8.294496	5.691951
466	2	9.646825	-13.489461	9.179254	4.333609	6.345764	0.453449	6.059749	5.901324	-1.521227	-3.061892
468	2	5.660584	-17.662946	6.859570	5.327359	5.893735	-4.771491	7.165464	-6.084296	-1.078258	-6.894612
475	2	1.399552	5.159586	-5.909956	-1.539860	-5.194120	7.106221	-13.241077	5.906256	4.903473	7.200977
477	2	-8.625068	11.188091	-6.395336	-0.671407	-4.584641	3.606764	-5.276772	5.849110	5.341326	6.586213
479	2	7.502036	-12.301824	6.429664	7.994415	4.847731	-4.006465	11.488112	-2.418273	1.468232	-7.510711
481	2	-4.752193	10.252297	-8.712372	3.461291	-2.667123	7.308900	-19.208601	3.196364	8.487152	5.271808
482	2	5.833632	-19.529538	5.547720	7.811858	9.526492	-2.735986	8.327604	-4.691467	1.549005	-1.633429
485	2	-3.755214	8.716861	-0.796110	0.984604	-3.399679	6.904348	-14.449297	8.251062	6.695892	5.482196
486	2	3.751259	9.790492	4.435925	-0.760388	-3.058150	6.548259	-13.396824	8.020589	5.360478	6.421283
491	2	-2.354428	10.812151	-2.389454	2.475761	-3.810917	6.953350	-8.749774	6.527220	8.122883	7.629782
492	2	0.769951	8.872011	-3.628581	2.482449	-8.493845	6.664353	-9.054851	8.702154	5.703690	-2.223109
494	2	8.201495	-6.533428	6.642546	6.117438	8.265812	3.825232	10.891770	-4.965133	0.139077	-3.628056
495	2	0.888341	8.104509	-2.186361	0.795771	-5.017131	5.013681	-11.927196	8.584139	6.579461	0.542209
499	2	6.134670	-16.387082	8.610565	4.958663	5.165613	-5.353410	6.761907	2.026881	-1.121249	-4.551728
505	2	4.738784	-10.875465	4.500716	8.036924	7.186079	-7.985786	7.996179	-3.178050	2.603804	-4.056833
510	2	-4.896004	8.253313	-6.611644	3.643846	-2.496052	6.286466	-5.659881	-0.191269	6.782996	8.034609
516	2	-3.938580	9.325856	-2.377792	-3.134641	-0.764025	8.292270	-8.497426	6.452682	2.890049	8.203204
519	2	-0.304597	10.642171	-6.531131	0.003527	-4.105472	7.730902	-8.996153	6.411289	5.848974	6.978265
522	2	-1.757983	-9.813342	7.030732	1.516772	7.769152	-7.368669	6.987956	-0.970244	-5.084987	-3.635824
523	2	6.657865	-9.275008	7.309856	7.181376	6.645012	-2.031995	9.956932	-3.127533	0.856941	-4.723701
526	2	-9.266532	12.003226	-4.644234	2.369300	1.739807	1.108293	-8.541776	6.874766	7.109776	6.135388
527	2	-3.514288	3.918606	-4.405710	3.495456	-5.600206	6.082457	-12.122069	6.940407	9.340684	7.064940
528	2	6.696700	1.100178	-0.996638	2.466471	7.604977	9.123270	-8.224918	6.919992	4.757073	8.980788
530	2	7.963760	-14.188039	7.205545	7.206894	6.787596	-3.216230	9.645000	-3.490494	2.124948	-3.283337
532	2	8.489042	-11.150472	-1.350431	6.176178	7.123252	-1.748966	10.818208	-5.641326	-0.327641	-2.989833
533	2	5.705876	-7.641552	7.545702	3.916555	9.421827	-1.270453	10.322796	-1.430121	-2.450470	2.950456
534	2	-2.842462	10.274862	-1.677110	-1.292645	-5.825862	6.817946	-12.245911	6.794699	5.229762	5.791927
542	2	4.293284	-12.126775	7.454380	8.174782	6.754877	-6.144712	5.407502	-5.387361	4.558923	-4.502335
546	2	5.728788	-7.210770	8.757746	6.067460	6.075233	-3.890888	9.961297	-0.603996	0.932758	-2.810572
547	2	-4.019492	11.100291	0.011419	0.766482	-5.377189	6.612605	-9.398352	6.674575	7.017874	6.188912
549	2	-5.043955	4.122887	-4.926928	0.943936	5.147359	7.347578	-15.543286	6.474222	6.970816	7.208667
550	2	7.091718	-8.351662	7.950462	5.697527	5.232388	-4.309565	10.221476	-4.222744	1.126022	-1.810790
551	2	-5.355024	8.729836	-3.509917	2.016531	-3.458177	7.070250	-14.921575	6.943164	7.335419	7.633647
552	2	4.782000	-7.902010	4.901229	5.622489	7.412349	-4.997836	10.074862	-2.492545	-0.022013	-1.100104
554	2	-8.210280	8.323489	5.931445	0.579561	-2.342167	-8.210280	11.901764	-0.253395	0.578426	-2.390913
556	2	-3.321164	9.935363	-8.913564	-0.338819	-4.988767	7.354087	-11.203606	-1.398291	6.128275	6.640558
560	2	4.069276	-11.734833	5.921867	6.102756	7.021705	-2.537293	9.344741	-5.625643	0.142206	1.158747
562	2	-1.615817	0.339278	0.140017	7.504779	5.209286	-1.559887	-2.334939	6.683908	8.490010	6.415792
564	2	-6.479535	10.407579	3.985504	3.421250	-5.713296	5.642151	-13.786121	6.738391	7.143893	6.329640
569	2	-6.048165	9.791067	-0.907842	-0.699756	-7.861135	7.088588	-1.421803	0.513877	3.871872	4.913208
573	2	5.865296	-7.412763	-3.738861	4.823931	7.338497	-2.572655	9.568891	-10.098464	0.641199	-4.408527
577	2	-4.929161	7.835846	-6.881472	3.533680	-3.295788	6.700067	-17.890798	4.561171	8.827117	6.020485
581	2	-4.104486	3.650188	-2.954535	4.711084	-5.307142	6.230086	-12.254794	6.967763	6.183595	5.715160
589	2	7.882250	-18.053965	6.741219	6.689662	7.353835	7.321767	4.822180	-4.857448	0.959154	-5.331510
590	2	-6.904842	10.554932	-5.592625	2.175755	-3.360264	-2.018202	-4.724620	4.905329	6.859620	5.685441
591	2	7.182202	-15.463057	5.564389	7.484776	7.237745	-5.110381	9.786357	-2.191487	3.125130	-0.426925
596	2	-5.381991	9.371032	-5.634685	3.319230	-3.979719	0.447286	-3.604089	6.027231	9.157344	8.156579
597	2	-4.987037	8.670212	-3.208733	0.027927	-2.660264	6.434552	-7.082784	9.247688	5.710647	7.383309
601	2	7.445346	-16.153055	7.477444	8.804995	7.615287	-3.182420	5.692827	2.385043	4.202325	-4.210051
602	2	4.349870	8.588636	-4.970025	-2.270584	-2.030252	8.042982	-7.887349	6.786927	3.820442	9.063372
606	2	-8.857977	9.227646	-2.624830	0.164829	-5.447176	-3.108025	-4.618338	5.436776	5.990493	5.574171
608	2	-4.881084	9.895804	-3.889635	2.880129	-7.595733	5.062165	-16.565268	8.554451	7.016921	3.995614
614	2	5.624746	-8.733890	7.218743	2.550311	6.422080	-4.835076	12.050001	-3.024768	-2.463145	-5.035940
618	2	8.485942	-4.395186	6.574828	5.494022	1.784940	2.055648	8.035229	-3.634846	0.058130	-3.826699
627	2	7.006843	-14.316613	4.815531	6.126374	6.348096	-1.764120	8.482033	3.811220	0.624404	-6.132587
628	2	-3.005741	8.568695	-0.701710	1.302158	-2.720513	8.374943	-12.537646	6.399795	5.636011	8.358995
631	2	-0.654351	-6.332290	9.381651	4.708032	8.754075	-4.664967	4.785779	8.012050	-0.223092	-2.080856
632	2	-9.658161	10.307332	-7.255903	2.181718	-6.257789	-4.195716	0.739064	-3.286807	7.277942	5.688762
633	2	4.235506	-10.428539	7.291272	7.454330	7.630409	-6.237498	11.774273	-2.089446	1.750075	-3.139598
635	2	9.401213	-3.251221	-1.166663	7.173548	-1.306288	6.260750	3.592790	-6.217173	1.635080	-5.308518
637	2	-4.131005	11.597261	-4.155131	2.511840	-2.934404	6.431007	-9.248242	6.527379	6.880726	8.588230
638	2	4.687337	-10.141943	-3.953950	6.120308	7.112171	-7.462723	7.898102	-9.127883	0.540716	-5.060625
639	2	-1.035600	-1.167105	4.419102	6.378809	7.943287	-7.017694	5.907720	1.418419	0.528340	-0.435594
642	2	-7.416816	9.405594	-5.011280	-0.028376	-3.403446	5.419074	-14.409983	7.113463	6.274253	6.481527
645	2	-1.812573	9.191321	-4.174095	2.456611	-7.318331	6.638601	-11.153794	7.675330	7.101332	4.561626
649	2	8.688597	-17.080548	7.405125	6.022920	6.801061	-4.012220	7.766970	-2.738258	0.676516	-3.750327
656	2	6.394155	-7.533534	5.840768	3.843082	5.895398	-5.892484	11.976519	-2.350185	-0.766298	-1.444544
657	2	-2.052087	9.694767	-5.037200	2.142771	-5.354364	7.189479	-16.836212	6.471972	7.596973	6.656801
661	2	5.826940	-11.088279	8.177419	5.961041	4.727640	-4.947373	9.020128	-0.492776	0.061855	-4.008908
664	2	6.596149	-14.470404	4.993960	4.370591	6.660744	-5.274213	8.031301	-7.179077	0.032396	-1.509357
670	2	7.764194	-16.132951	8.408044	5.260618	1.391681	7.764197	-17.171586	8.408044	5.260618	7.379163
678	2	5.362015	-9.993971	5.071569	8.594296	-3.569579	-5.417561	9.565445	-5.146364	3.296246	-10.146113
684	2	-6.449941	9.391897	-4.952199	-4.327102	-6.582941	5.791970	-3.640203	5.852665	2.118064	-0.405617
686	2	-5.311040	9.535349	-2.940088	-1.109134	0.938302	6.042668	-10.019576	8.467064	4.678212	5.959155
691	2	-8.190737	10.380441	-9.174480	1.355980	-5.999062	-2.496073	-2.511227	-3.133467	6.614969	6.443826
693	2	-2.464996	11.971755	-4.941557	-1.570068	-5.959485	7.009624	-6.660959	6.619999	2.975835	7.169709
695	2	8.154163	-13.167437	4.464039	8.095854	7.551551	1.036963	8.117241	-7.498160	2.170164	-4.255903
703	2	-2.440816	9.811686	-3.302273	1.605912	-5.273470	6.851786	-4.175921	8.264439	3.614346	1.043203
707	2	5.826751	-6.588595	-1.588433	6.663908	7.491269	-6.320416	6.275656	-5.935822	2.250030	4.395067
708	2	-4.083444	9.942325	-3.918816	1.115692	-4.186071	6.009801	-11.588172	6.812541	5.715885	6.180266
710	2	-0.665926	10.266073	-5.658310	0.257188	-5.149924	8.828389	-10.713993	6.410300	6.069636	2.573687
712	2	-1.950515	9.026543	-5.774136	3.989962	-4.885775	5.269094	-15.564760	4.496739	8.625408	7.929632
714	2	3.180253	-7.494945	-2.467020	6.351413	5.382662	-6.797749	5.842840	-6.243651	3.759010	-6.337139
718	2	7.973064	-10.560781	7.233613	6.548900	8.578212	-5.010226	6.305956	-3.759874	2.263778	5.331251
721	2	-3.409860	11.572861	-4.499955	1.815263	-1.227561	6.978072	-13.089148	6.572193	8.275763	4.936469
722	2	5.820762	-14.363536	6.301277	8.613267	7.160437	-3.330286	3.899995	-0.498312	4.434737	-4.175619
723	2	-3.823809	8.240809	-0.857070	0.291672	-3.331233	3.909711	-17.798675	7.116667	6.902982	7.518771
726	2	7.856176	-12.496694	6.490574	8.612280	6.351274	-3.693800	7.369566	-5.955686	3.868568	-3.753154
727	2	-2.298766	10.361352	-5.489854	1.233693	-6.517244	5.875648	-9.920168	5.919654	7.590230	3.858249
729	2	-5.844989	9.634371	-1.429737	0.848236	-5.089661	6.767646	-11.697077	7.963181	5.776662	5.703694
731	2	5.950107	10.116338	-3.445871	2.133671	-5.079499	7.300587	-6.092451	7.352490	6.739561	7.122537
732	2	6.608594	-10.289981	6.340286	3.668673	6.014386	-5.849052	7.961918	-5.267882	-0.905221	-6.843118
733	2	7.387532	-19.239647	8.306542	6.270428	8.145578	-5.308080	8.437417	-3.591423	4.314260	-3.546756
741	2	7.475529	-14.004919	-0.692193	6.523209	7.563531	-4.972082	7.936148	-5.449724	0.457249	0.739276
742	2	-4.046782	10.007695	-7.737171	4.046050	-5.245715	6.722726	-7.245443	4.598463	7.417875	5.662455
743	2	6.917545	-15.053059	6.676301	7.289045	7.146193	-4.998164	8.283904	0.776942	2.514668	-2.706091
744	2	-3.160296	10.137172	-2.019015	0.634488	-5.577459	6.779882	-10.707909	7.475324	6.801813	5.566098
745	2	-1.402786	6.065475	-4.468925	-1.923197	-5.332557	7.685814	-9.356180	5.445564	3.586540	-1.059416
753	2	-7.982436	10.356801	-1.831856	2.743600	-4.622295	-2.717092	-3.931766	6.379196	5.724094	7.088153
755	2	-5.513396	11.157403	-1.701481	1.932806	-4.757797	1.089285	-8.980426	7.969301	7.975549	6.718033
764	2	6.609245	-10.852715	-0.467063	5.143918	8.225360	-2.748845	6.074440	-5.112359	0.664159	6.825716
767	2	-1.381366	-7.180634	1.762946	6.473152	-2.689953	-4.099431	4.871267	-8.894209	-0.044509	-6.996212
769	2	6.389913	-18.730430	7.364441	6.939264	6.305676	-2.137825	7.381843	-3.911719	1.135714	2.741764
772	2	-6.299960	10.554473	-4.807682	0.524788	-3.378847	0.545412	-9.202265	7.659680	6.989925	6.288800
773	2	-2.618613	-13.399920	8.389078	9.213501	9.407216	-8.901854	9.490700	-3.470030	2.860506	-3.121775
777	2	-4.714401	10.754385	-7.673948	1.219809	-4.277293	6.714430	-8.715848	-2.379711	7.074288	7.770707
778	2	-4.717702	9.945198	-5.014844	-2.784422	-7.452071	5.525701	-2.013454	5.895657	3.711504	-3.215595
785	2	5.979323	-9.728768	-1.773066	8.458480	6.608247	-4.750107	8.628893	-7.533164	1.927409	-5.580332
789	2	7.316412	-7.788622	2.810359	2.969232	6.992838	3.440789	8.424905	-3.014067	-0.540567	-4.569942
793	2	-6.215699	10.979173	-5.309430	-1.804292	-8.923103	6.383182	-3.863178	7.641488	4.105384	-2.403181
794	2	6.480979	-16.296396	7.342184	6.781588	0.953197	-5.825655	7.636558	-3.923329	0.431807	-4.284085
803	2	2.944122	7.523829	-8.140275	1.094775	-3.417237	6.359377	-5.258072	-3.876744	5.872438	6.219967
805	2	-4.303626	11.412967	-2.565913	2.434706	-2.397464	7.586519	-9.922179	8.528806	6.638760	5.116170
806	2	3.463342	4.985002	-8.003276	0.255927	-4.985506	5.925676	-2.638042	-2.308124	6.292133	5.520839
808	2	6.581385	-18.978893	6.912552	7.284962	8.834018	0.618162	8.833643	-3.168593	1.610916	-2.733164
809	2	7.599971	-7.451888	7.029618	7.209086	7.227358	7.395748	6.199677	-2.346850	3.328135	1.467016
819	2	8.578462	-20.169419	7.308513	7.394300	6.297093	-3.463095	5.988764	-3.491018	3.929427	-4.737830
826	2	7.522792	-12.134914	5.167700	7.469233	5.143491	5.059419	8.315193	-4.395850	0.884305	-7.057442
830	2	6.342485	-11.392861	6.683145	8.443441	6.009927	0.819088	9.297277	-2.289456	2.907776	-5.866055
831	2	-3.507474	11.234034	2.986818	3.648057	-2.000616	8.155087	-11.237004	9.225276	7.841246	5.976687
846	2	-4.475372	9.183745	-5.359584	-1.503645	-3.708272	6.567445	-12.712694	6.555657	5.088922	7.388577
850	2	6.299289	-8.318516	7.535066	4.970114	5.486568	-4.608893	8.543233	-4.187507	-0.008263	-6.603190
851	2	7.539603	-17.768574	5.445877	3.672652	7.691463	-3.833880	6.798290	-5.527763	-2.610055	-2.863836
852	2	-5.970840	9.477341	-2.366356	-0.090091	-4.716605	6.148897	-10.290173	6.643180	6.155865	6.708276
855	2	-5.309245	4.698372	6.166783	3.335227	-6.677272	6.012989	-11.245038	8.166031	6.738969	5.640402
858	2	4.732172	-17.640942	7.006706	5.472971	7.878161	-6.125596	8.508810	-2.842035	0.472492	1.206418
860	2	-4.200163	10.982016	-2.108214	2.454353	0.936416	7.440208	-7.891240	5.068338	8.257238	6.218393
861	2	-5.771569	8.595217	-6.915967	2.551780	-8.826506	6.750525	-14.122352	6.223647	8.291347	-2.932009
862	2	-0.640242	9.987247	-5.050686	2.326866	-3.859360	6.460420	-13.056199	4.911997	7.795477	7.317555
867	2	-5.750205	10.765800	-4.913157	0.927542	-8.854539	6.135949	-10.353272	6.064464	7.245674	3.675537
869	2	-2.229126	9.578175	-4.852798	1.455161	-4.127972	6.494717	-15.271542	7.744431	7.530930	7.910726
870	2	7.162567	-17.509944	9.586631	7.537033	7.028754	-0.465263	9.760638	1.162972	1.328868	-3.588979
871	2	-2.477125	10.132869	-10.000795	-0.755530	-5.601514	9.477527	-9.045705	-3.453530	5.649157	6.792371
883	2	-10.569383	9.065313	-3.387482	2.575301	0.136355	-4.373699	-10.436080	5.226981	8.158865	5.983086
887	2	0.667664	10.336344	-4.813405	-0.925920	-4.961399	7.159983	-7.327618	6.611667	4.131903	5.552790
888	2	0.020778	9.236665	-3.110303	6.054342	-8.489945	8.300041	-9.716757	8.918811	6.460325	-0.601442
895	2	2.149633	-11.313110	7.791866	4.417484	5.786993	-4.122496	6.748216	-2.791149	-1.985980	-5.356935
898	2	-8.643135	9.715176	-7.065269	0.390207	-7.336380	-2.363062	-5.305633	3.785255	6.720174	3.189613
899	2	7.525365	-8.883311	6.676064	6.280453	6.589288	5.554297	7.865848	-5.533852	0.153459	-3.598631
900	2	7.663432	-19.046220	7.700758	6.320657	5.841794	-3.943937	9.988781	-3.724404	2.111374	-6.441951
906	2	-1.166173	9.110366	-2.138801	0.112600	-2.476636	7.543848	-14.001490	7.606530	4.926708	8.397349
907	2	5.060718	-13.426935	5.308307	4.901690	5.482810	-5.870892	7.974870	-2.896318	-1.199036	-4.415356
908	2	9.052821	-9.801141	8.798285	7.153363	6.123368	4.088628	4.711291	5.097907	1.428131	-3.235823
909	2	6.950919	-18.318534	8.179085	7.219780	7.636687	-4.458917	8.141379	-4.596935	1.108037	-4.005538
913	2	6.400292	-20.752925	7.751893	6.726856	7.255606	-5.585482	5.256793	-5.209722	0.820962	-2.341857
915	2	-3.575982	11.172944	-4.148804	1.510423	-4.935368	-2.068304	-7.356065	5.416024	7.614515	5.415389
918	2	-9.516978	9.980226	-5.091101	2.623406	-7.641381	-3.114161	-6.408763	6.998845	8.749132	4.993603
919	2	-6.368155	10.556898	-6.226106	-3.429898	-6.696338	5.158979	-4.751113	-1.706130	2.423593	4.474170
925	2	6.342288	-15.094098	4.893596	7.686456	5.696014	-3.154421	6.013606	-4.430060	1.428223	-5.435016
926	2	6.236517	-9.470061	6.304224	7.769172	6.424074	-3.692997	9.612637	-3.271262	1.651594	-4.158674
929	2	-5.948149	10.633272	-4.334133	0.161495	1.984700	6.660810	-11.660450	6.800091	3.901581	6.387410
931	2	6.425889	-6.692318	-0.241835	6.928611	1.537708	-6.280498	8.353238	-5.934509	0.406775	-8.656756
932	2	-3.500068	11.134139	-7.865775	1.013997	-6.745220	6.083576	-9.729164	4.203504	6.078955	4.960773
933	2	7.323356	-15.323205	6.667675	7.230103	6.851283	-1.840918	9.699209	-0.084569	1.682903	-4.691869
940	2	7.402831	-11.623675	-3.009346	6.547434	7.546037	-2.616946	9.692158	-9.225670	2.627550	-2.955058
943	2	6.957351	-11.629837	5.877502	8.258405	5.006326	-3.598921	9.621833	-5.283690	2.411568	-5.445457
944	2	7.646039	-7.930235	3.752022	7.071303	5.673374	-3.543539	6.916783	-4.131374	2.455908	-5.365144
945	2	8.499633	-15.898465	6.028908	6.890254	6.167052	-1.973166	9.875588	-5.733369	1.273472	-4.260010
949	2	-4.876006	10.838406	-4.735017	0.125069	-5.559550	6.344144	-7.610490	7.792286	6.730607	6.701829
952	2	-8.091607	9.789500	-4.200265	0.237247	-4.970440	-2.615113	-9.182754	8.278445	6.256693	5.979736
963	2	7.210300	-10.951387	7.589798	5.467635	5.793358	3.577443	8.155645	-3.529445	-0.159965	-3.644551
966	2	-4.507978	9.265050	-4.042908	1.046594	2.863109	7.512498	-13.924311	7.063438	5.962140	6.316920
967	2	-5.106018	12.872701	-4.754733	1.257965	-1.871828	4.830258	-6.927979	6.732759	7.835033	5.543249
970	2	7.033209	-9.546170	2.992959	7.878216	6.709027	-1.466613	4.438096	-5.711089	1.961218	4.125118
972	2	8.506053	-15.202699	6.150681	6.790339	6.169226	5.687553	4.935559	-6.017534	0.485704	-1.541750
974	2	7.395888	-10.331093	9.043913	6.283816	6.931986	-0.859166	10.027350	-1.466617	1.898984	-4.333997
975	2	-4.288240	7.391358	-4.894734	-0.598390	5.915598	7.061756	-12.300579	7.389676	5.205995	6.458374
979	2	7.009809	-10.772109	6.289183	2.675448	6.916525	-4.869565	4.574282	-2.651879	-2.964836	2.250672
980	2	-6.524170	10.193243	-5.504885	-0.114487	0.380502	5.629911	-12.424695	6.250972	4.529778	6.833982
981	2	6.890204	-18.520070	7.494922	5.088842	8.306986	-2.419717	4.920464	-3.123320	-0.855923	-1.118194
986	2	7.573798	-11.727188	6.233929	6.103091	7.396916	-3.298736	8.626296	2.564726	-0.444712	-3.667980
987	2	-7.196664	9.968054	-2.962718	0.132008	-3.244282	-0.561501	-9.824370	7.558265	6.359214	7.858731
989	2	-6.638074	9.849835	-7.033211	1.797528	-8.898517	4.593254	-3.159263	-4.570677	7.398969	-3.314833
994	2	6.057817	-17.727106	5.045576	7.153675	7.055151	-2.794190	5.446061	-3.769872	3.380479	-3.927992
996	2	0.745550	9.879684	-3.167537	-0.172777	-3.779216	7.012615	-11.170781	7.603246	5.680977	4.980035
998	2	-5.305324	11.817924	-4.627251	2.590924	-6.263392	6.071889	-4.329626	5.810342	5.803145	-3.502895
1000	2	8.791877	-10.982929	2.771816	7.363044	6.526498	-3.055106	6.512856	-8.535480	3.948620	0.059523
