68	5	4.277213	2.767109	6.318276	2.180302	-2.879668	4.255992	2.768581	6.454254	1.848992	-2.820680	4.302766	2.794707	5.975826	2.783531	-2.889400	4.262155	2.774665	6.605279	1.317451	-2.394374	-1.509187	6.297683	4.504824	-0.679967	6.004270
188	5	5.337747	4.789847	-6.457539	5.692574	-4.059870	-4.428351	9.088435	-1.607890	-0.529070	8.513836	5.331624	4.766448	-0.273482	-0.519333	2.025210	3.349299	0.702123	4.796360	-3.394476	2.050546	-5.381096	2.789853	4.775851	-3.377203	8.513836
203	5	3.093622	-0.279222	0.578966	6.943459	-0.476385	-8.709133	-1.660570	6.927253	-2.805358	6.165782	2.928996	-4.009766	6.878913	2.122837	0.660791	-2.731833	3.058249	0.002610	6.956066	1.603286	-8.543537	-1.642330	6.883089	2.100549	2.774889
222	5	1.438932	1.595516	-3.127665	7.513321	-1.702922	-2.316164	5.037234	-1.709993	1.763109	4.944848	2.456397	3.292076	-3.827142	7.513235	-1.361718	2.674636	3.052695	-3.841925	7.513238	-1.452333	0.220390	2.549350	-2.655589	7.513334	-1.483080
254	5	1.962369	3.813174	5.354128	-4.043175	5.323770	2.475860	3.503352	5.388665	-3.533144	4.291206	2.036275	2.910337	5.772344	-2.820117	4.049047	2.254992	3.693784	5.316610	-3.853361	4.923323	2.191889	3.728745	5.314733	-3.908890	5.038684
324	5	-9.897047	2.124337	5.887235	-3.059341	5.460952	-1.442824	3.357671	4.380193	4.572147	2.443407	-4.968769	7.692407	1.498201	1.250801	5.444439	-0.837482	5.087983	2.990873	5.255496	2.113874	-1.935684	2.964168	4.722169	4.936061	1.492538
467	5	-4.192401	9.211850	2.463147	-1.790007	5.010809	-2.623649	9.220595	-2.561710	7.165937	-1.379681	2.928658	5.037035	2.823264	2.225619	-2.467348	2.946703	5.023208	-2.167682	7.165982	-7.491323	2.480764	1.470268	7.311729	2.106738	-2.248787
520	5	1.948390	2.160029	-4.371826	7.575924	-1.013549	-0.110964	5.261323	-8.358478	7.570032	0.798948	2.137855	3.329103	-5.120742	7.575887	-0.358965	2.712486	3.011976	-5.386162	7.575881	-0.660925	2.816582	2.456032	-5.519909	7.575895	-1.222190
649	5	4.020773	1.938901	2.759227	4.268024	1.258398	3.746391	2.107316	2.985199	3.356663	3.131575	-3.676046	7.896814	1.946570	2.384017	6.214493	3.802228	2.092410	2.933426	3.506601	2.956666	3.518583	2.140782	3.190594	2.749050	3.668261
696	5	6.865712	6.258977	-3.269015	6.636382	-0.075597	-3.404762	2.260941	7.622664	-4.001649	8.593389	6.625606	0.864526	7.319328	2.129405	2.595510	-0.284837	2.245323	7.622872	-4.001649	8.589569	-0.282604	7.640747	1.192937	0.479226	8.435860
822	5	3.143501	1.523344	-0.163418	7.270141	-5.432276	1.738623	1.972439	-0.161189	7.269221	-5.429805	1.511656	2.750161	-0.172228	7.269354	-5.426896	3.326988	1.541463	-0.165482	7.270521	-5.432341	3.770672	1.651176	-0.173225	7.271424	-5.432424
851	5	3.845190	-4.432325	2.949557	-0.682899	2.132619	0.166668	7.630103	-1.902835	-1.306646	6.932926	-6.042908	7.654016	-1.902854	-1.326021	7.087659	-0.984403	1.519784	2.941649	-4.870762	7.134100	4.742497	0.145454	0.835140	3.232548	1.006302
864	5	6.239174	1.230535	-1.959945	5.868498	-1.314284	2.850650	4.742992	1.760763	2.372482	7.912169	3.666334	3.973382	2.323143	2.659145	6.890735	2.919037	4.728627	1.741261	2.412688	7.824419	2.780820	4.625679	1.952792	2.251366	8.025271
867	5	-6.298534	2.179907	6.778135	-0.040220	8.530748	-5.274777	4.523745	-1.645409	8.550553	3.864238	2.992430	0.391952	2.133509	9.429485	-0.491652	2.488314	0.592465	2.148539	9.429646	-0.475648	2.742280	0.036393	2.148243	9.429808	-0.551761
870	5	-5.249808	8.332913	-4.588519	0.979340	7.048257	1.648848	2.631282	-5.388663	6.791061	-0.123418	2.110468	2.911477	-5.389012	6.785644	0.078031	0.633551	2.644756	-5.388472	6.790079	0.175098	0.208602	3.124632	-5.388792	6.787232	0.317304
903	5	2.849405	1.576999	2.729221	4.801519	1.035887	3.072533	1.552172	2.692478	4.801949	1.071709	3.089981	2.735170	2.433635	4.716602	1.861653	4.169036	2.148607	2.457582	4.753923	1.562078	0.712191	2.581177	2.778845	4.732563	1.730376
906	5	-3.476761	2.138116	4.646155	-0.711924	2.675818	0.833918	2.561322	1.819980	6.396614	-2.029698	2.364918	2.138293	1.434919	6.405650	-2.055984	2.343541	2.722543	1.384617	6.400307	-2.027104	1.344628	1.891851	1.765201	6.402918	-2.063604
938	5	-3.056177	7.489670	2.971705	1.214714	7.730351	-3.058370	1.946591	8.579247	-1.792465	7.730932	-2.713929	7.759826	-2.237452	5.302386	2.776391	2.376525	-0.087228	9.414366	0.012115	2.201101	3.321069	3.137963	0.000420	5.582245	-2.903732
1011	5	1.438816	3.373316	1.439704	7.426433	0.897445	2.078898	3.535390	1.337186	7.401685	1.142628	2.464172	2.635899	1.402469	7.397135	0.524998	2.933946	3.018080	1.296229	7.385150	0.840737	1.826596	2.829109	1.480086	7.419920	0.385371
1042	5	-3.654821	6.328450	0.860366	1.915411	6.466871	2.657786	2.178139	-1.756675	5.126897	1.055315	1.974327	3.240198	3.903955	1.388111	2.787198	2.614455	2.027456	3.868602	1.392238	2.787062	2.720054	2.312854	3.860028	1.391629	2.787128
1078	5	1.419614	3.212884	-3.733071	7.122851	-2.250785	-2.366637	6.251927	1.151030	0.892329	3.826609	1.638583	2.858165	-3.863622	7.123044	-2.291109	1.443292	2.461390	-3.394131	7.123169	-2.331252	0.963007	2.654763	-2.870235	7.122701	-2.306245
1113	5	2.928811	0.731002	6.044189	-1.887699	2.202485	2.370838	3.508789	2.884567	-5.926030	4.646616	2.407405	3.498060	2.843555	-5.800765	4.583377	3.710610	2.235308	0.564525	2.701169	-0.072007	2.541792	3.449661	2.726326	-5.336837	4.357042
1144	5	-3.328277	-0.259599	6.207931	3.467585	0.784749	2.730763	-1.347044	1.800037	8.428314	-4.826535	-2.978334	1.572980	1.793161	8.428798	-0.272223	2.730018	-3.147300	6.207527	3.467968	-3.772073	-5.357569	-0.259599	6.871549	-2.246889	6.111243
1215	5	0.666608	0.594956	4.925111	4.714144	1.554642	2.849306	-1.640188	4.640893	4.831685	0.659951	3.419257	-0.851748	4.638355	4.816932	0.836240	2.216412	-2.151236	4.638374	4.845418	0.586969	0.372939	0.027387	4.627591	4.845169	0.843927
1217	5	4.182683	-1.164698	3.571475	6.805670	1.675923	-0.145691	5.040569	0.470624	3.804704	7.396963	-1.991711	4.228102	3.365842	1.117663	7.906723	1.137491	4.021527	1.099368	3.927250	7.008628	0.951524	0.980316	5.711821	2.936528	5.621746
1264	5	-6.097317	0.138828	8.379233	-4.035970	6.003885	2.786897	-0.999173	8.379165	1.144840	0.229111	4.674921	4.254730	-2.052481	6.378732	-5.411878	-5.477262	6.301971	3.381486	-0.628225	6.003508	-1.775087	6.581570	-2.358623	6.371007	0.201822
1272	5	0.979299	2.861827	3.963587	3.969514	-2.919038	-6.320357	2.562557	5.582175	-2.634569	8.063759	4.450632	3.077591	3.540158	3.972056	-2.537538	0.703539	3.500416	3.753338	3.969776	-2.191104	1.740691	3.699188	3.640646	3.970390	-2.311079
1371	5	2.843342	1.328489	2.058806	4.454155	-4.644406	-4.265665	3.426367	6.780817	-4.637227	7.235460	2.283229	1.366018	2.086712	4.450630	-4.655215	4.169853	2.432114	1.984266	4.445064	-4.442591	1.604741	2.020091	2.096652	4.444816	-4.580860
1396	5	-8.193777	-1.169376	7.631786	-2.715012	6.579955	1.971942	-0.404357	1.822577	5.863283	-1.475284	2.899019	0.285776	1.818601	5.570054	-0.167466	1.348037	0.518178	1.811020	5.616209	0.386919	1.597574	0.497480	1.810839	5.584291	0.367610
1527	5	-4.577520	5.499134	2.283335	1.732207	5.871304	1.799678	3.761669	1.203903	7.600634	2.413832	-3.977639	5.683671	1.470404	4.616397	4.396126	-4.661392	5.552180	2.153168	2.152197	5.853930	5.339854	1.310632	2.709942	7.279289	-0.556259
1588	5	-3.835456	7.066115	1.830896	6.762119	4.395114	-2.271081	7.281732	1.169806	7.353526	3.717861	-0.363633	7.323820	0.898017	7.865848	2.975755	-4.531196	6.769623	2.527256	6.118552	4.860909	-4.439207	6.840341	2.376503	6.271498	4.777821
1635	5	-5.189745	1.680168	7.081895	-4.967801	6.164599	1.732347	0.833721	2.482327	7.388292	-4.828430	1.487686	2.297572	2.441713	7.375386	-3.569387	3.011279	2.099208	2.347778	7.377241	-3.792158	2.794989	1.075723	2.342347	7.388722	-4.570462
1713	5	1.769933	1.210345	9.276669	2.315246	1.023486	-3.631886	0.909102	9.335540	2.316649	1.201712	2.325004	1.087591	9.275438	2.315544	0.861404	-2.088928	0.333371	9.337620	2.317701	1.102317	-1.263337	1.450630	9.288392	2.315068	1.197649
1727	5	-2.074729	6.730642	-8.282786	7.355971	0.025399	-5.879590	6.794352	-2.124459	1.302586	5.343578	0.569214	3.950238	-8.277028	7.355967	0.021752	0.222763	3.679402	-8.242740	7.355965	0.018929	0.690159	3.469353	-8.262848	7.355967	0.016673
1732	5	3.795980	1.866713	1.795759	6.040330	-6.097784	-0.271811	1.948667	3.323944	5.783313	-5.947833	4.053566	2.020299	1.404427	6.036720	-6.034517	5.300706	3.965320	0.349878	5.957567	-4.382368	2.297115	1.338245	3.347871	6.002515	-6.301469
1764	5	-0.534815	3.992289	3.306862	3.571958	-1.314425	-1.105234	2.950728	5.040857	2.901820	-1.285596	4.116547	2.090399	4.398567	4.144768	-4.522251	-0.729325	2.202568	5.318750	2.900469	-1.355432	-0.435507	4.119683	2.921630	3.813936	-1.331234
1821	5	2.182331	-5.049856	1.212926	7.823686	-5.290210	-6.895146	0.735438	7.138920	-3.750050	6.247931	-6.886170	0.747271	1.475538	1.878595	5.575454	-4.707914	6.993220	-3.107584	1.883901	5.567560	-0.038689	6.952623	-3.111396	1.890261	5.412283
1850	5	-9.022094	-0.302964	4.410662	-3.727877	4.180270	1.167565	3.999191	0.505910	6.551966	-1.483181	1.289539	2.446181	1.018886	6.551691	-1.790609	2.657764	0.073740	1.127158	6.551899	-4.396515	1.381011	2.158118	1.057814	6.551666	-1.870052
1863	5	-1.829396	-0.348094	5.644137	4.941902	-6.631826	-1.924909	-0.503976	7.140840	0.028994	-0.916815	2.106069	-4.594911	7.107876	0.461832	-1.275501	2.119109	-4.487885	5.644233	4.941902	-6.877777	-7.717516	-0.504107	7.150733	-0.128098	5.230295
1972	5	1.056723	2.961287	1.648025	6.865521	-1.978164	1.692192	2.029398	1.664621	6.866010	-3.194820	1.442939	3.346591	1.585135	6.865641	-1.854555	3.083102	3.321070	1.529497	6.865957	-2.402992	1.097757	3.169685	1.625200	6.865523	-1.892115
2000	5	1.503964	3.628964	1.737812	3.421291	4.188093	-0.602695	6.272687	0.757067	2.702796	5.400398	1.298633	4.040855	1.668432	3.338216	4.346357	-4.795627	1.206638	6.744173	0.446490	5.903667	2.331593	1.328452	1.643932	6.031114	-0.657686
2117	5	2.288436	2.527309	0.286047	5.815394	-6.145883	4.084304	2.798012	6.511314	1.991432	-2.787100	0.764432	1.421887	7.372485	1.397883	-3.886501	0.948317	1.436310	7.276758	1.487712	-4.421033	1.165932	1.586722	7.105341	1.633900	-4.941081
2235	5	-3.866067	5.768792	0.765609	0.220574	7.875768	1.192519	4.851771	1.246144	0.084928	7.874340	1.424270	4.327569	1.639874	0.080556	7.869746	1.286081	4.681284	1.331059	0.089418	7.873252	-0.483895	3.773051	4.762948	-1.643161	7.870844
2313	5	0.782874	0.801522	1.040973	4.216399	-5.823180	0.020263	2.003965	1.035419	4.215524	-5.392160	-0.889392	1.632796	7.275859	-1.894257	1.241538	1.654217	0.717911	1.026046	4.217129	-6.151222	2.378812	0.928998	0.968315	4.217922	-6.633119
2424	5	-0.002521	7.641107	-3.847298	8.688602	-0.474355	1.720939	3.383707	-0.439824	8.776877	-3.433558	2.353756	1.365136	-0.089671	8.780431	-5.803193	2.867677	1.306152	-0.089660	8.780783	-5.932332	3.019463	1.807036	-0.097886	8.782374	-5.899772
2491	5	1.862389	-1.031235	5.598361	-8.041700	2.802215	2.211325	-1.002964	5.347546	-8.038798	2.298096	0.122464	1.233829	4.209094	-8.043298	4.626784	2.837534	1.014668	2.570264	-8.032205	1.601749	2.108075	-1.080711	5.461468	-8.039929	2.447717
2514	5	-0.043526	6.852132	-2.118080	6.251730	2.157443	4.029986	2.064315	0.146522	6.256005	0.852100	3.415748	2.793733	0.234747	6.254842	1.186358	2.827310	2.867393	0.249829	6.255534	1.188022	4.263706	2.445792	0.179089	6.253524	1.045613
2520	5	-0.095358	6.350440	-5.219514	6.001978	2.105472	5.282620	3.518950	-0.753519	5.945100	-2.942462	3.610695	-0.192153	6.571458	2.449933	-1.209019	-4.997464	1.914335	6.699158	-2.766577	5.702591	-4.995293	6.352550	0.966591	0.572242	5.701365
2539	5	-6.227016	6.388205	0.804916	-0.871429	6.484621	0.271042	6.777034	-5.033941	4.728607	-1.171896	2.800976	2.598224	-3.768469	4.734900	-1.870960	2.545473	2.680767	-3.715271	4.734902	-1.870578	2.986026	2.494982	-3.800380	4.734899	-1.871707
2566	5	0.386304	4.782244	0.633789	-1.164956	6.582024	0.954938	3.849376	0.929791	-1.165261	6.222654	0.784346	4.135612	0.779052	-1.165051	6.353841	0.821657	4.073345	0.805393	-1.165079	6.327076	-0.296447	5.705423	0.610349	-1.170218	6.797502
2579	5	-8.323475	-0.368733	7.196639	-2.490637	6.270370	0.836149	4.224335	-1.541692	6.138396	-0.307223	1.891071	2.348710	0.321815	6.084209	-0.720326	1.208357	3.831384	-1.351215	6.149050	-0.338744	0.350414	5.064120	-1.122356	6.016295	-0.227114
2635	5	-2.118470	6.905212	-4.913295	2.808267	6.802652	0.280603	6.854679	-6.026756	9.235067	0.503383	5.100109	2.820716	-1.594970	9.244110	-2.382531	-2.230352	1.679065	5.983772	-1.675034	7.850173	2.596769	0.621253	6.336378	-1.480453	3.250723
2725	5	2.707277	-1.343574	8.171896	2.832140	-2.017895	2.244335	-1.450201	8.215018	2.802550	-2.066242	3.064990	-0.772514	8.127064	2.852921	-1.566220	0.739976	3.020304	8.205020	2.718951	1.408677	2.680135	-0.556457	4.240791	5.537483	-4.395933
2773	5	2.759906	0.192092	4.147685	3.849443	3.395906	0.412444	-0.550411	5.939463	1.689285	6.476901	0.622783	-1.032816	6.157316	1.558495	6.447740	-0.000586	0.353358	5.132617	2.337215	6.398898	0.377777	-0.468660	5.886491	1.727161	6.478266
2876	5	-1.154699	9.343062	1.604299	-0.709760	6.488294	6.737270	2.997482	-0.452516	5.209549	0.715499	2.596902	-0.227306	8.150082	1.776185	1.079826	3.148058	0.449267	8.139983	-2.196346	3.162393	3.215393	1.952531	8.064440	-2.741824	3.624126
2990	5	-3.122796	5.743434	-2.222334	-0.891555	4.745051	1.026598	0.625052	-0.833136	5.594726	-2.275924	3.048579	2.587739	-1.084955	5.589214	-1.656762	3.646278	2.130103	-1.127088	5.590531	-2.501451	3.429068	2.471912	-1.112475	5.589283	-1.865445
3105	5	0.415766	4.694021	3.704907	-0.637879	7.001006	-0.920086	6.177386	-5.375906	5.728223	4.065564	4.229532	2.377752	-0.800883	6.311763	2.659102	0.631696	4.295839	4.337821	-0.226991	6.832630	-1.512806	6.170508	-3.611124	4.875793	5.034311
3203	5	-8.029735	-0.002589	6.723845	-5.003296	7.893404	-7.685141	0.978498	0.939304	6.641176	2.275710	-3.113944	6.059863	-1.349265	0.761053	6.128437	-8.026643	0.024308	2.082146	0.751401	6.147807	-3.084936	6.093536	-2.455380	6.641360	2.275710
3212	5	4.717292	2.028697	0.587862	8.503105	-1.118879	-2.275944	7.879495	-1.917316	6.018608	4.656304	-2.305552	5.167918	4.771664	-0.608594	5.559438	0.344419	2.990715	5.925392	-0.611473	5.102823	1.281584	3.112171	1.089872	6.249212	3.395486
3280	5	3.643083	2.940500	0.089128	6.021373	-2.373277	-8.097523	-2.057734	7.455717	-3.006999	6.358839	4.411097	2.809049	0.013473	6.037545	-2.555236	1.892906	3.017742	0.346857	5.971511	-2.021120	1.317619	2.496431	1.112705	5.805487	-2.364260
3300	5	-3.455916	7.257298	-4.528524	6.565050	0.886292	1.992632	2.314028	1.324752	6.656942	-0.263820	1.260688	1.718901	1.392182	6.733397	-0.134929	1.387688	1.340634	1.394800	6.822746	-0.635079	2.718317	1.691175	1.376761	6.773314	-1.733063
3312	5	0.822724	3.026094	-0.568471	8.201978	2.100040	0.609038	3.223921	-0.529821	8.201271	2.100090	-0.262597	2.406551	-0.398059	8.203523	2.099974	0.697977	2.757084	-0.562013	8.203239	2.099925	-0.591154	2.969453	-0.371701	8.202165	2.100024
3366	5	1.748834	1.839893	1.889108	7.856055	-2.033015	0.828338	3.893623	1.404725	7.834097	-0.888534	2.506823	1.766531	1.843116	7.856582	-3.753528	0.794219	4.296819	1.035943	7.826430	-0.803344	1.785461	4.564570	-0.488351	7.794137	-0.813144
3413	5	1.941982	4.245929	-5.441233	7.669915	-6.157379	1.084701	4.383400	-5.436587	7.669915	-6.033941	2.314827	4.084095	-5.440775	7.669915	-6.173332	0.931464	4.264786	-5.431164	7.669915	-6.010600	1.027287	3.818323	-5.416310	7.669915	-6.139855
3439	5	-8.532967	-0.542734	9.270343	0.318440	5.212941	1.989549	2.454371	3.270017	4.662988	1.366009	-0.797276	5.751894	1.603994	4.288075	2.633305	-1.256705	5.836092	1.235695	4.417970	2.565326	6.053392	3.909090	-1.975511	5.555199	0.000933
3512	5	5.506414	4.869578	1.463975	4.891197	-3.851176	-3.611674	2.879948	5.433371	-2.292063	6.463386	0.931716	1.978894	3.817581	4.018649	-1.026294	2.473651	2.147329	3.762341	4.033446	-1.246410	2.887314	1.885014	3.775049	4.059491	-1.980716
3555	5	2.461125	0.297774	7.864109	2.268531	-0.632074	2.527681	1.419856	2.745157	6.104331	-0.202207	1.676001	0.151907	7.874612	2.267487	0.533577	-0.032044	2.164245	7.884593	2.246611	1.134403	0.576305	1.480326	7.884912	2.257892	1.001374
3610	5	2.228423	2.924549	-3.845357	6.919505	-2.127678	2.704656	2.836093	-3.845410	6.919504	-4.037602	1.565908	3.110003	-3.845605	6.919491	-0.895790	1.035307	3.308920	-3.845894	6.919447	-0.585621	4.419119	3.141008	-3.846348	6.919470	-3.357674
3622	5	4.734190	3.300379	1.676442	6.622207	-0.849193	-6.667745	1.685786	7.899618	-3.676459	5.711293	2.091166	1.518961	1.792265	6.660984	-2.395718	3.613866	2.004909	1.714355	6.680549	-3.727883	1.252760	1.642481	1.824159	6.643972	-1.177753
3630	5	1.448390	-1.131274	6.240047	-5.642930	5.578170	6.024823	3.000268	0.179545	5.103249	-5.650353	-3.703707	6.965026	1.589527	-0.470962	5.398548	4.767325	-3.138980	6.239903	-0.150554	-0.496881	-3.886910	0.375334	6.240026	-5.647411	5.588769
3642	5	-2.809267	5.550664	-5.244598	5.546939	4.965199	-4.375463	0.542492	-0.207018	5.542711	5.086085	8.794850	2.613180	-3.932812	8.071821	-2.603126	3.081089	2.613452	-3.933617	8.070902	0.145424	-4.404304	0.531254	6.062184	-0.633539	7.661406
3675	5	0.567715	4.301206	3.249765	4.433249	1.901445	-2.683545	7.196858	2.697237	-0.747155	6.916287	-1.181940	3.333854	4.636999	3.847023	1.972563	1.281427	2.244305	5.635742	4.246344	0.240412	4.581190	3.141548	2.466862	5.288394	-0.090965
3716	5	-0.065228	-1.777784	5.090258	4.200607	-1.085086	-7.143902	-1.117477	7.691851	0.579284	8.887488	3.037908	-1.861991	5.090257	4.200607	-1.083969	2.677391	-2.318967	5.090257	4.200607	-1.084270	1.636489	-3.219983	5.090258	4.200607	-1.084790
3861	5	2.701386	0.242930	6.090917	-1.086209	1.530281	-0.951668	2.361938	5.604526	-3.052711	6.076045	4.545308	0.599375	-0.502518	7.926306	-4.926045	2.717122	0.195369	5.900618	3.186860	-1.091762	-0.763922	6.411806	0.843595	0.952676	5.730561
3879	5	-4.817576	5.532680	1.620645	0.345949	6.740921	-10.104109	-0.143508	7.541397	-3.729709	6.743109	3.367233	2.335585	1.072299	6.099502	-5.314127	0.337820	2.918211	1.107736	6.092554	-5.166166	1.623179	1.556716	1.099103	6.097257	-5.401280
3901	5	1.570804	1.711050	-3.059741	7.541315	-2.530870	0.533848	2.183770	3.083599	0.725834	4.255698	1.930133	1.694355	2.871798	0.709586	3.854947	0.990956	2.610721	2.895730	0.713938	4.504371	2.349117	2.326191	2.730744	0.705756	4.326692
3994	5	0.870081	1.972292	0.251278	7.449975	-4.675042	3.307438	3.379502	-0.884215	7.449728	-4.515131	2.236126	1.816076	-0.562041	7.449793	-4.673219	-6.134607	4.826299	-3.976233	7.209004	1.134573	0.578107	2.548070	0.181452	7.449979	-4.642963
4038	5	3.657550	1.544313	-1.699951	4.277880	-0.228469	2.806807	1.248519	4.207212	-1.921230	1.795913	3.464535	1.602703	3.093154	-0.864276	2.485356	3.470282	1.924177	2.365206	-1.170386	4.192377	3.212858	2.121249	2.435590	-2.410701	5.394870
4083	5	-2.942523	7.065691	1.605876	1.305129	7.366152	4.572173	1.369365	4.428120	5.374624	-2.879020	-3.991586	0.906460	8.203927	-2.287683	7.379982	0.328748	0.495715	8.203990	-2.287684	7.379057	1.735900	6.172465	1.632724	1.299001	7.250368
4171	5	5.812201	2.635366	0.254227	6.179300	-4.111755	1.728896	-0.466951	5.262887	0.736520	1.756177	5.886046	5.202230	-3.652866	6.618981	-1.695591	-1.733476	1.783386	5.437803	-3.130676	7.848881	1.472974	-0.942643	5.409335	0.461333	2.860503
4177	5	4.766746	-0.554773	0.623399	7.997627	-3.676754	-2.389563	1.303647	5.964883	-4.313458	8.242562	4.239971	-4.874322	5.954971	1.048125	2.546095	2.076698	0.523843	5.965521	-4.267687	7.662813	-2.359747	5.916400	1.138159	1.325246	8.242444
4186	5	-7.582121	-0.248101	5.922438	-2.473771	7.254351	1.218833	1.318933	1.781839	6.098448	0.854681	1.054740	2.686734	1.698820	6.087889	0.919394	1.522877	2.393568	1.620977	6.089094	0.919324	1.720765	1.808383	1.644391	6.094283	0.884002
4230	5	-5.878427	-0.612110	4.674137	-3.968385	2.543224	3.784838	1.971774	-1.690742	5.727729	-8.817086	2.980702	1.693380	-1.580585	5.727721	-8.609267	3.358213	1.818980	-1.629365	5.727725	-8.774771	4.163124	2.118310	-1.752316	5.727732	-8.789052
4268	5	-5.407913	3.277190	2.425349	-2.128362	7.068184	6.156339	-0.653868	-2.069598	5.975635	-3.196835	3.451735	-2.232172	3.864814	1.157660	1.267997	2.397361	-1.691849	3.869244	1.157651	1.268498	2.805890	-2.514402	3.878111	1.157807	1.267637
4321	5	4.060755	2.738995	1.751344	5.298387	-4.474063	2.987708	2.106757	7.776643	-1.210153	2.827937	2.685610	3.793300	5.852846	-2.258113	5.658824	3.683289	3.195333	5.915573	-2.239066	2.972579	3.399921	3.384778	5.791385	-2.254082	3.859290
4406	5	-5.213918	6.709346	2.492217	2.513707	7.557435	3.546728	2.084471	-1.103215	7.326811	-4.156474	3.902656	2.464900	-1.211401	7.326826	-3.064848	2.840387	2.884489	-1.261650	7.326816	-1.494080	3.765169	2.231154	-1.146262	7.326820	-3.827894
4426	5	4.048777	-2.092623	8.783020	0.940441	-0.438943	3.144268	-2.946114	8.783120	0.939876	0.199771	3.947609	-2.211680	8.783036	0.940438	-0.364825	3.772314	-2.405275	8.783060	0.940407	-0.236450	1.269682	0.443510	8.782852	0.842450	1.273192
4427	5	-6.337551	6.315190	0.571152	0.287679	6.669091	-7.555535	-0.312317	7.102121	-5.072847	6.669110	3.439146	-3.242062	6.865546	0.978480	0.397113	3.908063	2.947440	0.297298	6.341694	-5.982886	-1.643850	6.301257	-5.260076	6.343832	0.378083
4432	5	1.891437	-2.686101	5.337972	3.061230	-0.863420	-2.241384	-1.109679	5.253796	3.060439	-0.525200	-2.241375	-0.981098	0.219829	9.101710	-0.531407	1.891437	-2.587952	0.321204	9.101777	-0.869606	-9.096782	-1.099940	6.308275	-2.607700	5.834953
4470	5	1.708807	1.673698	-0.599170	5.691121	0.045619	1.974265	1.418606	-0.583879	5.791799	-0.118709	1.608601	1.427478	-0.569304	5.966982	-0.072000	1.539536	1.705510	-0.591412	5.765495	0.044426	1.491733	1.495644	-0.570269	5.940978	-0.033914
4538	5	-4.781973	0.065746	5.455534	-3.058292	8.262247	-2.316082	3.411311	3.401043	0.481349	7.244812	-1.488479	1.350020	0.030297	4.770590	4.352823	-2.644130	4.453464	1.846599	2.899282	7.026494	-2.215172	3.432176	3.263343	1.056601	6.947968
4565	5	0.451201	-0.517555	2.379304	7.484197	-1.411579	-0.817619	-0.917016	5.849632	3.085571	1.400760	0.543888	-0.592193	2.426000	7.435814	-1.493634	0.854358	-0.514022	2.358233	7.561552	-1.463858	-3.422782	-0.914668	6.304215	0.684912	4.002409
4668	5	3.334817	1.668297	1.283772	6.094990	-3.231289	3.186483	1.391266	1.284429	6.095023	-3.353375	-6.217441	2.093362	5.623505	-3.498545	6.025299	1.949114	1.359472	1.288522	6.094804	-3.580708	3.446241	1.964175	1.283155	6.094929	-3.084190
4694	5	-5.383083	-0.370392	7.192736	-5.170308	4.885473	3.250233	0.771872	0.895208	7.084982	-5.708266	2.747660	0.340826	1.071290	7.084972	-5.538748	2.290772	1.155900	1.086808	7.084961	-5.240380	3.419522	1.061704	0.799358	7.084983	-5.704844
4761	5	-0.899813	2.331073	3.987741	-2.691248	5.631039	1.853546	1.429742	-0.999411	6.804658	1.003015	-1.147031	3.326134	3.708282	-2.691291	5.640087	-0.733150	2.462509	3.881461	-2.691237	5.627685	-1.222178	2.863489	3.956701	-2.691282	5.638704
4780	5	1.297880	6.288313	-0.316476	2.464956	7.093922	-4.579606	6.719524	-0.407710	2.464945	8.117500	-6.479178	1.318387	6.436020	-4.071292	8.174256	1.968204	5.534090	-1.951617	6.478810	2.007765	2.609602	4.315286	0.118587	6.519230	1.111520
4800	5	-6.326847	7.275632	1.529084	-1.370261	7.814614	5.247522	4.252365	0.493529	2.073092	2.601558	-10.368160	2.409846	6.693325	-1.470777	7.814614	-6.326479	7.277162	-1.070471	2.199744	7.779304	-0.462732	7.081328	-1.259960	6.342437	1.229297
4834	5	1.972457	0.870828	-3.038772	5.326552	-4.458019	2.958762	1.479610	-3.154609	5.326847	-4.635018	2.426709	1.020751	-3.078824	5.326715	-4.627774	2.532233	2.295767	-3.184999	5.326513	-4.003016	3.121197	1.704714	-3.183523	5.326821	-4.512758
4870	5	-6.308086	7.709081	1.083481	1.127828	7.832614	-0.768740	7.765925	-3.195572	7.316456	2.408169	3.810521	-0.355691	4.465748	3.729763	-0.695764	4.945632	1.167827	1.958423	7.219205	-2.896031	-7.131197	2.578621	6.914584	-2.507575	7.846328
4910	5	0.337115	1.925934	1.681621	6.483482	-2.284974	-7.892857	0.903366	6.742059	-0.376186	4.010798	-6.066183	0.886813	6.623589	2.823154	2.141692	6.453639	3.731477	-0.920213	6.597733	-3.650812	0.494301	4.880460	-0.526638	6.564714	-1.559988
4975	5	1.860518	6.673024	-0.367176	0.998673	5.731913	7.119272	0.583461	0.570010	5.343823	-3.166330	1.841993	1.460245	6.150860	-3.982965	5.775748	6.105216	-4.570512	6.156027	0.375935	1.075411	-4.689205	7.178780	-0.368949	0.998634	6.472673
4988	5	4.463456	0.884689	2.343922	6.747155	-1.743684	4.333424	0.637368	2.438332	6.733895	-1.799501	5.451961	2.598126	1.139340	6.641823	-1.105550	-3.787187	6.361107	-1.339620	1.169272	5.734560	4.081444	0.149151	2.587465	6.685445	-1.892306
5079	5	2.181883	2.351285	1.649165	6.313287	-0.368214	-2.592649	2.785960	5.301991	-1.710896	7.113120	-0.985048	4.094259	3.135322	-0.552003	7.142518	2.276482	0.952329	5.708942	-0.493762	5.103890	-0.623038	4.298721	2.851063	-0.424056	7.143073
5102	5	2.277227	1.569663	4.494049	-0.065316	2.957778	2.107560	1.599699	4.511721	-0.234551	3.125585	2.006866	0.407946	4.861554	1.464148	1.717689	6.152704	1.916433	-1.200274	7.844698	-5.968995	1.058342	1.278759	4.793232	0.306206	4.469783
5105	5	2.166436	1.868615	4.839215	2.201614	-3.906845	1.430224	3.251657	4.765468	2.122703	-3.710841	0.820458	3.243249	4.859510	2.092784	-3.703566	2.082515	2.541094	0.470404	4.324267	-9.855164	2.442246	2.387941	4.746938	2.200360	-3.836525
5143	5	-0.167907	6.303458	0.193122	5.121144	3.198319	2.675406	2.625436	6.111335	0.000980	5.100031	3.479459	2.685037	1.982314	5.199071	2.183282	3.240984	3.042534	1.343523	5.133846	2.743957	3.340288	1.675668	5.429011	1.497753	3.385689
5163	5	2.262941	-0.122708	6.284095	1.433364	-2.491580	1.993360	0.541210	6.281729	1.433367	-1.247661	3.834689	0.186197	0.263229	7.267338	-5.372144	2.748835	0.364480	6.281630	1.433387	-1.714950	2.929249	-0.318431	6.283272	1.433392	-2.675879
5253	5	5.083225	2.807904	-1.215491	3.040624	1.488239	4.547609	2.420004	-0.349809	3.258504	1.206227	0.476546	6.111223	0.173994	-1.501733	4.165167	0.609750	6.070828	-0.224924	-1.696065	4.157323	4.060430	2.142877	0.154392	3.160453	1.072300
5268	5	1.938116	2.207827	2.338967	6.021179	-2.209781	-4.259013	3.355899	6.606305	1.316368	7.531329	-4.139306	3.363892	2.499178	3.726933	6.607011	1.535255	2.569327	2.335353	6.013640	-1.372046	0.896498	2.462384	2.388943	6.002705	-1.155339
5275	5	3.719085	1.939709	-0.191981	5.953750	-2.921104	0.409939	0.860221	0.078437	5.953672	-1.525688	3.894956	3.167470	-0.366649	5.953025	0.537087	4.404433	3.011108	-0.384760	5.953195	0.096099	-0.741786	3.013760	0.008806	5.953524	1.131863
5301	5	-2.202725	6.890416	-3.830307	6.271319	-3.575223	4.099518	4.857462	-1.989105	6.287230	-9.100381	-7.148449	2.496107	5.857972	-0.377113	2.941222	-2.268222	2.444146	2.147363	5.672275	-3.567717	2.998926	1.145991	2.188301	5.615695	-7.702722
5408	5	-0.841278	1.594439	8.046367	-5.646990	5.799357	-1.600342	2.161810	7.468853	-6.175982	5.804541	2.588877	0.568545	1.731921	5.224477	-2.397620	5.629235	2.627811	3.978576	2.421512	2.006773	-1.579525	2.084830	7.589151	-6.152622	5.804481
5431	5	-1.771214	7.595831	-4.629267	6.068758	2.473783	1.314299	3.298693	-0.175829	6.406965	-0.862109	0.596623	2.923827	-0.035211	6.420205	-1.172658	0.216969	3.457471	0.019728	6.420302	-0.736158	0.264960	4.028557	-0.003207	6.413911	-0.264812
5436	5	3.340576	2.872754	1.663559	6.884628	-3.489063	3.380233	2.484204	5.395748	0.385659	0.798334	1.261937	2.749053	5.557998	-0.563155	3.949305	1.384502	3.688809	5.256865	-1.379244	4.323986	1.376800	2.631744	5.573427	-0.462454	3.861970
5499	5	5.196978	5.867717	-2.108506	8.998179	-4.389160	-2.900096	6.647893	2.069294	-1.764851	7.621257	-0.925347	6.681312	-2.184100	8.903326	1.095709	-2.744454	6.681772	-2.141526	2.941547	5.384224	-3.121463	3.424248	7.653707	-1.901124	7.621272
5515	5	1.903916	1.425587	1.126973	6.396026	-6.423878	2.526650	3.217774	0.643516	6.401706	-6.413836	-2.120072	3.403655	4.430115	0.456890	5.686344	1.596281	2.026756	1.110669	6.394200	-6.422313	3.469262	2.460183	0.633022	6.410786	-6.417258
5545	5	0.259653	1.358391	3.928751	3.456338	-0.321333	0.617762	-1.175257	3.929024	3.456350	-0.644398	-4.463924	2.956316	4.706912	-2.552715	5.204876	1.823892	0.053368	3.928717	3.456357	-0.488864	1.366694	0.908173	3.928488	3.456346	-0.305673
5636	5	3.455867	2.251383	1.478777	7.843336	-1.407391	-7.350934	0.282394	8.809596	-1.510805	7.744689	2.449962	0.724447	1.639367	7.843437	-1.635103	3.472349	2.780147	1.523277	7.843294	-1.294228	1.060177	3.726089	1.766208	7.843222	-1.217117
5669	5	-2.513013	4.138815	4.626872	-4.515741	8.536905	2.032069	3.575951	1.762791	5.515237	2.106222	3.757206	3.074353	1.953453	5.526442	1.605677	2.329270	-0.308419	3.081343	5.471744	0.845015	3.888030	2.275750	2.724351	5.531305	0.676441
5755	5	1.185244	2.222414	0.829814	8.340319	-2.560519	1.659469	3.321123	0.717193	8.340050	-2.315701	1.724469	1.151092	0.810159	8.340713	-2.735282	1.201997	3.187068	0.775119	8.340091	-2.360773	-10.436304	0.823415	7.384094	-3.205085	7.050693
5761	5	-8.190276	7.304492	0.731805	0.403838	3.720912	2.328386	2.797534	-0.764552	6.560264	-4.143785	-1.731062	7.307522	-3.270019	6.556320	-2.427833	1.337451	2.733013	-0.629660	6.558534	-3.745684	-9.441998	3.188507	3.816882	0.099455	3.720914
5820	5	-0.678395	5.952122	-4.735296	6.867416	3.295464	-2.625535	5.949681	-2.438676	2.575722	6.359914	1.312166	1.924455	-0.353428	7.846202	0.153718	3.852257	2.332394	-2.689624	7.825263	-0.832223	4.380141	2.636962	-2.978042	7.803651	0.177662
5828	5	1.731651	2.240396	-4.248496	8.262304	-4.443353	-2.341532	7.575323	-2.666069	1.712750	7.402972	2.086107	2.614395	-4.765924	8.262269	-4.338164	1.687805	2.923019	-4.839501	8.262279	-4.226315	1.413215	2.545306	-4.300804	8.262313	-4.351685
5916	5	4.866272	2.722101	-2.229735	7.924919	-1.998636	5.676754	3.817139	-2.573451	7.924088	-1.948760	4.139940	5.205314	-2.572101	7.922997	-1.575497	0.039650	5.709829	-1.952952	7.905478	-1.200651	3.325744	2.122323	-0.442689	7.924677	-1.995089
5936	5	-1.876926	7.141987	0.397250	2.322155	4.327539	3.972266	3.301643	1.763507	1.267618	4.246066	4.302749	2.550190	3.248265	1.006830	3.180300	4.257693	2.761193	2.780225	1.200818	3.351547	4.270950	2.286843	3.870832	0.686292	3.106301
5947	5	1.706336	0.995816	0.316307	7.407040	-2.359286	-0.106236	6.731098	-5.415124	7.393148	-1.637696	-1.624091	6.913600	0.519144	1.436218	4.726781	1.260284	1.326165	0.316447	7.406372	-2.137354	5.197127	2.404520	0.203780	7.404135	-3.023045
6141	5	-4.212141	8.157582	-1.876297	0.704183	6.704096	1.484913	8.096242	-1.833483	0.704182	6.625414	0.245274	2.348758	5.015818	-2.890503	6.704103	-5.406321	2.350789	5.015232	-2.889617	6.704576	4.482754	3.019224	-0.684034	6.134025	-2.006390
6153	5	-0.002480	3.980149	-4.521594	7.556752	-0.067637	1.848761	3.529875	-4.891013	7.556752	-0.192960	1.240589	3.764587	-4.706977	7.556752	-0.069046	-0.240120	1.631831	-3.276601	7.556753	-0.468306	1.054427	2.226786	-5.239322	7.556753	-0.915182
6158	5	2.535582	2.721736	0.533077	5.711030	-5.348921	-5.782103	7.248022	0.826876	-0.074816	6.316999	-10.708718	1.470480	5.592162	-6.083826	6.317571	3.188049	3.051508	0.382056	5.711126	-5.330951	3.152388	3.263994	0.364745	5.711043	-5.307783
6202	5	3.786376	2.385364	3.859152	-0.052050	-0.916751	0.997368	4.391191	2.886125	-0.296140	-0.249483	3.717245	0.952262	5.799164	-0.278751	-1.284354	3.853320	2.173735	4.307313	-0.094149	-0.990051	0.631634	4.473939	3.312909	-0.407772	-0.154266
6220	5	-0.227990	-0.613218	7.023645	-0.887200	6.015893	-1.516688	1.022812	7.052361	-1.059497	6.023825	-1.944207	1.544825	6.998702	-1.064112	6.024021	-2.470597	2.113340	6.817948	-1.065185	6.024094	-0.493310	-0.320310	7.048419	-0.973665	6.020001
6236	5	-3.348820	6.250033	-2.626985	0.434567	6.481794	3.312509	1.944772	-4.409564	6.741714	0.240098	2.333711	2.266485	-4.377771	6.741722	0.723967	3.102315	1.877687	-4.397271	6.741788	0.093200	2.646565	1.939479	-4.378158	6.741811	0.192056
6250	5	6.821143	6.098480	1.121985	5.821472	-3.562167	-3.125487	7.324334	0.086458	5.912957	2.788786	6.173007	1.674346	5.200679	3.259955	-1.974614	-3.803857	2.760488	6.006614	0.537677	5.063914	-3.627882	7.243653	2.849545	1.543979	4.926355
6287	5	-2.679874	1.354624	6.210661	-0.473563	5.900996	2.883574	-0.438819	4.753499	5.723341	1.209574	6.226578	3.413634	0.873493	5.863947	0.295791	-1.229005	5.060534	2.629477	-0.322853	5.776897	-0.338749	1.179998	4.449806	5.706589	2.245364
6308	5	-8.029323	-0.540535	8.307319	-2.362625	7.347835	-4.583899	-0.346139	7.262291	2.853514	1.840296	-0.730484	2.454788	1.688054	6.707802	-0.136174	-0.110781	2.905293	0.822423	6.987337	-0.146141	0.549102	3.189996	0.045431	7.122622	-0.153501
6314	5	-0.044627	-0.061910	0.645638	8.870803	-0.630177	-0.926580	2.501046	0.644979	8.870741	-0.623114	1.584477	2.088998	0.629453	8.870698	-0.631539	-13.032880	-0.144066	6.281609	-1.820618	5.332139	1.354299	2.487932	0.630222	8.870714	-0.622037
6370	5	-4.005142	3.258865	4.938314	-4.073839	5.277000	8.069611	4.688463	-2.504535	6.247749	-3.674376	4.097745	0.420729	6.631515	1.805945	-0.440543	-3.154534	4.855289	2.871597	0.176626	5.100264	2.155901	3.020038	5.573170	-4.100401	3.666464
6396	5	5.496679	5.760691	-0.418968	5.920601	-1.717638	5.083761	0.564671	7.741614	1.835012	0.386001	4.984165	0.644526	7.850379	-0.997276	2.640596	-6.023568	3.404555	6.413715	-3.080887	6.104164	-0.680017	3.243134	6.843582	-3.081525	6.079219
6404	5	2.618143	4.746857	1.353102	0.437262	4.160369	5.156385	0.960555	5.562983	1.538039	-0.757821	-0.356870	2.845466	5.091089	-2.587759	5.937652	0.247663	4.490209	2.925076	-2.815862	5.956386	3.795181	-1.026509	6.913555	1.165406	0.305642
6513	5	2.507555	2.889081	1.797859	3.923944	2.103912	3.027403	0.102733	2.724428	4.994130	-0.069888	2.425029	2.874774	2.012152	3.808288	2.166609	4.593098	1.487300	0.257442	5.420550	0.185499	3.748823	2.255937	0.707152	4.758682	1.299966
6549	5	0.048203	3.576464	3.623271	-1.867419	5.727854	0.335786	3.210667	4.828077	-1.252593	5.643996	0.831770	5.633790	0.285533	0.260903	5.577089	2.025568	4.801502	0.294783	1.165101	5.105514	0.631178	5.530057	0.325670	0.052672	5.634721
6557	5	-0.896733	0.304590	4.549958	-2.897525	7.489915	1.836057	0.896392	2.325738	-1.661583	6.795664	-2.414128	1.694664	3.433523	-2.618756	7.722305	-2.500341	1.864008	3.193387	-2.523540	7.736537	-1.041991	0.475035	4.528919	-2.910070	7.518821
6583	5	-11.498513	1.690371	7.099783	-5.023544	8.316566	3.014758	2.519631	1.977839	5.444641	2.046202	2.799713	2.231873	1.986167	5.459147	1.990804	1.964899	2.135339	2.014206	5.491793	2.011150	1.796822	2.407126	2.017206	5.489639	2.042681
6644	5	-9.601498	-2.987833	6.090032	-1.502658	5.910305	0.852919	2.449339	1.866258	5.912795	-0.611766	1.743841	0.156240	1.871181	5.922573	-2.837981	4.014149	0.418365	1.871181	5.922468	-2.639830	3.359490	-1.384495	1.871182	5.922551	-4.499431
6725	5	-2.941524	4.867964	2.976687	-0.332325	6.082478	-0.723203	5.007147	-2.834792	6.565999	-2.050967	-3.949168	2.252732	4.877340	-2.634736	6.117856	3.562367	1.570902	-0.688214	6.556853	-3.868728	2.625053	1.254074	4.987957	0.561138	0.005291
6771	5	-10.999340	-0.935144	6.164655	-1.776181	5.312977	2.508712	1.410077	1.842243	7.483416	-1.692390	0.928546	1.538820	1.890238	7.479793	-0.923178	2.449649	2.464655	1.648974	7.449129	-0.757502	2.978545	2.164733	1.697059	7.451636	-1.089879
6830	5	2.212439	2.541908	1.877799	6.821409	1.144095	-7.825420	2.791175	5.948461	-3.741601	6.566978	1.831598	2.763209	1.878227	6.815897	1.283273	1.777865	1.995214	1.999432	6.823743	0.870674	1.055109	1.879148	2.070943	6.814311	1.093109
6841	5	-2.347815	7.255763	-6.390210	8.157970	1.132291	2.467102	2.057052	-0.815336	8.157077	0.131121	2.145821	2.527961	-0.813106	8.157069	0.199536	2.581651	2.667418	-0.845072	8.157071	0.235866	2.914480	2.296553	-0.837552	8.157081	0.165648
6959	5	0.270935	4.619211	-0.074137	7.843201	1.696382	2.114473	0.157762	2.469221	7.658762	0.691018	1.608932	1.219632	2.439821	7.661002	0.992243	2.773702	-0.045389	2.444038	7.683894	0.302432	-9.630218	-1.867560	5.910127	1.639398	4.352617
7050	5	0.353902	1.956055	2.387954	4.304226	2.848110	-1.094245	2.900209	1.819643	4.275879	3.593209	-1.549015	2.591689	2.062142	4.268110	3.548701	0.125948	3.422639	1.422799	4.284358	3.575636	2.271997	3.131845	1.397482	4.285116	3.144060
7182	5	-1.468461	9.813879	0.726170	-4.432325	7.072728	6.906706	3.246251	-5.015655	4.335596	-1.548840	3.509117	1.903992	5.197955	-1.118905	2.191336	6.663044	3.246054	0.988801	-0.465793	0.742080	3.240421	1.300248	5.891131	-0.572407	0.938214
7257	5	-2.559908	2.781442	3.710703	-0.957116	6.206965	3.182272	2.028796	-1.968568	7.582414	-0.144405	3.083581	2.257641	0.489152	3.029906	3.074279	-0.930531	5.175294	1.517841	-0.416725	6.205057	1.856484	-0.869647	5.907376	1.779819	5.425920
7291	5	3.307083	1.992837	2.394550	4.828821	-6.043583	-7.873966	6.119461	-0.505868	-1.119741	6.403888	-1.581689	6.119434	-3.484207	4.847855	0.420540	-7.924109	2.964229	5.088615	-5.195223	6.406242	2.404176	1.785085	5.306250	0.696833	0.620228
7415	5	0.113854	3.130233	3.309263	-3.462402	7.054605	0.446726	1.524944	3.333680	-3.398244	6.912037	1.772953	1.409152	3.239489	-2.780862	6.955090	0.108694	3.718529	3.063400	-3.314694	7.141746	0.231545	2.428750	3.332721	-3.442817	6.984646
7427	5	-5.134346	2.389500	5.093682	-2.739256	6.397457	-3.785992	4.924061	-0.433066	0.036517	6.362743	3.723874	1.245120	0.926555	5.545382	0.119333	2.719634	3.383765	1.973002	1.185529	4.778376	2.648830	3.282983	2.609381	0.299594	4.824523
7447	5	4.688321	-4.098644	6.640486	-1.523715	1.697204	6.596522	2.466404	1.214954	7.345817	-2.257211	-6.078724	1.545117	6.826756	-1.997552	8.027854	-6.022149	8.118412	-2.465694	2.925230	7.176598	0.549900	7.782309	-2.465677	2.925245	6.572434
7448	5	-4.694588	6.448921	-2.126723	3.853673	6.111842	3.680557	2.012925	-0.052875	8.965110	-2.298728	2.528781	2.809218	-0.024585	8.965279	-2.072093	3.010178	1.570942	-0.021645	8.965792	-2.336580	3.674192	2.620316	-0.067922	8.964759	-2.094453
7469	5	-6.646433	2.418688	7.809222	-3.550411	6.848632	5.300379	2.208166	2.207427	7.767329	-2.192241	2.768901	0.496925	2.866291	8.417431	-2.017147	3.607501	1.046081	2.616079	8.311634	-2.947109	5.464015	2.351833	2.185710	7.649593	-1.944732
7478	5	-5.225100	0.144880	2.996530	7.040476	-1.003818	0.452933	-0.110025	2.997903	7.038749	-1.483789	-6.431697	-1.993503	7.252435	-2.548104	4.049251	-5.247437	-1.993371	6.709720	2.113522	-0.599087	0.433986	-2.235285	6.709706	2.113566	-1.073967
7591	5	-2.924825	2.765126	4.270597	-6.791982	6.320203	-2.790205	2.948323	4.043365	-6.791988	6.320205	-3.019709	2.706088	4.385455	-6.792122	6.320203	-0.501357	1.023961	-0.782382	5.089728	2.050333	-3.732490	2.818976	4.785292	-6.793056	6.320205
7632	5	6.438468	0.300962	0.844196	5.431083	-5.187081	1.559778	-1.101692	7.355896	-1.638500	1.712033	2.422497	-2.465133	7.355896	-1.237755	0.170521	3.931332	-1.510330	7.355853	-1.651030	1.098037	3.779488	-1.875659	7.355857	-1.484172	0.534426
7671	5	-9.675747	0.926598	7.639167	-5.309011	5.802302	-0.717682	6.176729	-0.367123	6.493774	-0.401407	2.845293	2.764670	1.569219	6.422855	-3.149477	3.146291	3.331400	1.558609	6.422491	-2.888952	3.193929	2.974942	1.555408	6.422708	-3.041182
7696	5	-4.173308	8.530044	-0.297638	0.620138	5.285657	-6.756124	3.424767	5.880080	-1.276449	5.851198	5.355020	3.460476	-0.390206	6.897666	-2.143239	2.875539	2.604062	0.293653	7.056945	-4.766525	3.487025	3.861631	-0.041404	6.895082	-0.044477
7715	5	-0.086286	-0.169749	-0.545236	5.583632	3.554697	-0.063718	0.245064	-1.595684	5.530708	3.604048	1.442851	0.441408	-0.115126	-0.136419	8.565134	1.381136	0.228685	0.132512	-0.135994	8.498142	-0.255320	0.954388	0.452321	-0.138099	8.633794
7738	5	3.192569	2.236232	-3.018477	8.440615	1.039378	-10.892986	0.533483	1.351237	2.414547	6.298200	1.389985	1.322018	-2.999831	8.442272	1.364516	-0.543653	2.527383	-2.994211	8.441627	1.928100	2.409257	2.918617	-3.014171	8.439535	1.870107
7754	5	-1.875886	3.677014	3.658775	-0.533880	5.721977	-2.461802	3.439566	4.091438	-1.520329	5.722034	-2.020106	3.602442	3.801764	-0.891346	5.722005	3.255939	2.759661	1.141857	7.379312	-5.494925	4.065586	3.566467	1.960164	3.513018	3.840027
7762	5	4.502105	1.687636	1.167470	5.051263	-1.363072	-5.696364	0.138110	5.819541	-2.285251	5.695449	0.362894	-4.100275	4.374374	4.285522	0.562461	1.119600	-4.255979	4.275764	4.324934	-0.648065	-1.198072	-0.104516	4.272833	4.285226	0.747258
7769	5	3.984091	0.515794	0.977035	8.956337	-1.630525	-1.279318	1.541123	1.087547	8.955727	0.267739	5.493024	4.548768	-2.849063	8.954958	0.640567	0.603637	4.376286	-0.543210	8.954559	1.200538	6.539113	2.985494	-2.327477	8.955630	-0.117577
7877	5	-11.015007	0.271550	5.188692	-1.047751	5.907727	-5.463325	5.605658	-6.923638	5.305467	2.141983	-0.219793	5.575012	-0.799440	1.488492	5.897799	-6.571475	5.605632	-0.832142	1.488493	5.897880	1.142810	5.414807	-6.688654	5.308788	2.126857
7897	5	2.631565	1.083470	-1.273196	6.391476	-0.166535	0.159387	3.259205	3.691341	-2.817341	6.137325	0.012513	2.950681	3.754389	-2.817347	6.130577	-0.420763	3.699277	3.777251	-2.817905	6.167412	0.019088	3.568545	3.688824	-2.817574	6.156355
7910	5	3.526379	1.708940	3.824067	4.850746	-4.428491	-3.952881	1.168092	6.038197	4.850744	-0.015602	-4.250720	1.246796	5.910559	4.850742	-0.013406	-3.639616	1.669937	5.125778	4.850739	-0.013259	-4.154507	1.338906	5.711986	4.850740	-0.013258
7921	5	-8.484571	0.578021	6.875921	-1.646957	6.830764	2.582789	1.958399	1.386387	6.135359	1.364028	-2.028061	7.009840	-3.160863	4.984186	3.875110	2.958799	2.182601	1.359243	6.096302	1.377725	3.582681	2.771564	1.168054	5.988371	1.516029
8153	5	2.706020	1.404349	4.345237	-0.251383	3.468186	2.596669	3.041128	2.027803	-2.454634	4.828816	3.524953	2.113214	2.730614	0.497525	3.933848	1.477265	6.108181	-0.203670	-1.868392	7.421319	4.286397	3.237571	-0.551074	1.518012	5.398951
8199	5	-0.525507	3.371054	3.961548	4.004396	2.037817	2.907474	0.717737	1.736527	7.631322	-5.487790	-0.081298	4.621379	-1.540511	7.683961	-0.540381	-6.293209	3.346497	5.221352	-2.092806	5.751112	2.480547	0.430174	4.390196	3.858289	-2.579520
8246	5	4.545203	3.998024	-0.341879	7.833459	-1.936649	2.235782	2.645986	3.753014	7.046387	-0.572091	1.433489	2.467158	5.482941	1.876905	1.758358	4.596259	6.180517	-0.324503	5.949775	-1.696769	3.290152	8.092052	0.938018	2.685071	1.907355
8276	5	6.061806	1.584059	-0.123117	4.066665	-2.086597	5.780203	-0.749091	3.094288	3.693807	-1.612111	-6.746293	0.080838	4.959329	-0.089812	6.445670	-3.959131	6.426405	-1.551388	0.701970	6.364985	0.724139	2.883568	-1.829997	2.756190	3.629718
8297	5	-2.372989	6.735763	-2.498963	4.999486	-0.928005	-3.219160	3.611991	5.172216	-3.705489	3.298412	2.995483	5.261516	-1.401140	5.000183	-2.025837	2.713923	2.426260	5.756279	-2.125733	2.303523	-3.198955	6.650732	3.009091	0.228724	3.297902
8315	5	2.461301	3.253772	-4.253696	5.369032	-5.166902	2.354871	3.049420	-4.253696	5.369032	-5.166903	2.513270	2.828726	-4.253696	5.369032	-5.166903	2.930653	3.123937	-4.253696	5.369032	-5.166902	-5.340542	5.891777	2.243401	-1.739954	6.999102
8367	5	-2.512287	6.063238	-8.682994	6.515073	2.518014	1.068156	4.700182	-5.241849	7.285982	-0.984800	3.302081	2.366050	-4.653873	7.307404	-3.273044	2.333638	1.102936	-4.002178	7.297334	-3.709696	2.702221	3.804255	-6.428199	7.300619	-2.144776
8382	5	4.024500	3.436861	1.401956	6.627191	-3.359605	4.904322	4.599678	-1.942739	6.628350	-3.426107	-4.865238	6.881236	0.207147	3.505331	4.069173	4.789546	4.269762	-1.626163	6.628350	-3.768155	4.451425	3.766485	-0.211584	6.628350	-3.873095
8451	5	2.797729	2.164389	-0.139315	9.034945	-3.559437	3.634470	2.616273	-0.563350	9.034024	-2.501043	2.354132	3.138077	-0.122237	9.033463	-1.434325	3.433486	2.440594	-0.577676	9.034399	-2.940481	3.415696	2.988044	-0.301344	9.033513	-1.686799
8477	5	4.812798	2.549021	-2.697799	6.943447	-4.864953	1.046864	1.597421	4.123005	-1.513150	1.397815	-0.183946	2.481155	3.898425	-2.567828	1.968050	-0.044483	2.041742	4.054120	-2.222233	1.787253	2.607281	1.210768	3.994508	-0.443825	0.705475
8499	5	4.170881	0.665621	0.599085	6.294509	-5.914205	-0.144225	2.044690	6.164855	-3.219811	5.337810	1.780280	-3.155809	6.656518	2.946092	0.949423	-6.573893	2.303138	5.698839	-3.266227	5.405430	-5.194526	6.584955	0.797782	0.227153	5.227043
8509	5	-3.442535	5.087855	0.203562	3.398795	5.126598	-9.175428	-0.490665	8.349295	-3.306264	5.939835	1.604310	1.596411	1.614627	6.452389	3.224353	1.596838	1.610378	1.611055	6.415522	3.288831	1.615247	1.585188	1.616196	6.480176	3.158571
8518	5	0.973742	0.134922	4.735604	2.409263	1.294237	0.542327	-0.126083	4.591337	5.004493	-0.792871	2.278410	-0.997085	4.496442	5.465424	-2.996663	1.582248	-0.022868	4.735138	2.389108	1.373277	5.345089	2.512724	3.490488	4.796738	0.378922
8557	5	-6.799293	4.077415	4.944005	-1.536135	6.267421	1.933721	2.821374	0.154893	5.579755	1.513880	-6.286872	6.103802	-1.471379	2.870932	5.958228	1.462535	2.930087	0.237696	5.747360	1.358963	1.714401	2.575950	0.286306	5.770513	1.087502
8674	5	-1.638642	1.940781	3.616286	5.302228	-1.257871	2.908083	-1.537165	3.624511	5.310496	-3.485017	2.880814	-6.203748	5.926247	1.049113	-2.952484	-4.063369	0.065251	6.078911	0.813857	-0.370615	-7.901153	-0.427300	7.177474	-1.302070	2.221946
8693	5	-0.156078	5.097923	-4.510610	7.602568	-3.481955	-7.256008	0.811539	3.887102	1.693337	2.096496	2.755460	2.580907	-1.938180	7.602075	-6.307442	3.437590	3.026391	-2.197904	7.602071	-5.992936	2.260543	2.981913	-1.827771	7.601985	-6.348957
8708	5	-1.684410	7.365521	-2.643598	5.162875	-0.071646	-4.813820	3.751370	6.130018	-2.503355	5.365224	4.307822	2.697502	0.923503	4.890975	-1.210332	2.942820	1.885006	7.157174	2.704045	-1.181674	2.153492	3.123843	6.560795	-2.593690	4.268574
8722	5	-6.891040	1.531330	6.646988	-1.026404	7.912325	3.908373	1.184279	2.042503	8.653869	1.779967	3.476864	0.893753	2.143932	8.656419	1.663409	0.561873	2.761369	2.042567	8.631147	2.479676	3.654481	1.008011	2.103899	8.655571	1.707486
8741	5	-4.648424	6.480544	1.274547	-0.967011	6.615316	0.540585	6.921740	-1.765113	5.613287	-2.647665	5.177392	2.548642	-1.070260	5.605187	-3.013326	2.565570	1.407927	0.110565	5.602922	-3.020611	4.708032	3.076646	-0.725560	5.601425	-3.005775
8787	5	1.182341	4.434994	-1.937015	6.174489	-1.677251	1.212534	4.522263	-2.261415	6.174488	-1.625123	-7.588773	-0.819695	6.248959	-4.699942	4.954041	1.249795	3.935444	-0.998870	6.174493	-1.991509	-1.537162	5.127370	0.072376	1.545157	4.702946
8813	5	6.382131	1.928406	4.937676	2.157955	-10.433262	5.991959	1.139622	4.769751	2.408624	-10.497546	0.647723	1.189726	7.857152	1.360808	-9.996893	6.369272	1.725485	4.856502	2.224514	-10.452805	2.655516	-2.232188	8.232405	1.620148	-10.316502
8873	5	2.268017	5.496398	-1.932667	5.892460	-4.062278	-7.125242	6.659250	0.436089	1.566114	5.059310	-7.140940	6.472652	3.286896	-0.263967	5.075401	1.979876	3.401346	6.022159	-1.602158	0.482642	-1.994315	6.383304	3.287432	-0.265462	5.063878
8948	5	0.759302	2.800398	7.168451	0.767100	2.320901	2.330756	1.610653	1.140364	6.265683	-5.534341	-0.723781	2.543291	7.374396	0.767573	2.440353	1.146975	0.880854	7.449214	0.785236	0.760261	3.998148	2.057782	7.266340	0.780670	1.156157
8998	5	1.579157	-0.132190	6.545578	-1.737740	-1.324315	2.250530	-2.542298	6.553509	-1.737682	-1.324581	4.716564	-0.958773	6.204143	-0.387604	-1.605668	6.034955	3.444071	0.896374	3.685095	-2.554863	4.331238	-1.893719	6.429555	-1.204824	-1.402816
8999	5	0.532226	2.279104	-0.265484	7.855572	-4.899444	0.286443	4.905483	-0.818057	7.855568	-2.730207	0.639419	4.452278	-0.991817	7.855570	-3.091274	-10.258336	-0.566706	7.055512	-0.409285	3.648122	1.477812	2.533529	-1.051337	7.855574	-4.615269
9017	5	-4.523777	7.209532	2.924051	-2.982764	7.670950	2.017391	3.006395	-0.026454	7.220218	0.733491	-10.385447	1.289916	5.986821	-4.496837	7.670967	2.339298	2.608763	-0.035112	7.218933	0.610679	2.699162	2.591003	-0.080037	7.212792	0.568456
9018	5	3.032543	2.971603	0.766513	7.687119	-0.411330	-1.436864	4.834345	-1.023566	6.424114	1.961667	-11.642703	0.367672	5.717104	-1.670615	5.736754	2.510137	3.591093	0.810169	7.694521	-0.200495	2.414799	2.875852	0.829288	7.694961	-0.492769
9064	5	3.435280	2.342306	5.982616	0.717203	2.418272	6.453884	3.252742	0.128423	6.780652	-4.313634	-2.748995	2.876342	5.960854	-1.726433	5.905244	-0.942114	3.190704	5.855194	-1.692860	5.906233	-1.940438	3.047804	5.920655	-1.742108	5.907111
9236	5	5.328153	-2.657415	5.039864	-0.226108	3.276842	2.661645	-1.540025	5.050035	-1.963049	5.521094	2.172073	2.881181	-0.256054	2.242014	3.288935	1.401803	3.025086	1.065896	0.305602	6.134090	1.404589	3.083678	0.908087	0.552425	6.026365
9315	5	-1.536504	5.601280	3.256307	3.267960	4.903612	-0.494456	1.991022	4.534037	3.969421	2.350792	-1.397397	5.872346	2.883599	3.929525	4.595884	0.501952	3.211127	3.323810	5.421631	2.652807	-1.397680	4.697406	3.849290	2.578772	4.931179
9418	5	-5.314646	5.058303	-4.750191	7.265952	2.744783	-5.332957	5.033496	1.752154	-1.044927	6.873242	6.792710	0.747847	-1.718116	6.798968	-3.317145	-5.332957	5.058690	-3.704194	1.704425	6.631681	-6.203708	-0.880544	4.850087	-3.232791	6.878977
9474	5	-3.985349	6.785903	-0.646805	-0.499083	7.594141	3.309441	4.077584	1.644256	-1.960795	1.709035	5.952805	3.177827	1.247754	-0.606521	1.571514	2.930506	0.121874	5.923082	-4.132361	1.510876	5.008142	2.604972	-1.660984	6.019937	-3.865181
9492	5	1.176699	3.324974	3.134414	1.608179	2.898416	2.128884	-1.908301	6.323866	0.583540	1.711734	1.314694	-0.881063	6.325742	0.562894	2.522139	4.730322	2.200159	3.049919	3.595188	-1.367418	1.050392	3.198300	3.451350	0.653211	3.577836
9505	5	3.210310	0.532115	8.029866	1.281028	-2.645773	5.242187	1.200499	8.027451	1.280920	-2.110121	6.402857	3.413854	-0.358374	6.514361	-4.268732	1.089897	1.690853	8.028408	1.280467	0.438221	5.348029	1.365866	8.027050	1.280824	-1.328411
9508	5	3.431921	1.715777	2.246388	7.614589	-7.265883	-1.808272	-2.048739	8.352673	1.428597	2.341032	2.197587	1.996977	2.247431	7.614378	-5.315514	3.278028	1.635274	2.246567	7.614598	-7.293627	2.909849	2.148089	2.246667	7.614367	-5.423600
9565	5	4.131924	-3.272446	6.632418	2.792489	-5.648891	7.836960	2.888641	-5.087653	7.085996	-5.706482	3.740514	-3.531060	6.632597	2.792489	-5.694625	4.266146	-3.106874	6.632274	2.792489	-5.596732	2.899218	-3.690768	6.632685	2.792489	-5.690688
9651	5	1.469646	5.849677	1.747194	3.361017	4.909278	1.445065	2.757519	5.488348	-1.950462	6.135294	7.490107	0.361864	0.302320	6.216457	-3.416326	-2.656873	6.123644	1.698368	3.355720	5.081938	5.297752	-1.816897	5.702461	0.541393	-0.429662
9654	5	3.391831	0.001227	6.755338	-0.099255	5.027062	1.596478	6.428808	3.398057	2.178582	6.894115	1.374051	6.034361	3.813440	1.488010	7.121987	1.977246	6.130115	3.590756	1.983560	6.750880	1.359293	6.207454	3.654024	1.730675	7.068898
9804	5	5.614228	-6.471421	5.426266	0.229224	0.106486	-1.889692	5.708538	-5.092595	6.191567	3.061495	5.632697	0.004275	0.147753	6.350663	-1.675807	-6.189864	-0.776187	5.444728	-4.523750	4.858196	-4.432358	5.708297	-0.113457	1.607780	4.855560
9806	5	0.883523	2.960831	1.699815	-6.488290	5.427505	1.598227	3.213509	1.552047	-6.487249	5.415144	1.240273	2.986490	1.621773	-6.266523	5.237440	1.529094	3.269787	1.564536	-6.644379	5.548571	0.862174	3.377665	1.645191	-6.947329	5.961265
9821	5	-3.061507	2.711068	4.307858	-5.337897	7.371382	-3.624558	2.031913	5.574827	-4.515685	7.371339	-2.988350	1.191749	5.669329	-3.682352	7.371213	-2.130502	-0.129766	5.652676	-3.082649	7.371023	-3.520883	1.835443	5.643295	-4.223261	7.371307
9903	5	-1.167153	5.802640	-4.621501	3.386873	-1.724089	2.485502	1.295531	0.529768	3.381662	-5.761246	1.820857	0.974273	5.448859	-1.553581	-3.188926	1.741207	1.997937	5.266094	-1.559724	-3.188768	2.727700	1.571406	4.900481	-1.549216	-3.188845
9910	5	-10.314679	0.179233	5.801309	-4.603385	5.349844	2.030514	1.910361	-4.749187	6.378546	0.374121	0.033467	4.314732	-4.850075	6.181443	2.456684	2.312218	2.174255	-4.763851	6.375881	0.662198	1.582589	2.684908	-4.737728	6.377823	1.211056
9920	5	-9.716042	-0.095265	4.547564	-2.141777	5.657931	-4.116606	4.536984	-1.820040	0.705549	5.523608	-0.233371	3.119582	-2.233262	4.612505	0.402294	2.664437	1.991740	-2.515172	4.660321	-1.129493	1.736960	1.633584	-1.821771	4.658274	-0.847300
9942	5	2.362706	1.217176	-1.098564	6.001816	-4.087452	-2.363302	4.908957	-2.359307	5.719114	1.794249	1.395505	2.982268	-1.048594	5.992828	-4.073742	1.707803	1.979848	-1.017531	5.995759	-4.097019	3.512850	2.720510	-1.387666	6.004065	-4.030951
