24	3	6.842145	1.945106	2.202502	-3.934067	9.284995	6.847271	-4.588793	-3.195810	6.121915	4.462524	3.151412	4.353002	1.078801	0.053504	9.277967
33	3	8.464472	-1.012086	1.440335	1.631871	6.125424	8.464474	-3.457434	-0.955073	6.007578	1.453669	8.401207	2.626737	5.613162	-3.390260	6.149140
47	3	3.344249	5.961477	2.207319	-0.221122	7.387017	8.279656	1.953118	7.810669	-3.101845	7.387019	5.822773	4.163075	2.281204	4.817128	2.159257
66	3	7.728558	-5.957398	0.725060	6.029023	1.325538	7.728501	0.012121	5.800028	-1.479490	5.206563	1.382012	5.093859	3.578852	-1.197296	5.178803
69	3	7.062113	1.162580	6.651830	-4.157811	6.443508	7.086057	-0.806796	0.813302	7.649602	0.015099	6.276353	3.578905	5.840220	-4.157794	6.443508
102	3	5.226973	1.745605	2.233304	6.657869	-0.898998	5.226863	1.747057	8.852783	-5.377012	5.409163	1.001061	7.452865	2.338223	0.370498	5.409161
164	3	8.400842	0.715221	3.428949	-4.847976	7.495250	8.454905	0.510115	0.445662	5.252995	3.778142	3.016820	5.253303	-0.340651	0.097170	7.414895
216	3	8.287516	1.419916	6.613505	-4.326902	6.985373	8.288209	-4.132544	0.799776	8.290984	1.842511	3.398408	5.119979	3.960408	-0.043245	6.984807
225	3	7.900453	2.480746	6.551289	0.146420	6.257338	4.523095	7.307046	4.020757	0.839800	6.256670	7.905036	-0.107461	1.725362	5.874720	0.882089
226	3	6.818834	1.424063	1.270508	5.730539	1.137215	3.807881	3.569107	0.186038	5.740347	1.125896	2.339752	4.988672	2.714814	1.038965	5.866564
236	3	6.303939	0.883352	5.451236	1.832912	3.601429	1.497871	3.703909	3.921675	2.371830	1.964558	6.308356	-4.805943	0.431656	7.811007	-0.007280
245	3	6.141048	0.954200	3.607952	5.843953	-0.839526	6.140730	0.976957	8.548036	0.138022	5.396738	0.158162	6.998357	3.062641	1.954974	5.395985
254	3	6.536902	-4.883550	-0.083390	5.345965	2.135865	2.085879	4.759972	4.776341	-0.917518	6.372519	6.536654	0.979558	6.050019	-0.917706	6.372521
289	3	2.200465	5.097868	2.603157	-0.090314	3.202549	6.726238	-0.293302	6.669546	-1.597763	5.326363	6.726246	-6.312422	0.981535	5.668307	1.164271
293	3	6.190985	0.184450	1.960679	8.277170	-1.157120	3.111564	4.136391	0.263959	8.288187	-1.157126	6.159044	1.983310	6.688280	2.365023	3.352369
336	3	7.840128	-6.675653	0.313018	6.796355	1.327670	7.831291	-2.215540	6.043697	-2.839006	6.895416	2.639257	3.091097	4.742848	-2.705334	6.895366
341	3	6.885806	1.632504	6.876729	-0.536337	4.699272	6.888249	1.500435	4.592833	5.737801	1.623591	3.817474	3.835514	2.997146	7.292573	0.692632
344	3	7.243969	-0.602175	4.172845	-4.029081	3.230472	7.249148	-4.062609	0.165791	6.361291	-3.036990	3.621089	3.417680	3.179580	-3.260771	3.230470
365	3	0.381072	7.448715	0.839079	0.368236	6.694114	5.671633	2.261511	5.239938	-3.919973	6.695108	5.672204	1.143159	-1.213836	6.717188	1.374664
371	3	2.726543	8.097917	3.169182	-0.785417	5.956173	5.691688	3.069831	6.693483	-1.015966	5.956217	2.727880	6.698170	-2.105835	7.460249	-0.479473
383	3	4.392861	-3.374800	-2.353060	6.522781	0.432824	4.392860	-0.524289	3.136697	-1.221970	6.665677	1.226787	3.692308	2.115898	-0.392830	6.665677
387	3	6.605448	-4.423282	1.013007	6.817515	1.977015	6.507318	1.633594	6.220884	2.316850	3.564720	6.507310	1.633658	6.245103	-2.637523	6.368771
411	3	2.503022	6.293201	1.632093	-0.350522	7.626315	7.848477	-2.957207	-0.275845	5.153006	1.741413	7.594110	1.610448	5.740459	-6.119915	7.626316
414	3	6.245669	0.038243	-3.109511	5.995769	0.505133	0.830951	3.243786	-4.325565	5.995769	0.505133	0.792522	4.731015	1.153118	-0.163000	7.036741
425	3	0.701452	7.870042	1.928001	0.956979	8.316332	5.634203	2.136050	1.928065	0.956978	8.316332	6.210680	-1.499974	0.316147	6.183707	2.272154
433	3	0.002322	8.624295	3.812822	-2.271532	7.938532	0.006871	7.160183	-0.869049	7.272793	2.685755	4.921251	2.578228	1.504923	7.268481	2.685757
462	3	2.442067	5.116306	3.058945	-1.664913	6.547051	6.755810	-5.169207	1.382635	5.498865	0.847789	6.752675	0.471688	6.452557	-5.944697	6.547051
463	3	3.662372	4.970401	1.617111	0.741180	6.772372	6.943517	-1.111199	0.873493	8.189685	3.705242	6.916714	2.720857	4.875117	-1.617581	7.133488
471	3	0.884909	5.504637	1.328229	7.498838	0.600899	0.879647	5.511369	6.993339	0.009767	6.223815	6.665205	1.361101	8.778979	0.009762	6.223815
498	3	6.113548	2.610770	4.452171	-0.456454	8.526575	2.674034	4.682228	0.743223	2.108176	8.522330	2.680718	4.613280	-4.369208	5.561644	4.353112
526	3	0.310869	5.944719	2.549253	-0.897811	7.331270	6.856891	0.560451	9.007864	-3.738987	7.502713	0.390901	4.490119	2.064428	5.628186	3.985797
538	3	6.436626	-5.018092	-0.007209	6.387339	-0.111800	6.434085	0.291701	6.634396	-2.534578	6.411991	2.298608	5.325776	3.336120	1.101095	6.369681
580	3	3.509061	0.586987	6.258821	-3.428298	7.480231	-2.585939	6.140978	2.684375	1.186550	7.439430	3.509178	-2.745266	0.846338	7.168139	1.613962
581	3	8.781517	-0.740619	1.804148	3.372828	7.079944	8.781568	-1.399673	0.451515	8.058673	1.535922	8.781318	-0.082577	6.222192	-2.601773	7.480289
582	3	8.021769	1.396954	6.149259	-0.357954	4.516264	2.338716	6.436720	2.774358	-0.188330	4.516062	8.022961	0.716736	0.498709	4.967521	-1.911138
594	3	0.479099	5.238624	2.655646	-2.313197	6.389363	6.654014	0.879501	1.437095	5.920550	1.858765	2.603477	3.786434	0.536921	6.400210	1.850338
651	3	3.005779	6.531085	3.341717	0.309218	6.987015	3.244001	6.204096	-2.533422	6.776581	1.540359	6.162464	-0.056548	6.357521	0.040585	6.987016
665	3	2.390989	6.257853	2.913003	0.589873	8.876185	5.103854	1.211236	7.364539	-3.679343	8.978875	5.406154	-2.301825	0.760520	6.792712	4.160080
691	3	6.575551	0.437395	6.524207	0.041153	5.938534	6.596091	-0.552348	3.463277	6.351418	1.104642	1.019547	3.679736	2.522477	6.927941	1.103595
693	3	0.756455	5.533563	-0.706723	2.519906	8.622615	0.756636	5.533455	-0.706787	7.019723	5.104470	6.539104	1.531976	6.805467	-4.292775	8.960216
735	3	5.392669	2.263401	5.384661	-4.353309	7.217224	5.397265	-2.237404	-0.444057	6.618334	3.751008	2.657263	4.568649	2.444220	-2.840214	7.201453
786	3	-1.782513	7.707130	4.392417	1.117045	7.280864	4.331787	1.959076	8.791279	0.562701	7.290260	-1.564104	4.666294	2.291706	5.892610	2.069504
823	3	1.573908	2.342527	2.674646	0.237299	5.312666	6.267757	-2.104677	-0.299419	5.990202	-1.159320	2.656541	1.608501	2.654559	3.369077	3.521320
851	3	6.737957	1.599723	7.235804	-2.328324	4.822939	0.622457	7.087746	4.812267	-0.518724	4.822763	0.622466	5.919202	1.913691	1.913682	2.853658
852	3	1.107649	5.300748	2.247225	-2.587542	4.517467	7.258244	0.396176	7.913525	-6.177194	4.517468	1.351971	4.898876	1.881910	2.740955	1.007855
853	3	9.399267	1.030847	7.105250	-4.429077	7.681770	5.028312	4.791299	0.925283	1.866289	7.596208	9.400765	0.388479	1.607564	6.734639	2.606713
860	3	6.430566	2.698887	4.106544	0.444191	1.605229	6.441836	-1.369338	1.326516	6.876008	-0.123920	6.430566	2.698887	4.106545	-0.811662	5.056153
873	3	7.221824	1.499668	0.771865	6.907908	0.962194	7.087442	3.007334	6.692288	-4.292483	6.395966	2.518444	5.592897	2.125564	0.299225	6.384046
890	3	3.685657	2.630518	6.953703	2.112378	4.106153	3.750110	-1.764170	1.834085	7.166794	-0.112334	3.685638	2.630667	7.026037	1.002647	5.814428
924	3	0.818248	5.150798	2.044563	1.547677	7.536786	4.531289	2.444343	-0.152149	7.794420	1.209167	6.617000	-0.393082	-0.091694	7.794357	1.209167
957	3	5.574635	0.677780	2.213446	-0.792443	6.898845	-0.404932	5.548937	-0.075958	-0.721162	6.898845	5.575948	-0.847113	-0.338358	5.795293	2.708137
962	3	6.469265	0.493036	-0.937963	6.340579	2.273249	0.805845	7.912808	4.457717	1.420799	3.045752	0.805845	7.914326	4.475967	-4.779627	7.454707
985	3	7.262025	3.212805	5.813468	-0.793983	6.131462	7.400925	-2.411953	0.232300	6.772970	3.298975	3.275389	5.734743	4.297320	-0.777632	6.130828
991	3	5.540327	1.479168	-0.088721	5.756499	1.091276	5.124768	2.298228	4.030406	2.839115	2.926292	5.123204	2.300366	5.219981	-3.671480	7.252740
1020	3	4.055598	5.468409	2.773351	-1.493567	5.460287	7.219252	1.463240	6.437050	-4.199225	5.481873	7.220096	-4.262393	1.510101	4.840548	0.385867
1035	3	6.929662	-0.882609	5.498536	-0.793911	7.989579	6.929662	-5.997531	1.484922	5.009290	5.793450	2.675981	4.360589	3.400076	1.267265	7.984572
1044	3	6.472337	0.544796	9.253917	-3.037891	6.930261	1.519251	5.729649	3.435332	1.750590	6.910170	6.474489	0.281011	3.658030	7.050614	2.265204
1050	3	1.401582	3.246484	1.170007	8.033331	0.974971	6.560532	-0.778682	2.008054	7.906858	0.975108	0.103294	5.115550	2.925170	1.758464	6.765446
1057	3	7.382935	1.972668	7.418938	-4.481004	6.656331	1.117202	6.711663	4.154202	-2.598793	6.609316	7.385097	1.032927	2.220556	5.710357	3.956233
1079	3	8.029220	-2.275285	0.752171	0.880764	6.162974	8.042310	-3.316805	-0.191679	5.692618	0.603101	7.758617	1.412517	5.262900	-4.995876	6.165222
1080	3	7.459942	-2.060575	-0.228710	5.954672	0.559876	1.876678	5.890480	2.351085	-0.418944	6.652790	7.459540	0.927579	5.637622	-2.740777	6.652790
1131	3	5.833416	-1.311636	5.833534	-2.823235	7.040899	5.833426	-3.717257	-0.502866	7.131140	0.705035	-0.038025	2.811391	4.766057	-2.823229	7.040899
1156	3	-0.332999	7.553717	3.398518	0.679971	6.613234	6.261506	1.859939	7.242094	-1.972512	6.761005	1.121296	4.979896	-1.192167	6.544651	0.787441
1172	3	0.798365	6.661511	3.961727	1.688029	5.167796	0.961767	6.012211	-0.102653	5.750319	0.328580	7.376213	1.395202	7.993799	-1.633077	6.034526
1182	3	0.438486	5.387691	2.973154	-1.146657	5.864671	3.666147	-0.163389	-0.050148	5.207152	1.231437	1.336469	4.221463	1.842311	0.913485	5.864609
1239	3	7.243551	-2.804654	0.380914	7.174649	2.663694	6.198494	4.144693	4.436743	1.924313	2.664032	6.191020	4.159416	4.432911	-2.163205	8.215651
1249	3	5.764048	0.807539	6.000179	-1.790925	8.705927	5.764143	-0.267513	2.090619	8.162127	3.293647	2.302551	4.334370	0.818687	2.150699	8.602033
1293	3	3.219854	6.348351	-5.841249	3.837167	-1.760152	6.456754	0.604639	0.025109	3.706646	-1.507142	6.349835	2.153470	5.631802	-2.820391	2.412091
1316	3	7.964862	0.449138	8.270929	-3.564283	7.412805	7.993666	0.324325	5.516034	4.594908	2.287530	5.655094	4.673195	3.198202	0.008691	7.406684
1330	3	9.173382	-1.105260	6.491141	-4.177063	7.199185	9.173714	-5.097706	2.878509	6.319649	1.757425	2.780792	4.804184	4.017143	-3.220720	7.199185
1332	3	8.571077	0.364690	5.994138	-4.983899	7.747949	8.572290	-6.111494	0.262671	7.066899	1.668733	3.235614	4.624870	2.537615	-0.188631	7.747928
1339	3	3.322219	4.248392	2.084231	1.307872	6.300588	3.945568	3.615728	1.061171	6.265518	0.679533	7.287581	-0.114127	2.412773	5.979561	0.703595
1342	3	7.428711	-5.139692	0.279076	6.456356	-0.528787	7.428619	-2.395987	6.030669	-1.794072	6.039543	1.155648	3.330695	5.835395	-1.782500	6.039543
1354	3	7.431539	3.158913	3.086684	-4.032310	9.107001	8.259143	-0.745059	-2.110693	6.734684	5.498951	3.839109	4.001220	2.842216	-3.557843	9.107001
1390	3	2.613481	8.208942	6.979564	-2.235881	6.717281	6.325460	2.446348	8.634277	-2.333113	6.717493	3.498609	7.100757	2.740742	4.898298	2.479393
1414	3	9.070990	-0.051850	3.119744	-2.932030	6.817586	3.820893	3.685729	2.132990	-2.446698	6.811962	9.076373	-5.287110	-2.234919	2.851537	3.261703
1416	3	8.602066	-3.384518	1.959712	5.951282	2.722483	3.751060	-0.195677	0.684780	5.955485	2.722364	8.333663	-1.617724	7.371913	-5.045100	8.584809
1421	3	8.657140	0.993676	-1.457161	3.480868	2.299212	4.411743	4.468957	-2.713455	3.480871	2.299202	7.286907	1.706348	4.496240	-2.769984	5.542610
1430	3	8.399937	1.718300	6.172201	-2.856403	6.626285	8.400789	-3.512689	-0.326026	8.468017	2.423253	2.736872	4.856367	2.453015	1.691396	6.625609
1443	3	5.668744	-1.815144	0.325812	8.090586	1.101814	1.425459	5.535308	3.962240	-2.058699	6.020646	5.524667	0.873666	6.808234	-2.889546	6.044833
1456	3	5.017623	3.923028	3.889918	-3.676714	5.910842	5.017640	3.922991	3.889566	1.684476	1.088337	5.916732	-2.525911	-1.752242	5.712831	1.060869
1504	3	6.652012	1.487671	7.071360	-3.628318	8.080087	6.653085	-1.305276	1.223209	9.096979	4.723806	1.939007	5.371917	1.572275	2.605811	8.052903
1552	3	7.159070	2.683604	3.196663	6.055836	0.673182	6.932714	3.613801	5.866661	-4.443357	6.845531	6.946273	3.595336	5.767414	1.860076	0.778920
1577	3	6.787841	1.489647	5.353361	-3.660620	8.674854	1.281817	7.366240	0.918605	1.264739	8.674818	6.788119	-1.665869	-0.573848	6.623946	4.106124
1598	3	3.599823	4.493084	2.513599	-1.013544	7.315468	6.099941	-4.150113	-0.905322	7.104144	0.761000	6.099216	0.058415	5.338907	-1.137632	7.315468
1602	3	6.781680	1.281075	6.448427	-2.324312	6.867536	0.641385	6.544413	3.782690	-0.642822	6.867535	6.781773	-1.991508	1.583575	7.442104	3.058687
1620	3	6.753467	-1.453408	1.429614	8.337836	1.021682	6.753082	1.005973	7.478980	-1.343374	5.192836	4.225359	4.804846	4.951766	-1.023301	5.192761
1623	3	0.911669	4.071565	2.531911	1.488700	6.017161	6.471278	0.579091	7.058072	-3.997419	6.017926	1.804721	3.210379	1.957036	4.970216	0.573427
1625	3	6.073295	2.124832	4.262449	-2.461479	6.124360	1.522252	4.841732	1.942476	-2.461427	6.124360	6.607217	-2.918395	-1.953485	5.468824	0.393098
1628	3	1.352869	5.805360	3.506672	-1.283874	6.707759	6.555397	2.540721	5.178827	-6.410649	6.707759	1.619292	5.313536	2.616932	4.224421	2.410947
1636	3	6.742042	-2.115245	1.203309	7.287749	-0.933676	2.146947	3.063687	-0.437455	7.292063	-0.933676	6.734065	-0.254133	7.148284	-1.241527	4.850846
1642	3	8.103382	-1.385659	-1.085019	7.190520	0.648304	3.296640	5.368330	1.605195	2.088174	6.661844	8.097880	2.006232	3.937606	-1.557168	6.701457
1643	3	5.322634	-1.278348	4.849532	-3.610669	7.770874	5.322634	-7.252482	0.882775	7.947139	1.192781	5.322634	-6.741999	1.769968	2.637058	7.532124
1645	3	4.213294	4.249272	2.983977	3.132458	5.549484	8.562564	-5.632729	0.812549	5.149526	4.596659	8.562209	0.839054	6.046212	-1.174749	6.133401
1658	3	6.108522	0.431572	2.789891	6.292456	2.637490	0.650036	3.504382	1.532149	6.992593	2.251008	6.056156	0.610747	7.230059	-0.671013	5.368331
1666	3	1.468132	5.561018	4.272037	-3.950305	5.970633	7.435302	-6.215987	-0.088990	4.256785	3.448601	7.379749	-0.587091	6.197078	-4.233693	5.970633
1668	3	1.238279	6.169368	-0.126181	3.075993	6.602860	4.514424	3.215456	-4.207843	9.014834	0.675936	6.112459	2.177173	-1.376215	9.014808	0.675936
1676	3	7.795819	-5.379730	-0.005109	5.589854	3.758277	1.697678	3.712849	1.352155	1.848434	7.645510	7.705082	0.791450	6.336892	-2.807182	7.646876
1682	3	6.572803	0.360142	5.844242	-6.516495	6.326851	2.577334	3.286005	-0.038016	3.800263	2.263600	1.551551	3.669962	0.468663	-0.620354	6.268946
1695	3	0.580265	6.637060	5.770972	1.544430	5.751668	0.582372	5.097555	0.813359	4.333923	3.318038	6.729927	0.115511	8.507771	1.544275	5.751669
1696	3	3.516959	3.048249	-0.236164	6.983106	0.589193	0.690388	5.267920	2.287434	1.646116	5.371153	6.740273	0.402945	7.671266	-0.903910	5.398718
1703	3	4.723845	3.371159	1.614225	1.165063	6.475817	6.007766	0.177902	1.967702	1.084147	6.520060	6.030572	-1.290678	-3.376375	5.698618	1.117245
1753	3	8.003074	1.814895	7.633633	-4.392270	7.075455	3.391657	5.042183	3.390437	-2.091200	7.049434	8.004328	-0.735383	2.527753	6.637814	3.841125
1794	3	7.321662	-1.911602	1.623178	7.158541	-1.555267	7.150873	0.569770	7.856995	-1.727745	4.964311	3.370805	4.165903	6.543077	-0.721628	4.964311
1797	3	6.447220	1.199734	7.038146	-4.657473	8.309470	3.984761	5.359003	3.294732	-3.190064	8.309465	6.475008	-1.542564	2.479537	6.369472	1.769457
1851	3	7.283125	1.774715	3.563087	-2.978774	7.701293	7.283920	-0.891213	0.045882	5.015373	2.462671	1.626476	5.499793	0.858929	-1.277137	7.701289
1859	3	6.480378	1.040316	5.662301	-1.208291	6.919432	2.996877	3.135733	2.693866	0.600931	6.913511	3.285974	2.780332	2.625928	4.185748	1.944580
1874	3	-0.766654	2.857737	6.163536	0.383290	4.012671	0.702639	1.759319	2.883353	5.603090	0.276587	-0.766654	2.857737	6.163538	-1.953336	6.046464
1897	3	-2.423768	6.556406	-0.298753	6.306406	1.330282	-2.448518	6.587790	4.877322	-4.921657	7.908261	-2.448518	6.587790	4.794338	0.827399	1.330377
1949	3	7.045653	1.045803	9.350496	-0.915539	2.676420	1.246674	4.798839	3.469512	-0.827912	2.675202	4.560434	2.489430	0.400263	5.158978	-0.856365
1989	3	7.480440	0.879226	7.619177	-2.680528	5.766989	7.482642	-3.884480	1.961916	5.661805	-0.224096	2.031523	6.149985	4.750740	-0.559023	5.723475
2049	3	7.191305	1.462578	6.502904	-0.165598	5.936276	3.308567	4.453522	3.033967	4.677476	2.461362	2.530694	5.774925	4.562399	1.005368	5.927046
2061	3	0.328331	5.375300	-0.379866	4.017164	0.385864	6.373305	-0.604477	7.718848	-2.955753	6.334729	0.327115	5.813758	2.660176	1.031367	6.331783
2091	3	6.463742	-1.524481	3.100489	6.020650	3.808146	-0.029728	5.115909	3.523939	2.055496	6.605614	6.462767	0.819183	6.520832	1.680704	6.607206
2096	3	7.295262	0.938323	7.385376	-3.914195	6.275854	7.297640	-3.853467	0.842236	7.445165	2.724971	1.602054	5.059651	3.198056	-2.189866	6.275269
2108	3	6.542908	1.806625	2.254791	2.109933	8.174688	6.543034	-0.122888	-0.390144	6.160051	3.535085	6.533381	2.851535	5.023215	-2.546637	8.380241
2112	3	3.949059	1.832379	7.124564	-3.874947	6.508311	-0.620505	7.935295	6.886296	-3.807003	6.508277	3.961765	-3.346400	0.700353	5.411398	1.093975
2121	3	7.062320	1.236096	3.144313	-1.597055	6.834466	7.064587	-0.830417	-2.429841	7.070168	0.409613	7.064587	-0.830411	-1.730679	2.031531	6.437410
2125	3	7.544350	0.860148	8.043839	-0.726959	4.792847	7.550212	-0.369338	3.470678	3.019508	-1.427092	3.777100	3.241180	3.217982	3.163530	-1.500877
2146	3	2.585692	3.342641	5.008673	0.011362	7.164051	6.392110	-0.514828	6.376902	-0.991111	7.164874	6.405796	-5.183792	1.933431	6.360121	3.230922
2255	3	6.739005	0.487715	6.191342	-5.787946	8.855305	6.739777	-3.567155	2.081316	5.138805	2.882537	0.915388	5.047294	3.363337	-1.154644	8.028805
2331	3	3.672571	4.236590	3.278402	0.757595	7.963534	6.414855	1.627824	6.823108	-3.390579	7.968172	6.421132	0.024824	1.878759	4.800378	4.120019
2334	3	6.424127	1.272558	0.871111	5.983951	4.447018	1.441151	5.822177	1.280020	-0.689640	8.742814	6.295832	1.803995	6.542416	-2.390750	8.742850
2347	3	6.611898	-5.891744	0.554810	2.468334	5.981057	6.611897	0.667086	5.459663	-1.079571	9.798783	6.611898	-5.891941	0.133673	6.708626	3.178701
2386	3	6.807069	-0.176884	7.734015	-4.202049	7.713494	0.674354	5.499221	5.130936	2.793120	1.528936	0.674354	5.499221	5.837939	-3.899399	7.713494
2399	3	0.415899	7.840802	4.512573	-3.483999	8.234105	6.904637	2.595444	5.230947	-4.465487	8.234106	2.856518	4.830255	-1.487579	6.897282	3.840027
2406	3	6.876658	-3.460424	0.408720	7.271253	-0.479174	6.876658	-3.458230	0.411956	1.181719	5.513365	6.876627	-1.791913	5.444987	-4.290582	5.515301
2409	3	5.947908	-0.123313	2.482223	1.327854	5.358137	-0.110520	3.582898	0.109548	1.345474	5.356564	5.950846	-1.982107	-0.301920	7.033491	0.334825
2462	3	9.387794	0.349549	6.127959	2.016350	0.448571	9.390022	-4.825284	1.792060	6.147657	0.035220	9.387782	0.352168	6.255230	-2.223432	6.297312
2470	3	1.853836	5.388699	6.075034	-4.827272	8.019065	7.259418	1.829621	6.645188	-4.827417	8.019065	7.300846	1.477592	0.910845	7.316528	3.360573
2478	3	5.384145	2.090876	6.667867	-1.939987	8.591619	0.224094	6.227104	2.642968	0.534068	8.591526	5.729904	-3.752870	0.835634	6.921682	2.173167
2493	3	7.406347	-1.081673	7.466975	-2.799717	6.821173	1.988851	3.444928	6.974021	-2.766379	6.821015	7.406366	-2.142096	2.750304	6.169461	0.595859
2521	3	6.366090	-0.876209	1.104247	7.257630	-0.011847	-0.147175	6.943958	3.712288	-0.242653	6.189583	6.348457	2.184958	6.708699	-5.161262	6.254015
2541	3	6.784322	0.875526	6.050078	-1.648455	8.399349	6.784326	-4.802175	0.767087	7.809205	2.715463	3.598575	4.511751	2.112805	2.919859	8.198365
2545	3	5.864553	3.624536	-1.265751	8.377919	-0.675834	6.473315	2.387285	6.790435	2.708619	-0.281655	6.473451	2.380086	0.881206	8.174692	-0.675834
2557	3	2.442434	6.755541	2.712268	5.565283	2.421897	8.101754	1.612226	7.699733	-1.799911	7.744957	2.432036	6.949214	4.442762	0.455729	7.744950
2577	3	4.918964	2.243117	6.524721	-1.304046	6.293619	-1.096021	4.344280	-1.197720	7.745146	0.146096	5.137993	0.519280	0.506437	7.742294	0.146096
2578	3	5.261775	2.400983	5.497590	0.625968	6.757631	5.463539	-4.064582	-0.591786	7.377345	3.391966	0.888854	3.794239	2.981453	1.023441	6.695056
2582	3	8.261710	1.641708	7.022516	0.027162	2.862263	8.261710	1.641708	7.022519	-3.981982	6.486346	1.978206	6.747088	4.153108	1.737283	1.093692
2626	3	1.572949	5.445862	2.769161	-3.727752	5.555983	6.663643	-0.428967	0.627940	6.737153	2.438269	6.654978	2.643603	6.785049	-3.762201	5.555983
2628	3	2.333088	7.422163	-0.015394	1.295922	6.702723	2.333088	7.431442	4.963329	-3.195090	6.702831	2.333087	7.397824	-0.638655	7.710045	2.802328
2633	3	6.862449	1.610490	7.475772	0.784088	2.743212	3.836733	6.687740	4.589860	2.997577	0.995846	3.836738	6.687245	1.925863	6.323885	0.722491
2639	3	6.470915	-2.301796	0.395556	7.799442	3.244037	6.314780	1.822583	5.769787	-4.540404	7.373351	1.276327	6.479934	2.475399	-0.905320	7.290691
2648	3	7.540538	-0.495952	6.966984	-4.284766	6.295334	3.278964	3.944936	5.774080	-3.736323	6.295334	3.280421	3.944513	0.633225	5.460307	0.524974
2690	3	8.694714	-6.811004	-0.705441	7.204393	-0.224518	8.694714	-6.801610	-0.334895	2.783720	5.018382	8.686540	-0.280564	5.403744	-0.709269	5.502812
2701	3	4.686689	5.115207	2.456664	1.904586	8.969812	6.841733	0.431624	7.253680	-3.323769	9.076950	7.066961	-3.494252	1.526012	6.954359	4.662779
2718	3	7.292625	1.774595	5.626722	1.794375	5.341030	7.811756	-5.124990	-0.604269	7.003630	1.999182	5.313024	5.257426	3.223952	1.794670	5.340931
2747	3	2.610601	7.633141	5.243645	1.359606	2.558849	7.470380	1.156026	2.685491	7.159773	-0.165040	7.469264	1.953572	7.340987	0.910978	2.908110
2756	3	1.551323	4.951064	-0.058322	2.883394	0.563582	7.774117	1.836584	6.119411	-7.126221	7.145917	1.539375	5.974241	3.755981	-3.658960	7.145910
2780	3	6.908497	-1.034382	7.175949	-2.891032	8.031445	2.743257	4.740530	3.907820	-0.468782	8.031445	3.164154	4.407881	2.257897	6.647372	1.676094
2786	3	-2.980450	4.899514	2.145742	-2.517506	8.404509	-2.849494	4.712257	1.853337	2.351064	3.086855	-0.196979	3.465859	0.070363	6.724157	2.381805
2790	3	8.129701	-7.450754	0.128992	6.625450	0.873888	8.129700	-1.602513	6.629940	-4.378682	7.094884	3.217778	4.463453	4.678243	-2.857006	7.094884
2822	3	-0.510420	5.618581	-2.114877	-0.084101	3.759806	-0.467063	4.565410	-6.848692	6.133259	0.655497	5.124024	1.550791	-2.905918	6.133052	0.655513
2850	3	4.853050	0.668416	4.205564	3.125072	2.970724	1.830292	5.540863	1.504625	0.976046	6.482177	4.847968	0.895106	6.275140	0.842824	6.486509
2857	3	6.927717	1.953699	5.975832	-2.778866	4.756320	4.467826	3.974464	2.824798	4.222643	2.784153	3.422499	4.302541	2.736841	0.491519	4.756179
2880	3	6.729638	-0.646417	6.669773	-2.808981	6.368566	6.730123	-5.950036	1.536074	5.682778	3.689980	3.456586	3.009487	6.620274	-2.802387	6.368532
2899	3	8.467556	-0.793550	1.067324	5.216307	1.876115	8.449628	2.131893	3.624335	-3.723443	7.701412	3.027901	5.521745	1.843376	-2.055955	7.701351
2901	3	2.116384	3.939521	2.675254	6.329220	0.766413	2.116373	3.943162	2.680883	1.732779	6.173387	2.115732	5.440474	7.835096	-2.033283	6.284139
2902	3	3.744512	6.299806	2.430007	0.765577	6.390876	7.212973	0.560750	1.588427	7.135707	0.370182	7.206022	2.647236	6.375290	-4.095921	6.407408
2913	3	6.819876	-3.415165	0.896024	2.493370	9.002070	6.196222	2.464364	5.182858	-2.760558	9.079199	6.819922	-3.419996	0.887153	5.949072	3.236812
2965	3	7.623162	1.084584	8.043961	-3.934182	6.677692	2.417088	6.318835	5.165864	-3.927923	6.677692	2.775147	4.553395	1.987616	7.247474	0.255263
3004	3	7.635236	-3.043929	0.905876	6.499784	1.622880	3.015178	5.543600	4.554908	-0.495364	6.329848	7.623259	2.286781	6.179805	-1.250963	6.329848
3015	3	7.123373	-0.093899	6.112654	-5.551782	7.664844	3.015015	4.651447	3.552371	-1.989943	7.664844	7.124569	-5.348309	0.076311	5.556987	2.780230
3022	3	7.663945	-5.009151	0.572696	7.366124	-0.618018	7.663652	-0.045699	6.556240	-4.594682	5.678899	2.530613	5.970974	3.790023	-1.009947	5.678874
3044	3	2.685507	5.963923	1.532286	-0.156387	6.807817	3.067550	1.468487	-2.101359	6.057460	0.284192	8.060903	-2.725935	-1.876320	6.057460	0.284192
3051	3	3.864148	7.507806	4.775144	-4.568627	8.141068	7.435777	1.917463	6.978165	-4.629838	8.141068	7.558409	1.412710	2.012269	4.719804	2.344780
3058	3	5.644699	2.567299	0.387765	6.498937	-0.660076	7.611078	0.710400	6.210079	-0.582677	5.933173	7.611179	0.709605	2.812125	4.728637	1.594083
3062	3	4.064293	-3.736381	-0.291222	6.686859	1.660344	4.063548	0.454492	5.219506	-3.466489	7.733416	1.774135	3.712104	2.663542	-0.093528	7.603977
3077	3	4.873310	-1.730808	7.432893	-1.773550	5.098017	4.873631	-7.299976	1.480494	6.307617	-1.175146	0.267150	4.001297	6.162869	-1.761902	5.098015
3088	3	7.135364	-6.378612	-1.017526	5.854923	-0.306109	6.952977	0.076313	4.793190	-1.018962	6.235140	1.729826	4.060474	3.068301	0.639680	6.232016
3173	3	8.998467	-2.719556	6.337052	0.717539	7.004838	9.000722	-8.359797	0.533699	6.104601	0.725918	8.998474	-2.721949	5.968999	3.502683	3.854952
3198	3	7.143978	-2.469357	-2.268485	7.062966	1.665784	7.143972	0.791682	0.677291	0.129153	8.093844	3.744782	4.909494	-0.868313	0.630493	8.085783
3205	3	1.286882	4.296761	3.090552	-1.850965	6.459625	3.438254	1.395176	-0.123561	7.780891	1.327811	3.438253	1.399364	-0.120949	2.507305	6.415829
3254	3	2.869793	4.980202	1.538849	0.876555	7.198901	6.819726	1.287689	0.698452	6.289112	3.625237	4.370018	4.586769	-3.885058	6.311633	3.619167
3258	3	0.735577	0.706824	0.970908	5.424327	3.628330	0.710705	3.722845	2.400390	1.132408	6.780886	7.045056	-4.208311	0.971012	5.424327	3.628330
3261	3	-0.025797	4.481086	-2.439818	6.478722	0.686150	6.487104	-0.600783	5.202962	-5.616643	7.078623	6.530627	-0.929451	0.024637	6.478690	0.686150
3268	3	0.864642	4.647496	1.944876	1.559469	5.777944	6.994077	-0.109067	0.951575	6.592692	2.549551	0.882045	3.522314	0.054842	6.622613	2.549467
3271	3	8.098861	-3.800035	-0.817930	7.111956	2.608114	2.863753	6.617715	2.595454	1.553542	8.049698	3.472348	2.305556	-1.214763	7.144622	2.606505
3287	3	-0.189887	6.857201	5.723904	-3.852230	8.295298	5.772987	1.834032	2.700020	6.844021	3.029320	0.932223	3.819553	2.246624	6.903917	3.029161
3289	3	-0.835423	8.393072	7.703018	-1.590127	7.193795	-0.835421	8.334239	1.161600	9.094673	0.585354	-0.835423	8.392807	5.058741	3.770931	2.143903
3297	3	2.957947	4.805798	3.564680	0.829614	5.604006	7.790897	-5.006961	-0.444927	6.947414	2.675376	7.245238	0.669235	6.008462	-1.617489	5.815345
3333	3	6.369206	-1.037725	6.166540	-2.052842	6.624444	6.369206	-1.038047	5.634218	3.400004	2.019218	6.369248	-6.878655	0.606072	5.965790	1.001141
3368	3	8.069626	-4.856577	-1.229924	7.605765	-1.137358	2.119886	1.496805	-1.614533	7.605765	-1.137331	7.738997	-0.984050	4.996707	1.748817	4.496822
3380	3	4.639224	2.953504	-0.292597	6.126896	-0.279545	6.855598	-0.937589	0.993557	5.852591	-0.259250	6.844421	1.150528	6.612746	1.411047	5.225387
3395	3	7.226534	1.405302	6.122028	-3.000794	5.809812	7.226534	1.405302	6.121986	0.614544	4.071029	7.234454	-4.864375	0.039609	5.430035	1.691492
3445	3	6.794469	0.733876	2.253967	6.550258	2.112857	6.299282	2.945859	5.545805	1.954696	2.227490	6.299278	2.945866	5.991420	-3.581578	6.769052
3449	3	6.860176	-1.074458	6.517759	-4.872050	6.872449	1.251460	4.164603	5.246660	-4.839635	6.872445	6.860202	-7.057280	1.304518	6.015563	1.328881
3465	3	9.494972	-0.459966	6.673164	-4.681560	7.358769	4.291787	5.459490	1.772841	0.271885	6.095247	4.423872	5.294042	1.690959	3.118829	4.004756
3471	3	8.778561	-4.202970	7.446186	2.059459	3.674265	8.778561	-4.202970	7.451417	-2.732305	6.876080	8.778577	-6.291379	2.690328	6.437999	2.526922
3486	3	4.363750	-0.100024	0.446956	4.880182	2.623633	0.666816	3.230451	2.149789	1.409360	4.199327	6.752889	-3.698257	0.464256	4.879917	2.623757
3555	3	2.623106	3.677334	2.212932	4.147499	1.935849	6.788012	1.836067	5.163944	-0.114183	2.004092	6.788012	1.836067	5.163945	-3.564783	7.790394
3562	3	7.985551	2.921498	4.588846	-4.730319	7.701024	8.161391	-1.527899	-0.639795	7.211967	1.230891	3.755839	6.088404	1.420481	0.165410	7.613088
3563	3	7.135270	-4.230867	1.441406	5.609750	4.522902	0.824789	4.904930	5.020732	-0.187473	7.898895	7.135267	-0.537463	6.528286	-1.298359	7.898960
3566	3	0.348292	4.855306	3.960215	-0.092913	6.697783	6.520628	-6.727730	0.126973	6.510694	1.273260	6.487551	-0.580931	6.503327	-4.538466	6.698638
3594	3	9.035752	2.926147	7.043178	-2.817220	6.068327	9.447951	1.965672	2.640534	5.399187	2.822875	4.210515	5.841396	3.525207	-2.426258	6.053830
3599	3	2.894581	5.063443	2.110926	1.312376	8.135163	7.207839	0.072670	1.453638	7.859536	1.949806	2.905139	5.031861	-4.280270	7.859796	1.949806
3601	3	3.718332	4.921921	8.067857	-1.488577	6.626393	1.746500	6.898640	6.630196	-1.487644	6.626393	5.824708	3.942155	2.703153	5.812344	2.093959
3629	3	4.476412	5.109512	-5.345735	7.261204	0.985788	7.931516	-0.603070	0.596851	7.259237	0.986535	7.931456	0.638501	6.859551	0.339623	5.225722
3634	3	7.411690	-0.508743	7.902412	-5.066955	7.636188	7.411690	-0.508745	1.523506	6.566937	1.046632	2.737639	3.925986	4.186132	-4.406826	7.636188
3647	3	6.559586	3.789992	1.052795	0.539502	6.409188	1.984869	6.028661	2.460132	-3.220526	6.409365	7.003126	3.120651	0.863472	5.949506	0.649234
3665	3	6.193811	2.775320	6.581178	-3.670348	6.392579	6.536121	-2.698425	1.347155	4.424777	2.867694	0.759467	7.165519	3.822404	0.017827	6.392579
3670	3	6.823311	-0.058303	2.357775	7.815061	-3.772811	6.541662	2.616757	8.124533	2.640177	0.277086	1.159516	5.368701	-2.842511	7.836166	-3.772811
3673	3	6.867388	-0.071828	6.827484	-1.091472	5.591838	1.562375	5.072377	3.779222	-1.090802	5.591744	6.867601	-4.805155	0.284693	5.715699	1.609189
3697	3	2.750041	3.469555	1.594662	8.471949	2.062152	7.068833	-1.708677	2.359692	8.098179	2.062925	7.067765	-1.292622	7.852260	-2.152993	7.447809
3699	3	2.870702	6.057538	5.351653	-4.725267	6.783343	7.300325	1.395846	8.137407	-4.728964	6.783345	2.877407	4.889068	0.448124	7.347315	0.753773
3718	3	6.565562	-1.448893	-0.688630	5.612564	2.589000	1.042466	4.422081	0.107283	-0.512825	7.655923	6.555635	0.423760	0.262752	-0.516219	7.655923
3731	3	1.327114	2.880520	2.788014	6.528839	3.697240	0.319525	7.375489	4.964066	0.855015	8.799992	6.928573	-0.491104	3.371251	6.288895	3.697928
3761	3	3.828963	2.904839	-1.832751	6.205374	-0.245943	5.896354	-0.096569	-0.087555	6.205357	-0.245937	5.895843	-0.091972	5.888512	0.138548	3.225783
3764	3	0.087604	2.660985	0.036711	5.618675	2.929589	2.825799	-1.684379	0.451984	5.618545	2.929719	-3.809235	4.696832	2.806293	1.458996	6.688478
3778	3	1.620299	5.897116	2.864692	1.011612	7.726638	4.479917	2.551133	7.863627	-2.688380	7.728929	4.518690	2.334573	1.415565	5.724020	2.229770
3798	3	0.545587	6.035463	1.300542	2.227251	7.527974	6.674611	2.377317	1.740320	6.867205	4.044870	0.910723	4.069306	-1.180264	7.036465	4.044747
3808	3	7.286405	0.255733	6.906822	-2.131412	6.705577	7.326524	-2.058583	2.280702	9.021018	1.932914	4.104982	3.097312	6.053787	-2.073054	6.704602
3866	3	6.882430	-5.807793	0.923684	7.300774	1.869195	6.882328	0.541918	7.086054	-4.935311	8.452727	2.407513	5.304632	3.508179	-0.031309	8.335096
3868	3	7.707713	-2.274429	2.313474	6.401803	2.022623	7.707256	0.027264	7.856229	-2.772251	6.367819	3.417938	6.228376	4.873082	-0.659929	6.367819
3908	3	7.773128	-4.183700	0.449593	6.949205	3.731781	1.371386	6.267298	3.433547	-0.985607	9.358755	7.768325	2.102053	6.589887	-1.632233	9.358844
3910	3	1.680422	5.068550	-2.561245	4.878117	0.480897	1.624010	6.626491	2.119013	1.266206	6.152135	6.284646	0.614114	7.058336	-4.862879	6.152842
3984	3	0.894901	8.508798	4.972175	1.414642	0.563051	1.535951	3.070307	0.302698	7.051292	0.531065	6.616749	-1.751265	1.386223	6.594620	0.531066
4003	3	7.437880	-1.018302	8.387862	-0.341918	7.172601	7.437880	-2.458325	2.384639	6.090474	1.925527	1.587896	4.394362	7.296986	-0.184655	7.172557
4027	3	7.853695	1.172120	5.537843	-4.798991	7.717044	7.856594	0.206411	1.327680	4.598900	3.905556	1.967083	5.612650	2.118831	0.483937	7.715731
4049	3	3.470569	4.301414	4.602311	-1.442259	9.149400	4.943520	-0.331403	1.016098	6.086276	6.328536	4.940614	1.849689	7.185312	-1.442296	9.149402
4092	3	-0.268090	6.099207	4.790312	-0.074030	5.234602	6.339431	1.143133	8.181613	-2.374277	5.234647	-0.217532	4.921431	2.914291	4.568254	1.913954
4226	3	3.275603	7.177383	4.602252	-4.362660	6.891602	3.906749	4.372137	2.077259	6.374994	5.301294	3.275603	7.177383	4.602249	0.650416	5.305910
4235	3	1.363693	5.385617	1.257808	9.667235	1.529465	7.142545	1.316319	6.031599	-2.053313	6.384987	7.142564	1.301069	4.687801	6.180304	3.680629
4240	3	7.184511	-1.085833	0.112459	5.291471	0.456641	0.885539	5.363680	2.994598	-4.152094	6.337485	0.885621	5.363026	2.993504	0.545035	1.570127
4245	3	5.127598	-1.372853	8.158832	1.169401	3.914478	5.127598	-2.564258	1.676514	7.663697	-1.855590	1.107315	4.483736	6.558871	1.198824	3.909751
4260	3	6.439942	1.297077	5.497523	-1.531156	5.557526	1.787990	4.660603	-1.710917	4.952753	0.589340	6.439980	1.002273	0.020683	4.952580	0.589419
4272	3	7.996840	-0.129387	2.213745	7.992694	-0.169743	7.996044	-0.006732	6.603421	-0.183236	6.426384	3.842147	4.469477	1.061214	2.013448	6.422602
4278	3	1.059374	3.863035	-1.961338	7.125785	0.647864	1.059295	5.974202	0.957563	-1.813932	5.612143	1.059372	3.868834	-1.957457	3.987985	3.875168
4292	3	1.601252	5.667291	2.877378	-0.888057	8.842162	7.699431	-0.444764	6.798169	-6.476952	8.842162	1.601563	4.047933	1.033660	5.626758	4.001059
4294	3	6.350555	-1.173850	0.006364	6.719692	1.580309	1.805191	5.201524	-0.744942	0.751841	6.824117	1.805192	5.201269	-4.878870	6.719696	1.580306
4362	3	5.959223	1.627477	8.626238	-6.933264	7.513999	5.972631	0.663861	2.876795	5.204946	1.783973	1.408336	6.496776	4.352899	-2.962207	7.513999
4390	3	7.151745	-1.612297	1.938217	7.151013	-0.810576	7.150517	0.153306	6.889571	-4.816165	5.715290	4.376265	4.568533	2.464573	0.292333	5.707050
4423	3	0.628293	6.399213	5.366413	0.653414	4.929892	0.640756	1.288754	-0.084907	6.481758	0.422688	7.238859	-2.961228	-0.057954	6.481554	0.422688
4425	3	5.189971	0.912248	1.453819	7.110741	1.195456	5.189970	0.916196	6.691361	2.519045	6.486376	-0.029634	4.654924	-0.388283	7.304441	1.195438
4436	3	8.380121	0.705381	2.080388	1.452768	6.469163	8.223369	1.940302	6.787517	-4.809858	6.493903	8.385891	0.635902	2.020320	5.316606	1.613938
4466	3	8.735835	-1.545995	-0.072131	5.654371	1.333539	2.378884	4.063774	-3.345601	5.654389	1.333536	8.733906	0.808651	4.033387	-2.041708	7.144293
4482	3	4.072490	3.980619	-1.696396	7.384082	1.004063	7.562260	0.910240	6.108879	-0.030272	7.184205	7.562299	0.526260	2.465041	4.667708	1.030348
4487	3	7.755061	0.146712	8.156032	-2.048272	5.607246	4.821728	6.075483	2.966209	6.135580	1.014357	4.821285	6.076192	4.796147	-1.985740	5.593138
4492	3	6.584434	-4.231616	0.052283	9.106891	4.040319	6.562350	1.706025	6.313956	-1.466756	8.982868	4.397970	4.419906	3.593894	0.613126	8.967973
4493	3	3.358631	5.303200	-0.368560	6.995786	-3.604472	7.238404	2.712879	5.995431	0.501303	1.851644	7.342941	1.746605	2.192411	6.970008	-3.604468
4500	3	6.013250	-4.034892	0.949696	6.238059	2.641648	6.012704	0.085261	6.322519	-0.759783	6.939871	0.526500	6.073329	4.022294	1.439326	6.906537
4512	3	6.546948	3.185784	6.864801	-4.376791	6.712083	1.125120	6.281501	5.076930	-3.041182	6.712083	1.319446	6.153256	4.580676	2.030987	1.187901
4524	3	7.026076	-3.075282	1.101781	6.706054	0.453582	0.522712	5.076119	2.864530	1.089316	6.408228	6.996156	2.424480	6.518958	-3.775127	6.409003
4544	3	7.389655	-0.798776	8.033807	-4.005834	7.548105	4.430918	3.598278	2.000779	6.510965	3.579452	2.016758	4.817292	2.481997	0.027095	7.301966
4556	3	1.165194	6.151805	0.230387	0.579675	7.520847	1.165197	6.145180	-5.964761	6.829435	4.541633	6.992898	1.894133	-0.962894	6.829429	4.541638
4559	3	0.515018	5.208740	4.726970	-4.525665	5.822213	6.360332	0.660171	8.949570	-4.545390	5.822388	2.011601	4.350701	2.510594	5.822333	2.362354
4599	3	1.308559	4.903496	-0.695889	5.988308	1.031785	6.156521	1.642116	2.585430	5.930475	1.031985	6.156518	1.642676	8.460333	-1.540269	7.313445
4628	3	0.511922	5.160549	2.208121	-0.472180	6.446735	1.635795	3.986842	-3.761937	5.768702	0.087722	6.518455	-1.039071	-2.975937	5.762729	0.088957
4674	3	3.970609	3.556920	0.172581	7.116399	2.571837	6.321379	1.541554	2.041715	6.345539	2.571837	6.321299	1.544041	6.734632	2.996154	2.576123
4689	3	0.869436	6.025620	-0.870369	8.556373	1.471819	6.881295	1.528933	1.654120	8.512722	1.471820	6.881295	1.529287	6.075109	1.330083	5.670325
4694	3	9.281813	2.852544	9.376942	-1.819151	6.566454	9.281934	2.849034	3.442584	7.324046	0.354887	3.157742	5.988141	5.397388	-1.054133	6.566453
4702	3	1.657264	7.441264	5.174490	2.872945	1.782087	7.506391	1.889822	7.378338	1.157307	2.187677	7.549686	-2.071737	1.504581	6.612946	-4.098693
4705	3	2.922023	3.337353	0.037668	1.881190	6.862666	-2.974565	6.278607	2.100751	-0.209702	6.976598	2.990745	2.400641	-0.347581	5.203878	0.934859
4721	3	6.547589	-0.200127	1.799143	5.726533	1.173185	6.547555	0.135008	2.096616	1.946037	7.652819	6.455581	2.312299	4.517129	0.125258	7.660976
4723	3	6.986696	-2.469576	0.437523	0.537061	6.520218	6.986696	-2.862430	0.000489	5.969738	1.768092	6.986480	1.075955	5.350128	-6.041043	6.522980
4735	3	0.270718	4.143454	-1.421106	8.485694	1.894983	6.606995	-0.467227	0.223469	8.485683	1.894983	6.558480	1.378493	6.175968	-1.412312	8.285855
4773	3	6.428246	0.804461	7.318235	2.962977	3.565942	6.573446	-4.341411	1.794897	7.277705	-1.026141	0.691448	3.489266	6.764277	2.985735	3.516230
4793	3	0.718657	6.732183	1.161462	-0.228306	7.400638	6.164787	2.582982	2.252812	-0.549912	7.402007	6.260427	1.648890	-0.344156	5.695929	1.636063
4799	3	1.417288	4.290336	-0.221356	9.859481	2.544539	6.875773	-0.735393	1.493676	9.793136	2.544540	6.875703	0.760416	6.256818	0.490418	8.400442
4816	3	6.548755	-4.376577	0.284807	5.434070	3.332528	6.547726	1.613802	6.210418	-5.499645	7.297552	0.630013	4.607643	2.774197	-2.372631	7.297552
4819	3	5.895507	-0.266534	5.921487	0.400876	0.750019	5.895580	-5.432509	1.011085	6.121131	0.673909	5.895507	-0.266533	5.946541	-5.340221	7.081418
4831	3	6.022023	0.425245	6.561522	-2.317688	6.306909	6.035962	-6.086728	0.836273	2.387212	4.426004	6.035962	-6.103732	0.627164	8.805117	0.780091
4832	3	4.940135	-2.405812	-0.220213	8.463308	2.297098	0.484824	7.229787	2.289634	-3.503565	8.630633	4.938308	1.540450	4.670626	-3.842837	8.630646
4854	3	1.816056	3.694435	3.084277	3.513889	7.290277	6.521857	-3.589934	1.216986	5.372525	5.834973	6.518602	1.094219	4.066718	3.377327	7.499309
4861	3	1.979415	3.830377	3.736230	2.062382	6.997577	5.111476	-6.773071	0.561107	5.490495	1.069866	5.071447	-0.296080	4.981664	1.289640	7.004260
4862	3	4.597905	5.973019	2.945175	1.397953	6.148299	7.640761	-3.334927	1.114850	6.104644	4.039146	7.640324	2.004306	5.262233	-1.378752	6.154947
4930	3	1.713067	6.720997	3.198589	5.512553	1.873765	7.742065	1.443330	6.690892	2.099797	4.262797	7.742063	1.443402	6.775287	-2.564214	6.623642
4958	3	4.881291	0.015924	0.268274	6.462520	1.683035	-1.169530	6.513505	1.331286	-0.126149	6.943072	4.880763	0.060283	6.383755	-3.307580	6.989329
4985	3	7.407497	0.172311	6.104471	-2.234775	4.282148	7.434312	-5.475074	-0.164150	6.709440	-2.306933	3.164022	4.550049	3.509323	-0.171856	4.282140
4987	3	7.437392	2.702222	0.587868	7.817037	3.523601	5.259019	5.857191	-0.638814	7.952045	3.523600	5.252784	8.386431	3.598587	2.367904	9.333256
4994	3	2.100678	4.660402	-3.474673	7.498001	0.649199	7.642819	1.000448	6.596370	0.345609	6.291561	7.667706	0.415315	1.082728	6.489986	1.172871
4997	3	2.363104	6.985842	2.428237	1.795292	7.872519	7.252838	2.123043	5.439258	-1.625043	8.500733	7.606806	-2.113810	-0.434275	6.437217	2.458295
5024	3	6.090756	1.808837	2.865078	7.248415	2.361489	6.090523	1.814885	6.266310	-4.925391	7.055246	1.416602	4.300414	1.540497	1.502401	6.908453
5030	3	6.766754	1.228778	4.444660	0.063006	7.147218	6.891870	-2.479743	-0.970295	8.474038	1.600550	4.799719	4.451993	3.275843	1.969302	6.617018
5055	3	7.620169	1.188730	5.559948	-2.366772	6.282911	7.630260	-4.795520	0.384690	6.384566	0.048778	2.114640	5.897642	3.505305	-0.631754	5.426671
5065	3	6.662829	-3.288477	-1.803121	6.354809	1.131390	6.579100	2.553502	2.799089	-0.390316	7.258783	2.356270	4.283550	1.791384	1.216558	7.142245
5071	3	2.930241	5.494338	0.950871	0.353757	7.381096	6.740301	-4.758334	-1.666620	5.718151	4.780767	6.621582	1.250953	4.033398	-1.708978	7.381240
5084	3	5.807228	-3.776579	1.362009	2.238121	7.733643	5.807228	-3.887139	0.431955	6.736682	3.221892	5.764664	2.229284	6.734863	-3.577808	7.973890
5090	3	1.219236	9.525381	3.483718	0.309288	6.395898	1.221025	4.340293	-3.045813	4.980725	0.619310	6.166679	-1.823099	1.185879	4.978871	0.621229
5102	3	5.725462	3.065790	5.418754	-4.464172	7.757362	6.030092	0.484900	1.771280	6.510526	1.145249	2.010100	6.709921	4.143594	-1.823404	7.757360
5108	3	8.169540	-0.937795	6.344943	-1.218891	7.328364	8.169583	-6.427641	0.186697	7.785146	2.311137	8.169583	-2.771476	2.852587	5.112756	3.649947
5119	3	2.306355	6.340903	2.137803	-3.195925	7.091709	5.932561	1.456326	7.857295	-6.105410	7.091712	3.470183	4.548982	-0.607981	5.180841	1.076705
5131	3	-0.061316	4.853916	2.617059	0.285691	8.285303	5.604922	2.672104	7.072875	-5.721862	8.294980	5.667398	-3.678551	0.620524	7.313273	3.262645
5161	3	8.983330	2.391938	5.221857	2.781179	1.850232	8.953016	2.620051	6.515367	-1.414143	6.404657	9.017440	1.139112	2.471849	7.746394	0.605797
5182	3	5.543706	4.408199	3.280256	1.404865	5.886379	8.101759	0.969577	1.283576	5.485402	-0.551607	7.090066	3.254615	3.034728	4.285573	2.280004
5192	3	4.563654	-1.985465	1.388432	5.353435	-0.220549	4.556964	2.075880	6.353456	-4.727186	5.872264	-1.225846	4.592400	1.744553	-0.214201	5.872220
5220	3	1.215934	4.958993	-0.576426	6.183070	-2.101471	-0.424554	6.371715	3.016499	-1.753832	4.331308	5.190948	2.174666	5.040707	-1.812892	4.331310
5231	3	7.117322	4.809924	5.388510	-4.385069	7.419839	4.946120	8.615662	5.078007	-4.127424	7.419838	7.731402	3.806759	2.205798	6.470035	1.366132
5242	3	6.257211	3.068063	3.341723	-1.362692	7.306346	6.391606	-1.752157	-0.944826	7.324372	2.499480	6.331484	2.767745	3.307653	3.082823	3.527311
5247	3	2.382779	6.510179	-1.098358	1.830824	8.886480	5.366257	2.332193	4.666207	-4.396520	8.901545	2.382829	6.510084	-3.907937	6.928267	2.344821
5248	3	9.198640	-1.313385	6.062961	-6.769826	6.542646	9.198900	-4.908071	2.020685	4.139101	4.212783	4.486817	4.773253	4.223367	-5.320965	6.542632
5258	3	1.747285	6.816067	4.001502	-4.613162	8.195378	2.080980	2.952722	-0.599583	6.270514	4.297220	7.524275	-2.493092	-0.181768	6.270344	4.297241
5279	3	1.080633	5.969650	-5.038256	6.830206	-1.533184	5.777189	1.144783	6.733756	1.089384	2.033733	5.788564	0.109176	0.888988	6.577722	-1.335482
5298	3	6.702220	-1.887202	1.884095	7.735916	0.458713	6.661847	1.997480	8.245259	-3.363830	5.175191	6.661847	1.997480	8.243068	1.507615	1.907323
5327	3	8.022987	-3.909013	0.206891	7.231119	0.275371	1.847421	4.684269	4.741670	-2.638792	5.398494	8.022987	-1.147946	6.081127	-2.808294	5.398494
5332	3	7.119483	-0.714004	-0.758614	6.411781	2.512296	7.119434	0.332079	2.429793	2.272984	6.714535	7.108798	2.256438	4.405325	-0.777746	6.867869
5343	3	7.071690	0.356041	3.590119	-3.348609	6.780369	7.071701	-2.584639	-2.077296	5.982849	3.210457	2.265178	5.166812	1.076551	-3.319898	6.780361
5345	3	9.163289	-0.279705	8.076359	-4.563361	6.653206	9.163290	-0.747513	2.092393	6.522229	4.443511	3.346797	5.071247	1.564129	1.641482	6.613729
5351	3	6.165823	1.011077	8.088953	-6.451608	7.319206	3.092586	2.899870	7.869222	-6.451605	7.319206	6.430040	-0.584703	1.937745	4.304399	2.345338
5360	3	6.847921	0.984167	8.296390	-4.149451	6.361058	2.193000	5.687758	5.375850	-4.146005	6.361058	2.252991	4.946400	2.427301	4.661750	3.999045
5379	3	7.396457	-2.105565	0.945069	5.700401	0.469365	7.393164	1.270800	3.825003	-2.353341	6.544455	3.177260	3.513583	1.809921	-1.398977	6.544453
5380	3	7.249715	0.695781	7.732038	-2.856086	7.134748	7.256772	-0.233136	1.914240	6.758144	1.800525	1.676537	6.989374	3.527083	-1.502940	7.134748
5386	3	6.446738	1.683222	6.553418	-3.027698	7.319440	0.637774	5.735339	2.147767	0.025876	7.317668	6.446888	1.555311	2.537963	4.749482	1.698877
5401	3	6.617976	-0.310392	1.238225	7.897730	3.448452	6.604965	0.973100	6.510454	2.271926	3.503520	6.604715	0.979819	6.686458	-1.588363	6.347114
5408	3	6.536999	0.768161	5.130156	-3.126304	7.039775	2.649123	4.785098	2.879049	-1.617959	7.039727	6.537371	-5.358758	-0.539411	6.819613	0.608372
5410	3	1.692983	4.528145	1.098426	1.554584	5.903961	7.166828	-0.099531	6.827274	-3.564989	6.276301	7.166828	-0.327989	2.537562	5.997713	0.727091
5416	3	8.384720	-3.506789	7.275779	-5.460657	8.372695	8.384720	-3.511397	7.205901	0.998689	3.713455	8.384720	-5.425145	1.760022	6.838881	3.708532
5422	3	6.539363	-0.714041	6.677863	-2.586556	7.421481	6.539366	-1.286034	1.268097	5.623127	0.859672	1.018376	5.670843	1.602807	2.024888	6.983815
5429	3	2.236857	5.745512	1.973521	-1.746346	8.487624	8.055564	1.232056	4.890727	-5.792649	8.490170	8.081783	-4.007855	-0.911323	6.893963	3.299291
5461	3	8.283733	-3.669704	-0.898140	7.209346	2.606094	8.103518	0.531750	2.903216	3.451760	6.846852	3.731961	2.498782	2.659571	3.485035	6.810179
5468	3	7.781427	0.110177	-0.030778	0.118248	6.695935	5.795117	3.490999	-0.860247	0.148478	6.695933	7.789781	-0.031703	-0.208014	6.462204	1.486286
5492	3	1.721063	4.456888	-2.535717	8.223984	1.256448	6.982957	1.542671	1.835516	8.220529	1.256659	6.982548	1.690050	7.352773	-0.691931	5.958616
5495	3	5.889366	1.557900	5.705753	-3.508846	7.443064	5.913779	-2.708226	-0.323638	7.026005	1.124463	2.031801	5.189657	3.354499	-3.445882	7.443064
5505	3	6.721945	-4.660033	0.362216	7.806273	1.170488	6.581660	0.894274	6.601007	2.270008	3.776031	6.581660	0.894275	6.620005	-0.378413	6.422372
5562	3	7.222999	0.116794	6.880159	-2.073759	6.399589	1.116642	6.553375	6.131181	-2.060596	6.399551	7.225377	-3.682745	1.411867	5.899578	2.631421
5577	3	8.687599	-5.356291	-0.504509	7.334246	4.045973	8.680641	0.547951	4.917865	-1.445093	7.589859	3.560498	4.330083	3.271990	-0.126299	7.589826
5582	3	5.442223	0.946587	7.637869	-1.882238	5.929632	5.444622	-3.864854	2.031179	4.730176	1.241868	0.006663	5.419496	5.459737	-1.635861	5.927562
5586	3	7.102022	-0.687098	3.016649	7.587486	2.498533	0.672981	5.530884	5.461161	-0.345854	6.385691	7.101789	1.888718	9.135652	-0.391460	6.388705
5601	3	6.046108	-4.422743	-0.617280	6.753787	-0.432058	5.908798	1.904641	5.657510	-5.405310	5.667951	0.063717	6.115099	3.425022	-5.404070	5.667951
5682	3	1.870316	3.475771	-3.450859	7.054231	2.480041	0.067631	5.042436	2.608698	-3.920499	7.314062	6.239857	1.110535	-0.485156	6.740305	2.632642
5691	3	5.556478	-2.717972	0.515681	6.249858	2.016875	2.194510	3.123926	4.671174	-2.151659	8.317726	5.555565	0.782748	6.231394	-3.510619	8.317863
5692	3	6.221156	0.782628	2.346740	7.003248	1.663483	6.221087	1.021715	6.553084	-1.282791	7.185991	0.686697	5.634503	1.821360	1.500164	6.941588
5719	3	8.072346	-0.609055	2.170895	6.937132	-0.053794	8.060671	0.024272	8.503140	0.304247	6.415666	8.060671	0.024272	8.352603	3.144543	3.088856
5745	3	1.895830	7.794079	3.481266	-5.704109	7.285155	3.925261	5.146334	0.798347	0.451648	7.283761	4.141745	4.829818	0.622765	4.990630	2.008023
5757	3	0.380232	6.987783	-1.519530	9.350020	-0.748822	6.620511	2.875378	0.951401	9.345725	-0.748822	6.620502	2.875676	6.972513	0.894117	5.579790
5758	3	1.037955	5.265690	-5.174554	5.391747	2.025402	6.505496	1.561253	0.627918	5.320397	2.032980	1.037918	5.265732	-3.196151	2.105671	7.516385
5843	3	2.481714	2.744609	-1.115768	3.061175	6.131262	8.356425	-1.384446	0.570430	3.057253	6.133327	7.798194	0.846676	6.763338	-2.774017	6.593296
5861	3	6.955146	0.578816	7.145351	-3.180596	8.236813	4.332256	5.173115	3.093438	2.981237	1.645234	4.124634	5.431376	3.175261	-1.024962	7.513132
5869	3	3.311117	-0.345790	7.168087	-7.485728	7.008192	-1.904989	6.103899	4.451907	-4.854287	7.008192	3.311127	-3.524227	1.112859	4.552284	1.659918
5898	3	7.407999	-4.065631	0.026647	1.556397	7.891797	7.406569	-0.306977	3.725874	-4.365315	7.975040	7.407999	-4.065653	-0.040878	7.018380	2.845110
5915	3	5.012626	4.202272	2.223732	-1.133397	8.750844	6.537533	-2.617293	1.796909	5.455445	3.475632	6.363983	0.448580	6.861766	-6.701370	8.760713
5928	3	7.967912	-1.944465	7.101916	-1.268985	4.371747	7.967912	-6.252465	1.707728	5.113791	0.958926	4.431811	3.848337	6.634443	-1.106747	4.370014
5934	3	6.734775	0.658362	6.616193	-5.416663	6.860903	3.926017	6.060883	3.813533	-0.189174	6.814462	6.962301	-2.673011	0.938413	4.329931	3.774467
5941	3	7.157936	0.372450	6.097103	-0.402365	6.914843	3.037317	4.148701	5.119208	-0.368684	6.914824	7.176982	-2.741375	1.520500	6.149615	1.100937
5989	3	3.068976	5.590050	2.614939	-0.678808	4.195203	8.357999	-3.813294	1.060043	7.383526	-0.934048	8.115221	2.412369	5.926146	-4.960313	4.195213
6036	3	6.762680	1.585206	2.197858	7.404553	2.003799	6.744356	1.818466	4.853389	-2.926112	7.329283	4.322054	5.889988	3.109165	0.699603	6.648621
6062	3	7.970103	-3.954227	-0.549966	7.736171	1.988689	7.968807	-0.470558	5.754473	-4.543069	7.206355	4.954813	3.982213	1.584220	1.656323	6.879299
6067	3	-0.425090	6.543065	3.162753	-1.161456	7.805432	6.028333	1.950375	-0.270997	6.314217	2.783074	0.103146	4.192380	-1.455228	6.314218	2.783074
6076	3	6.105347	1.087391	6.893069	-2.530659	8.629407	1.057134	6.674829	3.121657	0.066024	8.607777	6.108523	-2.574166	1.025871	6.243471	3.330914
6087	3	0.812081	4.890300	3.133474	1.328249	4.021842	2.298897	3.646737	-0.416798	7.367244	3.992220	0.754645	4.946744	3.179755	-3.098256	7.031823
6093	3	8.593188	-0.663407	5.424369	-1.817224	6.161460	8.593189	-7.217160	1.291613	2.955402	5.819844	8.593189	-7.240064	-1.185439	8.325334	0.615484
6181	3	0.945838	3.895845	3.224962	0.764757	6.678501	6.859401	-5.096597	1.570560	5.689478	4.215968	6.812253	-0.435279	6.950172	-2.108007	6.678604
6183	3	5.578182	1.726632	7.000153	-0.913335	6.039352	2.966962	4.121836	6.219094	-0.912813	6.039083	3.789014	3.779069	2.633108	5.512676	1.828420
6184	3	3.623938	6.416130	6.356270	-5.188520	6.161634	7.573799	1.482832	7.464363	-5.188533	6.161634	7.589357	-0.341704	0.995738	6.110409	0.615015
6188	3	8.275746	1.826826	4.407545	4.699697	2.929219	4.791430	4.315241	1.690554	5.973500	2.929047	8.265219	1.874663	5.817422	-0.285645	7.123989
6227	3	6.587304	-2.822485	0.572195	5.500966	1.691604	6.585724	0.362462	2.968334	-1.306179	6.578030	2.220177	4.003471	0.686401	-0.886540	6.578027
6229	3	1.168933	8.469757	5.579132	1.925894	2.156830	1.169547	8.468527	2.311093	7.272069	2.140522	1.168933	8.469757	6.005482	-4.492011	7.331324
6293	3	7.736991	0.693168	7.301855	-5.347993	6.583783	2.506713	6.789934	4.800554	-4.671633	6.583769	2.506719	6.781838	1.446723	4.833305	0.045300
6309	3	6.556174	-1.684135	0.883064	6.150032	3.738376	6.419059	2.081444	6.645666	-2.842790	6.650801	6.419061	2.081441	6.350956	1.023520	3.808975
6314	3	2.795540	5.575303	-4.873800	5.780805	-0.373297	6.738880	1.157252	0.858289	5.777653	-0.372847	6.738880	1.159437	4.994728	-0.542297	3.918529
6354	3	3.191717	6.670886	3.953139	-0.830527	8.687932	9.292541	-4.981665	0.657991	6.784831	4.547186	8.231976	1.174188	6.759939	-2.454931	8.691632
6367	3	0.803713	4.263253	-1.037423	8.556259	0.814839	0.766224	4.635647	2.729241	0.770100	6.822073	6.905456	1.156491	0.531408	8.359123	0.814983
6381	3	8.017548	2.182988	0.655822	6.289164	-0.326866	7.397889	4.132557	4.775875	-0.702704	6.087189	7.397906	4.132518	4.557721	2.532992	2.370535
6393	3	8.754453	-2.097534	8.676248	-4.572969	9.572292	8.758086	-3.898425	2.261432	4.773032	3.981164	4.797903	3.307554	3.765443	-1.720443	9.572292
6396	3	5.196174	-4.561160	-1.638881	6.939835	1.289278	-1.042157	5.392868	2.317035	0.763465	7.027591	5.195541	-0.334871	4.602744	-0.413151	7.030514
6437	3	8.311813	-1.839794	6.783259	1.009416	3.951871	8.311813	-3.884612	1.607991	6.095664	-0.157392	2.030755	4.413303	5.298177	1.035355	3.950918
6438	3	2.401787	2.262159	0.831651	6.032269	4.478499	-1.746495	4.454964	2.533682	-1.632268	8.035710	4.370009	-1.531584	0.942747	6.023537	4.478499
6455	3	1.678671	5.365286	-0.787693	6.392805	4.259240	1.678109	6.968545	2.804248	0.700367	4.262849	1.678109	6.968657	2.808163	-2.540158	7.351972
6459	3	7.637121	1.888396	5.900527	-5.128922	8.726111	7.736772	-3.982705	-0.629933	6.820010	3.054761	5.143592	4.287657	3.206392	-2.886794	8.724035
6467	3	6.029834	1.062874	5.904956	-2.088234	7.097574	-0.372648	5.168816	4.775205	-0.987041	7.097574	6.030119	-1.495311	0.925206	6.179171	0.985039
6475	3	7.053298	-5.553927	0.697275	5.434205	4.135368	5.849065	-0.256638	6.047402	-2.677842	6.631440	2.701631	3.956435	4.965872	-0.745879	6.532765
6500	3	9.008567	-4.038159	-1.033218	7.358754	-1.512954	4.179136	5.267457	1.999028	1.501944	5.127475	8.856620	1.355896	3.815971	-1.105846	5.130717
6523	3	2.195184	7.715122	3.167983	-2.431388	6.697248	6.983080	1.978394	9.001439	-4.301329	6.699886	2.458192	7.129586	1.390735	5.297658	1.553284
6534	3	3.787949	2.142556	-3.287728	7.983707	1.833374	3.787949	2.293440	2.110321	1.798271	7.547463	8.927587	-4.408673	-1.148342	7.940750	1.833374
6540	3	5.071894	5.190785	3.655300	-1.526717	7.527423	7.484515	-3.563818	0.039587	9.115853	3.266334	7.126202	3.149791	5.844014	-2.046699	7.544375
6549	3	7.055304	-1.131598	6.165704	-4.193817	9.453856	7.055305	-6.807084	-0.102668	5.565389	3.984297	3.301756	5.024501	4.589493	-3.274119	9.453856
6563	3	5.565801	-0.014164	4.293465	-4.669607	9.475105	5.581881	-5.909930	0.294102	5.059378	3.223044	3.326233	2.806947	3.292998	-1.794166	9.475104
6570	3	8.522292	0.314616	6.132465	6.061640	0.886659	2.156861	5.120387	2.179455	8.458574	0.886416	8.521745	0.322039	8.331994	0.993431	6.509753
6591	3	4.544412	-5.347255	0.444023	4.829788	1.337975	4.541966	-0.686484	6.796146	-5.508249	6.767229	-0.984326	4.663173	1.827588	-3.015639	6.756855
6603	3	2.384106	5.777750	4.356299	-1.843012	9.195631	6.737398	1.273445	7.297688	-1.953560	9.195936	6.767405	-3.037951	0.867298	6.539315	3.368128
6624	3	4.762405	1.547240	-5.018099	6.816044	1.493913	3.035566	2.840957	-2.057489	0.737359	6.442012	6.708469	-4.145639	-4.776011	6.816041	1.493916
6639	3	5.666931	4.007632	3.258140	5.440283	2.450747	6.516265	2.111017	4.572947	4.920827	3.239549	6.511141	2.150019	7.052000	0.523793	6.459513
6696	3	3.501575	5.943820	4.398700	-3.074002	7.124781	5.134419	3.787230	1.263664	5.941327	2.912621	3.501579	5.943815	4.357024	2.015336	3.019337
6702	3	7.505805	0.667865	6.582343	-3.991470	6.856428	7.506355	-4.651442	0.409203	7.696008	1.284782	1.839851	4.661145	3.057790	-3.016917	6.856428
6714	3	6.330265	-6.037751	1.492498	8.255741	1.666640	6.315112	-1.003849	5.881955	2.370747	5.133252	4.186186	3.194597	4.702769	2.379319	5.128157
6765	3	6.149747	-0.007409	4.007518	-4.080975	6.802141	1.845270	5.111384	1.347500	-2.657550	6.802140	1.882234	5.071989	1.223006	2.582289	1.172003
6769	3	8.671076	-2.668259	2.716612	6.909935	0.684478	4.538652	4.240333	3.239515	0.756528	6.563059	8.079477	2.915002	7.220356	-0.760269	6.593774
6845	3	6.201589	2.403082	5.888488	-0.812002	5.677843	6.212013	2.254674	0.378931	5.147221	4.529239	0.904387	6.246873	2.432524	1.121380	5.674057
6860	3	7.168602	-1.863647	7.024290	-0.771553	7.423407	7.313533	-3.858008	1.114467	2.809910	7.381386	7.314830	-3.895059	1.096906	5.243992	3.994369
6868	3	7.025769	-2.637061	-1.763657	7.522554	1.524628	6.952629	0.670655	2.562423	0.563465	7.229627	0.852034	3.407865	0.774349	0.903209	7.161192
6888	3	0.740816	4.515658	4.137282	-6.015226	6.429849	0.740909	2.546593	0.141619	5.191434	2.963975	7.185268	-1.344367	1.308987	4.982111	2.968750
6890	3	0.999934	5.804754	3.155157	3.482139	3.607874	6.707326	-4.500851	1.025824	6.798889	-0.872418	6.705223	0.950744	6.086939	1.829815	4.662859
6915	3	7.355189	1.709541	5.030476	-5.086706	6.220890	2.396701	4.534892	1.622143	5.503119	-0.381569	2.387501	4.541004	1.623943	0.337211	6.220105
6936	3	1.375813	4.889548	2.998425	-1.356506	6.389309	7.273189	1.614628	6.812419	-3.884995	6.389327	1.867751	3.660883	2.360314	4.169643	2.451831
6950	3	3.333889	3.582297	1.616980	6.218716	1.451389	6.987577	1.570999	6.387653	-2.881527	6.816163	3.176971	4.815285	2.480760	1.144931	6.788582
6986	3	6.800862	1.512641	3.028603	0.124692	5.330074	6.801846	-0.012198	-3.526519	5.119137	-0.870555	1.930113	4.399718	1.828498	0.558548	5.329954
7006	3	7.015921	1.906234	5.951336	0.380410	5.789342	7.021285	-4.563291	1.020918	6.878625	0.369546	1.284613	5.685804	3.147044	2.432088	5.764041
7011	3	7.558270	-0.422722	6.700811	-4.387217	6.011650	7.558503	-5.026355	1.815611	6.369448	0.538011	2.373821	4.214333	3.393553	0.166516	6.010783
7030	3	3.400416	0.960327	7.130523	-2.988808	8.618810	3.400480	-4.676966	1.413069	5.559842	3.791473	3.400480	-3.735695	2.317806	3.365909	8.278677
7050	3	-0.027749	7.881525	4.241182	-2.416297	8.230762	-0.027744	7.803339	4.124941	2.587138	4.169003	2.823833	1.730134	-0.923343	8.112781	4.080167
7064	3	5.955313	-2.426079	0.117810	2.459929	7.738397	5.955313	-5.124958	-1.487425	5.835544	1.706728	5.952258	0.852406	4.505135	-2.217639	7.744818
7080	3	3.886361	5.022266	-5.997645	8.512600	-1.459386	6.166014	0.365232	0.297581	8.512116	-1.459386	6.127721	1.152992	4.551623	-0.780562	5.095787
7081	3	7.686138	-2.469669	1.085740	7.564957	2.280932	3.253117	5.131993	3.380268	-0.303620	6.629416	7.680577	-1.694715	1.594903	2.628714	6.422604
7134	3	-0.528517	3.311553	2.970407	-2.629644	6.496493	5.728547	-0.808643	0.188398	5.708685	2.223615	3.472588	0.510807	0.175435	5.708734	2.223615
7142	3	8.174160	2.410452	6.022792	-3.562519	6.485117	8.273750	-2.962887	1.604292	6.358236	-0.111259	5.184640	5.087332	3.657777	-0.793755	6.484857
7156	3	8.806977	-1.694386	3.218627	5.028980	1.739754	8.805460	-0.859622	6.980529	-3.028115	6.678252	5.220134	2.789906	2.104844	6.089306	1.713519
7180	3	8.932737	-0.296391	6.914330	-2.893856	6.172852	8.932737	-0.600518	1.651148	4.944860	0.301173	2.474019	6.006863	4.542006	-1.384380	6.172852
7194	3	0.035729	4.363184	1.643337	0.049821	6.648228	6.232444	-2.944866	0.829949	5.794201	2.114882	6.206329	0.964947	7.030396	-5.525041	6.664911
7222	3	6.279147	1.095813	6.065761	-4.494704	7.586618	6.279177	-3.394665	0.018852	7.279993	0.980605	4.399074	3.940806	4.571234	-1.739460	7.586618
7237	3	3.286225	6.849444	5.328381	-3.135584	5.654680	8.008211	1.009650	6.610854	-3.457674	5.654683	8.023067	-4.665748	0.244188	6.851127	0.389567
7263	3	1.513842	6.683449	3.063618	-0.770816	6.618528	2.388366	4.391391	-0.163640	5.884968	2.016488	7.442893	0.648133	1.743438	5.387236	2.057001
7270	3	6.576720	1.421180	5.227489	-5.742730	6.707997	6.652873	-3.101583	0.759702	5.461857	0.620206	4.467288	4.319959	1.852943	-0.926729	6.706795
7287	3	6.343638	1.800495	5.962931	2.765193	2.113657	6.343607	1.800856	6.560798	-2.587720	6.614676	2.161221	7.417061	0.843433	0.187752	6.594089
7293	3	0.210814	5.059356	1.454901	8.962622	-2.120373	5.270480	3.304532	2.718983	5.495367	-1.816904	5.127647	3.476714	4.920410	3.327692	2.051110
7306	3	6.525357	1.955353	0.792812	7.071498	0.566918	1.741832	7.137702	2.436097	-2.157747	7.066971	5.031638	3.798998	0.750946	2.391185	6.886869
7345	3	7.948909	1.207614	7.136049	-2.386073	7.098033	2.058459	4.751310	0.114756	7.514543	0.610673	1.441215	6.081339	2.025909	-2.167019	7.098033
7348	3	3.595294	5.773070	3.626026	0.217322	6.662018	8.680029	-4.900912	0.886219	7.677119	1.400188	4.042683	1.211962	0.858221	7.684298	1.400187
7353	3	3.337888	6.901366	3.784395	-1.531333	4.592621	3.386814	4.556565	-0.846274	7.514478	0.007738	6.558965	0.067887	0.591241	7.512807	0.007738
7378	3	6.482402	1.597014	7.964222	-3.060765	2.884241	0.220396	4.950457	-0.364994	3.127238	2.432153	0.244738	4.168044	-1.640567	5.151150	-2.291118
7413	3	6.781838	-0.387921	2.694452	6.511179	0.300904	6.681088	0.672246	6.108550	-2.093360	6.368292	5.110424	4.935846	4.256774	0.241042	6.314614
7421	3	-1.278877	7.362084	3.355183	-3.155298	6.904314	-0.845345	4.216723	-0.053950	6.767741	3.537584	4.933682	1.080361	1.001346	6.766642	3.538279
7435	3	7.459527	2.113358	3.788140	5.697607	-3.249755	4.790317	6.866817	0.738791	6.643335	-3.250924	7.379905	2.424548	7.747124	1.225959	-2.642608
7485	3	5.200712	-2.921578	0.199142	6.534349	2.468898	4.948880	2.620709	5.763651	-5.208609	8.624329	-0.480598	6.037194	3.868721	-2.954490	8.624329
7501	3	7.275487	1.539474	5.252442	-3.355283	7.897582	7.292670	-3.652806	-0.063787	4.842766	3.571194	4.258781	4.693792	3.275269	0.686501	7.897488
7516	3	6.024951	-3.805711	0.837273	7.267163	1.222661	5.987580	1.998743	6.907410	-4.291986	7.376547	4.203340	3.108900	3.077366	-0.316887	7.376543
7530	3	8.338894	-1.985567	-0.475929	5.890364	4.865162	8.338893	0.377609	5.983805	-6.803029	7.330248	4.367793	5.573253	0.320061	-0.159418	7.066417
7565	3	8.754001	-1.732798	1.547869	6.382545	0.999556	8.753636	1.493509	7.712341	-5.046300	7.198629	3.323686	6.998004	4.200697	-2.436010	7.198629
7570	3	0.919808	3.712919	2.190116	7.440744	0.314743	5.697136	1.593552	8.201968	-3.650250	6.873704	0.044086	8.196258	5.354773	-3.361759	6.873703
7574	3	7.122676	-5.520606	0.348192	7.204201	1.612755	7.096747	-0.717813	6.694704	-0.678331	7.308107	7.096894	-0.721947	6.427865	3.255201	2.193654
7590	3	3.673416	3.328622	3.045228	0.644201	7.568197	6.406421	0.096778	8.629948	-4.189103	7.568647	3.697168	2.381372	1.750233	5.863487	1.132551
7595	3	4.403509	3.322154	-6.093488	7.981810	0.418671	1.401938	6.085971	-0.065465	2.048639	6.774687	5.818096	1.666587	-1.820270	7.981775	0.418671
7599	3	1.660332	7.695358	3.259587	-2.181700	5.358247	5.546007	4.355804	3.259600	-2.181712	5.358247	6.771470	1.541368	-0.804644	5.799232	0.263536
7606	3	2.639936	4.425289	2.311590	0.943666	6.433938	6.949793	-3.299306	1.138737	5.506673	3.837270	6.949791	0.290484	5.474854	-5.237457	6.874054
7644	3	1.469926	5.814412	4.307826	-0.176407	5.564569	3.068445	2.623985	0.546113	6.221383	0.237998	6.613658	-0.709124	1.079424	6.211459	0.238742
7655	3	5.949571	1.513335	5.984251	0.230824	3.346879	6.210786	1.207243	1.765685	6.815503	1.823912	0.095584	5.179127	0.105764	6.822434	1.823475
7673	3	6.874140	0.812739	6.815065	-2.107479	7.291473	6.874154	-4.567544	0.468762	5.841110	0.881292	0.381350	7.140148	4.973328	-0.723814	7.290803
7686	3	7.824918	1.441666	6.188390	-1.211919	6.889490	2.461132	5.768405	5.969752	-1.040349	6.889357	7.826604	-4.356128	0.552954	6.594661	2.371856
7697	3	2.548439	7.087733	2.024092	2.217976	6.530398	7.083376	1.971189	-0.192500	5.360562	0.310763	2.697825	4.053554	-1.190368	5.365982	0.310639
7796	3	2.606798	6.486907	1.644925	-0.257955	7.704638	2.606813	3.724808	-2.028937	6.101792	2.306766	7.997316	-1.849359	-1.060253	6.101792	2.306766
7803	3	0.981856	4.060574	1.923446	-1.070138	8.045000	2.841178	3.229821	0.840394	5.981340	1.420062	7.440589	0.428302	6.799069	-4.966274	8.045190
7818	3	3.661040	5.120324	5.367531	0.687783	6.954905	8.165785	-0.969826	2.733752	6.882923	0.553489	3.721181	2.065895	2.544198	7.240436	0.553488
7820	3	-1.093497	4.821174	2.714334	-0.936553	6.806454	5.261185	0.247966	6.432402	-1.176826	6.806689	-0.733120	3.921724	-2.378707	6.163237	2.927503
7824	3	6.250250	1.177847	2.387792	7.454698	2.617110	6.141210	2.754512	6.023916	-4.790998	7.297932	2.809540	5.110523	4.649675	-3.753035	7.297932
7868	3	7.230142	-0.711812	6.282539	-5.878116	8.386059	3.956786	4.416447	2.614316	-1.080071	8.383611	7.240984	-2.652711	1.466191	4.846265	4.180211
7893	3	0.531453	3.759559	0.899112	7.645704	-1.694122	7.018258	-1.225235	1.481972	6.922060	-1.380850	0.528196	4.712332	2.701003	2.644329	1.298494
7899	3	4.312224	0.490134	1.127899	6.580218	3.547803	1.392181	4.714727	-4.711551	6.609383	3.542948	1.390638	4.748853	1.098546	2.445280	7.809295
7904	3	8.959089	-1.160974	8.301024	-3.115033	6.639178	2.711051	5.054087	6.514558	-3.114905	6.639178	8.959089	-2.905614	2.348072	7.838683	0.043597
7915	3	1.362674	5.715131	3.752551	-1.918998	7.435852	4.026616	3.376685	0.303435	4.534165	4.541592	6.014571	-0.430509	0.920801	4.534099	4.541598
7937	3	1.100327	4.597008	0.799216	1.513637	8.176564	6.694704	-5.260789	-1.217681	7.601911	2.723918	6.573503	1.199024	4.355666	-2.927253	8.229010
7940	3	1.464424	4.188170	3.175434	1.077986	4.537077	6.678026	2.225776	7.348584	-4.644361	6.315854	4.965814	3.375665	2.971762	6.919644	0.480236
7947	3	-0.506936	3.411869	3.375055	-0.708687	5.724955	0.563610	1.133475	-1.905845	5.498660	-0.362988	5.592583	-3.411415	-1.886516	5.498598	-0.362940
7992	3	8.604468	-1.014252	1.628450	8.825417	1.118244	3.053529	5.343567	4.198266	0.690817	6.622381	8.602524	-0.015055	8.014813	-1.358758	6.622828
8050	3	3.939130	3.343203	6.491953	-1.066185	5.570194	6.177641	-2.308796	7.005838	-1.266451	5.570274	6.266366	-4.314403	1.109445	5.639684	0.260149
8055	3	7.293793	-1.161344	5.165646	-3.771092	7.076985	1.983210	4.380583	3.445438	-3.580000	7.072049	7.295556	-3.938759	0.585069	6.209658	0.551379
8058	3	7.176959	0.088741	6.466042	-3.359067	6.631667	1.219818	4.102166	2.742961	-0.014673	6.631069	2.917138	3.561914	-1.359705	6.587021	0.120416
8060	3	7.291123	1.076838	7.738635	3.574274	-2.557990	2.826699	6.881314	4.939746	3.595022	-2.558176	2.846094	4.286119	3.202376	7.403569	-2.560248
8062	3	7.673948	-1.881753	7.977571	-3.135115	7.342051	7.673994	-5.298454	1.734488	6.521494	4.725997	1.862041	4.217933	6.285867	-3.134751	7.342047
8094	3	6.839464	-2.724743	0.566256	6.344620	3.977484	6.482008	3.466670	4.818988	-1.755025	8.075095	0.869878	6.021081	2.581299	2.644005	7.794311
8148	3	6.511889	3.247943	6.180507	-2.582881	4.350589	3.307846	5.035640	-1.892823	7.901666	0.350486	2.985057	5.221925	2.822306	-2.568755	4.350407
8173	3	6.899396	1.457551	4.863241	0.204975	7.351757	5.357035	4.932787	2.815943	0.913936	7.254863	7.220358	-2.830090	-0.689615	7.706254	3.878266
8217	3	6.456242	1.906356	1.990456	8.537281	1.558395	6.455736	2.091991	5.672013	-3.746830	7.630029	6.455740	2.090990	5.044947	2.542635	3.849232
8226	3	6.531869	1.871554	6.845669	-1.727183	7.773398	6.830068	-3.529488	1.532384	6.912918	5.512699	4.635687	5.855193	3.826076	-1.270541	7.773375
8276	3	6.846780	1.632753	2.697458	1.677300	6.771467	6.846780	1.632741	2.697447	6.525073	1.400101	6.844497	2.055773	5.816050	-4.149072	6.771981
8305	3	6.660868	-2.128006	0.996964	5.057291	4.313245	6.657292	2.159047	5.138578	-5.907867	8.615292	0.757417	6.253757	1.564416	-1.850815	8.615190
8306	3	7.304847	-0.726107	2.370397	6.166930	1.937101	7.207889	1.305352	6.627362	1.685590	7.681433	7.211472	1.278969	4.853924	3.629506	3.807096
8316	3	6.476709	-1.259957	0.967714	7.491766	1.093491	6.418472	3.060344	6.795685	-1.164596	6.637176	0.500572	5.737175	5.417681	-1.097253	6.636751
8331	3	6.066221	1.119339	4.856729	-6.031642	7.152465	1.845359	4.501145	2.281442	-0.467656	7.152464	6.067147	-4.215962	0.442056	3.594540	3.768728
8353	3	6.641984	-3.084412	0.269763	7.198686	0.382498	6.629366	-0.287738	6.770859	-2.452644	6.238992	2.860495	3.316101	6.197200	-2.433191	6.238992
8381	3	6.889323	0.201448	1.362118	5.664865	-0.135596	0.521117	5.157077	0.232619	6.178707	-0.139068	6.889248	1.052567	3.551150	1.762227	5.144082
8386	3	2.816894	5.286680	-0.745737	7.020605	3.077242	2.804488	6.417468	4.951459	-0.229342	6.244869	6.753050	2.236495	0.588382	7.020562	3.077275
8399	3	0.981794	8.159082	4.117321	1.177736	6.348420	4.049355	3.925310	0.981108	9.217003	0.641976	7.583546	0.199837	2.097900	9.010454	0.641976
8400	3	-0.744383	6.230405	0.844671	-0.421313	6.078096	5.441966	-0.292121	6.796170	-5.733121	6.227038	1.443311	3.923767	-0.458753	5.407621	2.070628
8410	3	6.955873	0.207887	3.269064	6.661999	2.202877	2.125287	6.566877	4.949222	-3.404979	8.661124	6.945912	2.042246	8.905035	-3.646232	8.661124
8449	3	8.667663	-0.148565	9.151431	-4.502588	6.245220	4.226426	5.668524	3.941329	-1.276965	6.245220	8.667666	-0.154571	3.180851	4.475786	1.002462
8454	3	7.717816	-0.950095	-1.047559	7.109515	0.461815	2.675056	5.031592	-4.500608	7.109515	0.461815	7.692939	0.870199	5.317478	2.328422	2.707369
8460	3	6.426692	0.917228	5.458424	-3.826163	7.966772	2.789996	4.875479	2.176141	-2.439493	7.966772	3.529306	3.309113	1.681540	5.406667	4.137885
8463	3	5.714280	0.334436	6.380510	0.243206	4.455035	0.393511	6.574979	3.465393	0.800718	4.406382	0.394021	6.218994	0.812672	6.821904	-1.082102
8471	3	2.693751	1.190354	0.487487	2.952614	6.076426	2.693751	1.190190	0.487052	5.853047	1.102426	2.091125	3.198062	6.009249	-1.620392	6.454133
8479	3	7.781053	0.687331	7.849540	-5.582481	6.079335	4.278649	4.612834	3.474488	-3.144708	6.078179	4.280252	4.611804	3.475376	1.759505	2.573592
8497	3	6.458492	0.638241	7.853967	-2.115504	5.647098	1.010193	6.093090	3.077003	0.073859	5.641555	1.010196	5.979824	-1.013800	7.245843	0.690095
8498	3	7.075336	-2.051301	0.022969	6.591075	5.752035	3.435964	3.056456	-0.025556	6.591075	5.752035	7.073831	0.323989	5.799379	-1.363274	7.091446
8509	3	7.092583	3.385653	0.905277	-4.978882	6.037749	7.636017	0.986431	-0.582254	4.390284	1.965214	1.036601	8.982922	0.773609	-4.571578	6.037749
8602	3	-0.124244	6.488903	2.265375	-0.400181	6.955696	6.327608	-4.212167	-0.493193	5.403454	3.642924	6.318234	1.859971	4.636924	-2.072761	6.968729
8635	3	6.882687	-0.037994	5.544777	-6.827933	7.152058	1.564473	5.566426	3.763376	-2.585257	7.151543	1.614406	4.952297	2.632853	3.656741	3.024495
8679	3	3.852835	4.903655	-1.342600	5.516429	1.688647	7.141654	1.995757	6.848163	-0.876829	5.139160	7.145769	1.003254	0.937367	5.424795	1.699801
8688	3	1.100136	2.916129	1.693659	8.366267	-0.097521	6.324343	-1.998194	1.706875	8.366213	-0.097521	1.097708	4.328472	4.399060	-0.060718	6.510007
8702	3	7.318270	2.231845	6.047638	-6.765208	6.771899	3.027742	4.784915	3.096429	-1.472991	6.771899	7.323419	-3.714461	0.314638	4.824066	1.469167
8707	3	6.634419	3.506077	8.365177	0.192360	5.994152	6.634421	3.506062	4.353767	5.341943	-0.612466	6.634419	3.506076	6.774857	3.551467	-0.381645
8709	3	4.450862	6.613226	1.843111	1.144794	7.011390	8.485863	3.520584	-1.121760	7.261496	1.087626	4.793480	5.515901	-2.546484	7.261498	1.087625
8713	3	6.716808	-0.720305	5.179542	-0.561943	6.700682	6.716937	-0.981770	4.344618	3.388206	3.240853	6.717055	-2.313154	1.934118	7.213551	0.671844
8732	3	1.579007	5.294573	3.435171	-2.248149	7.414195	6.781746	0.466607	5.687564	-2.441379	7.414244	6.799153	-5.968028	0.980469	8.333194	0.972084
8742	3	8.414177	2.955507	3.889740	7.672378	1.107052	8.336276	3.228087	9.295979	1.297962	6.757422	3.220854	6.993707	4.441275	2.042250	6.754795
8745	3	4.538872	4.553352	2.458303	1.141251	7.545662	6.513567	1.670724	0.994042	6.470868	2.607930	6.496046	1.808840	6.337519	-3.285299	7.601075
8747	3	7.710000	0.986084	-0.704722	6.167556	3.713940	2.194770	5.795665	-0.504892	1.559623	8.632832	7.485319	1.896249	2.258317	1.537488	8.633581
8750	3	9.159139	-3.406225	0.567905	6.653827	0.137220	5.038006	5.887897	2.550894	-0.596041	6.352033	8.709175	2.899686	6.330191	-3.248203	6.361093
8775	3	7.974753	0.832781	8.517466	-4.871713	7.307720	4.476994	6.802525	2.223187	-1.017124	7.291443	7.974766	0.351803	2.295486	4.876146	3.426923
8794	3	5.450165	1.521620	0.072160	7.338393	1.053923	0.632387	4.018011	0.714683	1.827453	7.328343	2.472625	3.164277	-0.447294	7.347436	1.053656
8802	3	2.441273	4.630697	3.040647	-0.458617	8.166771	7.277719	0.815943	9.252685	-2.285990	8.332934	7.277728	0.815928	8.935639	3.013444	2.829323
8830	3	7.199930	2.424775	4.968657	-3.316466	7.820246	1.380054	5.013688	1.723009	1.894511	7.819847	7.204116	0.383266	0.632754	6.618459	2.374538
8833	3	7.015488	-0.653684	5.140208	-5.732035	7.053061	7.016299	-7.137719	-0.519041	4.255912	0.749338	1.966894	4.160819	2.520224	0.407853	7.036048
8855	3	6.870893	-2.031484	-1.463786	5.801858	2.198973	4.412645	4.652415	2.560762	-1.248250	7.364524	6.320821	1.105440	4.308387	-2.464767	7.375016
8869	3	5.091260	-0.139177	6.979280	-0.239648	4.805443	5.091406	-0.836145	3.372435	6.328705	1.227096	-0.382472	3.215571	-0.250686	6.820730	0.836269
8877	3	7.383245	-4.701076	0.079644	7.336772	1.816956	1.615019	4.537420	3.538208	-0.255077	7.214498	7.356949	0.053349	6.396736	-3.697089	7.214628
8894	3	5.892909	-0.208664	1.286844	6.747155	-0.165218	5.874926	0.069290	7.576777	-1.014325	6.070849	1.693696	4.693629	5.767766	-1.007181	6.070836
8911	3	5.802975	-5.016778	0.640461	5.633029	1.751085	5.802952	0.031942	6.448367	2.114900	4.231343	5.802952	0.031942	6.466295	-1.120082	6.521834
8921	3	1.156122	5.482929	-3.958142	5.944488	5.031921	6.446600	2.812089	-0.588865	5.944472	5.031921	6.424714	2.927834	5.002584	-2.294674	6.924472
8922	3	7.260662	0.514838	2.787968	5.143130	1.063544	1.955811	2.887846	-3.071181	6.650461	0.278709	7.120605	1.340519	3.692947	-0.435638	6.648840
8934	3	7.866201	0.370895	7.348089	-2.557802	9.674826	7.893289	-5.854584	0.892554	6.699271	3.554100	2.298902	5.225837	3.525321	-0.670544	9.674648
9035	3	1.659368	6.652972	1.640302	-1.799541	8.485656	5.918836	0.880651	7.118154	-8.032739	8.485656	1.789611	4.054298	0.286199	4.526087	2.305402
9041	3	6.949017	0.397344	5.381846	3.098007	1.464240	6.949017	0.397431	5.544288	-1.554101	7.606118	6.949018	-4.083827	2.408074	4.759523	1.464209
9075	3	7.124575	-1.606189	2.425678	6.797692	0.875829	7.093173	0.623015	9.002894	-0.406484	6.172076	0.798822	5.712030	4.309195	2.331151	6.169374
9103	3	5.041477	-1.288632	2.730542	7.305550	0.762481	5.041477	-1.050188	2.907991	1.997192	7.172492	5.041477	0.467876	5.720071	-1.179357	7.242803
9104	3	2.844150	4.666142	0.414580	-0.934637	6.399215	6.702407	1.361319	6.055927	-6.741201	6.417939	6.880770	0.015697	1.684322	5.147304	1.752648
9127	3	0.982329	2.202238	0.258148	8.751158	1.065417	0.399415	4.473336	6.314135	-2.562993	7.488516	6.652236	-1.819499	0.566329	8.748496	1.065580
9143	3	3.562797	1.483783	-2.820203	4.476049	1.925878	1.829707	3.333472	-0.398287	2.815753	6.874487	6.611054	-0.587674	5.421083	2.265139	7.085058
9153	3	6.964575	-5.947646	-1.553924	6.027745	0.895503	6.964573	0.193019	4.339047	-4.554436	7.387279	4.695611	3.855481	3.434199	-3.991039	7.386635
9161	3	8.308658	0.215112	0.307391	6.513444	3.650210	7.933944	1.514111	1.286107	1.634368	8.346863	7.373516	2.821307	4.755245	-4.556904	8.490235
9169	3	7.230904	-3.236018	0.254637	5.216829	2.408955	7.218080	1.341586	5.305360	-4.797374	7.204434	5.244133	4.156047	3.820136	-0.918518	7.204272
9170	3	5.009056	0.234317	2.343166	3.716077	0.795265	2.368713	2.310557	-0.278406	3.749643	0.795249	2.334302	2.486490	0.690337	-0.289032	6.682108
9212	3	6.756123	-3.563565	0.657964	5.601598	3.334830	6.754836	1.881130	5.819686	-2.242556	7.021716	3.578379	5.104106	1.497392	-0.819258	6.883690
9223	3	3.258422	7.147630	4.331491	-2.280206	6.863352	8.665837	0.426760	2.343348	6.353699	1.823264	8.324914	2.921618	4.334875	-2.281180	6.863353
9240	3	7.950558	1.265360	6.087640	-3.175515	6.874348	4.674425	4.701155	3.141086	-1.499163	6.873249	8.107117	-0.864641	0.193481	6.230328	3.198087
9285	3	8.370197	0.968062	6.158680	-3.978371	5.759253	8.370214	-2.092349	0.227470	6.209697	0.674994	3.409281	4.623365	2.858119	-0.188082	5.725433
9316	3	4.032760	-2.870909	-2.370939	2.748762	6.973803	3.740357	1.747851	2.030344	-3.773882	8.217056	4.032813	-2.876358	-2.466244	6.326866	2.506637
9326	3	2.132237	7.214131	3.417641	-1.801582	6.886642	3.976643	4.722522	0.546730	6.052515	0.772151	7.140275	2.568023	6.258846	-3.526741	6.886643
9345	3	2.460465	5.309581	0.872750	0.638885	8.050594	3.829896	4.207736	-0.676757	6.424477	2.635763	5.372447	1.192724	1.186891	6.252286	2.644128
9361	3	3.420619	-1.531995	6.041983	-3.547868	6.764311	-0.575152	2.687272	2.312231	2.098438	5.917398	3.420634	-6.556050	0.186398	7.160588	2.671157
9364	3	1.082632	6.301604	1.918167	0.456175	8.962498	3.069198	5.177647	-0.841250	5.242671	3.805479	6.986811	2.684831	1.153276	5.190403	3.875041
9373	3	7.546950	-2.660411	1.804746	0.073909	6.374977	7.546950	-2.752907	1.726507	3.740442	1.288715	7.546948	0.697075	4.944997	-3.567570	6.375433
9398	3	6.790480	-0.861771	5.022909	-3.619780	6.520392	6.958990	-3.584528	0.265525	8.312939	2.173011	4.828455	3.804405	2.639654	-0.554518	6.430337
9408	3	8.192986	0.679072	7.748090	-3.956395	7.919132	2.891381	6.966415	6.104810	-3.952138	7.919131	3.084327	5.514507	1.760276	6.389817	1.368856
9414	3	6.091545	-1.443971	0.661409	2.437088	6.081537	6.095310	-2.580834	-0.946682	7.632953	1.441557	5.886193	1.346778	4.866037	-1.753715	7.202856
9466	3	6.587031	0.277787	4.716380	5.361134	3.292741	2.976129	4.465088	2.760837	6.338820	3.292375	6.587031	0.296462	8.467401	-1.628320	6.985316
9486	3	7.906956	-0.705716	0.680599	4.617306	4.000953	7.432039	1.467232	3.750822	-1.009126	6.880813	3.669671	4.720310	1.482693	0.530049	6.843169
9489	3	7.475645	1.469316	0.383947	8.481405	0.207578	7.475645	1.469489	6.574968	-3.351621	5.706022	1.628364	4.687216	4.143302	1.244611	5.298830
9523	3	3.059336	1.382700	-0.844609	5.792829	0.428495	7.078997	-3.208138	-0.843943	5.792779	0.428493	2.004539	3.999632	2.585412	0.358712	6.753130
9534	3	8.019557	-1.097776	0.127919	6.937714	1.958286	7.951909	1.312624	5.604920	-3.371769	7.271485	3.267846	5.934276	2.753945	-3.153231	7.271432
9539	3	7.190197	-2.431333	-0.630589	6.252588	1.971984	6.948615	-0.163351	5.494684	-4.425582	7.801829	4.900573	4.195466	5.041843	-4.157079	7.801829
9550	3	7.984331	-4.422721	-0.629136	7.074586	2.914060	7.532019	1.830295	5.387852	-3.269683	7.981039	4.715316	3.397280	4.059817	-2.793364	7.981037
9558	3	9.264487	-2.853944	0.986012	6.087984	4.033522	9.264459	-0.005413	6.810119	-3.881135	6.671634	2.975405	5.590441	3.645064	-2.370123	6.656716
9568	3	3.900613	6.261050	1.968828	-0.947984	7.117680	6.616099	2.567122	2.002457	-1.021120	7.117977	6.668965	0.532413	-0.102369	6.145768	2.731012
9569	3	7.957581	-0.359280	-1.713860	6.865847	1.114833	2.445721	7.311968	1.900726	-3.366710	7.654147	7.853601	2.230315	2.221707	-4.073985	7.654147
9571	3	7.472742	0.740369	0.914131	6.844585	2.116110	7.302578	1.099624	5.398940	3.389799	2.184761	7.302576	1.099627	6.009142	-0.482803	6.023348
9587	3	5.978273	1.393424	6.587092	-3.101243	5.100250	6.019979	-1.302560	1.199516	4.710613	-1.062485	3.647972	3.800377	3.149305	-3.093480	5.100250
9614	3	6.626104	1.203834	6.669120	-2.337895	6.703460	1.878908	7.570251	2.959069	-0.376239	6.702977	2.623675	6.469547	0.341648	5.079145	3.440493
9656	3	7.359016	0.672061	1.348754	5.587140	-3.469529	4.187164	4.397840	-1.958206	5.587893	-3.470618	7.321653	2.263879	6.712471	0.536461	2.491879
9657	3	0.025483	4.435963	2.734969	-0.152772	8.529221	6.616720	-3.159655	2.086266	5.888074	3.846666	0.669582	1.919233	1.758396	5.986109	3.845213
9670	3	3.334545	3.643947	2.232017	5.946353	0.170428	7.725476	-0.447000	3.581894	5.105755	0.245145	7.725465	-0.342253	4.755797	0.808082	5.411374
9685	3	6.544900	1.975261	2.880133	6.301559	1.058605	3.208948	5.813878	3.310938	0.681841	7.234366	6.454519	3.040006	3.588282	-0.174254	7.271704
9695	3	7.769638	-0.975897	2.188741	5.390452	1.328133	2.507688	5.323655	0.533830	5.393795	1.328051	7.769582	0.090658	5.061249	4.045051	1.651882
9732	3	4.118523	4.610789	-1.757929	4.658065	1.049436	7.216733	-0.441015	0.596166	4.654039	1.049539	7.043347	2.578187	6.645960	-2.572818	7.236085
9747	3	5.017689	1.918152	3.460615	4.358399	3.699901	5.016821	2.003447	8.035599	-1.331146	7.451639	1.883361	4.028179	1.733858	5.216616	3.276110
9771	3	5.139562	1.454184	6.661803	-2.977487	7.044526	-0.773911	5.686500	1.938094	-0.231581	6.194457	5.139562	1.454183	4.554357	4.964911	2.544980
9773	3	6.155197	-0.089314	1.379478	8.464764	2.853302	6.123834	2.300648	6.765993	-2.912087	7.402462	2.852687	5.457064	3.177895	-0.934713	7.402462
9784	3	5.332296	2.760684	3.075195	-5.099499	7.170938	1.702520	7.926065	-1.004803	-4.952264	7.170938	1.702542	7.569108	-5.661238	7.223170	1.010180
9802	3	6.621279	-3.087953	-1.028178	8.028452	3.884757	6.611834	2.203122	5.034000	-1.891785	8.491768	2.281644	5.337898	3.613181	-1.891762	8.491768
9807	3	5.324072	-1.199196	0.740032	1.415617	7.221917	5.324072	-1.200412	0.738382	5.469009	2.583922	5.321210	1.184610	4.750249	-2.251216	7.232805
9909	3	3.138887	4.487698	1.965718	6.512519	0.625353	3.046865	5.099067	3.874682	1.304285	6.140454	6.748416	0.732610	8.068039	-1.575726	6.142911
9930	3	2.215432	6.390031	3.580212	0.126176	7.452406	8.104111	0.508021	6.110235	-5.165334	7.452407	2.228185	4.951677	1.799064	6.662842	1.243902
9936	3	5.853585	1.236099	6.524126	-7.329953	6.361980	3.629869	4.335564	3.659976	-1.668739	6.360020	5.854687	-3.139690	1.353862	4.900043	0.101918
9944	3	7.247877	-7.296699	1.572719	7.955996	2.089119	7.247877	-0.858921	6.947955	-4.035396	6.413856	1.601635	4.911205	5.438419	-3.542540	6.410315
9967	3	1.405211	5.837167	4.107307	-5.251714	6.574463	5.859801	1.691278	7.317716	-5.925037	6.574463	5.864473	-3.099718	0.968896	4.804494	1.735431
9976	3	1.001191	5.998308	-2.048375	4.239982	-0.477188	6.943872	0.841956	6.398977	0.747161	5.777595	6.943872	0.841956	2.583687	3.749537	0.308897
9978	3	4.123944	5.939180	2.944940	0.660489	8.119148	6.093635	2.237741	5.298095	-2.965774	8.119370	6.512266	-3.112389	-0.250537	7.152198	2.757148
9987	3	7.173224	-2.151383	-2.848375	4.629258	2.711200	7.171613	1.420711	2.995197	-2.081260	7.491339	4.878557	4.384362	-0.225375	1.284292	7.313654
