1	1	7.285979	-3.194398	3.839659	9.088127
2	1	9.221576	-3.337326	1.229776	8.263463
5	1	7.108515	-5.231693	1.998063	5.632464
6	1	7.918275	-4.640057	0.530898	7.985421
7	1	5.676449	-9.143282	-0.132468	7.253116
9	1	0.119510	3.413633	2.744055	6.785017
10	1	6.818813	-9.643806	0.465414	7.489278
11	1	7.575566	-5.824481	3.123271	7.187378
16	1	-2.122967	6.392550	1.833401	6.383732
17	1	-5.864140	6.996739	6.346421	6.510592
20	1	-5.362854	5.513719	5.006107	5.100791
21	1	6.985092	0.754872	2.984687	6.906560
22	1	8.544245	-7.426752	4.451138	7.060218
24	1	7.411480	-0.614766	1.729388	7.662763
25	1	7.441376	-4.776451	5.445538	7.042392
27	1	-1.506162	6.035889	8.515039	6.500707
29	1	7.688663	-5.145573	4.133645	5.802684
30	1	5.652851	-3.695587	2.840796	7.161086
34	1	-4.580309	7.562268	5.375223	2.951735
35	1	-1.150261	0.972584	4.000686	7.794405
36	1	2.872781	3.425970	6.870300	3.745286
37	1	-1.342523	5.780763	1.915840	7.169484
38	1	6.841962	-1.683927	4.148685	5.589463
39	1	-7.709264	8.177253	6.091756	5.696316
40	1	6.324231	-3.717716	4.506507	6.513572
41	1	-3.215155	1.825141	7.088817	4.387010
42	1	-5.883820	7.620850	4.886820	6.822321
43	1	-1.882079	7.936993	2.695874	7.277742
44	1	-6.172522	6.554617	5.862799	6.694338
47	1	8.923343	-1.028699	4.202924	7.490939
48	1	-3.139974	4.636218	6.681028	6.474480
49	1	-3.349001	7.022011	4.681236	6.957886
51	1	2.667754	6.212243	6.174757	7.086145
52	1	6.818199	-6.316795	-0.288679	6.717078
53	1	8.398085	-5.137177	5.007040	7.544278
59	1	8.138990	-7.054516	1.420803	7.927778
60	1	6.881561	-6.768490	4.490337	7.924855
66	1	-3.650115	5.667098	6.430734	6.884060
69	1	-2.766824	6.759958	4.917757	8.501100
70	1	6.759104	-4.668819	1.327398	5.828529
71	1	6.373174	-2.536970	4.613608	3.121716
73	1	-1.926756	6.005517	6.175089	6.753027
75	1	0.854224	-1.360836	5.599218	5.660957
76	1	-6.349735	8.647405	4.083571	3.533579
78	1	-3.030215	8.791242	4.939464	7.606461
79	1	-6.901772	6.830804	3.706134	6.285008
84	1	-1.915645	7.098472	6.210354	4.365099
85	1	-3.777475	9.411590	7.404792	5.444728
86	1	6.548194	-3.517299	4.965282	6.661151
87	1	5.339311	-4.690538	2.443827	6.160037
88	1	8.470938	-5.223688	1.128660	9.077284
91	1	3.888886	-2.561476	4.256123	4.239855
92	1	-8.116554	6.331384	7.381441	5.752082
93	1	3.259642	6.095032	3.629579	6.581351
94	1	6.790478	-4.866086	6.404858	6.258295
95	1	-4.843088	6.884987	7.311123	6.493497
96	1	-3.514994	-3.211732	6.757289	3.651257
97	1	6.818604	-3.607093	3.804821	9.093671
99	1	-4.515853	7.347505	5.447980	6.649136
100	1	-1.712192	6.097455	6.515149	5.476571
102	1	6.058748	-5.699498	5.778248	3.954388
103	1	7.830757	3.446371	2.256182	6.901326
104	1	2.547719	6.352406	2.024842	5.490562
107	1	-1.776491	6.767456	6.780914	4.995837
109	1	-4.194698	0.158214	3.234466	7.661874
111	1	-2.931638	7.441771	7.979685	7.430098
112	1	-3.408659	-4.642333	6.958787	4.546838
113	1	1.019431	-3.985492	6.973976	4.225905
114	1	6.422263	-1.761352	-1.069834	5.837851
115	1	-4.988711	6.325563	5.738906	4.250380
117	1	7.944369	-6.581699	3.986766	8.864894
118	1	-3.512780	7.753857	6.540187	4.751575
119	1	4.490739	4.635506	6.222809	6.970396
120	1	0.072110	8.217799	0.033391	7.666094
122	1	7.642097	-6.538551	6.280044	6.493284
124	1	6.193597	-6.587772	2.341725	8.397405
126	1	6.849393	0.465297	6.985806	6.488540
127	1	7.132123	3.741917	6.063809	5.214379
130	1	7.979687	-5.069433	1.932242	9.377690
131	1	7.767163	-2.320244	4.499949	5.550003
133	1	7.166967	-4.400636	-0.251249	8.247597
135	1	-3.966654	7.811541	6.194703	6.607066
136	1	-1.976718	5.939955	6.402899	4.696342
137	1	5.512093	-1.704617	-1.232846	8.276204
138	1	0.195128	6.624868	3.719068	8.473038
140	1	-3.782100	7.669764	4.915489	6.636570
141	1	5.125089	-2.887029	3.961130	8.101437
142	1	0.178521	5.486845	4.848061	7.108157
144	1	-4.424471	8.160983	6.808803	6.765997
146	1	-5.482342	9.728357	6.518789	5.621451
147	1	-5.118850	5.783233	7.108162	3.715671
148	1	8.676403	-2.925892	0.104423	5.271205
150	1	6.378535	-2.085759	1.457501	6.633735
151	1	-4.061728	8.204252	-0.406476	8.313354
153	1	5.985207	4.615367	4.321990	6.095982
154	1	6.831544	-1.336884	5.351196	5.357348
155	1	5.544192	-4.436385	2.304517	6.380278
157	1	7.151017	-5.369267	0.925505	8.211965
158	1	-6.390172	8.152248	7.196184	7.717432
159	1	-2.069435	8.266405	6.809855	7.441511
160	1	0.312331	8.207870	6.900585	9.101745
161	1	7.868427	-1.400177	3.959464	8.887446
163	1	5.864559	-2.811493	4.449751	7.384018
164	1	7.555281	-4.594829	4.333157	6.579280
168	1	-3.718194	6.023378	7.123534	2.807486
169	1	-1.975947	8.366471	5.846414	4.947990
170	1	8.492727	-7.988716	2.167874	6.224578
172	1	7.930766	-1.933780	0.348146	9.005706
173	1	1.757526	-2.826173	5.858595	6.206136
174	1	-5.593827	6.802717	6.747808	5.770719
175	1	-3.519744	4.736760	5.267874	4.016025
176	1	-2.134400	6.849780	7.581532	7.031278
177	1	5.142259	-3.517344	-3.507364	8.980610
178	1	7.013639	-5.522547	6.053592	6.793922
179	1	6.051351	3.944897	4.319875	7.300683
180	1	-3.391315	7.729418	1.676035	8.022638
181	1	8.172449	-5.868123	3.477285	6.972296
182	1	-4.024648	6.400205	6.411928	6.052232
184	1	3.939925	5.289785	4.331449	2.804823
185	1	4.890367	-3.563894	0.862138	9.015998
186	1	6.509910	-2.421114	2.707603	6.248556
187	1	4.812438	4.012543	2.037408	8.346837
189	1	7.172975	-4.837927	2.253841	7.101269
190	1	-4.642334	-1.466579	7.225863	5.640465
191	1	3.347968	-4.882254	3.958032	7.016847
196	1	6.442732	0.244754	-0.946477	7.717763
197	1	4.413181	0.249667	8.008950	3.006407
198	1	-4.814348	7.979113	8.129081	6.746002
200	1	-3.145467	7.144806	6.970223	4.630781
202	1	7.314719	-4.469935	1.910137	8.149190
203	1	-3.597096	5.502383	5.638812	6.396833
207	1	-3.635777	5.959671	6.162557	5.559256
209	1	-2.160145	5.066025	4.291216	6.836409
210	1	8.247398	-5.694799	-1.026366	7.983966
211	1	6.031509	-4.336300	0.243672	6.062254
214	1	7.747961	-6.074631	3.747817	5.829301
218	1	9.203753	-3.363077	3.575039	7.005078
223	1	-7.131452	-2.410158	5.958149	6.984545
225	1	6.923649	-3.899131	4.515069	7.548211
228	1	-1.494331	6.724371	6.612963	4.892060
230	1	8.624192	-11.181874	1.617692	8.058211
231	1	-4.217670	5.990420	0.893891	9.512795
233	1	8.165503	-6.419342	-0.280960	6.948839
236	1	8.095382	-7.049120	5.389134	5.691816
237	1	-4.467335	6.607964	5.405167	5.043572
239	1	-1.739598	5.035223	4.246766	0.855629
240	1	-1.548029	5.275978	2.859298	6.708403
242	1	8.125469	-5.575118	-1.285319	9.026908
244	1	7.164198	-2.054706	-1.005989	6.264073
245	1	6.288621	-3.138349	3.108662	2.175011
247	1	-3.024822	5.610717	7.930446	7.391502
248	1	7.532332	4.408619	0.508948	8.052742
250	1	5.339702	1.975399	4.109655	2.391077
252	1	7.198779	-3.337669	4.380382	7.020744
255	1	5.161987	-4.011412	5.748674	6.144822
256	1	-4.424930	5.287004	7.605440	4.402455
257	1	-4.831579	6.344251	5.823544	3.974237
258	1	6.718884	-4.825219	3.401244	7.366862
260	1	6.238561	-5.895164	6.366266	5.540405
262	1	-9.155802	7.904148	5.928745	7.258776
266	1	-2.112872	7.576386	6.055150	4.024914
268	1	2.862109	5.343359	3.197877	5.865020
269	1	-4.601059	4.860317	6.198568	5.374747
270	1	-4.049453	4.784836	5.091147	6.103651
271	1	-4.378135	-2.567757	5.774357	5.386515
273	1	8.916955	-4.606175	2.526922	7.188664
274	1	5.941967	-4.100096	-0.526014	7.877585
275	1	5.936528	-5.324650	4.293341	6.541124
277	1	-0.662597	8.704693	6.650646	2.980211
278	1	6.493458	4.030299	3.375591	5.046132
280	1	4.377595	-0.902054	3.705703	7.801343
282	1	7.108425	-1.252704	-0.903283	7.642538
283	1	7.997443	-8.426096	2.270456	6.612066
285	1	6.931860	-6.219482	1.628999	7.689183
287	1	4.125884	-7.739099	6.525086	5.800058
288	1	6.543234	-3.904682	-3.525366	8.114986
291	1	6.838432	-5.178714	3.582320	8.101379
292	1	5.164215	-5.111245	4.595069	8.051536
293	1	7.468083	-6.107419	2.507790	7.050869
294	1	7.297123	-4.062436	4.481991	3.898186
299	1	-4.930795	6.843644	6.610639	5.307860
302	1	-9.449327	5.976377	7.196330	3.459876
303	1	-1.809333	7.093559	6.232912	6.852941
304	1	2.068897	7.008159	7.951355	6.510461
305	1	-8.048435	4.830978	6.242865	4.816377
306	1	-1.743807	5.470968	4.749328	2.860645
307	1	-4.269542	6.074812	6.577944	2.780830
308	1	-3.892845	7.646307	5.468035	5.118176
310	1	8.654657	-8.482170	1.203589	5.789273
312	1	6.773680	-0.293423	0.636941	7.299521
313	1	-1.750590	5.761729	5.686325	6.683431
314	1	-4.498806	8.901433	6.837372	6.208277
316	1	7.496228	-6.269528	2.416032	8.154717
318	1	-10.300571	7.409124	7.285478	5.175683
319	1	-3.152207	7.901800	7.031727	3.781249
321	1	6.244485	-3.597316	4.409481	7.249937
322	1	-1.825794	5.552995	9.236471	3.530814
324	1	-4.502009	6.330435	8.940845	6.245017
326	1	-2.864893	7.964178	6.768174	6.095438
330	1	-5.424036	4.537565	2.961740	7.334362
331	1	-3.063535	3.476061	5.890154	7.660698
332	1	7.671930	-2.452138	-0.571358	7.829518
334	1	-7.346520	7.800305	7.427483	3.600848
335	1	7.846316	-5.657753	4.763275	6.466331
336	1	7.922472	-3.531830	3.925313	7.935480
339	1	-4.529479	8.167087	5.104336	6.095432
341	1	8.112276	-9.259088	-1.631077	6.899591
342	1	-1.222644	7.350814	6.418364	3.679682
343	1	3.953492	4.410203	0.316087	8.815690
346	1	-0.026514	5.635424	6.995939	6.693027
347	1	5.488650	-2.107685	3.441293	4.342005
349	1	6.987514	-3.342633	-1.748317	7.640470
351	1	-4.173524	7.388183	5.006084	5.575040
353	1	-7.298094	5.915394	6.169533	6.410948
354	1	-1.984846	6.004883	5.271304	7.270139
355	1	6.755346	-2.751637	1.393987	6.366900
356	1	-5.589816	6.812029	2.456061	7.143940
357	1	6.140637	-2.141203	0.135426	9.584279
360	1	4.250613	5.568682	5.541256	6.510098
362	1	7.765810	1.696616	2.230687	7.233728
364	1	5.209808	3.470996	4.125320	5.291054
365	1	-1.711961	7.612854	6.025528	3.937583
366	1	2.061022	5.847516	5.417610	4.678331
367	1	-4.725824	5.275487	7.233387	5.598710
368	1	8.146072	-7.163856	1.271574	7.773746
369	1	9.139999	-7.016519	2.220531	6.587838
370	1	-4.878791	4.529681	4.955602	6.992311
371	1	-4.479512	8.513374	6.267366	6.336195
372	1	2.878205	5.304382	3.230822	3.502580
373	1	-3.755566	8.277609	7.307272	3.768286
374	1	5.604387	-3.157684	1.409887	8.593162
375	1	4.877970	-3.865565	0.013734	8.431158
376	1	5.508341	-7.562589	6.679936	5.576422
377	1	5.131480	0.526727	1.488765	6.728985
379	1	6.259046	-5.355136	1.575135	9.421742
380	1	8.095337	-4.866726	-0.585002	7.569827
382	1	-3.733439	-4.074633	-1.791455	7.121029
383	1	-1.692880	5.601593	7.477541	5.630196
384	1	-2.972901	7.348236	8.672901	5.458743
385	1	7.924664	-3.592893	1.301899	8.038473
388	1	6.988165	-4.823507	3.172634	6.554522
389	1	6.473956	5.821092	4.536823	7.380827
390	1	-4.526380	6.750101	3.403859	9.202935
392	1	1.492447	4.661883	6.295751	6.969517
393	1	-3.961415	7.930724	6.446374	4.767549
395	1	1.048256	-3.073665	7.202715	7.593169
396	1	-5.649136	6.061573	6.221937	5.731770
397	1	7.138371	-10.882878	3.994453	3.326705
399	1	7.796621	-3.904395	3.715126	5.122553
400	1	-4.452591	5.907503	8.137298	7.242541
402	1	-6.117283	4.860473	3.540012	7.137553
403	1	7.117556	-4.008506	1.634480	8.024772
404	1	6.684032	-6.983379	1.855018	8.038571
406	1	7.445128	-3.301359	4.243721	5.586510
408	1	8.777853	2.628931	4.274751	6.475021
409	1	-5.894035	7.332788	6.311297	4.770691
413	1	7.046578	-3.152470	1.323127	6.622239
415	1	-2.102693	3.808849	6.092784	4.352236
418	1	7.283449	-3.156476	0.002214	7.595906
419	1	-2.178465	-2.357992	6.207131	4.408454
420	1	-1.421827	5.491515	6.195247	4.044329
421	1	5.990540	-5.973528	2.283010	5.924959
425	1	-8.094172	-1.415333	8.159693	6.311137
428	1	6.259430	-4.440325	1.228139	7.508181
429	1	7.499289	-8.110952	3.856848	6.988718
430	1	-3.876595	9.693040	2.610397	7.401479
434	1	7.106138	-2.792797	1.645490	7.710411
436	1	-1.890608	5.420701	5.507958	6.848594
437	1	-6.455028	7.246732	7.322991	5.474733
438	1	5.924908	-4.389916	0.127776	7.745386
440	1	-4.967358	7.968788	3.354316	5.507975
441	1	-4.251013	6.181839	6.035857	6.205700
443	1	-5.704181	-1.746846	9.201371	4.903581
444	1	5.462502	-3.431628	1.231499	9.086545
445	1	7.656519	-1.221502	0.585512	7.519334
447	1	4.938925	5.158327	0.259499	5.554712
448	1	-4.218527	8.960784	6.463479	4.928072
451	1	7.618139	-7.886552	1.372623	7.466789
453	1	6.031625	2.793336	3.423016	5.342454
454	1	7.693892	-5.389513	3.051522	6.714117
455	1	-5.512669	6.056870	7.265662	2.712044
456	1	6.694710	-5.910995	4.983388	6.521371
457	1	6.032201	0.398307	0.322320	7.380963
458	1	-5.299888	8.673350	5.475700	4.953675
459	1	-1.151330	7.417697	5.338011	6.806952
460	1	6.649620	-1.703965	-1.573096	7.540933
462	1	-1.060362	6.075004	5.975695	7.543692
468	1	-5.330274	-3.307800	5.596116	6.138223
470	1	-0.704542	8.018102	4.894225	5.060383
471	1	-4.482605	7.427771	7.965917	6.379746
474	1	6.814255	3.203519	0.810873	7.046949
476	1	-0.648276	8.860718	6.892454	6.231928
477	1	8.045220	6.496738	1.034122	7.382418
479	1	7.629051	-3.929330	4.075872	7.684273
481	1	6.684466	-3.431868	-5.382301	8.265851
483	1	5.270086	-3.747777	6.780255	5.585212
484	1	-8.208972	5.931855	4.993364	5.424557
488	1	-7.638926	7.524970	4.254266	7.651027
489	1	-5.706589	7.339173	7.600436	6.834344
490	1	6.987613	-6.092987	2.608406	8.165287
492	1	6.075366	-4.450611	4.390133	5.983961
493	1	6.317444	-4.570277	2.216790	5.333964
494	1	7.368562	-5.275876	3.071361	9.108609
496	1	-7.149673	6.161813	6.838041	6.660703
497	1	5.207621	4.823957	3.860371	6.315067
499	1	-4.272440	6.902421	8.310801	4.815929
501	1	4.341964	-5.981971	5.597286	7.029857
505	1	-2.092925	7.519070	-0.069369	5.917756
507	1	-6.665629	6.521976	8.383561	4.880305
508	1	5.812643	-2.066310	-0.243049	8.733741
509	1	7.262417	3.018367	1.661956	7.573589
511	1	7.522456	-0.529651	5.364666	6.209836
513	1	-3.171946	6.231177	7.513050	5.165399
515	1	7.335122	-4.877701	1.629132	8.774842
516	1	6.516448	-6.763220	2.319216	8.180534
517	1	-8.835348	-2.684024	7.340772	6.545108
519	1	6.496019	-7.096843	3.627605	6.511969
520	1	7.525120	-2.435119	4.038519	7.025836
521	1	-4.768336	9.544938	6.862335	4.559500
523	1	-5.986989	5.321105	7.014731	0.298750
526	1	7.366755	5.548894	1.442201	6.485716
528	1	-3.377509	6.891941	7.345749	5.689649
529	1	-1.667362	-0.984179	0.230815	3.952829
530	1	-1.752150	9.522649	0.012631	9.636229
531	1	7.731240	-4.539853	4.825248	9.022931
533	1	8.981027	-3.956210	3.989188	8.076408
534	1	-5.848758	8.207764	8.563049	5.075718
536	1	4.799559	3.434385	1.624303	6.516167
538	1	1.341408	6.218858	6.922705	4.721876
540	1	-4.167743	7.716925	8.138466	6.127400
541	1	-4.762157	8.937274	5.790080	4.394972
542	1	5.123403	-2.332803	4.106295	7.887854
545	1	5.677916	-2.922906	0.938481	7.993259
550	1	-3.025531	6.387308	5.315304	0.985616
551	1	-1.873312	6.732704	7.213823	5.797882
553	1	6.570412	-4.880343	3.690520	5.082069
556	1	6.786774	-3.269344	4.523115	5.272627
557	1	-4.188199	6.906199	8.153912	5.530864
558	1	-3.777191	7.734099	5.724777	1.363615
559	1	-2.985967	8.019478	8.005603	5.817394
560	1	6.892554	-4.654708	1.316648	6.928477
563	1	6.821444	-4.332130	1.700296	8.512467
564	1	0.069860	-3.358033	5.547745	4.764437
565	1	6.756445	-5.489160	3.115949	6.971616
568	1	4.543070	-6.681088	-1.636407	6.228588
572	1	-3.977250	7.764691	2.235213	4.143271
573	1	7.290105	-7.430138	0.304712	8.326020
574	1	9.180121	-4.210470	2.233096	7.644754
577	1	-3.266453	5.901049	3.403373	8.517467
578	1	-3.190727	5.832783	7.887353	4.865275
579	1	7.680149	-4.079085	4.758095	6.797057
580	1	6.484182	-5.310997	0.980262	7.667606
581	1	8.263687	-6.817314	1.209410	9.473851
583	1	5.912106	-3.560275	2.643838	7.162436
586	1	5.831092	-4.453923	2.801094	7.599338
590	1	-1.207537	7.892152	-1.088444	6.467825
591	1	7.247434	-7.245799	4.441462	7.408282
592	1	5.690042	-3.425397	3.546664	8.025021
593	1	8.838978	-8.902960	4.996625	6.718605
594	1	-1.091446	7.845801	6.184988	3.867580
596	1	-3.169015	6.493316	6.555922	6.159740
599	1	-3.037586	8.633258	4.854806	6.594337
600	1	-4.635472	-2.668466	6.263734	6.586981
601	1	6.129418	-2.961369	5.518354	5.366995
603	1	2.320868	8.830326	4.767956	7.875785
604	1	-2.304536	7.148489	7.768428	5.781522
605	1	-3.773578	7.882523	6.796535	7.133368
606	1	6.134717	3.615803	1.420391	6.177500
607	1	5.243703	-6.276471	7.560019	5.245343
608	1	1.648825	7.086833	6.062489	4.289920
609	1	6.229808	-2.176249	3.705719	4.437845
612	1	5.989148	-4.079336	3.312945	6.454991
614	1	-0.456835	7.139706	1.921451	7.010760
616	1	8.253614	-0.034895	-0.730012	8.064767
617	1	-0.694426	0.966012	7.546696	3.807319
620	1	6.623383	-4.156095	2.311783	7.278850
623	1	5.999803	-3.823919	-2.464833	7.270631
624	1	6.164260	-1.530147	5.638726	4.827012
625	1	7.845633	-3.873062	-3.936652	6.927297
628	1	6.659866	-0.864465	5.004731	6.219203
629	1	6.664961	3.214022	1.827314	7.980123
630	1	2.667760	-7.249832	5.005982	5.345525
632	1	-1.979385	5.887136	6.643076	4.594805
633	1	-1.900968	6.828887	7.373003	5.120100
636	1	8.971602	-5.032293	2.315687	9.453091
637	1	-6.088219	7.654850	5.878313	6.246794
638	1	-2.491624	6.258487	2.631225	7.901904
640	1	-0.044094	7.443065	1.578549	5.656647
641	1	5.512970	-4.818282	5.116358	8.638205
642	1	5.900085	-0.388895	4.915288	7.232470
643	1	-1.471899	8.313280	8.785000	5.736473
644	1	-3.116940	9.733215	8.344396	5.548407
645	1	7.864285	-4.818221	3.236482	6.245518
646	1	-1.966801	7.927572	6.479535	6.730945
649	1	-2.574272	6.416707	5.867405	5.981608
650	1	5.004944	-3.841181	3.534954	7.376569
651	1	0.407455	8.175776	5.768942	6.991370
652	1	6.637431	5.854156	1.141665	8.384904
653	1	5.363355	-4.224267	2.711684	8.538338
654	1	-5.275572	8.273992	8.156989	6.137512
655	1	-2.759744	7.432600	6.805292	6.070632
656	1	5.068800	-3.081805	1.433879	6.994725
657	1	6.364599	-1.710404	4.547734	7.474362
658	1	8.790962	-4.275345	-1.461304	6.846370
659	1	-3.408946	6.965181	7.186454	5.932787
661	1	3.974675	-6.456246	6.654526	6.589886
663	1	6.417546	-5.088222	5.171399	7.138889
664	1	7.506575	-3.781729	4.538254	3.534811
665	1	-4.723921	6.756688	7.359502	6.255638
666	1	-5.565846	8.399646	1.744837	6.253108
669	1	6.411140	-6.218996	0.193619	4.964083
671	1	-3.877769	5.901710	6.542822	7.609207
672	1	9.299595	-6.181004	2.736078	6.622859
674	1	-7.512815	-3.829666	4.193959	6.770543
676	1	-0.573367	7.469375	6.963948	3.465022
677	1	-4.675538	8.388513	6.540978	6.915297
679	1	-4.794061	7.277095	9.399942	2.632114
680	1	-4.722012	8.762781	4.981253	7.518580
681	1	-4.183974	6.684703	6.201667	7.280498
682	1	8.501268	-4.595148	3.931000	6.600754
684	1	-4.994229	-3.259619	7.177306	6.413649
687	1	-3.686382	8.638066	6.833382	5.153866
688	1	-2.884533	6.775446	3.192616	7.395890
689	1	4.026975	-2.457550	8.202969	5.199048
690	1	5.476596	-0.348452	5.281486	4.819857
691	1	-1.910640	3.451746	8.762722	4.644188
692	1	-1.292147	7.003426	9.146351	4.927200
694	1	4.988876	-6.101102	4.608043	6.748240
696	1	5.222722	2.439090	5.377805	9.144455
697	1	-1.960964	9.361632	7.127864	2.760002
698	1	-4.380650	7.525936	7.934232	3.935695
699	1	6.633121	-5.695578	5.791247	6.383700
701	1	-4.198013	8.728098	7.587521	5.661797
702	1	-5.305029	6.431925	7.244346	1.285737
703	1	-2.360938	6.484697	6.667393	6.822171
704	1	-3.509057	5.164105	1.185952	8.410109
705	1	5.206462	3.998004	4.845716	7.258180
706	1	3.791968	-1.898842	6.189329	4.709245
707	1	4.617834	-4.120235	5.880948	6.122567
708	1	5.727106	-0.309662	2.707280	8.185115
709	1	6.847308	-3.612041	5.383192	5.821208
712	1	1.815254	5.532239	6.284225	4.860552
713	1	7.693984	-5.237878	9.281995	5.284526
714	1	-2.865023	-4.389959	5.975163	5.696857
716	1	-0.917751	8.260447	1.466212	6.384701
718	1	0.639124	7.015568	3.787550	7.599307
720	1	-4.249315	7.096662	5.665353	7.593730
722	1	2.976845	-6.247347	6.342464	6.500975
723	1	-4.773191	5.314163	6.810110	6.011995
724	1	6.614600	-1.367345	5.515711	6.187798
728	1	-5.313649	7.305406	5.436581	6.703105
730	1	-3.278145	6.229588	6.285875	6.055841
732	1	0.351647	8.102874	6.064138	4.990480
735	1	5.704728	-2.676897	4.665980	6.858830
736	1	-2.924481	-3.057744	5.796541	4.894233
737	1	5.174562	-1.390954	4.659724	5.800045
738	1	-8.996907	5.519156	6.641120	6.514275
739	1	-3.318640	4.753019	6.397664	4.454620
740	1	-3.602790	7.000856	3.758777	6.156542
741	1	6.487702	-4.581930	1.484557	7.095408
742	1	-1.091855	7.396388	8.962508	4.813185
744	1	-1.397114	8.701881	5.015927	7.208931
745	1	8.854675	1.664019	2.313382	8.174288
747	1	-4.009433	7.302700	6.165687	6.594717
750	1	5.034560	-5.671584	5.358724	7.209069
753	1	-2.136005	7.567561	6.319937	6.209724
754	1	-0.909337	7.800043	5.957931	6.476136
755	1	-5.039469	4.080641	7.811855	5.958670
756	1	7.019226	-6.537869	2.203439	5.908802
757	1	5.521661	-3.700095	4.641580	6.334729
759	1	-3.670618	6.487047	6.999278	3.930881
760	1	-2.263345	7.163402	5.179966	8.791019
763	1	-1.735167	-2.102358	6.838643	5.703836
764	1	5.409696	-5.552572	2.996044	8.307285
765	1	-1.170461	6.868854	5.397088	6.141623
767	1	8.143056	-4.854983	4.947022	9.022396
769	1	7.135138	-3.053821	3.606911	6.328876
770	1	-3.243239	6.482074	6.003466	0.958577
773	1	7.028012	-4.784458	4.024838	5.392002
774	1	-6.647899	7.067374	5.786673	9.001886
776	1	6.031815	-7.104943	1.656969	6.455060
778	1	7.231315	-5.894174	5.613192	7.707098
779	1	-6.932107	8.284922	8.150745	6.142399
781	1	6.548972	-3.655976	6.875972	7.287249
783	1	6.577607	-4.913071	1.149072	7.729463
786	1	-5.546636	5.394014	9.409872	5.815733
787	1	7.071860	-5.388625	4.592245	3.492308
789	1	6.924617	-5.522628	4.396479	6.949034
790	1	-5.500084	4.893529	6.470194	6.246970
791	1	-3.968306	6.642016	7.304850	3.790190
793	1	-11.040087	9.740470	8.025021	6.546411
794	1	6.570018	-3.206366	4.836618	6.841415
795	1	7.073965	-3.711816	3.745967	7.731493
796	1	5.984551	2.362866	5.521408	6.574128
797	1	7.053610	-4.889241	1.143479	7.351448
798	1	-1.685585	-1.459629	5.684933	7.323694
799	1	4.100749	8.329512	2.230224	7.854318
801	1	8.200545	-2.824309	4.106884	7.314079
802	1	-7.559615	5.285665	5.646338	3.234413
803	1	-4.559326	-1.082986	4.975827	7.764756
805	1	-5.271412	7.247495	7.234808	4.398122
806	1	6.326764	-3.731922	2.310328	6.889131
808	1	6.501790	-4.455600	8.030696	6.005599
810	1	5.963635	-2.051842	2.789474	6.576314
812	1	6.297423	-12.062233	0.242946	6.215918
815	1	5.794909	-0.625397	4.078984	6.827225
817	1	-4.395873	6.856039	4.885400	3.983504
818	1	-5.078591	7.872516	6.059788	7.410054
819	1	-0.698221	7.097710	7.014433	5.627526
820	1	-2.462362	7.273194	0.045012	6.490562
821	1	-2.729700	7.843106	3.408925	7.463063
823	1	-0.404689	6.331600	4.615673	7.477995
826	1	1.064245	5.749117	6.332273	6.979898
827	1	2.881924	9.604612	5.660942	7.024213
828	1	-1.930502	6.578727	5.693528	7.151382
830	1	-5.909042	7.224246	7.003614	6.244311
831	1	6.968374	-6.935984	2.804159	7.078814
832	1	6.800406	-4.344996	2.503873	7.328589
835	1	6.753569	-2.919993	3.531081	6.959866
838	1	-2.510752	6.231949	4.662351	6.843583
840	1	5.575972	-9.746132	4.056603	9.200670
843	1	6.649613	2.832798	3.343094	8.299918
844	1	7.090608	-2.027787	2.947601	8.504181
846	1	-2.652830	8.181988	7.268203	3.864218
849	1	-4.826215	7.418849	4.923404	6.684647
850	1	-5.551562	6.102999	7.776804	4.603014
854	1	1.692817	6.453477	6.095044	4.554629
855	1	-5.732934	2.034800	5.136433	4.928684
856	1	4.438783	-3.365589	5.404995	6.279074
858	1	6.167113	-0.294186	7.021045	6.346195
860	1	5.690932	-5.692738	5.036889	6.365412
862	1	9.127793	-4.666061	1.431758	8.946217
863	1	6.354768	-6.150463	2.523772	9.527196
864	1	7.485395	-3.380483	5.250183	7.338602
865	1	6.860316	-4.945838	2.806230	7.485070
868	1	6.358583	-4.687631	1.598104	7.596495
869	1	-2.139234	8.433526	6.066256	6.693709
870	1	-2.502850	7.365857	5.964465	4.252335
871	1	7.204353	-3.505363	3.854757	4.039741
873	1	6.384859	-2.630016	1.056480	7.542080
874	1	4.460322	-3.349497	-0.047447	6.843593
875	1	-4.034923	9.729499	4.859694	7.193350
876	1	-3.163409	6.622731	6.676441	6.461597
877	1	6.157513	-5.057662	3.461575	6.988144
878	1	-6.253953	7.205666	8.434363	7.006660
879	1	5.971281	4.885599	4.056081	7.802070
882	1	-5.619120	5.730855	7.331709	6.483446
883	1	6.363956	2.166686	0.132098	7.376855
884	1	5.827410	-1.280033	5.394405	8.312529
885	1	6.850160	-5.143373	1.065180	6.314127
888	1	-9.603094	7.507025	6.080528	6.606577
889	1	4.522344	-2.732263	3.911203	5.981078
891	1	-0.349400	7.496273	4.792380	6.574889
892	1	-1.945708	4.290476	6.195404	2.838962
893	1	4.413856	-2.127181	5.261170	6.242698
895	1	8.200414	1.425198	3.870881	7.941523
900	1	7.758986	3.338238	2.343465	7.832465
904	1	1.712653	0.102554	2.758490	7.084945
905	1	0.632454	2.031263	6.278495	6.317103
906	1	5.784797	-3.086438	4.096141	6.586288
911	1	-3.277708	6.449026	-0.319361	5.856529
912	1	5.616325	-2.754084	4.244684	6.795430
913	1	5.791391	-0.485328	1.230622	6.908653
914	1	-5.589965	6.895890	7.129508	5.961510
916	1	7.492892	-4.570260	8.808020	6.154488
917	1	0.412797	8.649807	3.124208	8.267270
918	1	7.852909	-8.554068	5.187039	5.969621
920	1	-3.045231	5.687457	4.468315	6.595665
921	1	-2.082650	3.228612	9.327576	1.657580
922	1	-7.950655	6.519448	7.947249	4.811704
923	1	-4.584183	7.009275	6.373256	3.527895
926	1	5.215906	5.546103	5.381506	7.355902
927	1	-3.698917	-2.401028	8.344992	4.730959
928	1	2.983295	6.763221	3.156274	7.635117
930	1	-4.483814	8.318965	9.019414	5.537066
931	1	-5.161710	-2.792346	7.742623	5.546572
932	1	-2.473449	8.243487	6.143488	7.510230
934	1	6.859377	-2.413817	0.956660	5.570366
936	1	-3.969896	6.806603	6.542076	6.061547
938	1	5.634029	-0.973342	6.856079	6.200904
939	1	6.498055	-5.497158	4.304804	4.347682
940	1	6.373788	3.440337	1.464673	7.280126
941	1	6.196603	-2.116470	5.342558	5.553680
942	1	4.109135	-8.688304	4.687163	3.422509
944	1	-6.193338	6.288155	9.153710	5.491288
945	1	6.541607	-4.834027	5.591524	7.154650
946	1	-2.513060	3.469805	7.211272	7.346397
947	1	-2.697257	6.090196	6.258372	6.743207
948	1	4.622852	-0.048920	5.749087	2.608926
949	1	-3.825436	7.151477	7.176056	6.163606
951	1	7.288998	-2.883226	1.001816	7.076722
953	1	-2.611483	-0.813952	7.358154	6.223004
954	1	4.752123	-2.770630	5.676803	4.083119
955	1	9.188738	0.998498	3.191520	6.604733
956	1	-2.726301	8.834313	4.547858	6.513207
957	1	-2.435463	5.778113	6.721597	6.099170
958	1	6.246198	-6.212744	4.688567	4.241646
964	1	-4.314074	7.291664	8.497626	5.480071
965	1	-6.890230	5.142731	6.975308	3.209504
966	1	6.975763	-6.193525	2.525965	5.950481
967	1	-5.334425	6.437237	6.686906	2.639155
970	1	-2.617524	6.736096	6.109015	0.274153
971	1	-3.543390	6.279853	6.458680	5.144076
972	1	5.985611	-9.567717	-0.066814	8.225546
974	1	7.166257	-5.288779	3.879459	7.667555
975	1	-4.024755	9.099928	2.576462	7.373672
977	1	6.014897	-4.855858	3.871679	5.959082
978	1	5.828485	-6.093393	-1.304511	8.091515
982	1	-9.463473	6.877825	6.310678	6.153294
983	1	6.579169	-4.841988	5.145612	6.905574
985	1	6.448300	-0.175602	4.891684	6.806049
989	1	-2.339046	6.471156	6.888171	6.052566
991	1	-0.826468	4.838129	6.785382	7.050718
993	1	9.057365	-1.749255	3.040227	7.747922
994	1	4.738336	-1.571253	5.341130	8.106663
995	1	7.027447	-1.976764	4.757622	5.184349
996	1	6.195091	-3.321248	2.709128	7.015353
998	1	8.280980	-7.544443	3.241572	6.505554
999	1	4.765670	4.197169	6.944939	6.132749
