11	1	-4.165722	7.367254	7.196388	3.663206	-5.841605
15	1	-6.533756	6.969034	5.201850	-7.315171	9.161196
36	1	8.987641	-2.187651	-5.796832	9.568807	-5.211490
40	1	9.259390	-4.060636	-6.446344	6.892965	-4.184090
42	1	-0.919326	5.948878	9.088046	0.171016	7.093742
45	1	-1.165014	3.847693	-4.710328	7.848923	-3.211817
50	1	9.294919	-5.189830	-4.982058	8.882937	-6.108243
56	1	7.468346	-5.229308	-1.018942	-4.250120	6.248525
62	1	-6.118640	6.570870	6.310662	-6.826614	6.536105
70	1	6.461413	-8.443148	-5.647893	8.707949	-5.469252
83	1	7.924884	1.932795	-2.886556	8.375798	-5.423208
93	1	-7.013189	6.834456	6.671529	-4.113131	5.246778
98	1	9.087552	-3.929799	-4.860828	7.807904	-9.278312
103	1	1.559990	-3.215413	4.764900	-7.026115	8.294917
107	1	8.209342	-7.486267	-2.170591	5.438660	-9.388675
119	1	7.523424	-3.451029	-3.614948	8.758277	-8.203380
120	1	8.692272	-6.894307	-3.043329	6.046511	-10.478960
125	1	-7.262238	5.242418	6.917004	-6.105403	5.542430
130	1	8.340230	-5.600380	-6.058216	6.493474	-7.514730
135	1	2.077635	9.038620	-3.124267	9.539074	-3.821464
138	1	-6.670688	-2.727946	4.292257	-6.061349	6.587246
145	1	8.994333	-5.066159	-4.265673	6.681614	-4.418414
146	1	7.573893	-7.020936	-2.184199	6.675472	-5.218886
154	1	5.790538	-0.844959	-4.507322	7.654658	-2.743425
159	1	6.037297	-5.226175	-5.403028	7.739271	-4.616300
160	1	-3.269217	6.379949	5.339719	7.062089	-10.584001
166	1	-4.197733	9.844831	8.063374	-4.814138	6.978245
169	1	-0.209550	7.938230	7.005022	-2.942230	2.275354
180	1	8.895710	-3.414338	2.020097	5.560149	-6.476695
181	1	2.131034	5.832777	8.641605	-4.453205	7.251691
211	1	-4.465923	7.702406	5.609003	-2.071677	5.731001
217	1	0.544159	8.902413	-6.214586	7.463335	-7.728363
220	1	6.801752	-0.457745	-2.343192	7.232972	-6.207089
224	1	-1.915900	7.128359	-5.226499	9.022347	-7.206556
231	1	6.660071	6.197969	-5.294310	2.714263	6.187276
242	1	6.097390	5.288680	-4.239470	8.700902	-7.639896
251	1	7.978431	-2.621171	-6.710838	7.169115	-7.995714
269	1	1.938676	1.474989	5.119042	-0.862254	9.515167
272	1	7.035635	-0.081540	-1.692763	6.805369	-3.982989
281	1	8.401102	-4.689225	-3.786650	7.198843	-5.523681
288	1	8.227589	-5.875122	-1.447791	5.366820	-7.905411
289	1	-2.765678	6.947674	6.613508	-5.855328	9.324162
335	1	-4.691390	7.267257	9.448901	-3.612916	4.792032
346	1	7.986157	-1.608723	0.746585	6.638932	-2.711353
349	1	7.093556	-3.993353	-0.578919	8.093502	-2.111004
358	1	-2.036385	5.811221	-4.776363	6.936481	-3.963064
367	1	0.305753	7.583513	4.908814	-2.447468	6.770108
378	1	6.803160	-3.479224	-5.481555	8.877357	-6.094901
380	1	-4.541351	9.507109	6.210423	-2.587021	-2.728397
388	1	7.102533	-5.375359	-4.977790	-6.760101	7.419239
393	1	-4.294667	7.490514	5.227928	-8.033409	7.056836
401	1	6.210966	-2.809191	0.317912	7.394259	-2.708629
403	1	2.956408	2.157390	4.820118	2.789989	-5.477794
409	1	5.665342	-5.434541	-5.051284	7.511335	-7.127507
440	1	-7.043996	7.096289	6.565321	-6.438960	8.368873
456	1	9.003542	-4.863846	-6.639381	7.147610	-7.627739
472	1	-3.598364	6.957123	7.546878	-3.375637	7.427899
475	1	4.595052	4.673928	1.150594	6.067956	-5.995236
484	1	-4.596162	8.282756	8.097036	-8.815844	6.506548
492	1	5.030530	-2.595076	-1.951619	6.199495	-5.238155
493	1	0.395248	8.655999	-3.736076	9.137703	-7.188666
501	1	-2.698571	-3.396476	2.826941	6.212325	-9.620680
508	1	7.550976	-5.675567	-0.366643	8.287718	-7.792148
509	1	-6.196770	5.794893	7.436411	-7.148443	6.581434
534	1	0.210280	5.400285	-5.768469	6.871241	-4.505602
538	1	-4.403284	6.881620	5.737215	-7.804436	8.315866
546	1	-1.940147	9.168380	6.235409	-5.896914	7.057157
562	1	2.627331	5.980526	7.651294	0.500035	-3.543463
567	1	7.728965	-5.388800	-4.192559	8.582667	-5.509062
569	1	-5.156747	7.055546	6.210778	-4.221826	8.107897
570	1	7.326788	0.932204	-0.798854	8.194426	-8.779070
580	1	7.508667	-6.987506	-2.538979	6.537372	-4.671435
590	1	-5.222535	7.057040	8.986895	-3.992571	8.668709
618	1	1.149927	7.661659	9.227403	-4.727880	9.449682
630	1	6.498294	-3.436810	-2.094742	6.920236	-7.055702
633	1	4.659558	4.212556	0.789979	6.531011	-3.074365
640	1	-4.065895	6.545564	6.483183	-4.238221	8.574270
642	1	7.441042	-1.422289	2.299747	7.460799	-4.397520
645	1	8.148096	-5.117225	-5.032245	-6.725529	6.888024
648	1	6.531377	-7.461799	0.916541	3.443369	7.797991
651	1	-3.711356	6.764915	7.023903	1.792293	2.606182
665	1	-5.833868	6.301167	7.364171	-6.247338	6.471567
683	1	6.370183	-4.298164	-4.981937	5.933566	1.913991
689	1	3.398340	5.179225	-5.766411	6.227322	-5.514344
691	1	6.226622	-3.714729	-5.400388	6.626287	-5.289153
694	1	-5.078440	8.029003	6.254322	-4.384946	7.658605
697	1	3.593244	-4.986666	4.817928	-1.710078	6.924175
698	1	2.447796	6.130958	6.181446	-8.680528	7.520139
700	1	7.863084	-3.285669	-4.574891	6.199184	-3.875574
708	1	8.078310	4.730230	-6.386610	7.755573	-0.412129
710	1	-4.760515	4.991773	7.427370	-4.918691	8.426645
713	1	-3.197268	-3.310920	9.033467	-5.819986	6.777914
728	1	-3.054761	4.934663	5.635059	-6.068553	6.119552
731	1	7.916495	-4.053582	-6.978070	6.613230	-5.110017
735	1	7.110380	-2.704556	0.142307	8.228383	-6.638484
738	1	-4.019782	7.352392	6.670480	-2.389228	6.906947
746	1	7.284054	-7.730877	-2.428409	4.866275	-5.093244
757	1	-8.601511	4.434914	7.359828	-8.738445	8.250988
759	1	-4.157525	6.376294	7.528186	-8.165052	6.621308
760	1	6.747329	3.324187	-1.941676	-6.058992	7.100879
763	1	6.549569	-6.162817	-4.985601	8.089237	-5.245356
766	1	-0.808654	8.575320	8.287878	-5.365222	7.157154
770	1	-2.423057	7.264976	3.032843	5.524948	1.828920
772	1	6.574492	-0.300030	-5.776768	9.135607	-5.686401
773	1	-4.872036	7.733466	8.474319	-6.326721	7.525600
782	1	-0.959228	6.717057	-2.228815	6.841571	-3.484796
802	1	-6.977160	7.264698	6.607140	8.384063	-8.383582
808	1	6.137798	-5.617605	-1.299712	6.477314	-10.770062
812	1	-0.025161	5.224961	7.194376	-3.029032	6.648375
830	1	7.401892	-5.075240	-4.444978	6.343580	-5.827579
832	1	-4.512809	4.414155	7.781668	-5.048948	6.297795
850	1	-5.948538	6.578445	6.665682	-6.570586	7.631310
862	1	1.369041	-5.860250	-2.126134	6.284982	-5.880342
865	1	5.906771	-7.042375	3.030810	7.130267	-3.785227
869	1	6.724873	-6.291947	-2.937730	6.774574	-5.682054
871	1	-1.620506	7.494123	-5.119284	8.238623	5.567130
877	1	6.474360	-2.103113	-3.929204	6.442911	-4.030003
880	1	7.294294	-3.790179	1.919525	5.583450	-4.301047
882	1	-3.140091	6.821524	7.347883	-3.557474	6.771807
886	1	-7.769195	7.342344	7.042799	4.722463	4.392884
891	1	8.379275	-11.793213	-2.377410	5.682147	-2.483157
892	1	-6.194579	4.585130	6.246640	4.972721	-7.684972
908	1	7.450177	6.930876	-8.605261	6.381507	-4.537716
941	1	-6.085075	5.850511	6.119810	-4.932206	6.246295
942	1	4.398429	-4.284807	5.392367	-4.635105	5.983689
955	1	-2.664515	0.374338	9.594423	-8.168527	8.084655
956	1	7.714841	-3.078372	-1.711423	6.894680	-7.594550
976	1	5.676425	1.506271	-5.637748	8.018720	-4.020931
981	1	7.953709	-4.735210	-4.880847	6.795111	-5.716649
986	1	7.711172	-10.229055	-5.702200	7.953189	-5.625391
996	1	7.215842	-7.840099	-4.297178	7.915832	-6.485675
1000	1	6.951943	-7.395654	-4.987655	6.121744	-2.971405
1008	1	4.077861	-1.360969	6.809221	-5.496906	6.363301
1013	1	5.601156	3.318629	-6.040082	6.590726	-3.828244
1016	1	-6.530147	8.041310	7.047545	-10.431396	6.856780
1021	1	-6.457465	-2.315809	7.805125	-5.141959	5.957519
1023	1	7.897315	-2.120571	-4.960418	8.691263	-6.604768
1039	1	-3.096562	6.136691	8.065045	-2.613992	8.344774
1056	1	6.606323	3.154824	-5.685079	7.374265	-4.418988
1072	1	-7.895345	7.868200	7.788203	-3.769907	6.874303
1079	1	8.430659	-3.114073	0.429518	-5.559279	8.477692
1085	1	-6.511701	7.605829	8.248401	-6.767918	5.740946
1086	1	8.022885	-2.690233	-3.290821	7.822487	-3.917391
1094	1	-1.000918	6.853741	-5.800448	7.937524	-6.104096
1110	1	-1.475321	8.330729	6.532046	-0.756893	6.627613
1139	1	-3.135834	2.381441	7.953247	-7.166748	6.726253
1168	1	6.543145	-4.468392	-4.528323	7.912116	-7.679739
1169	1	-6.403507	6.336354	8.813128	-4.392997	4.629405
1170	1	-1.532236	6.693673	7.534217	-6.749675	6.876363
1174	1	-6.629533	7.542722	7.064411	-6.495244	7.438907
1179	1	6.638756	-5.643512	-3.432713	9.262379	-4.437850
1182	1	5.749131	-0.015237	3.849118	-2.924979	9.034041
1183	1	5.709722	-1.941799	-1.892682	9.284835	-6.907278
1197	1	5.431332	-4.310772	-1.419425	-6.422140	5.823691
1203	1	0.860313	6.509008	6.890147	-8.729243	6.674076
1212	1	-5.711287	7.383508	6.589800	-3.646178	6.067072
1214	1	6.978768	1.536289	2.522253	4.811953	-8.432776
1216	1	7.777754	-2.497600	-0.780161	7.935328	-4.140179
1221	1	5.269204	-3.038584	-4.632827	6.940336	-8.111483
1226	1	-3.611290	7.404284	8.315942	-7.092746	6.816039
1229	1	6.738481	1.688844	-1.204338	6.108324	-3.069365
1230	1	4.868267	-4.095516	4.257228	8.403671	-3.532267
1233	1	7.039707	-2.509168	4.674771	-5.971558	7.349175
1234	1	7.024725	4.699707	-5.242803	8.238484	-3.140812
1237	1	8.806830	-5.177097	-4.493653	7.145073	-5.570165
1245	1	4.609471	-4.860767	6.471509	-4.796172	9.521986
1248	1	6.501779	-0.057958	-4.871041	9.890293	-2.782543
1258	1	0.363161	8.954051	1.109956	7.158833	-7.171650
1260	1	-6.626867	9.714784	5.560207	-4.945555	7.807780
1265	1	-1.408939	4.920322	6.616947	-9.357304	7.614055
1275	1	-7.265549	6.397452	6.954718	-3.691478	9.564620
1284	1	1.384560	7.074112	7.726346	-4.896003	6.388019
1293	1	0.544472	8.372999	-6.257196	7.472989	-4.355469
1294	1	6.947974	0.665659	-6.824099	7.667456	3.028964
1297	1	8.617600	-2.951439	0.255525	5.816169	-6.005550
1299	1	9.135375	-6.101627	-3.669024	8.000192	-7.264407
1305	1	-3.388565	5.737469	5.236486	-2.809765	7.357692
1306	1	8.827556	-6.371909	-3.495835	-5.957648	8.513831
1323	1	7.151775	-3.435854	-5.155047	5.746800	-6.216042
1327	1	-0.978985	8.820457	6.126147	-9.849234	8.020782
1333	1	-2.441305	7.553784	-3.119619	8.993953	-4.819271
1336	1	-0.588517	6.691059	-6.586154	7.967477	-1.957764
1339	1	3.318091	-1.750704	-3.875162	6.234424	-10.457041
1348	1	6.619918	-6.486872	-6.692776	7.090709	-4.958260
1357	1	2.714288	4.419756	0.710680	8.684407	-3.336583
1368	1	6.316211	-6.024574	-3.347984	9.139624	-7.292413
1369	1	7.224774	-2.930221	5.358397	-6.205420	6.609695
1383	1	1.824638	4.849777	6.817092	-5.125502	8.327938
1385	1	8.103398	-7.617935	-2.528404	7.855630	-6.093873
1387	1	-4.771463	7.092802	5.612686	-3.350645	7.604262
1395	1	6.526440	-5.874427	-3.070753	7.355242	-8.338137
1400	1	-0.637375	-5.078776	-6.770398	7.798245	-6.202915
1405	1	8.738992	-3.061007	-3.232061	7.472950	1.798057
1415	1	-6.164136	9.337244	7.777089	-3.810399	7.941720
1416	1	-7.800332	7.672480	4.707106	-4.279362	8.473650
1420	1	5.616973	-4.246029	-3.849973	6.930636	-8.325899
1424	1	-6.588590	4.609573	5.982308	0.244080	-4.333924
1426	1	-6.534626	5.685689	7.352541	-9.253250	8.303072
1434	1	-4.836626	6.919516	8.602544	-4.986666	7.981026
1440	1	-7.741759	7.387927	7.324745	-2.105860	-2.976987
1450	1	5.591785	-4.705471	6.161815	-6.753131	7.090970
1455	1	5.936147	-2.950655	-6.975474	6.255546	-8.967858
1456	1	-5.352436	6.482282	6.723905	-6.987155	4.645579
1467	1	6.499382	-6.214010	-4.155358	8.796188	0.029006
1474	1	-2.213811	7.246597	2.007698	4.849304	-4.155206
1481	1	-1.811063	5.724360	5.585871	-8.815755	6.819288
1489	1	7.734659	0.461868	-2.773057	6.420240	-5.326721
1490	1	7.173355	-2.559990	0.663210	8.353467	-10.686886
1492	1	-8.056074	7.319821	5.756972	-2.558082	8.975784
1523	1	-5.413851	6.638237	8.069717	-4.851577	8.818134
1529	1	6.986674	-2.315786	-4.858009	8.135885	-0.093338
1532	1	-6.955463	5.173727	6.557977	-7.914351	7.180867
1543	1	6.467815	-2.529677	-4.680151	4.815535	-4.642397
1545	1	6.977617	-2.617514	-3.909422	7.175419	-4.410848
1546	1	7.570196	-2.480881	-7.560627	8.042228	-5.435525
1549	1	7.609349	-3.002855	-1.489806	6.530300	-7.040437
1556	1	1.569096	6.366743	3.967925	6.602452	-5.526838
1557	1	5.222816	-2.075762	-9.174283	6.592668	-4.594479
1559	1	8.210441	-2.762583	7.309181	-4.428627	8.184220
1565	1	-1.641767	6.847922	8.809347	-5.725574	7.960313
1572	1	9.180206	-7.375131	-5.791733	6.723719	-5.453071
1581	1	5.573994	5.493512	-0.408763	8.129255	-7.059268
1584	1	-4.286370	5.491203	8.333465	-4.919000	9.311748
1589	1	8.954290	-8.970905	-3.971403	9.416299	-8.800128
1592	1	7.965306	1.408617	-4.185030	8.736723	-3.742035
1593	1	-2.917377	6.898569	5.914402	-9.535948	6.479555
1601	1	-3.362228	6.865661	5.930563	-3.793435	8.078802
1605	1	6.054798	-2.891946	-2.198890	9.532023	-3.276103
1613	1	8.373860	-4.921755	-4.211739	8.415039	-5.463579
1616	1	7.723762	-3.679919	-0.910718	5.765242	-6.289230
1622	1	4.580000	3.234612	4.687034	6.009145	-2.590951
1623	1	-1.867056	5.725493	-2.308320	7.206832	-7.811869
1626	1	7.716342	-5.238171	-3.126602	8.313948	-6.946048
1631	1	7.096268	-6.653365	1.143822	6.915300	-6.462398
1634	1	-4.096282	8.113673	8.386205	-7.374345	7.650822
1646	1	9.017304	-5.770965	-1.974250	-0.816150	8.549611
1647	1	6.294228	-9.088189	-5.885685	7.280676	-8.964336
1648	1	-8.065246	9.676649	6.989433	-1.866633	-4.508855
1654	1	7.580644	-1.970220	2.948282	8.278965	-8.169285
1663	1	-3.738506	6.237832	6.787788	-0.324898	7.281085
1668	1	1.860438	7.729431	-5.737538	7.850700	-4.807185
1669	1	6.617666	-1.508720	-1.053884	8.852273	-5.421067
1673	1	1.937385	-5.382148	5.724307	-5.895215	8.605488
1684	1	-4.495730	7.214336	6.198710	-5.054817	8.940033
1697	1	-4.352968	-2.055327	6.053604	-8.562202	6.041336
1711	1	7.312003	3.672788	-4.647170	7.447416	-4.987500
1714	1	5.210137	-4.010005	-3.243927	6.837366	-2.447126
1724	1	7.405637	-2.808292	-7.525503	7.629536	-6.405491
1746	1	7.517894	-2.736502	-3.486536	6.521058	-5.641365
1755	1	-0.699069	7.062751	7.867495	-6.523782	6.232234
1758	1	-4.204535	6.563046	7.903528	1.574946	6.394069
1769	1	6.576529	-3.901967	-4.568611	8.328660	-3.263287
1771	1	9.472219	-0.396482	-4.531943	6.368294	-4.663912
1775	1	6.966568	-2.610271	-4.277524	6.532213	-3.912695
1777	1	5.693781	-2.804198	-5.935055	7.276390	-6.296348
1783	1	4.031024	-0.515242	3.786704	-3.017916	7.308335
1805	1	6.705962	-6.318803	-2.037648	5.935376	5.329666
1814	1	-4.875556	2.460861	6.553960	-4.324880	7.677261
1829	1	8.538798	-7.469050	-3.608234	-8.112059	6.108262
1832	1	5.205207	-3.496515	-6.190907	7.302578	-6.393449
1833	1	7.942815	-3.806248	-5.651048	5.550242	-2.612833
1835	1	6.314309	-5.068333	-6.154597	5.155066	-7.851958
1845	1	-5.480756	6.392516	6.737572	-5.942431	9.355196
1854	1	6.978460	2.926655	-3.448897	9.255944	-8.819284
1887	1	2.661112	7.356706	6.962277	-3.647030	-1.669263
1890	1	6.482613	-7.112673	-7.865863	9.101946	-5.173750
1897	1	-0.370646	4.452456	-0.497716	6.601980	-7.409376
1901	1	-1.015266	4.796935	6.818449	-8.761915	6.827983
1906	1	8.872448	-3.658916	-3.369408	6.821791	-5.663621
1913	1	-6.849336	6.773039	7.141247	-3.318540	6.598635
1922	1	-9.339442	6.662795	7.089461	-1.829972	9.246705
1930	1	-2.893924	6.256281	5.127351	-4.555235	8.798690
1932	1	-0.421223	-2.972285	8.420750	-8.688072	6.654653
1933	1	8.217896	-5.371637	-3.774696	7.653747	-2.643401
1935	1	9.263865	-5.610612	-6.956306	8.672710	-4.230899
1939	1	-3.179437	6.951220	7.553912	-3.493371	-1.793283
1941	1	7.117383	-2.140554	-7.006903	6.225108	-6.530316
1953	1	-5.602231	8.996705	8.422986	-2.983469	8.303468
1955	1	0.034019	1.297692	-2.919245	7.826942	-9.664617
1967	1	-4.313682	-4.174169	8.345603	-3.502174	7.604274
1978	1	5.898061	0.479216	-6.916580	6.121715	-7.343110
1989	1	4.303943	-7.570216	7.243852	-6.870052	5.132542
1995	1	7.191812	-6.274164	-2.382817	8.644137	-4.901561
2012	1	5.827410	-3.140541	-3.519418	4.756426	-8.113883
2014	1	-3.569363	6.864981	-3.830229	8.150157	-5.187233
2015	1	8.051418	-3.318126	-5.352348	8.024825	-2.750710
2021	1	6.873454	6.796981	-5.149760	5.824937	-1.244096
2023	1	7.041373	-3.550874	-2.265178	-5.816745	8.628459
2024	1	1.627712	7.132117	-1.017672	7.630275	-7.702521
2028	1	7.780300	0.082534	-1.330508	5.774382	-5.137430
2035	1	-6.682044	6.841085	8.388020	-8.117976	6.470790
2045	1	-5.102411	7.056833	7.289248	-7.446774	7.905064
2046	1	7.315589	-6.101488	-4.823900	6.942634	-1.485775
2050	1	9.403010	-6.509298	-4.647283	6.376471	-0.973972
2067	1	8.810450	-2.785508	-0.119679	7.749615	-7.944707
2073	1	7.192378	-0.598534	-2.056260	7.075565	-9.287661
2083	1	8.909768	-5.709727	-2.389796	7.707885	-9.492014
2087	1	6.650895	-3.961260	-4.977184	6.503452	-7.040682
2101	1	-3.686744	8.453323	8.094914	-9.099971	6.818726
2102	1	6.307578	-4.254238	-4.339199	8.595093	-3.474994
2107	1	6.518990	-5.305737	-1.664230	-3.443121	7.498165
2110	1	5.917141	-4.354240	-3.646945	6.985599	-6.646138
2112	1	-7.740068	7.865538	7.434111	-8.900717	6.453520
2120	1	6.952805	-4.254910	-3.834862	6.132458	-7.506931
2121	1	6.636189	-3.177393	-3.382231	6.935162	-7.384937
2122	1	-2.479641	6.170146	7.546711	-6.653008	6.690900
2128	1	3.322363	-2.575547	-5.110758	6.658610	-5.874634
2130	1	7.522321	0.670846	-4.428426	6.407543	-6.513294
2131	1	2.196668	6.062222	6.201826	-3.235153	7.539630
2139	1	8.591033	-2.628871	2.999774	7.114319	-4.972358
2140	1	7.248173	-2.052672	-6.508763	6.144769	-2.702901
2144	1	7.641508	-5.012024	-3.622588	7.016894	-1.375665
2149	1	7.803873	-4.031904	-1.824327	6.510075	-8.300050
2150	1	-6.293357	7.121793	6.602689	-2.780819	7.718472
2152	1	7.502286	-4.657792	-1.980821	6.138254	-1.545400
2157	1	-7.659394	-2.257367	6.525192	-6.815012	5.299592
2178	1	-5.200190	7.119628	6.211373	-6.117152	6.877110
2179	1	-2.152147	7.551129	7.792156	-7.794800	7.142006
2180	1	6.533501	-4.423263	-4.971932	7.823650	-5.691562
2189	1	-1.821107	6.503296	-9.013983	6.625903	-2.620851
2194	1	2.711048	5.103132	-2.721601	8.730437	-6.774444
2206	1	6.641141	-3.124013	-6.048289	8.960738	-7.937245
2207	1	7.604576	-6.253705	0.586138	7.185233	-6.554009
2240	1	6.170296	-5.125663	-3.349393	6.625556	-4.079525
2245	1	-4.912727	6.465128	7.037257	-5.137165	8.665898
2253	1	-2.918559	-1.889410	-1.735209	-4.755781	4.975016
2254	1	8.452717	-7.297906	-7.197909	8.789839	-5.462445
2265	1	7.948315	-3.478656	-1.676126	9.286048	-2.164006
2285	1	4.577165	-5.714782	-6.790427	7.150295	-0.953688
2288	1	-6.322090	5.187622	7.273543	-8.029095	6.126576
2291	1	-4.110441	7.108665	7.852486	-9.420871	6.697215
2298	1	6.769677	-6.220209	-6.810866	6.740023	-10.250219
2299	1	7.235653	6.823090	-2.545937	6.554850	-0.775594
2313	1	9.169985	-6.064086	-3.309796	6.934584	-7.938799
2317	1	-4.578654	5.674970	5.758932	-2.133008	9.796187
2326	1	6.778718	-0.675158	-6.267026	8.487971	-4.818499
2330	1	8.811960	-2.486153	-4.580091	6.886495	-4.122820
2331	1	-3.101732	-2.834775	5.484237	-4.157815	8.792678
2339	1	5.967406	-6.436314	-8.712960	5.929153	-6.108039
2348	1	-4.611309	6.981935	8.602809	0.770069	6.695854
2354	1	-2.698598	9.225039	6.053690	3.641990	-3.895368
2356	1	6.098691	-2.970402	-0.056412	7.921644	-6.204610
2368	1	6.140320	3.124340	-3.003111	8.858618	-5.942895
2371	1	6.295026	-2.097172	-4.958319	9.001824	-3.841305
2386	1	9.041762	-1.566507	-6.522880	8.173521	-4.142637
2389	1	-1.864867	8.405743	9.717479	-3.915831	6.959743
2394	1	-5.331028	-3.434002	6.980351	-3.812417	7.295622
2403	1	-7.001872	5.306506	5.644900	-6.398879	6.336682
2416	1	6.726302	-4.969256	-6.506121	6.205108	-7.625668
2423	1	8.818884	-6.670881	-0.543267	-2.587180	6.667420
2427	1	-5.700005	9.550250	6.461424	-4.394853	8.263462
2434	1	6.224515	-3.319996	-7.393785	7.852665	-2.271858
2435	1	-5.551601	6.638155	7.452811	-5.805657	8.547565
2440	1	5.851163	-5.023950	-3.150186	6.341740	-10.951453
2449	1	-4.039775	6.394435	-6.050470	7.663670	-7.046258
2463	1	7.752100	-3.964978	-1.000888	-7.378487	7.834124
2469	1	-5.923923	4.849401	9.134442	-5.491558	7.959768
2471	1	6.476860	0.758208	-4.491637	7.651078	-9.097167
2485	1	-3.738368	8.341814	7.203282	-6.980573	6.933756
2487	1	4.311224	6.449817	-3.820725	6.876743	3.192436
2497	1	-1.659529	-0.475066	4.720709	5.192056	-5.559827
2499	1	6.382184	-4.603811	-5.313746	6.596706	-6.761591
2516	1	-0.867119	7.281477	9.495638	-4.948523	6.328105
2517	1	5.751419	5.872935	-4.590722	6.394404	-5.980914
2521	1	-5.181516	5.966929	9.081657	-2.172827	-3.227955
2523	1	-7.567399	5.580403	4.557016	-2.890366	6.991317
2525	1	6.761183	5.318637	-2.825116	6.995138	-3.721879
2530	1	5.566969	-5.031224	-3.221919	9.078202	-6.052485
2535	1	-2.828587	6.708199	8.939636	-4.614633	8.092195
2539	1	5.679454	-7.304170	-3.205994	7.041158	-6.943363
2549	1	8.085483	-0.115259	-1.655951	6.645607	-4.503358
2553	1	-4.216029	5.136476	7.310480	-1.337635	8.321330
2574	1	0.648398	5.969549	8.168148	-2.988565	8.437761
2580	1	8.087795	-4.839441	-2.526442	6.785419	-7.565133
2596	1	8.464093	-7.102856	-3.112690	5.566715	-4.351562
2597	1	7.489959	-3.978957	-3.413431	3.150362	5.675725
2601	1	8.634468	-5.887320	-7.322511	9.234735	-6.265025
2605	1	-3.837873	7.303952	4.214468	6.603915	-7.963980
2611	1	6.140030	-5.588684	-2.698702	9.441057	-4.201561
2615	1	-3.723346	6.503614	-1.766045	7.993127	-5.423635
2618	1	7.903289	-5.658872	-3.161890	2.247523	6.700921
2627	1	6.138353	-4.853432	-4.536921	7.103506	-7.855405
2629	1	-2.158077	9.207307	-2.411605	7.237400	-4.662532
2636	1	-1.063267	5.771734	6.427795	-6.999040	6.147282
2637	1	6.651518	-1.352644	-5.340988	6.139598	-6.724288
2639	1	6.012343	-4.359584	-3.395208	6.054949	-3.802809
2646	1	1.776289	5.419360	-6.182568	8.522676	-8.161028
2647	1	-1.985091	8.059826	-2.574442	5.413430	-4.935888
2655	1	6.777061	3.681544	-3.101040	7.992067	-7.562762
2668	1	-6.584741	6.304837	6.713344	-7.861232	7.975777
2671	1	7.197872	-2.616201	-4.858119	8.532205	-1.983529
2673	1	7.693901	-6.836655	-2.734387	7.994164	-2.098012
2692	1	9.655680	-3.728224	-3.949743	8.542360	-6.139312
2699	1	-1.972357	5.789477	7.963449	-5.345956	7.169612
2702	1	5.044052	6.928634	7.803649	-3.315417	7.847015
2714	1	-3.094040	-2.003462	6.726131	-3.816919	5.634843
2720	1	-2.481282	7.881033	5.581814	-6.413107	5.894621
2732	1	-3.348716	6.984694	6.914726	-3.641361	8.715670
2740	1	7.147800	3.291588	2.566943	7.280618	-4.482546
2745	1	-0.429522	6.098078	7.720185	-6.214834	6.978555
2747	1	-1.720656	6.725834	-11.395299	7.455836	-5.454673
2748	1	-9.978700	6.901953	3.166538	-0.917174	7.882102
2753	1	-4.836042	3.596417	8.903472	-6.295406	7.311013
2754	1	4.818029	-0.819139	2.796571	7.023714	-7.204474
2755	1	-2.795550	6.908082	3.331491	7.770490	-6.743628
2765	1	7.513375	0.625055	-4.966964	8.478190	-6.767854
2766	1	7.835347	-4.060956	-4.825067	7.364108	-8.318707
2767	1	-9.010814	5.280672	6.732268	-4.514318	6.525834
2768	1	-7.058683	7.872155	6.903310	-7.655608	7.198552
2770	1	7.385650	-2.666376	0.609947	7.842539	-6.530402
2784	1	7.439022	2.687459	-5.316941	5.952392	-8.160115
2786	1	-5.465735	6.039121	6.361308	-8.535811	6.111653
2788	1	-2.584822	7.596525	7.821395	-2.748548	8.287473
2789	1	-4.937999	5.802809	7.977245	-3.998949	7.634624
2799	1	7.110135	-3.998946	-3.083621	7.816679	-8.783529
2800	1	-4.646583	5.411736	8.980153	-9.466358	6.470248
2801	1	6.259495	-1.400780	-0.495215	7.872700	-9.523429
2803	1	5.185293	-3.180688	-10.388224	7.699795	-5.039558
2805	1	-1.191150	7.081978	8.317458	-6.926723	7.073897
2807	1	7.210884	-5.974586	-0.702060	-3.012411	5.892241
2812	1	-4.507799	6.766396	7.766028	-4.858979	8.115565
2825	1	7.411105	-5.181631	-4.856496	8.213246	-2.304611
2826	1	-3.530235	5.873863	8.197682	-10.337878	8.271476
2828	1	6.674330	0.608959	-4.542509	6.010177	4.843711
2837	1	-1.235181	6.286251	-5.195398	-4.917342	8.710031
2842	1	6.210452	-2.518517	-3.031812	6.913229	-4.631330
2843	1	8.392651	-2.838500	1.350760	7.153423	-3.010116
2851	1	-3.022015	5.840511	-2.001126	6.393085	-7.438299
2853	1	-5.869741	5.507101	6.074705	-7.356329	6.481847
2858	1	4.528775	-3.066218	-3.111760	6.441851	-2.988047
2882	1	7.004871	2.429248	-5.599065	5.348220	-3.558595
2891	1	-4.005168	7.668516	8.296787	-4.283859	8.574663
2901	1	5.697634	-6.861712	-4.365409	7.266410	-4.447888
2906	1	-7.797830	3.516271	6.296193	-10.474433	2.586582
2907	1	-3.166550	6.221208	8.669198	-2.769402	6.190525
2924	1	-4.244198	8.124018	4.601152	-2.137647	7.112436
2929	1	-2.909259	6.230278	8.225134	-1.223258	6.828337
2935	1	7.152494	-7.049385	-3.643166	7.229208	-6.585236
2936	1	-3.511940	6.339710	7.381004	-4.463516	8.242525
2941	1	4.775797	-5.029898	3.757585	-0.965863	1.946816
2950	1	6.659191	-5.745286	-6.654004	6.522968	-4.044688
2951	1	6.275170	-2.770716	-4.794735	9.389468	-3.695743
2955	1	8.101614	-5.938030	-2.044028	9.339235	-3.836338
2972	1	9.301597	-2.519856	-3.465791	6.116312	-7.942121
2986	1	6.427966	-1.895372	-5.672807	7.882690	-3.456314
2987	1	-1.491073	6.193174	9.498858	-5.187482	5.765997
2990	1	-6.414717	6.527896	2.435075	5.859718	1.572685
3004	1	8.391561	-3.281496	-0.686389	6.542901	-9.319887
3019	1	5.949668	-4.388144	-5.389663	6.284493	-6.084867
3028	1	6.538797	4.278721	-5.437244	8.242970	-6.860331
3045	1	-4.828314	6.086633	6.798574	-10.263972	6.593348
3054	1	-2.446645	7.432219	5.546459	-1.946637	8.643671
3062	1	6.136266	5.607678	-5.930387	9.468779	-4.284927
3063	1	7.823502	-7.248559	-2.698030	7.491231	-4.027726
3067	1	5.798184	-2.799721	4.297726	-2.538356	7.655140
3072	1	6.457747	1.476437	2.598186	-5.268968	6.187920
3075	1	-4.724891	9.025316	7.149842	-3.865580	6.912984
3088	1	-6.119360	4.922932	7.604779	-5.339011	8.093162
3089	1	8.455494	-2.279050	-2.263777	6.886639	-6.684710
3090	1	5.693396	-3.905569	-5.108907	9.880545	-2.300982
3093	1	8.633826	-3.802300	-6.008616	6.685668	-5.690778
3097	1	7.075725	-5.742404	0.015297	6.186233	-6.565615
3098	1	7.082100	-2.699047	3.761902	-8.186321	9.132516
3100	1	6.290338	-5.280927	-4.791438	-3.197196	-1.421018
3105	1	7.420356	0.184211	-4.703196	9.211883	-4.517596
3114	1	7.781636	-5.824303	2.455270	8.124218	-7.887280
3132	1	-5.409025	2.121665	7.009808	-5.460129	5.984410
3143	1	-5.536393	5.576556	6.451874	-4.963994	5.753156
3148	1	-4.429067	8.566534	6.573364	-5.072187	9.696445
3161	1	-2.429173	-1.044090	6.766239	-4.368108	7.713480
3173	1	5.896585	7.181007	-4.378260	9.363522	-3.217295
3175	1	-2.789395	8.225164	7.316479	-2.096929	7.324251
3182	1	5.305471	-3.905649	-5.232389	5.898738	-5.538222
3184	1	-1.322175	6.900263	5.564904	-3.338784	8.704573
3193	1	7.200782	-4.075599	-5.336161	7.591598	-5.223323
3227	1	5.533485	-1.991082	2.886498	5.498075	-7.253954
3228	1	-0.888291	6.629813	-4.742922	9.664078	-4.452108
3237	1	6.310567	-1.342579	-4.363805	5.912034	-5.503610
3244	1	6.983593	-4.204805	-3.625014	7.916539	-12.705983
3245	1	-3.331445	6.886636	8.184398	-4.364725	8.074661
3249	1	-0.320259	-1.128695	4.299345	-4.231669	6.346179
3253	1	-4.148128	7.517092	8.799679	-4.903487	8.118091
3254	1	6.075935	-4.468269	-5.073064	7.915851	-5.300704
3255	1	3.487023	2.254080	-4.441095	6.772732	-6.417760
3264	1	4.124178	-2.574317	-4.867804	7.678460	-1.891241
3278	1	-3.711401	6.719394	8.783382	-4.833911	8.353425
3295	1	-5.429161	6.319914	9.642622	-3.644411	-0.873626
3296	1	0.577913	6.595500	7.470572	-5.819630	9.422407
3307	1	-2.691905	7.498906	8.166375	-1.963467	6.645003
3315	1	9.039921	-6.223508	-3.816194	8.027438	-7.243688
3328	1	7.039294	3.096206	0.522743	7.996408	-0.278512
3345	1	-6.835701	7.051362	7.426896	-8.742530	6.684222
3346	1	7.142747	-6.336888	-4.060206	5.045017	-6.076954
3353	1	5.757213	-2.511324	-1.440275	5.767705	-4.517594
3359	1	8.616585	-2.141479	-4.106460	9.042130	-6.198821
3366	1	6.719122	-4.050420	-6.742268	4.844191	-6.651691
3369	1	1.463260	-2.469717	5.986457	-0.684247	7.019558
3382	1	6.280698	-7.336774	-3.398161	6.849427	-5.907790
3413	1	5.365316	-4.806900	-5.859782	7.553456	-4.641681
3425	1	6.541908	-5.063357	-3.278557	6.584558	-5.081442
3429	1	-2.658690	-2.634113	-5.226181	6.867098	-2.090700
3432	1	6.870184	-10.301823	0.921949	5.785089	2.802894
3435	1	6.992074	-4.516281	-4.676970	6.507974	-3.390312
3437	1	-4.980834	6.108256	6.761582	-1.314208	9.024077
3440	1	-2.150230	6.121704	-3.993822	7.303055	-6.831847
3443	1	-1.447649	6.989573	8.885737	-3.824862	9.483215
3457	1	-3.742094	7.566680	5.943653	-4.811019	8.355708
3463	1	8.573937	-6.963813	-2.151757	7.603151	-4.577756
3472	1	4.830179	-6.127226	-3.579604	7.667310	-8.355827
3474	1	-3.829253	6.475296	6.735334	-3.348294	9.346217
3477	1	7.679545	-4.404499	-5.244675	7.241172	-8.393135
3483	1	7.223878	-1.947436	-5.877621	5.303390	-12.814779
3486	1	6.027964	4.746348	-3.359453	-4.018509	7.496452
3489	1	6.562755	-2.832289	-5.981838	9.484300	-1.847751
3490	1	4.264222	4.857031	-4.225405	7.886328	-11.655315
3495	1	-4.284971	6.743794	9.339661	-6.082559	6.974290
3499	1	6.469331	-6.095815	-3.780654	8.496644	-6.039034
3503	1	7.540656	-6.928895	-1.107961	7.143543	-5.891133
3504	1	-7.963824	6.476143	6.202551	-7.245946	8.532269
3519	1	-3.378790	-2.558471	5.336589	-7.950387	6.836471
3531	1	9.371149	-6.303880	-4.132348	7.460297	-8.615974
3537	1	-1.735936	7.437958	5.106005	6.498887	-4.141375
3540	1	-6.230378	7.600625	6.511237	-9.077177	7.773944
3554	1	5.649973	-7.473670	-3.381350	5.612809	-8.066518
3556	1	6.460350	-4.074519	-5.416148	6.222248	-5.493258
3558	1	6.545308	-7.891353	-1.664958	-2.388715	8.174562
3559	1	7.387642	-4.101282	-2.746683	8.290578	-6.846186
3575	1	-3.930984	8.145088	5.636689	-0.199665	6.270457
3588	1	6.345141	-6.740754	-0.362807	5.285960	-6.062674
3592	1	7.500291	-3.139842	-3.970239	8.873049	-3.103180
3594	1	6.675997	-3.848344	-4.055737	8.672113	-5.865388
3596	1	-2.487696	8.098030	6.194993	-1.710698	8.326980
3602	1	-3.219557	6.530066	7.642300	-3.242984	6.305267
3607	1	3.985115	-4.914121	-0.340169	6.224449	-6.040588
3608	1	4.059531	-2.145542	-2.153025	4.840010	-2.836099
3610	1	7.605821	-5.173662	-4.120471	8.348518	-6.199924
3612	1	-2.037456	7.066457	6.522469	-8.570195	6.515563
3617	1	7.210355	-0.787078	3.883474	-6.606254	6.102978
3631	1	6.753599	-2.380849	-3.239092	4.828285	-0.983497
3648	1	-6.120790	4.434749	6.763523	-8.769443	6.592695
3649	1	-3.728155	7.757488	7.542190	-7.150782	6.947789
3650	1	6.020695	6.926448	-5.030835	6.555799	-7.730661
3657	1	-3.056697	7.151681	5.387991	-11.080511	8.716137
3658	1	6.969155	-3.456690	-0.897854	-7.254658	8.064360
3674	1	5.241443	-3.942139	-5.765461	6.718603	-10.883241
3681	1	-3.148134	6.872827	3.285444	9.214680	-6.817957
3682	1	5.233961	-2.661141	-0.199795	5.916947	-6.057682
3685	1	7.946244	-7.372047	-3.540932	5.944684	-7.657698
3689	1	-3.913379	-2.757745	6.636111	-6.706011	8.774387
3691	1	6.916647	-5.379537	-2.544710	9.016847	-2.191669
3695	1	5.420238	-3.839501	-2.953897	5.132418	-6.814935
3699	1	-6.366324	7.912535	7.105122	6.016675	-2.957445
3704	1	-4.360858	6.421188	7.527730	-5.257909	6.312847
3720	1	2.996392	-5.053746	6.545481	-11.552909	8.812313
3725	1	-3.968341	4.751341	-4.363573	7.723486	-3.566229
3733	1	6.199102	5.178109	-3.489039	8.798902	-9.974935
3737	1	-2.457714	4.001095	7.818587	-2.221957	7.135890
3739	1	7.129421	-5.524836	-4.603312	7.826095	-3.987619
3743	1	6.260484	-5.180191	-6.702761	6.198430	4.028758
3751	1	-5.089708	6.411317	7.542496	-3.812611	7.004876
3754	1	6.340469	-4.398668	-5.681614	8.485686	-5.557751
3767	1	-2.316383	-1.230482	6.817443	-7.395199	7.552684
3786	1	6.244650	2.615632	-1.519899	7.328829	2.745689
3813	1	7.321306	-4.636332	-0.912611	-3.711596	7.163217
3833	1	-0.116739	6.909545	-6.898555	7.106724	-8.238824
3834	1	-5.043097	6.823657	4.720026	-2.593321	6.841827
3847	1	-2.201306	1.113877	-5.920490	7.760895	-5.981267
3880	1	-7.491544	6.920020	6.573471	-2.117936	8.392672
3884	1	-4.698706	6.656907	6.009923	-1.134248	8.585702
3885	1	-5.749097	-2.717333	6.194416	-4.202806	5.757810
3892	1	-4.221298	6.142271	6.142429	-5.888581	6.580757
3894	1	7.513465	-3.015959	-0.550306	7.608700	-7.733371
3904	1	8.079136	-6.232247	-5.118618	7.458905	2.592975
3917	1	-2.219461	-1.302525	6.858449	-4.476904	7.195605
3918	1	-3.187680	7.534629	5.710038	3.607011	-7.602084
3920	1	6.728995	-7.289104	-5.830030	7.781454	-4.757440
3921	1	7.915842	1.074774	-2.892911	6.761232	-7.792051
3923	1	-1.423023	5.633706	7.556554	-1.469830	7.956711
3924	1	-5.724971	9.595109	6.526185	-8.344798	6.343449
3926	1	-3.418969	-3.240130	6.527245	-4.900222	9.435479
3930	1	-5.313867	8.417248	8.786848	-2.146291	8.665568
3933	1	8.641469	-3.388939	-4.088530	6.655269	-9.565497
3936	1	0.386709	5.749721	5.876232	-4.021484	6.468641
3937	1	-4.378174	8.039469	9.481474	-6.563776	5.897970
3944	1	5.541140	-6.173289	4.811934	-4.980096	5.384838
3948	1	-5.983722	4.876398	7.323479	-1.502674	-4.899757
3977	1	5.778574	-4.198651	-5.583609	7.701079	-6.278107
3984	1	-0.032424	6.204335	5.608198	6.431309	-7.389178
3997	1	-0.298539	7.025221	4.648536	-6.669798	6.712319
4001	1	4.292673	-3.493809	-5.971542	6.577454	-6.972074
4008	1	-2.502783	8.117338	-1.260261	4.357495	-9.436343
4019	1	-3.582797	0.416510	6.055572	-0.050488	7.215798
4020	1	7.374498	-2.591221	-5.371505	9.363985	-3.342574
4033	1	-9.493594	8.801861	6.698908	-4.049919	7.078144
4059	1	-4.735026	6.350318	6.691799	-2.198185	8.138804
4061	1	3.580719	3.596107	-2.673442	7.423457	-7.170932
4064	1	-3.233384	6.896175	4.894097	0.704577	7.901063
4083	1	6.487876	-8.931512	-1.273534	5.805937	4.694454
4090	1	6.833455	-5.886525	-4.261395	7.922740	-6.868797
4107	1	-5.635168	6.579937	9.513163	-10.066150	7.016204
4109	1	-2.553626	6.563659	-5.578748	6.431430	-6.730649
4120	1	7.027737	-4.563918	-2.856392	8.483915	-2.493434
4125	1	6.384930	-2.660349	-3.855155	8.217638	-6.991142
4127	1	8.463487	-0.084762	-6.898392	8.647227	-2.516127
4128	1	-4.947907	3.825604	7.726464	-1.475324	8.237936
4131	1	7.542632	-8.177972	3.989143	-6.291381	8.706492
4136	1	7.601431	-5.004589	-9.574002	7.647470	-3.339806
4145	1	6.357631	-6.026265	-2.721867	7.297105	-6.403151
4151	1	-5.859161	3.307461	6.262256	-5.438796	7.562197
4172	1	5.971506	-5.777862	-5.018354	8.572587	-6.470646
4174	1	-5.464857	5.737627	8.317237	-7.186545	5.275995
4177	1	5.518763	-0.275205	-5.175510	7.765759	-4.863818
4188	1	3.818331	-2.933368	-6.470177	5.494150	-4.295979
4194	1	-8.947305	6.389749	6.601243	-2.643056	7.209921
4220	1	-0.898473	7.446872	6.815963	-6.712700	7.219040
4236	1	-5.860694	-4.768118	7.795578	-6.191402	6.550821
4238	1	-6.428442	6.040724	6.877205	-3.874335	8.139293
4248	1	-1.209533	6.797654	-6.251779	6.856948	-6.982912
4255	1	8.933017	-4.888615	-6.696891	7.384214	-10.441161
4256	1	6.747703	-3.927304	2.296856	8.697348	-4.198468
4258	1	-5.764206	6.930342	6.723331	-6.609151	9.126082
4268	1	-4.643532	4.400956	7.332842	-7.183150	7.476032
4271	1	-6.449830	6.240892	7.044160	-2.553195	7.575412
4285	1	7.411683	-1.528891	-5.567482	5.963072	-5.042434
4298	1	-4.518044	8.433554	8.047298	-0.649481	3.297211
4301	1	-2.499765	2.761225	6.875250	-8.770334	8.115779
4304	1	7.412235	1.860204	-1.333676	5.647845	-7.243435
4311	1	3.756003	-4.473338	-3.681661	6.753259	2.525655
4321	1	-6.576694	-0.571660	7.878832	-5.321442	6.945152
4326	1	5.964860	-2.332245	-10.134810	9.022249	-2.998190
4335	1	-1.787843	7.482811	7.153888	3.318730	-4.184398
4339	1	-4.908255	6.173225	6.029781	-6.543909	9.150838
4343	1	-0.641858	6.683340	-0.622933	8.196813	-5.097525
4356	1	-1.649492	8.066396	8.288480	-6.064235	7.300400
4362	1	3.604055	7.082643	-1.296092	6.893700	-6.246918
4366	1	8.011597	-2.132649	-5.085387	6.657867	-6.734452
4367	1	5.752326	-3.160834	8.110651	-5.591532	6.990305
4374	1	6.655711	-6.647674	-3.632053	6.462560	-6.079976
4388	1	-1.810104	5.482421	6.596087	-4.262720	7.421675
4419	1	-6.643576	8.265151	7.129045	-4.340771	7.698388
4430	1	6.790253	-6.191804	-4.925803	8.226620	-8.026327
4442	1	5.885134	-3.091684	5.757595	-5.168808	7.569821
4447	1	5.274301	-3.153183	-4.506099	6.459190	-7.482852
4448	1	-4.881556	7.483062	4.712570	8.540469	-3.927325
4454	1	6.511460	-4.851217	-2.425982	-6.198077	5.869523
4461	1	-5.631844	6.257637	7.460323	2.050529	6.216299
4465	1	6.323499	-1.907530	-5.878383	8.892622	-8.256406
4474	1	8.195327	-3.295258	-5.215479	7.298145	-6.849523
4479	1	8.003173	-1.077152	-5.682986	6.087910	-5.109071
4487	1	-2.683038	7.157243	7.310454	-2.536534	5.496352
4499	1	-3.331174	8.874492	6.388290	-3.842998	6.469037
4517	1	5.072157	-4.395651	6.815984	-7.587328	6.799109
4518	1	6.896219	-4.181244	0.344736	6.895196	-5.806131
4523	1	-5.986391	7.880576	6.415720	-6.859703	6.379439
4525	1	6.980238	-6.126380	-4.259413	7.174745	-4.762704
4537	1	7.246076	-4.344623	-5.256383	7.652999	-8.088142
4541	1	-7.946781	6.170105	5.730781	-6.744879	6.284723
4549	1	-1.596132	7.352181	7.892844	-7.208880	7.125848
4552	1	0.619672	4.207761	7.256512	-8.865042	8.319725
4553	1	8.257104	-4.215026	-5.439626	7.051510	-4.857599
4559	1	-7.024536	7.159029	7.103545	-5.541139	8.421937
4567	1	7.111489	5.118282	-7.777781	7.103561	-3.258377
4581	1	7.440364	-7.478949	-1.010574	6.800922	-6.726242
4590	1	7.088277	-6.681552	-5.623995	8.898443	-3.373544
4591	1	5.468216	-4.222989	4.803074	-6.409869	6.414873
4608	1	-7.955491	7.430104	6.425985	-5.359331	7.280722
4614	1	-2.758302	7.537767	7.015777	-5.976945	8.141271
4617	1	4.251272	-3.299707	-6.989597	8.316127	-7.756497
4640	1	-0.527104	5.906717	-4.984896	4.284377	-8.162889
4641	1	6.355404	-1.948402	-5.410063	6.834773	-4.858491
4647	1	0.280248	-1.577210	-4.826404	5.839557	-4.743060
4653	1	6.424571	-4.500137	-4.309526	8.505731	-5.243404
4654	1	-2.350045	1.996771	4.601945	5.040740	-3.522126
4662	1	6.719001	-5.929189	-1.668768	-8.892833	7.618654
4667	1	-4.042464	-0.299429	5.843441	-5.414335	6.952747
4691	1	-10.498010	5.073493	7.380388	-1.344588	-3.646211
4697	1	-6.443118	8.062159	6.379567	-7.659894	8.259369
4700	1	8.456099	-3.970818	-5.644066	6.457076	-7.207299
4703	1	8.458842	-2.491350	-2.672942	5.962481	-7.671844
4706	1	7.318866	-4.445117	-3.296071	9.264941	-5.109326
4712	1	5.935913	-3.411315	-5.114528	5.124249	3.983181
4727	1	2.419679	6.831254	9.421844	-8.538010	5.913149
4731	1	7.830196	-4.756291	1.738307	8.118377	-5.283563
4737	1	9.659228	-3.204440	-0.134963	7.718544	-5.316124
4752	1	6.837899	-6.759203	-6.172862	8.157149	-6.466398
4767	1	6.118923	-3.001533	-5.454263	6.535803	-3.489979
4768	1	-2.917061	5.360075	0.202930	5.594957	-4.407448
4769	1	-9.081721	7.336165	7.898166	-7.128688	6.323884
4776	1	6.960142	-3.976062	-0.290416	9.583023	-1.548715
4777	1	-6.095749	7.830457	7.879022	-5.692735	9.299344
4781	1	-3.507107	7.721634	6.694672	-8.462262	6.570916
4795	1	7.516434	-2.731192	-0.213856	-3.447413	6.719129
4796	1	-5.195852	6.644833	7.661525	-8.649242	6.917025
4798	1	-4.124029	7.727095	8.376500	-7.024773	7.804123
4801	1	9.698165	-4.977109	-1.203501	7.051692	-3.296669
4809	1	-0.388469	7.197521	6.472725	-8.130367	7.361792
4812	1	8.809647	-2.933017	-5.060129	8.496993	-2.834162
4814	1	-4.870801	7.005001	9.460158	-6.858011	8.210750
4815	1	5.214466	1.386439	-8.378371	7.281700	-4.465434
4822	1	6.915132	-4.904331	-4.479834	9.605580	-6.337933
4823	1	-2.619642	7.145521	-3.151220	6.253633	-7.099443
4825	1	6.480624	-4.552027	-5.101069	8.192900	-2.242204
4836	1	-3.071977	0.810710	9.093130	-0.011961	7.489500
4844	1	-3.354177	5.633003	9.061830	-6.947167	6.846906
4852	1	7.601980	-5.301843	-3.002948	8.165234	-8.683482
4874	1	-4.057498	6.165304	7.702808	-5.100270	6.951903
4890	1	-3.489588	6.368611	7.700717	-2.317262	8.850732
4894	1	4.462034	3.448607	-1.150156	9.187971	-6.170884
4895	1	-3.714310	8.250132	8.888746	-8.174189	8.794594
4897	1	-5.034280	5.194344	8.137576	-6.515999	7.286739
4899	1	4.477221	-1.307637	6.821449	-6.750470	3.740382
4903	1	-6.953011	7.578724	8.196732	-11.455039	6.932835
4918	1	5.692119	-1.399231	-2.348013	8.541051	-5.206734
4924	1	-8.775232	9.186575	8.134094	-1.906679	5.735512
4932	1	-5.012398	6.339187	9.063180	-1.895406	6.554188
4955	1	-1.426958	6.710297	7.830256	-5.561640	8.403789
4968	1	0.035450	8.893772	-1.549252	7.437223	-1.854091
4973	1	-4.830456	-2.538338	5.969184	-0.261766	-2.278698
4977	1	8.041220	-4.387240	-2.031209	6.584566	-3.115738
4978	1	6.725198	1.976014	-3.535712	8.327550	-4.744895
4981	1	6.202468	-0.996720	-1.434424	-6.232960	7.651864
4985	1	2.618303	3.287460	-4.287815	9.512505	-3.289449
4991	1	-2.865440	5.382226	8.505032	-6.074421	8.006334
4992	1	-3.209575	7.642061	6.310178	-2.973698	7.416215
4995	1	4.743813	4.361881	5.389400	-1.121811	7.956330
5006	1	7.883410	-3.869539	0.092088	2.936684	-0.208936
5011	1	7.758034	-1.742716	-1.332482	3.617622	0.058685
5018	1	5.607294	-4.743243	-1.572730	-2.582429	-2.698885
5024	1	0.069236	7.476345	-3.459062	8.025978	-3.135158
5031	1	2.137453	6.519070	7.724216	-6.284426	6.987590
5034	1	-3.808066	5.039569	2.877340	6.360430	-5.145458
5035	1	-4.894579	6.900869	8.539099	-5.824582	6.536421
5039	1	6.589022	-1.963198	-4.372204	9.658544	-4.180409
5041	1	-5.287233	9.178771	7.599145	-6.200712	9.482863
5045	1	-4.233578	5.666690	7.780904	-6.610377	8.961799
5057	1	5.724458	-4.118693	-2.831893	8.724976	-5.768455
5061	1	7.176559	-6.861540	-2.342602	7.035971	-8.090626
5062	1	-3.407809	7.675426	7.325843	-2.113038	7.556270
5063	1	6.854090	-2.230253	-4.193177	7.999733	-5.252118
5070	1	8.011120	-3.562478	1.659339	6.035326	-5.934788
5073	1	-5.180223	4.282599	9.817836	-5.262603	7.294392
5075	1	-2.467782	5.155907	5.717020	-8.991990	6.569133
5076	1	-4.745166	5.200491	4.452790	-3.246921	9.153804
5090	1	6.634480	-4.839009	-5.719459	6.215326	2.879872
5091	1	-6.121350	7.642657	7.941955	-7.768033	7.227205
5104	1	-1.471014	-0.398904	6.994404	-8.156302	6.573520
5118	1	-7.206722	-1.208664	8.480712	-4.175631	6.617192
5121	1	-0.647531	6.669139	4.090551	-6.319085	8.003082
5127	1	7.848924	-3.479035	-1.667965	-1.989876	5.518443
5148	1	6.626243	-2.736050	-2.659686	7.691258	-5.463729
5155	1	5.108344	7.593187	-5.051346	5.812742	-4.905682
5163	1	-2.886954	6.762080	-4.820089	4.585847	-2.407524
5172	1	0.031535	9.143577	-3.343573	-5.957236	7.717300
5177	1	0.194969	6.886108	7.110103	0.702470	8.446214
5179	1	0.009564	7.820390	-0.028040	7.354225	-6.779624
5181	1	-6.181879	6.512212	8.442392	-8.309353	3.985851
5192	1	8.078769	-2.315335	-6.456727	7.729875	-7.333891
5203	1	1.028910	6.675902	6.247981	-5.014748	6.147021
5205	1	6.549365	-4.896004	0.982006	4.628377	4.521922
5209	1	-3.986260	5.253416	7.999953	-7.440650	8.557635
5211	1	-7.708045	5.968880	6.453634	-1.321670	7.802328
5219	1	5.947968	-1.308120	7.767203	-8.633209	7.195418
5222	1	-1.096755	6.604479	5.828215	8.376952	-5.446222
5227	1	-3.613893	-0.188025	6.704121	-7.770736	5.566792
5229	1	-5.092036	9.543449	6.566941	-3.712495	8.361107
5232	1	-3.158800	4.958931	7.675022	4.079160	-7.992191
5240	1	-7.327700	8.703819	4.485165	2.585522	7.626169
5257	1	-3.629832	8.314570	7.022689	-6.777493	6.603611
5264	1	2.626474	4.060765	6.752396	-7.215387	8.037324
5280	1	6.722064	-3.248845	-3.317551	7.482980	-4.043300
5281	1	-4.147925	8.965669	6.248299	3.686558	7.667514
5284	1	6.472225	-7.778165	3.599096	-7.047946	7.054387
5285	1	6.911315	-0.153802	-1.287194	9.821138	-7.838916
5305	1	6.919542	-3.233223	-4.309089	6.847544	-6.548964
5322	1	7.168380	3.599326	-2.519508	7.585828	-4.076875
5355	1	1.020245	7.712080	8.827783	-5.316186	9.788718
5366	1	-3.110708	5.707765	4.319614	-1.662365	-5.268562
5374	1	-1.559912	8.154286	-7.437559	7.004140	-7.764179
5384	1	6.635085	-3.986780	-5.790790	6.138705	-4.000854
5386	1	-3.138461	6.828649	6.275051	-7.350973	7.421093
5416	1	-5.615600	6.228801	7.991482	-3.873828	9.621598
5421	1	0.694695	-0.933802	-5.490910	-10.031923	4.432897
5425	1	8.569192	-4.940106	-4.108996	7.908777	-2.875484
5445	1	-2.188984	6.177870	5.375158	-5.891614	5.978793
5446	1	-5.656395	-1.118752	8.958990	-3.623192	6.349060
5451	1	3.848567	4.074140	-1.926606	7.009649	-2.701710
5454	1	-5.496501	7.414346	5.887909	-9.180234	6.580744
5457	1	6.936080	-5.322534	-1.518451	8.983588	-8.967445
5458	1	-3.480120	8.298623	6.208274	-4.945868	8.969005
5460	1	3.211956	-3.980961	-2.719748	9.544223	-9.198600
5469	1	5.449465	1.282030	-2.653282	-7.720467	7.642722
5482	1	-2.211645	7.044644	6.051958	-2.245243	5.661167
5484	1	7.487744	-3.787678	-4.215457	8.582597	-4.789684
5494	1	8.769664	-2.278839	-6.535024	7.879066	-9.192765
5498	1	5.978759	-4.723726	-2.179891	6.278449	-10.480529
5504	1	7.684466	-2.222080	-3.657023	9.253002	-3.145731
5516	1	-1.526627	6.736356	4.377725	5.767450	1.301461
5528	1	-5.493015	-3.534076	7.337768	-6.111691	9.248229
5529	1	-4.346849	2.359874	5.660495	-5.917060	7.413292
5531	1	-2.526515	-2.969110	7.754200	-5.931789	7.464353
5532	1	3.291295	6.770774	-5.905665	6.167508	-9.942831
5538	1	-8.420523	7.646655	9.470572	-5.798201	8.807091
5542	1	4.323237	5.601946	4.078760	7.884898	-7.480094
5544	1	6.001238	-4.559318	-2.253781	6.533290	-2.384408
5546	1	6.608882	-3.598611	-5.226977	6.709291	-8.654749
5557	1	-5.659830	7.831803	5.669194	6.428770	-6.324790
5562	1	-8.665210	6.565280	6.387965	-9.523244	6.745813
5569	1	7.672871	-4.864915	-2.325330	6.681878	-5.299463
5574	1	8.672103	-3.375377	3.024013	-7.382621	9.312071
5583	1	7.066329	-4.896395	-6.410331	8.061870	-5.583762
5586	1	2.352030	6.809648	-5.450641	7.754040	-2.997281
5588	1	-4.777698	6.272806	8.497241	-5.538850	7.959334
5594	1	9.565378	1.289459	-3.286804	9.174243	-3.260756
5596	1	-2.796539	6.724953	-2.923826	8.747540	-3.881098
5598	1	7.505617	-1.337728	-7.440478	8.956152	-3.922665
5605	1	-5.551457	7.751811	7.001886	-5.530959	7.890610
5606	1	7.674121	-6.476079	-2.103617	9.067230	-4.465543
5610	1	5.385767	-4.874120	0.274598	-5.000433	6.351401
5614	1	-4.438074	5.997931	6.993305	-2.176743	8.201428
5615	1	5.921085	-4.435898	-4.405976	6.681613	-1.820908
5616	1	7.613091	-4.976091	2.088293	8.520882	-5.021137
5630	1	8.322842	-4.459745	1.188840	8.111504	-5.723557
5632	1	-0.311851	5.615815	2.021678	7.264098	-5.464937
5633	1	8.548323	-6.142993	-7.318233	7.007638	-5.695771
5635	1	-5.987541	7.484638	8.558104	-6.953571	6.237578
5640	1	8.108860	-2.857868	-2.159312	6.979925	-1.338627
5645	1	7.754042	-5.779991	-2.798182	6.580912	-8.270634
5654	1	5.836500	-7.237693	6.912860	-9.158144	9.048436
5673	1	-3.274791	8.513038	7.892012	-10.064374	9.104864
5675	1	-5.116353	5.040921	8.429692	3.272674	-3.435840
5678	1	-4.577441	8.013351	8.673193	-5.152596	8.085377
5679	1	4.655614	-6.124324	6.071124	-2.703673	5.198413
5695	1	-6.455414	6.792637	7.196941	-4.977343	9.380527
5706	1	-1.834982	5.869419	-4.605473	8.522872	-5.447609
5720	1	8.556538	-3.117770	-9.844335	8.804667	-6.874732
5725	1	5.714283	-0.411320	-5.104183	8.194158	-8.276692
5729	1	5.331218	-7.077986	-6.846557	7.944910	-5.343803
5733	1	5.437907	-5.360902	-9.038400	8.660255	-6.302525
5743	1	7.030859	-4.126800	-3.806384	6.521194	-6.412235
5744	1	-5.558165	4.354972	7.799417	-5.018190	7.076306
5751	1	8.363783	-3.289026	-7.284190	7.285422	-2.412983
5759	1	-6.878708	6.010955	6.896999	-6.096829	5.860715
5760	1	-8.479484	6.387308	6.999653	-4.356445	7.003850
5763	1	7.877631	2.190494	-6.409195	7.576700	2.008585
5764	1	1.743105	6.270598	6.858863	-4.726863	7.296929
5772	1	-1.517739	6.592690	7.005674	-8.540815	6.730908
5783	1	5.644953	2.882106	4.766966	-8.017193	7.063957
5784	1	-5.451151	7.208017	6.264975	-1.513713	8.088939
5788	1	-2.586774	5.974924	7.842509	-8.983765	6.820554
5797	1	-6.031740	6.551523	7.478913	-7.423257	6.833657
5817	1	7.056013	-7.020703	-2.906467	6.252808	-7.287206
5823	1	4.422151	-3.874335	7.085204	-8.008970	6.857134
5826	1	8.380742	-4.462568	-3.811093	7.648101	-5.893344
5831	1	7.686965	-3.053934	-1.378089	-2.527663	6.177793
5833	1	7.331963	-4.310601	-3.099821	3.658577	8.331437
5840	1	-2.393243	9.279648	8.814953	-7.737832	6.223119
5841	1	6.551777	-8.034809	-3.918798	4.773171	-8.527008
5842	1	-5.611267	4.782492	7.911415	-3.100712	7.464410
5844	1	5.309420	-2.355147	-2.386741	6.561958	-0.036034
5845	1	-5.354144	6.165139	8.401649	-4.780385	4.931778
5850	1	2.603217	5.161966	-4.310510	7.075939	-6.509626
5854	1	5.176023	-1.233109	3.993703	-6.504764	7.026611
5858	1	8.843029	-3.157237	-5.480935	6.543661	0.080098
5861	1	-3.186481	6.940708	-3.562828	7.649042	-6.251456
5869	1	-5.329736	8.269791	5.944442	-4.781524	9.723832
5877	1	-4.209755	6.806934	7.537603	-9.746441	8.339584
5894	1	5.455602	-6.578870	-3.248268	6.534509	5.714307
5898	1	8.434462	-8.233170	-3.703396	7.288821	-8.123490
5901	1	-5.428154	8.448630	7.646249	-4.804187	5.212993
5902	1	-10.471258	1.433090	5.909717	-4.576898	7.329096
5906	1	-4.684618	6.870088	6.752155	-4.622005	5.748538
5910	1	-2.087056	7.582811	-3.830424	9.142076	-5.878107
5927	1	-5.165840	7.398352	6.567298	-8.242362	7.642476
5930	1	-3.340124	5.198675	-3.987157	9.442696	-3.965829
5931	1	-3.824777	6.026298	2.507827	7.675373	-4.663777
5936	1	5.621179	4.130762	-8.887560	7.705798	-11.996446
5950	1	6.469271	-7.379739	-5.546082	5.704056	-7.128580
5964	1	8.089572	-2.876452	-2.486293	7.914759	-8.212864
5968	1	8.896473	-3.422824	-3.065051	-7.982391	6.499348
5978	1	7.737831	-4.902943	-5.073519	7.158531	2.198138
5985	1	5.473296	-3.890126	-4.396932	4.637539	-6.905825
5993	1	7.649919	-4.819443	-2.534541	-4.853851	8.956317
5997	1	0.416575	9.323387	4.179949	6.886363	-11.312148
6025	1	5.229153	-7.707846	-4.846684	7.183925	-5.954442
6026	1	-4.171991	8.900594	9.697748	-5.573712	8.396300
6027	1	7.274857	-3.954756	-3.599886	6.013975	-3.776274
6031	1	0.413799	-0.000286	4.791284	-3.917187	7.043885
6033	1	-0.929594	6.978869	7.235309	-6.584567	8.862224
6042	1	6.250062	-3.542545	-10.182683	7.520921	3.839095
6046	1	6.485847	-2.778356	-3.409695	8.533662	-6.256270
6050	1	-7.387230	6.831790	7.881079	-5.125591	6.829870
6056	1	-6.054617	7.094540	8.438710	-7.114671	6.080602
6057	1	-4.827956	8.004798	7.573626	-5.985026	7.349067
6068	1	5.985045	-1.680241	-2.890233	-1.941231	-5.008801
6095	1	-0.280191	7.875362	7.311154	-7.192625	6.058744
6099	1	7.575994	-4.858753	-5.705982	5.866207	-7.267611
6102	1	5.402158	-2.064033	-5.069464	8.598969	-7.007778
6106	1	6.454926	-3.261516	-6.658772	7.191195	-8.624516
6109	1	5.135702	0.245785	-4.167404	8.988577	-5.659717
6121	1	-5.619925	9.086364	7.612948	-8.108570	7.637019
6124	1	7.558449	-1.687027	-4.668706	5.336949	-6.562558
6127	1	-6.913689	7.331891	8.468410	-8.898925	6.981589
6138	1	7.052904	2.835808	-3.212608	7.080958	-6.764264
6147	1	-5.431059	5.619284	-4.213033	4.848708	-8.223006
6148	1	7.105414	-2.150444	-5.955846	6.548739	-5.307736
6157	1	4.623482	-0.776108	-1.550126	6.905492	-5.482247
6160	1	7.874168	-1.410942	-1.889777	7.319732	-6.420347
6173	1	-3.513215	5.833889	7.009686	-6.521560	8.402713
6180	1	5.932953	5.599371	-5.775839	8.028116	-3.368796
6193	1	-1.187821	5.397906	7.933519	-8.164049	8.712110
6195	1	-2.127492	6.697241	6.326008	-5.252176	8.623921
6196	1	8.768442	-6.059360	-2.502641	4.410501	-2.874974
6197	1	6.551338	-4.191373	-0.221465	-3.900182	5.805943
6202	1	7.620894	-6.354387	-6.683332	7.294336	-9.458492
6204	1	-2.085158	6.544215	7.720991	-5.858389	5.049417
6211	1	3.830655	4.555001	5.682224	-3.975925	7.832744
6212	1	4.635249	-2.691399	6.470219	-6.752300	7.395667
6215	1	-6.463095	7.343227	7.216969	-6.882970	7.477096
6227	1	-4.542936	6.932941	5.616774	6.861340	-7.153352
6239	1	6.295010	-4.931165	-2.443131	-8.904894	7.113914
6242	1	-8.156264	8.226649	8.284654	-7.514073	6.247131
6253	1	6.632420	-6.967025	-2.831799	7.104808	-1.457440
6254	1	6.853090	-4.431888	-4.425562	2.588304	6.754065
6260	1	-4.471151	8.660546	6.650306	-4.717038	5.050830
6266	1	7.930659	-2.667522	-4.063140	6.877578	-3.608489
6267	1	8.323546	1.831336	-0.679903	-7.173475	6.570741
6282	1	-3.367425	7.019578	7.101196	-1.904391	7.418237
6286	1	2.708758	6.810010	7.498850	-4.707179	7.312762
6293	1	5.360275	-3.053108	0.332074	6.144883	-4.250276
6295	1	-5.612524	7.949845	6.026956	6.437592	-4.932958
6302	1	-5.021748	8.227297	6.550876	-5.658096	8.273144
6312	1	-0.636684	6.912781	5.241648	-6.584452	7.041563
6316	1	-0.229176	7.872801	4.652531	-1.056604	7.779991
6317	1	9.355188	-7.716193	-3.837229	6.368435	0.999671
6328	1	3.487433	-6.137437	-2.158142	6.654237	-5.263941
6335	1	3.340730	2.978173	-8.285627	6.726913	-8.894141
6336	1	-2.872205	-1.643582	8.623413	-4.820388	7.827356
6346	1	-3.762755	3.817148	3.041699	-6.407051	6.122740
6350	1	-4.772161	5.905338	6.011656	-4.090875	6.719236
6355	1	6.602804	-1.468125	-11.042402	7.140706	-7.048469
6360	1	-2.484636	7.371291	3.920431	-10.462740	6.675531
6370	1	7.704721	-2.658022	-5.733344	8.796791	-2.906236
6385	1	6.381994	-6.548176	-0.956742	-4.823163	9.720360
6387	1	-5.573736	7.030133	8.798357	-8.226534	6.344647
6397	1	8.335518	-5.834890	-1.996279	9.110911	-2.650231
6398	1	6.647656	2.531299	-0.686935	6.855156	-4.529878
6407	1	-4.550617	7.430743	7.840978	-8.600224	3.026608
6417	1	-5.768793	5.863177	7.759554	-4.229677	9.378849
6426	1	6.473262	-6.942628	-8.208107	7.855728	-5.588105
6442	1	-2.556223	1.478061	5.854602	-7.179361	8.966262
6450	1	-4.950913	6.126798	6.929729	-7.979944	8.005518
6451	1	0.397926	6.814375	3.543389	-5.486200	9.423394
6464	1	-2.847722	7.425767	7.113206	-1.153056	6.250977
6469	1	-2.295969	6.861127	-3.165163	-10.020148	8.394643
6479	1	-2.905698	7.573897	3.128121	-8.315524	6.807955
6482	1	7.555857	-2.757409	0.703195	9.467653	-3.305102
6486	1	-9.136123	5.698442	6.087415	-4.906201	7.720307
6493	1	-2.897657	8.105897	2.717343	-3.782457	6.574215
6516	1	3.444469	-4.196247	4.729529	8.630339	-1.311939
6539	1	5.571361	-4.951127	-0.057629	8.067111	-5.930322
6542	1	7.951774	-5.250332	-1.409441	6.249843	-2.898410
6554	1	-4.168899	6.012198	4.060687	-5.366351	9.019066
6556	1	7.627563	-3.181018	-4.467694	0.200768	-2.010920
6557	1	4.322577	-2.560433	4.480659	4.350989	5.390817
6560	1	5.684572	-2.243354	7.279743	-6.546791	7.483510
6583	1	6.635437	-4.809856	-6.609890	8.722563	-5.673461
6589	1	7.333165	-4.582782	-3.042513	6.434565	-9.434159
6596	1	6.774811	-4.369005	-3.972195	8.849806	-7.585679
6602	1	-6.951907	7.466782	7.998640	-2.166944	-3.875057
6616	1	7.083348	-1.352967	-4.315952	5.115384	-5.666421
6626	1	3.577725	-6.215445	-9.174617	7.759965	-9.857354
6629	1	5.897213	-6.967345	2.145641	8.645220	-6.345523
6639	1	-4.429203	9.351632	6.942762	-8.053818	8.739196
6655	1	-4.345294	6.582866	3.826311	-0.428770	-2.299613
6680	1	-2.641518	6.669059	4.337895	-7.023901	6.753381
6684	1	6.591190	-0.731211	-3.890512	8.179872	-7.264299
6686	1	6.835093	-5.165614	-4.610527	8.189598	-2.212401
6688	1	7.146592	-4.123774	-2.848068	-3.543291	7.100532
6690	1	-9.645281	6.771817	6.280553	-6.223441	8.116220
6692	1	5.725914	-3.071374	4.281518	-8.256655	8.123463
6706	1	6.123816	5.266187	0.463525	7.790893	-6.056216
6713	1	-3.519886	7.352097	6.345980	-7.186596	8.981981
6715	1	6.952978	-4.874942	-1.778017	7.993890	-4.212475
6730	1	-6.374210	6.617019	7.422034	-2.884335	7.804998
6745	1	-5.042650	8.349504	3.953729	6.824776	-1.239715
6753	1	-4.184243	-1.988865	-0.407329	7.424452	-5.626196
6761	1	7.619756	3.191699	0.881888	6.218860	0.129162
6768	1	-5.757308	5.610144	8.059780	-6.897581	7.098702
6771	1	-4.731939	6.611422	5.934367	4.947695	-6.131498
6784	1	-3.735955	8.125079	7.237036	-1.477635	5.009169
6796	1	-4.436238	-3.325091	5.166030	-6.931086	8.902543
6798	1	-1.133552	6.242527	5.984555	-5.789854	4.300292
6804	1	-1.859003	3.994207	8.401735	-0.091936	-0.889508
6810	1	6.870870	-6.276843	-1.428843	8.693807	-5.642661
6834	1	8.565076	-0.939434	-0.788061	6.908003	-4.277013
6843	1	-3.160782	6.537329	8.033023	-8.719054	6.918534
6844	1	5.529951	-6.377906	-6.202979	5.048612	-6.135922
6858	1	-5.744974	6.778948	6.341625	-3.216451	-0.867339
6862	1	7.109562	0.079638	-5.088160	7.475944	-1.613632
6869	1	-3.652032	7.756193	5.214098	-6.717569	6.708156
6891	1	-1.098704	8.432521	7.092640	-7.026990	6.003911
6895	1	2.792393	5.800965	8.031796	-7.916143	5.410428
6896	1	-4.309738	6.896216	6.674775	-8.985621	4.873466
6912	1	4.070528	-3.540669	5.123453	6.722505	-5.132292
6921	1	6.932811	-5.163247	-5.592429	8.791505	-4.338897
6927	1	-7.707078	5.450271	6.718743	-4.166950	3.770715
6931	1	-3.613807	6.714074	6.608270	-4.945393	8.053157
6932	1	-5.458588	5.337011	8.051614	-4.896110	6.929560
6946	1	7.830299	-10.654753	-4.886564	8.477790	-8.394163
6953	1	-8.414799	7.904827	6.650591	-4.069568	6.712172
6956	1	6.642250	-1.107268	-1.222385	-4.881238	6.272630
6974	1	8.715116	4.425150	-1.023195	7.881998	-4.168150
6978	1	-5.238503	6.484039	6.942972	-1.302243	8.612189
6994	1	6.608198	-1.767806	-2.619098	8.612557	-7.991838
6996	1	7.117008	-2.736874	-3.163684	-7.852760	6.431553
6999	1	7.350390	-2.168793	-4.142396	5.487887	-4.488296
7000	1	6.379905	-2.089479	-3.977132	6.872607	-2.722857
7004	1	6.414719	-8.167868	-4.687746	7.414342	-4.675095
7012	1	-4.636685	6.615368	6.623704	-7.785747	6.058724
7013	1	-1.990396	6.579234	-4.996813	5.985726	-6.643190
7027	1	-4.652386	5.900598	5.919020	-3.254134	4.564138
7038	1	7.256456	-5.378961	-3.548168	8.001713	-7.224392
7052	1	-2.567679	5.145036	2.410026	7.432771	-5.398204
7062	1	-9.369815	7.856949	6.969749	-5.110449	7.898011
7068	1	-2.978015	7.329745	-2.151898	6.047198	-5.746852
7075	1	-2.150781	5.848089	6.262446	-5.951808	6.044224
7078	1	8.497301	-6.146117	-3.431818	7.521238	-7.388568
7091	1	7.419968	-9.882451	-5.721274	8.539508	-5.850042
7098	1	6.084745	-4.031987	-1.803488	7.071549	-6.494684
7104	1	-7.699038	7.798052	6.567794	-5.377593	8.282976
7116	1	8.469575	-4.217889	2.639395	9.284550	-2.200244
7120	1	5.879179	-3.897833	0.292758	7.242491	-7.616151
7121	1	-0.409602	7.625411	6.488136	-2.773798	7.242563
7125	1	-4.513817	-3.123757	5.562592	-4.330937	7.106767
7130	1	-4.876358	7.860517	8.078122	-5.595244	6.579581
7133	1	-3.719978	5.241379	6.818266	-4.176593	8.024767
7135	1	5.971149	3.412243	5.529487	0.699078	8.388043
7137	1	6.602210	-1.917371	-5.334487	5.025928	-7.537293
7147	1	8.110824	-7.938255	-3.015948	7.840107	-8.034386
7163	1	-3.847091	6.499977	6.487372	-3.005839	7.326350
7168	1	4.343162	-4.272654	-3.743635	7.103053	-7.351687
7170	1	5.595578	-2.153171	-4.683810	7.144931	-4.656407
7176	1	-3.164778	6.879312	4.731514	5.670046	-3.821086
7180	1	7.885342	-5.958025	-3.862965	6.002499	-10.667702
7189	1	-2.071531	8.835665	5.209306	-2.506207	-2.783924
7192	1	4.676788	-2.623940	-2.844984	8.836036	-7.044220
7193	1	-3.908617	6.255642	6.490617	-3.868652	8.516116
7207	1	5.535931	-2.972557	-6.299206	7.111359	-5.028153
7209	1	-10.264726	6.942919	7.946450	-6.939139	9.570238
7211	1	5.983047	-5.091792	-3.125480	7.012667	-6.224259
7218	1	-3.551961	5.204429	-8.128922	7.455168	-3.751974
7221	1	-2.288009	7.141588	7.244029	-5.289060	3.841932
7235	1	-4.382942	6.641720	8.862750	-1.983178	6.118678
7238	1	-3.833601	7.396665	5.268038	-5.484991	6.271806
7242	1	7.586210	-5.614451	-5.692968	4.191362	-2.811230
7248	1	5.433078	2.651246	-5.817144	7.034646	-7.018590
7252	1	5.731147	-4.252677	-0.147182	7.100214	-3.194366
7254	1	7.755788	2.142369	1.969356	-8.071422	6.509047
7261	1	7.490129	-3.509631	-6.126095	5.322563	-3.916235
7262	1	-3.410136	7.008677	6.236038	-5.990035	7.655149
7263	1	5.827824	-5.265125	-4.173554	9.105384	-7.376579
7265	1	8.961771	0.685123	-2.031616	7.794316	-9.237295
7291	1	6.559472	-6.412027	-7.084874	6.646649	-9.460999
7293	1	-6.749244	5.971934	5.462875	-7.330672	6.827679
7296	1	-2.164971	4.474402	5.911633	-2.511455	6.787635
7298	1	-0.811628	0.052894	8.779397	-8.382969	6.091591
7302	1	-3.179644	6.944147	-5.156343	7.027747	-2.438373
7303	1	6.994787	-3.056918	-1.779981	5.186396	-7.308032
7306	1	-2.568090	6.238873	-1.613750	-7.110389	7.400600
7309	1	8.194503	-4.502916	-4.466287	-8.439811	7.992418
7331	1	8.473982	-8.470867	-6.250058	7.296660	-5.286267
7332	1	-5.935153	7.173154	8.466390	-6.050644	6.725961
7336	1	-3.724689	6.284021	8.671567	-8.779197	8.145692
7344	1	8.100411	-1.034345	0.333882	6.674520	-3.648493
7372	1	6.090513	-3.186317	-8.660864	8.597858	-5.549645
7375	1	-1.760253	7.517527	-5.752936	6.848967	-8.186412
7379	1	-3.192645	7.490711	-6.004067	6.674172	-4.362372
7386	1	8.332040	-3.084707	-2.733787	7.533036	-4.417461
7388	1	8.906223	-6.265052	-5.241585	7.035355	-6.046067
7395	1	5.657879	-3.589593	-5.911265	8.525001	-6.115712
7400	1	6.072569	-2.732869	7.547251	-1.543773	-2.341525
7405	1	-2.402492	4.641105	9.728315	-4.135933	9.264551
7411	1	8.467649	-3.547127	-5.015670	8.846212	-6.017610
7414	1	8.901961	4.309415	-4.746091	6.804758	-8.086898
7421	1	-1.419373	-1.018109	-4.086196	7.226872	-6.464513
7423	1	8.390242	-0.764429	0.823717	7.897802	-5.312817
7430	1	8.007109	-2.504158	-0.875247	6.567798	-9.496973
7434	1	-7.358842	6.098203	7.905482	-4.201384	8.425684
7449	1	7.382649	-5.211832	-3.762459	7.167926	-2.085148
7450	1	9.141319	2.307936	-4.350817	-4.168949	8.424040
7452	1	-3.266277	6.447079	7.364672	-6.019064	5.306616
7461	1	7.624664	-4.212572	-6.166718	7.667457	-5.592016
7468	1	4.340578	-4.754504	5.886128	-6.333850	6.258765
7473	1	-1.583517	6.754664	-2.434172	7.161336	-9.720439
7486	1	-0.056257	6.702513	5.970025	-8.820292	7.426300
7501	1	7.203813	-6.357528	-3.520825	7.326457	-1.752098
7510	1	6.049114	-4.782755	1.659582	-8.842398	4.845945
7533	1	6.135068	-4.631469	-4.597493	6.655777	-4.144586
7544	1	2.889922	9.612728	-4.056737	8.205570	-9.369814
7550	1	-9.534353	5.918067	6.229326	-5.980924	7.225560
7551	1	5.463535	5.212416	-2.071796	6.545361	-7.261342
7577	1	0.682518	6.572975	7.307328	-5.232066	8.442062
7579	1	8.507382	-2.902609	-3.976592	9.022246	-3.550093
7580	1	5.444219	-1.012588	-2.501874	7.231550	-2.966981
7593	1	5.236985	-6.564233	4.721677	-6.142620	8.948424
7598	1	7.100194	2.668891	-1.713131	7.066888	-10.204113
7602	1	3.600848	5.334595	-5.170203	6.833638	-6.980351
7605	1	-1.905568	-1.402795	5.644211	-3.948190	8.662417
7610	1	-5.222141	-2.713031	6.201873	0.754577	-2.432970
7612	1	8.431106	-4.869877	-5.466947	5.354109	-4.614141
7616	1	3.170770	-4.695751	-5.833129	6.972098	-4.593137
7617	1	5.889108	-5.750857	-4.439807	7.311789	-2.186695
7625	1	9.021762	-3.202452	-2.743625	6.654587	-7.594077
7628	1	7.729754	-5.121856	-1.498686	-1.626705	5.154142
7639	1	7.380128	-4.764136	-5.552715	6.551876	-1.336280
7641	1	8.710935	-3.250223	-1.215721	6.806712	-6.812939
7643	1	-3.314801	8.420791	5.352090	5.551184	-5.683330
7649	1	-4.554900	5.932355	-5.690903	6.910199	-4.409558
7650	1	-5.096467	8.955987	6.855868	-8.783735	7.818906
7656	1	1.185696	8.647688	-6.678785	9.292404	-5.173485
7658	1	7.815138	-2.633498	0.515429	5.932684	-2.407372
7670	1	-4.886218	4.826844	8.203903	-4.002605	7.390759
7681	1	7.558690	-2.044729	3.926233	6.747463	-5.484988
7684	1	-2.391367	4.139689	8.556973	-3.375292	6.400488
7699	1	6.158238	-3.284759	-6.644611	6.942765	-2.516407
7723	1	-4.637019	-4.223232	6.228058	-9.519622	6.426614
7733	1	-4.117056	6.609833	5.689324	-9.145727	6.178066
7734	1	-3.214916	6.240445	-5.368973	7.402785	-6.354165
7736	1	5.334989	1.347031	3.882728	7.602926	-5.482399
7750	1	-5.607299	9.218634	7.349927	-1.187357	-0.823581
7766	1	5.482569	-3.800529	-2.871208	-0.846622	-4.194747
7771	1	7.518701	-2.877387	-4.997873	5.679737	-7.615504
7799	1	-5.380433	7.075558	6.865658	-4.982581	6.548602
7836	1	7.281888	-5.627142	-3.019998	9.357499	-3.984947
7838	1	5.732132	-2.293312	-1.883157	4.592446	-6.832828
7839	1	7.811471	-3.712823	-7.101876	6.377149	-1.540454
7845	1	-6.066666	7.164551	7.663095	-3.568770	7.654124
7848	1	6.801767	-4.014635	3.903318	-6.195352	6.423041
7867	1	8.166664	-5.184916	-4.894722	7.475433	-6.411376
7869	1	6.664131	-2.059750	-1.628513	7.082379	-2.592910
7876	1	-0.543158	6.594636	-3.679028	6.108475	-4.115864
7887	1	8.570358	-4.635804	-3.900599	6.757728	-6.711949
7897	1	8.845459	-4.174198	-3.593835	6.685266	-8.393747
7899	1	-3.541544	8.868625	6.880736	-4.910144	8.083620
7905	1	4.205105	7.441345	-6.769129	8.153815	-4.677290
7916	1	-4.387356	5.860268	6.539949	6.002886	-4.422714
7924	1	-4.551011	9.238909	3.145285	-4.528111	8.267779
7928	1	-0.065966	6.780771	6.211316	-0.572159	2.141956
7945	1	-0.147188	7.937967	8.107540	-2.220541	8.820595
7957	1	0.839603	6.451279	7.573219	-7.632597	6.965155
7964	1	-1.934908	9.018320	7.046178	-6.528142	6.401739
7975	1	-3.703734	-1.800871	5.111880	-7.183959	2.013438
7976	1	-5.625347	7.891254	6.392989	-9.197514	7.843277
7996	1	5.564692	-2.320921	2.311293	8.519265	-3.640872
8000	1	-2.767682	7.725691	6.638338	-1.842699	6.819264
8015	1	-3.567533	7.260735	-4.541091	8.817821	-7.770818
8027	1	7.663243	-5.422169	-6.092636	6.973000	-8.060489
8031	1	5.490466	-3.228018	0.327634	6.544262	-6.332675
8038	1	-1.412689	9.056669	3.269142	4.553238	-8.436644
8042	1	-8.661084	9.697111	7.041311	-4.140300	7.410828
8049	1	8.353151	-5.115001	-6.646156	7.365206	-6.607142
8054	1	8.667845	-6.552994	-1.168047	8.034520	-3.258620
8067	1	6.767854	-0.178882	0.951028	6.185613	-4.396280
8068	1	6.946275	-4.174272	-3.074206	8.329850	-1.463188
8075	1	-1.154981	7.975084	3.822083	-6.446790	7.659547
8106	1	3.896605	4.705416	7.128494	-7.551910	8.717174
8112	1	7.320060	5.307354	-1.772139	7.837539	-9.421310
8121	1	6.023771	-2.411923	-3.460113	6.358818	-2.956664
8122	1	7.261645	4.009173	-10.597635	3.933056	-3.916382
8128	1	5.406273	-8.718586	5.174697	-2.109688	6.285877
8136	1	-3.358612	7.122584	-3.426722	4.166421	-5.975137
8151	1	7.239748	-4.248660	-5.508096	7.764884	-0.162064
8158	1	8.451816	2.987861	-4.188214	9.179776	-2.893782
8159	1	7.562237	-1.424277	-1.685799	4.119718	0.466933
8162	1	7.313021	-2.843925	4.101814	-7.504957	6.542597
8164	1	7.493059	-7.173714	-0.979241	7.929772	-8.026108
8166	1	-2.603631	8.097594	7.274560	-5.396824	8.683292
8186	1	8.761992	-7.232574	-5.172506	7.349272	-3.547055
8193	1	-4.798754	5.575783	6.555214	6.218343	-8.267293
8194	1	-5.972410	7.753979	7.921791	-5.777955	7.094423
8206	1	-3.743034	7.093925	7.014511	-0.709647	-1.999604
8209	1	3.866036	-3.475306	-0.386871	8.067030	-5.459668
8220	1	6.150092	-2.059896	-2.124510	6.514846	-6.644020
8224	1	4.945485	-2.347247	-1.344139	7.177585	-5.030101
8244	1	-4.608637	-4.856955	-7.171324	7.955133	-5.769735
8271	1	5.742746	4.899632	-6.865368	8.472234	-5.721619
8274	1	7.189946	-6.851241	-2.697417	9.488394	-9.659762
8275	1	-5.444887	5.753901	6.178680	-7.197996	6.885248
8288	1	5.362018	5.550757	-3.477408	6.127323	-7.706828
8295	1	6.399598	-4.478194	-4.261811	5.702181	1.385925
8308	1	-4.723368	6.134741	6.033966	-6.834316	6.065279
8315	1	6.534240	-5.299308	-6.558497	4.995830	5.164852
8317	1	-5.058800	6.809550	7.310373	-7.724209	7.440527
8319	1	-5.383546	6.844191	4.442143	1.119660	-0.904933
8321	1	-5.336458	7.110105	7.806933	-3.895468	8.522942
8322	1	-4.103323	6.140021	4.488736	-7.599285	7.451560
8329	1	5.564644	-5.645689	5.746362	-1.857267	6.936570
8330	1	6.768438	-6.831740	-10.260349	4.779329	-3.226282
8331	1	-4.544219	5.432210	0.176165	6.318797	-4.292304
8338	1	6.593886	3.373491	-1.798239	8.275450	-7.481323
8342	1	6.205556	-7.322122	-4.430678	8.663124	-5.513489
8350	1	5.825399	-3.927605	-8.643809	6.258860	-5.249686
8354	1	9.338240	6.151421	-3.462352	-6.510035	6.111413
8355	1	-0.649616	8.903052	-2.298031	4.796869	2.375856
8370	1	-5.806977	6.463730	6.372853	-4.675185	7.637820
8374	1	-5.733201	-4.526912	6.531908	8.226833	-6.744429
8378	1	-4.754598	-2.333780	7.790362	-5.234269	8.111705
8385	1	6.217110	-7.708385	-3.346058	9.590682	-5.701984
8388	1	-5.656958	7.746290	6.436527	-7.696672	6.566654
8399	1	5.171215	-6.072261	-3.655315	-2.454124	6.548343
8419	1	1.666514	8.361131	7.315600	-3.679599	7.988676
8420	1	6.199046	-6.238275	-0.345394	-7.851916	3.878913
8429	1	-3.105816	7.926493	7.305097	-4.947088	5.842776
8434	1	7.949433	-4.315010	-1.520538	7.163570	-3.536352
8438	1	6.759356	-2.138550	-2.671267	-9.626274	6.628127
8440	1	8.330084	-4.599575	-7.841256	9.466401	0.639789
8442	1	8.085024	-2.643619	-1.951686	7.000429	-4.996670
8446	1	-5.167464	5.395928	8.065033	-3.424659	7.996935
8463	1	-4.848746	7.256503	2.200825	7.888273	-4.641757
8487	1	-4.643867	7.431374	6.492491	-9.181200	8.711375
8488	1	-8.153539	8.088752	6.343517	-7.513830	5.402885
8494	1	4.602690	-1.430088	0.975135	-5.265234	6.551483
8495	1	5.497468	-4.044172	-5.097789	7.733434	-5.712441
8496	1	-8.759774	6.881001	6.456349	-5.532165	7.871855
8526	1	-1.396383	7.323582	-4.596096	6.889089	-7.388797
8543	1	-10.697327	6.602494	6.708040	-6.590684	4.037029
8560	1	6.934114	-2.105677	-6.097674	6.861471	-4.913968
8561	1	8.279161	-4.486774	-4.356948	6.665488	-3.181951
8574	1	6.419983	-2.783891	1.487378	6.017887	-8.399835
8585	1	6.573039	-1.340067	7.979399	-2.839190	6.737654
8594	1	7.777539	-4.558814	-4.617459	7.315271	-3.470737
8599	1	-1.473884	6.771421	6.112681	-3.435025	7.881062
8601	1	-5.179050	8.611715	7.564225	-4.273308	6.660173
8603	1	-6.368674	6.224573	8.051374	-7.319556	7.291945
8611	1	-5.573334	3.325929	7.546019	-3.476471	8.895886
8623	1	6.120256	-2.487940	-3.348247	6.822030	-7.911546
8626	1	-8.134875	4.779722	6.527155	0.922553	8.639503
8627	1	7.374986	-3.002918	1.211238	5.917722	-4.121711
8659	1	-5.745313	4.973096	7.517712	-8.286026	3.811761
8664	1	5.768022	2.985742	-3.400164	4.092874	-7.840169
8668	1	6.787281	-2.761834	3.235532	3.354795	-5.059735
8677	1	-2.196540	7.763093	7.818679	-2.111536	7.223156
8679	1	6.757153	-7.469208	-1.359834	6.753573	-8.239503
8688	1	2.215432	6.973214	8.596314	-8.844655	6.433882
8696	1	6.600754	-2.767554	-2.624476	8.215599	-4.147169
8698	1	-6.155599	-5.292957	7.107300	-2.954803	6.877667
8716	1	-6.303646	7.433516	6.643986	4.677291	7.221341
8726	1	6.473394	-3.633295	-6.089447	6.637211	-4.299568
8728	1	-2.498820	7.789926	7.211012	-6.692318	6.708855
8729	1	6.896326	5.652056	-3.095484	3.949928	-8.113079
8730	1	-6.884408	6.615983	6.345990	-8.866332	8.165630
8739	1	6.853277	-4.484590	-5.611708	9.560558	-7.647411
8740	1	-1.230661	7.964251	5.081482	6.448637	-9.111835
8748	1	7.546683	-5.103718	-2.392574	6.504868	-4.208463
8762	1	5.236338	-2.396127	6.529511	-6.806928	4.660481
8771	1	7.282630	-3.615687	-5.831825	7.763589	-5.299915
8777	1	-6.298667	6.396122	6.568136	-8.521943	6.471035
8781	1	2.570226	6.635264	-4.734641	7.219646	-4.517062
8787	1	-3.949830	6.555430	5.189240	-5.944432	7.805884
8803	1	8.569712	-6.239112	-0.397343	6.159914	-7.835853
8806	1	8.077970	-5.317034	-4.132667	6.157364	-8.026049
8808	1	0.116886	6.296822	-2.955988	7.822485	-3.399126
8832	1	7.198497	-3.523669	-2.716838	9.584863	-4.325511
8849	1	7.211936	-5.721458	6.753546	-6.309167	7.240508
8852	1	-1.384010	6.749199	-1.071659	5.864178	-5.830144
8859	1	7.783035	5.137274	-3.074589	7.300298	-4.994895
8866	1	4.896066	4.728012	6.776371	-9.244962	8.020219
8868	1	-4.548845	6.600917	8.099213	-0.679640	6.972426
8870	1	5.935614	-2.514250	-3.161993	6.999333	-4.634685
8872	1	7.008976	-4.518717	-6.147786	7.815358	-6.690552
8874	1	6.980583	-6.273873	-8.781388	7.071903	-0.587278
8898	1	-3.424076	7.158826	7.539971	-3.353735	6.741867
8913	1	7.928018	-6.912132	-4.155112	5.250684	5.729908
8925	1	6.272139	-3.461640	-7.477411	7.365376	-7.766561
8931	1	-2.881626	6.111723	7.543049	-6.639721	6.235543
8942	1	-2.701197	7.629350	-11.165177	7.959450	-3.008455
8947	1	-5.245578	5.503331	7.655662	-1.930529	5.638850
8961	1	-1.766952	5.341331	-4.992523	6.349072	-5.998945
8966	1	6.376168	-0.747827	-8.720420	5.926180	-4.862495
8975	1	7.871786	0.286565	-1.402859	9.222918	-1.802536
8978	1	6.591798	-0.818604	8.167210	-6.708977	8.563176
8986	1	7.361316	-6.490013	-6.355352	5.548595	-6.327750
8993	1	7.433760	-5.016733	-2.474067	6.691436	-6.261801
8998	1	6.859876	-4.348781	-4.890796	7.374439	-5.174580
9000	1	-2.309955	6.156852	7.783378	-3.699373	8.857346
9001	1	0.002837	9.218294	6.733335	-5.521862	9.092850
9019	1	2.539377	6.662804	7.566186	-5.561286	7.347418
9029	1	-2.948278	7.400557	5.409545	-10.222577	5.411199
9032	1	8.022095	-1.255045	-6.108292	9.591527	-4.101212
9039	1	-4.227711	6.612157	6.352496	-7.640185	6.999366
9045	1	6.015722	2.512026	-3.858476	6.519151	-2.431993
9051	1	5.451073	-4.483216	-5.555214	7.208568	-0.402813
9059	1	-5.822614	-3.824370	6.360164	-3.578605	-2.047086
9081	1	7.228643	1.251137	-2.903277	6.683241	-3.022626
9101	1	-1.400285	7.017692	2.489968	-7.282015	6.751486
9103	1	7.010511	-2.471440	-1.180875	6.338681	-3.986126
9119	1	-1.841792	8.092532	-0.807082	6.926523	-4.544971
9127	1	-4.492847	7.072826	6.067846	-8.375232	6.938563
9139	1	-2.652306	7.859978	8.701777	-6.015866	8.233545
9146	1	-4.620569	6.671999	6.345704	-5.638418	6.225747
9152	1	-0.743412	6.112548	9.042577	-5.838848	8.423944
9153	1	6.791947	-5.773713	-8.803402	6.173122	-10.585746
9159	1	-3.898109	7.447758	5.474763	6.688790	-9.405704
9163	1	9.558539	-6.834158	2.097412	6.265397	-3.457238
9165	1	6.566078	-5.598222	-6.261742	6.459710	-8.732681
9192	1	1.586068	6.583867	7.392101	-5.351240	7.073355
9194	1	6.533781	-2.845969	1.151081	5.439844	-0.369761
9195	1	9.394192	-7.189619	-4.326548	5.998229	-7.966906
9198	1	6.664887	-5.722667	-2.380703	7.596879	-4.862860
9209	1	8.306207	-5.220831	-1.302684	8.274832	-5.165875
9213	1	-1.697951	7.180186	8.491432	-3.590324	7.090347
9217	1	-4.778795	5.762596	7.012919	-2.778914	7.360398
9227	1	-3.430641	7.553601	6.892195	-0.584221	-6.385121
9243	1	7.000850	-1.507269	-5.279056	7.496779	-7.807229
9247	1	-3.462067	7.426067	9.132209	-5.087360	8.363209
9252	1	-4.396876	-4.626573	7.318104	-3.416219	8.754467
9253	1	7.278989	-4.734286	-0.611794	8.755438	-4.795328
9263	1	-2.474871	6.975016	7.336723	-9.128695	8.014635
9284	1	7.144474	-5.070726	-2.992959	-10.305864	5.805741
9285	1	3.618109	6.732248	5.840233	-4.175149	7.562716
9291	1	4.710570	-5.047346	-2.051435	7.821219	-4.936466
9296	1	3.171618	6.576498	6.260175	-6.968221	5.799349
9305	1	-3.164785	8.427247	6.717946	-3.699949	6.123134
9306	1	8.230625	-6.761686	-4.824386	7.533833	-3.202958
9318	1	-0.728485	6.590394	5.456916	7.359321	-3.150987
9330	1	7.140211	-4.768402	-5.424420	6.799878	-7.508518
9338	1	7.675593	5.152184	-3.516738	-6.988033	6.278078
9343	1	0.852861	5.617989	3.508072	7.762180	-5.477578
9359	1	6.496682	-9.439687	-9.206924	6.528948	-6.508530
9366	1	-3.286116	7.474841	0.815336	6.754226	-5.192789
9369	1	5.274447	-2.916511	-4.040990	2.886327	6.807247
9374	1	0.138546	4.518046	6.929745	-7.934560	8.930084
9388	1	5.010317	-5.158142	-5.526078	7.733035	-4.017749
9404	1	0.980600	7.555224	6.464055	-10.561882	5.965659
9424	1	6.736367	-0.416030	-2.133113	5.158516	-7.067182
9426	1	7.205411	-3.171165	-9.029582	6.807019	-5.391577
9456	1	0.023123	8.653806	6.937013	-3.248310	8.079029
9462	1	-5.261953	6.128549	6.868929	-7.372917	6.637798
9466	1	5.094319	3.216167	-5.100658	8.700073	-7.140568
9473	1	-5.705604	6.551600	6.357012	-5.128978	7.708474
9494	1	-5.291067	6.911771	7.403064	-3.395718	3.932200
9505	1	-7.540535	8.657561	5.459321	-4.635319	6.546471
9509	1	-2.695078	4.321208	3.925766	7.325328	-6.579226
9516	1	7.742025	-4.351621	-4.229036	6.490230	-0.176124
9518	1	5.575824	-1.968513	-3.762974	5.544267	-9.971089
9524	1	6.474322	0.566946	-2.798847	7.775010	-0.843251
9528	1	8.034647	-1.253537	-7.749534	9.720313	-2.070038
9533	1	0.057511	7.589646	8.526912	-3.621065	8.027835
9547	1	6.544265	-4.774161	6.309608	-5.528115	6.601474
9551	1	-1.327576	8.063235	7.302618	-4.983776	7.422129
9559	1	6.858969	-4.683206	2.950655	-2.021542	6.538513
9562	1	-2.693026	8.326834	6.153335	-3.330578	7.156396
9563	1	6.935461	-4.921161	-1.952966	8.716329	-7.248099
9567	1	-2.427488	5.957151	0.033543	7.155155	-8.390327
9575	1	6.432118	-5.167811	-3.270511	9.142439	-6.169273
9580	1	8.001982	3.597465	-7.283256	9.724597	-8.197978
9589	1	-9.121213	7.158869	7.181954	-3.080174	9.655966
9594	1	-4.536826	7.183382	5.243513	-6.413299	6.268896
9599	1	-2.574864	7.192805	7.062681	-4.236567	7.612773
9601	1	0.050776	-2.424073	-6.189865	8.082948	-4.926908
9602	1	4.452486	3.525468	-2.116236	0.671611	7.114649
9610	1	-5.594731	5.960457	7.251973	3.183826	-4.223372
9618	1	-5.548184	6.788134	5.997061	-4.520643	9.695875
9619	1	5.874308	-1.416636	-0.788875	7.384885	-9.041028
9620	1	7.348562	5.379488	-4.263199	7.413990	-7.611338
9634	1	-4.347005	5.756215	7.111924	-3.438034	6.618714
9637	1	6.457846	-4.231290	-3.497814	8.071565	-8.103378
9642	1	7.435483	-5.533027	-4.125203	8.532258	-3.866943
9646	1	6.472041	3.937087	-7.064089	7.798410	-7.351315
9664	1	-5.676426	6.344851	6.957095	-7.423959	5.844526
9666	1	4.831389	7.660947	-2.059459	7.194199	-1.952374
9667	1	-4.558897	6.940697	7.276798	-3.764492	6.813678
9670	1	9.330520	-6.956269	-5.547599	7.932009	-4.344160
9672	1	7.148485	-2.720138	-2.963386	7.611544	-3.903833
9676	1	8.416424	-3.283843	-5.529051	7.228894	-8.859159
9697	1	-6.924244	5.965541	8.605756	-7.955329	5.593488
9704	1	-2.656178	7.895841	7.679298	-3.723656	7.391213
9712	1	3.998308	-4.065072	6.301705	-9.738130	6.831672
9730	1	-7.148056	5.462646	5.900725	-3.184011	5.111692
9731	1	8.753630	-2.770849	-2.697940	7.007635	-8.905581
9738	1	5.759242	-6.569805	0.848074	7.440156	-7.090157
9745	1	5.912443	-1.181372	-2.999546	5.904492	-4.151892
9748	1	9.274789	-3.996380	-4.422579	7.784093	-1.143655
9752	1	-3.059950	9.407474	6.598528	-5.233954	8.425909
9753	1	3.896343	3.639067	5.152052	-5.856886	8.801490
9772	1	-3.665578	7.373704	6.448196	-3.424345	6.528973
9774	1	6.692795	-7.774491	-2.662363	-7.806962	5.032196
9787	1	6.394032	-7.970096	-0.763375	6.615374	-4.693666
9788	1	5.253438	-6.402042	-9.284794	6.272194	-5.866159
9794	1	6.203217	-4.424681	-3.978049	7.553876	-5.396737
9809	1	-1.769149	8.846575	6.364566	-3.985623	8.172299
9814	1	-5.167797	7.147835	8.019890	-4.549802	-2.770804
9815	1	-1.050644	7.089052	7.044265	-9.453899	6.443966
9817	1	-1.821750	6.655917	-2.457905	7.272424	-6.042298
9819	1	4.881943	0.530669	0.134839	-0.034856	5.418748
9836	1	-9.190205	7.235577	6.496190	-5.789909	8.390053
9837	1	-4.136416	9.002135	-3.645608	7.760523	-2.764529
9841	1	3.763463	0.608632	-3.231856	7.412531	-3.769993
9844	1	7.550878	-3.293766	-1.394343	7.263555	-6.752345
9868	1	-1.714970	6.066949	-3.368782	7.775930	-7.446066
9869	1	6.812860	-2.264628	-6.218915	6.057148	-5.813651
9875	1	5.958166	-3.050786	-2.362908	-6.133093	7.741292
9889	1	0.032292	7.411469	5.710410	-4.445587	6.078968
9891	1	7.117590	-5.813536	-5.116337	7.208660	-6.179064
9901	1	5.806426	-7.606517	-3.850762	8.103752	-5.442581
9904	1	6.323689	-8.216009	-1.675476	6.707505	-4.435461
9911	1	9.393929	-7.798977	-3.146957	6.490178	-4.213966
9912	1	-2.703330	7.781994	6.177710	-5.753984	6.362465
9925	1	5.350787	-3.470857	5.864090	-7.476502	9.392301
9930	1	8.597077	-4.427069	-4.883351	5.630510	-6.911910
9931	1	-6.650909	6.146057	4.461536	-5.633855	6.915196
9932	1	7.224548	-6.249619	-3.694824	9.822346	-4.251987
9942	1	7.237533	0.107995	-6.879543	5.449376	-6.958125
9944	1	-3.903760	2.455318	6.814025	-5.374998	4.300772
9946	1	6.803391	3.525765	-2.855841	8.795419	-5.619617
9949	1	7.006321	-5.075987	-2.074629	6.350880	1.010645
9954	1	-6.595564	6.623650	7.810270	-7.556688	6.041668
9972	1	-6.410108	6.885163	6.687593	-5.551563	8.509431
9975	1	5.945505	6.487802	-6.753205	5.821574	-6.741161
9996	1	7.319314	-2.538443	0.527243	5.594939	4.665092
