9	3	-0.352862	-2.035565	6.166292	6.202274	-3.848927	0.607171	-4.960654	6.424525	6.166292
12	3	-4.917951	9.118847	4.772701	-0.627188	9.118846	0.648667	5.943109	-3.291105	0.648667
29	3	1.593110	0.203639	7.004661	6.242620	-2.220864	0.922174	-0.851464	5.128321	7.004661
31	3	-1.780613	8.263187	6.597282	1.469597	8.011663	1.233832	4.447456	-3.067190	1.233832
41	3	-3.972035	8.343715	9.678973	1.180368	8.343596	3.369812	6.666840	1.151015	3.369812
58	3	-1.686981	6.611541	7.680345	7.449759	-3.482504	1.248784	2.833455	5.975119	1.248784
74	3	6.604708	-5.840030	1.311491	4.199621	-3.633744	7.052755	1.540273	5.378475	7.052755
76	3	-2.435753	7.207467	5.328955	-0.107710	7.207132	-0.806544	6.453072	0.443133	-0.806544
79	3	6.113294	-5.799744	2.030215	-2.469799	6.955525	7.862276	3.093955	5.675667	2.030215
92	3	-3.236395	6.712869	6.264775	5.012532	-1.696314	-0.167010	0.803982	6.105623	-0.167010
96	3	1.680036	-1.406918	6.935189	5.737017	-5.852932	2.578539	-0.768091	4.417784	6.935189
107	3	6.320524	-5.255164	1.229556	-0.806917	7.351399	6.883630	2.115079	0.737409	6.883630
108	3	3.113344	6.640078	1.540079	7.387607	3.208055	1.540079	-1.822771	7.698434	7.835185
122	3	5.647201	4.216594	0.953103	6.999929	-1.631923	0.953103	-3.356648	8.779165	6.998876
125	3	6.442438	-4.456403	0.848844	-5.176371	6.202939	7.346937	0.074266	5.559685	0.848844
126	3	4.496198	2.570528	6.877651	4.992358	-3.614513	6.877651	2.158026	8.393620	6.877651
129	3	8.458873	-2.403638	1.889224	2.530595	8.118647	6.744730	5.219797	-1.959149	6.744730
131	3	-2.027576	7.621728	3.041885	-6.156754	7.621728	9.108566	4.364962	-1.303625	3.041885
132	3	-2.756688	5.360483	6.908672	4.272312	-3.186129	1.903103	0.355866	5.352905	1.903103
135	3	6.289982	-1.584775	0.386167	1.747150	7.223166	0.386167	-2.620944	7.510814	6.912954
169	3	1.431929	6.149376	0.140157	-2.922061	6.151071	6.744092	7.661551	-5.310549	0.140157
177	3	-2.964903	6.627817	7.270466	7.725588	-1.228643	1.412396	1.206704	6.583562	1.412396
179	3	0.864304	7.095280	2.121303	-1.452657	7.095568	6.828675	3.003861	-0.364405	2.121303
184	3	7.509276	-2.304702	1.576719	3.098578	5.913950	7.176992	5.819523	-2.192672	7.176992
187	3	1.623966	6.142948	0.737172	-2.982505	6.161936	7.239113	5.307807	-2.504359	0.737172
188	3	-3.104470	7.163181	8.660807	6.655727	0.801002	2.141342	6.974132	-5.332932	2.141342
193	3	2.389318	6.138447	2.372069	0.177333	6.186914	7.065797	4.491777	-2.980540	2.372069
196	3	0.443098	6.770593	5.306859	6.355510	2.642851	5.306859	6.366516	-3.579013	5.306859
199	3	-5.950313	6.694587	7.548009	6.237640	-5.545918	1.438804	0.431944	6.694583	1.438804
210	3	-4.979968	6.151214	7.111944	6.227219	-1.577393	1.803730	0.919228	5.776108	1.803730
231	3	4.033805	-6.181183	2.439805	-1.575388	6.253362	7.438297	0.355495	6.252780	2.439805
243	3	-0.674758	7.817608	4.447595	5.928077	-3.060429	-1.346768	4.610940	-3.060428	4.447595
248	3	1.270708	6.748718	1.137480	-3.613957	6.964467	6.138918	7.668080	-5.512803	1.137480
250	3	6.160914	3.003162	0.416174	4.011585	4.928869	6.291319	6.727211	-0.679960	0.416174
271	3	3.685181	-3.618601	7.218338	9.259777	-5.158699	0.871965	-1.885373	5.158387	7.218338
281	3	3.641341	-4.425023	7.147105	-2.986176	6.465376	7.147105	5.371704	-4.425126	4.396051
291	3	6.498843	3.920927	6.112739	7.032333	-2.110341	6.112739	0.940736	7.823279	6.112739
294	3	-7.511975	9.365784	7.446392	5.220346	-0.601466	1.983919	-1.231535	9.365598	1.983919
304	3	5.621196	-2.073958	6.496897	4.839974	3.741233	6.496897	-0.621135	9.430117	6.496897
305	3	0.227455	8.306921	1.338299	-5.813696	8.306934	6.793113	5.546745	0.036453	1.338299
314	3	3.085288	0.113607	-0.222239	-2.121335	7.225367	6.177796	-0.500263	7.225355	-0.222239
328	3	6.985733	3.349487	-4.918524	3.441985	7.439743	-4.918524	7.416083	-2.096520	-4.918524
354	3	-5.313510	7.367708	6.782936	5.936365	-5.713614	0.965901	0.396500	7.367688	0.965901
364	3	6.752380	-4.729671	1.680837	3.977289	-4.646462	7.914870	-0.531049	7.868852	7.914870
368	3	7.768781	-3.723656	-0.457193	5.171319	-3.718763	6.155665	0.668381	7.189442	6.155665
371	3	6.693958	-3.863610	0.784012	-0.767653	6.844635	6.382339	2.173224	6.832666	0.784012
372	3	1.030633	6.019992	5.844711	6.540384	1.080758	5.844711	8.072844	0.658299	-0.755529
381	3	5.970143	-6.347903	0.793515	0.222335	-0.196748	5.260888	-3.844004	4.991654	5.260888
383	3	6.483370	-3.889716	0.423344	3.344588	5.418566	6.855774	4.781491	-3.545089	6.855774
386	3	8.359624	-4.829608	1.062237	1.718166	5.077951	1.062237	-3.678840	5.084282	6.309978
389	3	8.351258	-4.876335	0.135692	1.771673	-4.231387	6.019373	-2.588279	7.231295	6.019373
394	3	0.358010	8.957499	0.680063	6.449749	-2.060525	0.680063	-3.348683	8.960801	7.018712
398	3	-1.508200	7.511669	6.701036	5.094513	-2.008310	0.228748	0.651059	7.511012	0.228748
404	3	-4.943705	8.779064	7.646426	6.238462	-2.652714	1.084034	0.725988	8.747653	1.084034
405	3	-2.563702	7.268137	8.536825	0.532452	7.268113	2.695149	4.710925	-1.564614	2.695149
412	3	3.965979	-5.152303	7.118665	8.604810	-5.177245	1.302322	-0.532266	6.525050	7.118665
415	3	-4.827139	6.514324	7.722507	-2.022376	6.492287	2.303125	4.005835	-0.747518	2.303125
416	3	-0.688235	-3.352706	8.128598	-1.394343	2.261636	8.128598	5.478688	-8.502771	2.696472
424	3	-0.841647	6.301315	-1.142101	5.478684	0.030004	-1.142101	5.478685	-6.050266	-1.142101
433	3	2.318110	-0.591507	7.598933	7.213761	-4.349889	1.545008	-0.668484	5.744417	7.598933
454	3	7.202718	-5.428568	0.454081	3.966333	5.321060	0.454081	0.528629	6.476304	6.902079
459	3	-2.153889	8.294245	6.651268	0.705880	8.162485	0.829184	6.800173	-0.565923	0.829184
464	3	6.245815	-5.270048	2.837796	2.856242	-2.657737	7.811050	-2.807813	5.178332	7.811050
478	3	6.563441	-5.250214	-0.537299	0.929900	7.187328	-0.537299	-4.442047	7.187849	5.599318
484	3	2.427459	-0.692997	8.279448	6.438655	-7.170306	2.236031	0.719171	5.379141	8.279448
513	3	1.339004	6.103388	1.260640	-3.881464	6.105552	7.585368	5.334510	-2.567787	1.260640
515	3	4.220179	-2.934338	8.835924	6.157642	-3.377209	3.182716	1.544404	4.465643	8.835924
538	3	7.171277	0.325110	-0.187622	7.173105	-6.048334	-0.187622	1.562358	6.087687	-0.187622
550	3	2.487376	-0.202546	6.954394	-3.706905	6.587841	6.954394	-0.243602	2.339700	6.954394
551	3	-5.843842	7.625358	6.805691	-1.660312	7.625353	0.470310	4.391112	-2.971402	0.470310
552	3	-0.617025	6.069057	6.695687	6.834996	-5.846662	0.459316	6.834311	0.502830	0.459316
563	3	0.566619	7.181435	5.827700	5.389064	-4.708271	5.827700	5.388540	1.612248	5.827700
572	3	4.260255	-1.135256	2.157863	-1.792003	7.551420	2.157863	-4.410405	7.551423	8.476717
582	3	7.537002	-6.104199	1.626203	4.904717	-4.517149	6.846063	-0.700660	5.313724	6.846063
583	3	3.508029	-6.093563	6.974702	8.098528	-6.093563	1.799937	-1.476862	5.951324	6.974702
584	3	5.474301	-7.931586	0.865944	-3.472960	4.880452	6.454977	2.044974	3.296315	0.865944
597	3	-0.658682	6.658811	1.736231	-7.085422	6.658822	6.754890	5.376257	-4.385459	1.736231
599	3	-1.402516	8.326230	0.758611	-4.134943	8.326230	5.363720	4.561961	-1.533748	0.758611
610	3	6.448407	-3.144346	0.871954	-0.782293	9.029587	6.572622	1.862251	9.028101	0.871954
611	3	5.648081	2.549650	0.833902	-0.952061	4.098675	5.805439	6.267128	-2.722253	0.833902
615	3	-4.914434	6.125065	7.770204	5.759014	-4.053279	1.587001	1.073771	5.959934	1.587001
645	3	7.957421	-3.924575	0.020206	2.878651	6.498928	0.020206	3.112701	0.912506	0.020206
661	3	-0.028273	6.389500	9.685800	1.634278	0.154651	9.685800	5.963447	-5.799375	3.413027
670	3	3.516566	-2.034388	8.200628	-0.789997	7.905207	8.200628	5.343431	-2.093028	4.537683
685	3	5.337402	3.609414	-3.038025	6.349932	-2.712377	-3.038025	3.196619	5.607935	-3.038025
699	3	8.582223	-5.233396	-0.630399	2.756809	6.063694	-0.630399	-2.223311	6.258777	5.694566
704	3	0.140447	7.528585	0.954197	5.247562	-1.724808	0.954197	-5.928168	7.529205	6.801298
725	3	-0.988886	7.005475	4.850886	0.348038	6.885463	0.866467	5.392000	1.005395	0.866467
728	3	0.122658	-2.774959	6.676372	2.931466	-3.710125	1.049991	-3.058595	5.337421	6.676372
736	3	-0.917216	7.797026	-3.039856	4.464433	2.176812	-3.039856	4.598534	-3.711681	-3.039856
742	3	2.310915	6.387436	0.748041	5.715120	-5.367866	0.748041	-1.522724	6.472504	6.555739
743	3	6.676445	-3.112829	2.322899	-3.458764	6.865515	8.678537	2.070371	1.104379	8.678537
753	3	6.105748	-4.504785	2.835700	-4.240336	7.946848	8.813610	1.749489	5.612418	2.835700
761	3	-1.141578	6.967444	1.613999	-3.668112	6.998661	6.891515	5.272326	-1.718967	1.613999
762	3	1.654885	-0.918419	5.782850	5.490847	-6.481493	-0.471017	-0.606403	5.261425	5.782850
765	3	-3.746117	6.243951	8.417484	6.939430	-4.468795	1.775631	1.191767	6.243415	1.775631
773	3	3.306099	-0.986494	7.182440	8.931983	-5.673202	1.584622	0.195580	5.903013	7.182440
817	3	2.179314	5.839536	2.525191	-2.372833	5.841924	8.039054	5.672743	-6.252171	2.525191
830	3	-3.531486	6.767405	7.489561	6.041692	-1.834907	1.045287	0.979023	6.412174	1.045287
846	3	7.119995	-1.007549	1.735816	0.786671	1.851474	8.106922	-5.495704	6.570686	8.106922
853	3	-0.899472	8.765397	6.527089	1.009315	8.518227	1.334720	7.036002	1.705571	1.334720
856	3	5.552436	-0.430576	-0.930498	4.446521	-0.430576	5.544101	-0.952639	3.188779	5.544101
861	3	6.944753	-1.265953	-0.408889	2.127002	8.497566	-0.408889	-2.740417	8.520241	6.018583
892	3	4.277772	-4.388531	6.822967	9.414926	-4.388532	1.149742	-0.915796	6.690861	6.822967
909	3	8.880031	-2.407902	0.732940	6.256833	-2.407873	7.151616	0.896391	8.377283	7.151616
919	3	3.996421	-3.170150	8.871398	6.586189	-4.234708	2.421302	-0.441178	4.250793	8.871398
920	3	5.459842	-2.453641	-0.733178	-3.797605	6.299440	5.040727	1.476620	6.298091	-0.733178
928	3	2.993222	5.499088	2.430105	0.994378	5.981431	6.529423	7.566978	2.416881	2.430105
939	3	1.440761	8.470714	0.891090	4.857082	3.236583	0.891090	-5.092363	8.471937	6.241343
945	3	-4.595867	8.423173	8.563833	3.184827	6.425006	2.347256	5.664254	-1.817262	2.347256
954	3	7.681509	-3.135607	-0.384769	2.165942	6.311205	6.090062	6.677541	-2.489123	6.090062
962	3	0.368461	6.955240	2.508364	-4.912046	6.955381	7.692360	6.300185	-4.979421	2.508364
968	3	-2.462511	4.896545	6.546241	6.256029	-2.634760	2.390831	1.007839	-0.201701	6.546241
969	3	0.458864	5.809552	3.630950	-3.896706	5.991294	8.265026	6.573156	0.633600	3.630950
984	3	6.330168	-5.346733	1.383128	-3.100799	5.812232	7.747688	0.604892	-1.002291	7.747688
992	3	6.866325	-4.140643	1.133107	0.635348	6.291982	1.133107	-5.386172	6.306940	7.371603
993	3	8.959313	-4.884474	-0.031183	5.149518	-4.561076	6.428944	2.539936	7.130170	6.428944
