2	2	6.450029	4.228960	1.260023	6.226495	1.805540	5.653947	1.260023	6.226495
3	2	3.587393	-0.427382	8.736082	8.603523	9.381947	-5.246447	8.736082	8.603523
4	2	7.544543	-5.899791	7.008872	6.515550	7.544543	-1.260918	0.890540	6.515550
6	2	-1.060428	3.205672	-0.074691	7.934427	-1.060428	-0.132189	6.408757	7.934427
7	2	1.541799	6.646974	-0.792285	7.138128	6.860540	2.298547	-0.792285	7.138128
11	2	4.633464	3.227432	0.351681	5.297164	4.633464	1.893125	6.870912	5.297164
12	2	6.265725	2.490290	1.144114	3.345612	6.265725	-1.951775	7.321466	3.345612
14	2	0.146841	7.410810	2.777384	5.794805	0.146841	2.698811	7.925138	5.794805
18	2	6.822285	-0.397060	3.429407	7.608475	0.920346	1.810011	3.429407	7.608475
19	2	4.775843	7.583781	1.769670	5.900723	4.775843	6.426920	6.606423	5.900723
23	2	-2.550697	5.181264	0.100961	7.664681	-2.550697	-0.793023	6.014381	7.664681
24	2	-0.113009	6.616229	3.772856	2.677429	5.798030	0.356537	3.772856	2.677429
25	2	0.753079	2.723135	5.397239	5.728817	7.118089	-2.499374	5.397239	5.728817
28	2	8.493307	-1.215961	7.701009	7.221295	8.493307	2.649781	1.068804	7.221295
30	2	5.999682	-0.664149	0.335780	9.220683	5.999682	-1.394474	5.999571	9.220683
35	2	-1.473738	5.164879	2.197948	8.029362	-1.473738	-0.228576	7.054060	8.029362
37	2	-0.587163	2.296393	7.581745	7.226933	-0.587163	3.844908	2.245172	7.226933
40	2	6.336805	-2.606338	8.100777	4.867590	-0.012129	0.686404	8.100777	4.867590
41	2	7.904463	2.261548	1.185991	4.984547	7.904463	0.982865	6.002953	4.984547
42	2	6.649144	1.047369	1.439314	7.615962	0.599418	3.835427	1.439314	7.615962
48	2	-0.616509	6.863214	1.072215	5.602414	-0.616509	4.295153	6.652773	5.602414
49	2	5.927854	1.888466	2.348447	5.725731	5.927854	-1.143677	7.198473	5.725731
50	2	6.063210	-1.266757	6.769587	6.716134	1.356420	-0.000177	6.769587	6.716134
51	2	7.369113	-2.447588	3.763120	8.383828	7.369113	-3.618746	6.353513	8.383828
52	2	2.099916	-1.662174	8.268257	6.689064	6.690741	-5.328460	8.268257	6.689064
53	2	8.029008	0.496947	8.005727	7.888640	1.872828	3.495277	8.005727	7.888640
54	2	3.005148	-5.540708	5.723910	5.814031	8.961545	-11.635541	5.723910	5.814031
56	2	2.178375	5.636283	1.175900	3.527851	8.004280	-0.379190	1.175900	3.527851
57	2	0.213526	3.324738	6.295533	6.468887	0.213526	6.596461	0.131472	6.468887
62	2	7.101450	-1.403293	6.665465	5.034467	3.416778	-0.188226	6.665465	5.034467
64	2	7.761082	-0.088349	-0.401307	5.900259	1.455721	6.341842	-0.401307	5.900259
65	2	-0.803667	5.433465	-0.842736	6.768384	5.604768	4.543575	-0.842736	6.768384
68	2	7.100936	-3.893799	5.345929	6.621646	1.024200	1.290972	5.345929	6.621646
69	2	2.454741	2.631223	6.510534	4.821636	8.275512	-3.062756	6.510534	4.821636
70	2	2.253940	-3.719727	5.799941	7.734328	2.253940	2.795329	1.525585	7.734328
72	2	5.454736	1.102389	6.994958	4.513202	5.454736	6.925849	0.410575	4.513202
73	2	7.716020	-7.333980	8.268541	6.312032	1.482912	-2.331172	8.268541	6.312032
74	2	8.214555	4.236492	4.055263	7.789544	8.214555	4.273178	-2.368393	7.789544
75	2	7.707846	4.671331	6.782239	5.239802	7.707846	5.922378	0.856026	5.239802
78	2	7.318057	-2.404060	8.329590	3.424113	1.285762	3.310550	8.329590	3.424113
79	2	7.175146	0.422176	0.062020	7.382372	2.077530	3.754860	0.062020	7.382372
80	2	8.592950	-3.513079	1.617554	5.519615	8.592950	-5.532277	7.259914	5.519615
87	2	-0.359178	4.832866	2.074248	6.055044	-0.359178	-0.203523	7.269961	6.055044
89	2	3.055105	1.564987	7.977119	6.171820	6.747626	-1.351175	7.977119	6.171820
91	2	3.214632	4.227503	5.495632	8.535819	3.214632	4.872207	0.081715	8.535819
92	2	0.060381	6.421201	1.429542	6.571055	0.060381	0.582045	6.888110	6.571055
93	2	-0.001223	-3.022141	7.227028	6.384309	6.251460	-4.085179	7.227028	6.384309
95	2	0.783168	5.645943	-0.215140	7.361836	5.483611	2.024951	-0.215140	7.361836
97	2	6.735247	-3.954522	9.577798	6.853708	0.671946	-1.293123	9.577798	6.853708
98	2	-1.055346	3.778618	-0.163888	5.550593	5.005886	-1.456774	-0.163888	5.550593
101	2	-1.347893	-1.906026	6.338913	7.958005	-1.347893	1.345414	-0.178417	7.958005
102	2	1.554664	2.823681	8.196076	6.561041	1.554664	5.570555	1.971731	6.561041
104	2	1.404523	-2.468578	6.484119	7.227165	1.404523	3.094670	0.298206	7.227165
108	2	7.417807	-0.756509	0.741785	7.343387	7.417807	-6.166761	6.133867	7.343387
109	2	7.302654	2.163144	-1.020857	6.864241	1.410274	6.472937	-1.020857	6.864241
111	2	6.043918	3.710350	3.308690	6.990853	-0.095448	7.663685	3.308690	6.990853
117	2	1.983132	0.851614	0.424998	8.144549	6.823645	-3.740482	0.424998	8.144549
119	2	6.800358	-4.534368	-0.051660	7.265697	0.900248	0.721496	-0.051660	7.265697
121	2	3.236923	5.704788	4.747669	6.112983	6.546430	2.079815	4.747669	6.112983
124	2	8.431932	-2.350548	8.185020	6.962656	2.701999	1.096063	8.185020	6.962656
125	2	-0.065365	-1.235469	7.911586	7.082437	6.407629	-3.300834	7.911586	7.082437
127	2	-3.183321	7.346645	2.141984	5.101759	-3.183321	7.309179	4.961994	5.101759
128	2	2.447301	4.462426	6.779502	4.814763	2.447301	5.901977	1.587357	4.814763
129	2	6.292925	0.160581	0.287334	3.444287	6.292925	-1.597761	6.433953	3.444287
131	2	6.505031	-0.127984	-0.184233	5.752828	0.221374	4.964295	-0.184233	5.752828
132	2	7.552615	-3.736980	9.224348	7.287363	1.830429	-0.601973	9.224348	7.287363
134	2	5.022908	5.345897	0.593344	5.998463	5.022908	2.664498	7.112904	5.998463
137	2	5.822389	-7.301120	5.588165	4.961372	-0.295721	-6.901957	5.588165	4.961372
140	2	1.349245	-1.896642	9.094869	8.208961	6.750994	-5.216570	9.094869	8.208961
141	2	8.463505	-1.228127	1.800255	6.075246	3.869475	3.465151	1.800255	6.075246
142	2	-3.776668	-2.749612	7.973117	8.499054	-3.776668	1.714678	2.924753	8.499054
145	2	9.181608	-1.981853	0.131459	7.406295	2.994018	4.066513	0.131459	7.406295
146	2	7.101319	-2.408747	-0.327198	6.946229	7.101319	-4.393329	6.125511	6.946229
148	2	7.958572	1.734236	-0.391604	6.412338	7.958572	-2.165747	5.569708	6.412338
149	2	6.277421	-1.763168	1.224877	6.204379	1.900931	-0.411467	1.224877	6.204379
150	2	0.005316	6.935882	1.105432	4.861064	0.005316	4.800658	6.508049	4.861064
153	2	5.124262	1.257734	-0.763433	7.232518	2.108081	5.292741	-0.763433	7.232518
154	2	0.221220	6.743182	0.405353	6.686794	0.221220	4.785219	6.300215	6.686794
156	2	-3.143083	4.933958	1.468174	7.151902	-3.143083	-0.510354	7.401901	7.151902
160	2	0.678473	0.317317	7.880687	4.834872	6.746159	-3.571939	7.880687	4.834872
161	2	1.340760	4.293775	-0.082369	6.742605	7.460089	-2.114390	-0.082369	6.742605
162	2	5.026869	-3.369542	-0.944356	8.547907	-1.104927	-0.456092	-0.944356	8.547907
164	2	-2.190566	-0.497937	8.213069	6.497158	-2.190566	4.818256	1.720114	6.497158
165	2	0.727954	4.570482	7.008921	0.968035	6.380486	2.809636	7.008921	0.968035
168	2	-0.972681	2.779761	6.760300	6.003723	-0.972681	4.798772	1.130270	6.003723
170	2	5.987546	3.935975	3.452767	7.522917	5.987546	-2.127492	8.017308	7.522917
171	2	-0.144527	-0.367444	6.865396	4.987054	-0.144527	2.730759	1.717189	4.987054
172	2	4.818798	1.341779	6.673151	5.649598	-1.170237	1.914884	6.673151	5.649598
176	2	3.661556	-0.180937	7.002616	7.102735	6.674293	-5.022286	7.002616	7.102735
179	2	6.725497	-1.957254	6.350169	5.969311	6.725497	2.788622	0.200174	5.969311
180	2	1.683791	0.991421	-0.112734	7.204169	7.083158	-2.823568	-0.112734	7.204169
183	2	-0.100414	5.257227	0.667100	6.266947	-0.100414	3.246735	6.861437	6.266947
185	2	1.036754	6.498786	-0.991738	7.282102	6.071495	5.594057	-0.991738	7.282102
188	2	6.935485	2.086426	-0.902228	3.661499	6.935485	1.481011	5.254100	3.661499
189	2	1.988697	0.539937	7.585489	7.084779	7.146190	-3.326649	7.585489	7.084779
190	2	-2.069163	5.322448	0.428904	5.329701	-2.069163	2.894268	6.473155	5.329701
191	2	-0.776331	-1.659564	6.722316	6.938614	4.858696	-1.703800	6.722316	6.938614
192	2	-0.782894	-2.753730	6.831910	6.155453	5.379747	-3.715705	6.831910	6.155453
194	2	6.010341	3.831709	6.214697	5.985384	-0.104991	6.451988	6.214697	5.985384
195	2	0.128026	7.701447	1.733112	5.338300	0.128026	1.219322	7.257493	5.338300
200	2	6.911561	6.347958	-0.172456	6.654966	6.911561	3.200540	6.396794	6.654966
210	2	2.589626	6.770788	-1.429726	3.648182	7.056607	0.833981	-1.429726	3.648182
212	2	8.423536	-2.109288	5.723467	4.149909	8.423536	1.686596	1.757901	4.149909
213	2	-2.089545	-0.727602	6.901024	6.370396	-2.089545	3.858788	2.296921	6.370396
216	2	1.723969	2.891738	4.042858	5.439372	6.986083	-2.807764	4.042858	5.439372
217	2	6.712778	-1.813190	6.632467	4.397871	6.712778	3.030993	1.022580	4.397871
218	2	5.306877	1.915462	6.510556	8.215948	5.306877	3.681134	0.529528	8.215948
219	2	5.119089	1.764237	9.069615	6.753383	-1.176513	2.357160	9.069615	6.753383
223	2	6.721335	-3.297778	7.069898	6.929583	1.679283	1.754418	7.069898	6.929583
227	2	2.111688	-3.460927	8.819588	8.545879	8.741379	-6.872851	8.819588	8.545879
228	2	2.870469	-5.152158	6.934304	6.066521	7.523461	-9.838015	6.934304	6.066521
229	2	8.297613	-7.077845	5.403489	9.038177	8.297613	-3.024310	2.159158	9.038177
232	2	6.156656	-9.646271	8.187920	5.398407	6.156656	-6.069161	3.454490	5.398407
233	2	8.086791	-3.027260	-0.627682	8.232152	1.981276	-1.385440	-0.627682	8.232152
234	2	7.466518	-6.323286	9.505813	9.322624	1.084949	-3.226536	9.505813	9.322624
236	2	1.607830	5.357906	0.017883	7.106092	6.967078	-0.313734	0.017883	7.106092
237	2	7.484527	-0.219785	1.769615	7.155023	7.484527	-5.466214	7.635704	7.155023
239	2	0.041196	4.942221	-0.800669	5.909582	0.041196	-0.036420	5.591989	5.909582
241	2	0.456469	1.005643	7.864315	6.852184	6.861478	-3.072202	7.864315	6.852184
242	2	0.313754	3.543111	0.007288	9.094508	5.990793	2.621589	0.007288	9.094508
244	2	7.600039	1.522774	0.312215	7.653336	1.744314	5.660199	0.312215	7.653336
245	2	2.792079	-0.191914	0.373214	8.544144	8.421960	-6.100960	0.373214	8.544144
246	2	6.596343	-6.461860	-3.689001	6.042119	0.566733	-0.221874	-3.689001	6.042119
251	2	0.936534	-1.936996	7.590619	9.131704	6.313957	-6.906552	7.590619	9.131704
252	2	-3.637450	2.151613	7.647863	6.843800	-3.637450	4.862916	1.383454	6.843800
254	2	7.887990	-0.251733	5.271579	6.888714	1.831154	4.206292	5.271579	6.888714
256	2	3.792508	3.993356	-2.385279	6.561770	7.699518	-1.245299	-2.385279	6.561770
258	2	6.640346	1.941240	0.135778	7.021999	6.640346	-2.182131	6.419618	7.021999
262	2	5.674570	0.691056	6.997777	5.368625	0.348468	1.004869	6.997777	5.368625
265	2	1.545158	0.148680	6.882885	7.384572	7.132552	-4.409692	6.882885	7.384572
266	2	-2.726622	-6.469308	7.706670	4.956726	2.021218	-6.469328	7.706670	4.956726
269	2	8.426467	-2.244364	1.656224	7.725806	8.426467	-3.922384	5.481198	7.725806
270	2	5.885850	1.031261	-1.772058	5.911145	0.358212	6.195304	-1.772058	5.911145
271	2	6.707066	-2.853017	0.590984	6.328425	0.741243	0.681223	0.590984	6.328425
275	2	1.542892	2.737792	3.965132	7.372432	1.542892	0.745715	7.184438	7.372432
276	2	1.550273	3.729353	-0.040107	8.230203	1.550273	-1.224075	6.510591	8.230203
278	2	7.566513	3.086680	2.282125	6.640755	2.924385	6.586626	2.282125	6.640755
284	2	0.945242	3.540827	8.552525	4.648619	7.077944	2.272020	8.552525	4.648619
286	2	6.934815	-2.133566	3.755066	5.923436	6.934815	-2.139674	7.193213	5.923436
287	2	6.544532	4.192687	3.077079	6.015819	0.397019	6.608599	3.077079	6.015819
288	2	0.324441	6.302048	-0.750963	7.176072	6.690194	2.692479	-0.750963	7.176072
290	2	1.342494	1.129861	6.659329	6.845598	1.342494	4.613985	1.896932	6.845598
292	2	-1.083906	-1.654133	2.107906	7.328406	-1.083906	-5.962711	7.215431	7.328406
296	2	7.618432	2.133116	0.373834	6.528386	7.618432	1.768350	5.228786	6.528386
298	2	5.789036	0.177004	7.901449	5.354388	5.789036	3.837593	1.754029	5.354388
303	2	4.337907	3.063129	7.951650	3.842383	6.899114	-1.703105	7.951650	3.842383
305	2	0.333772	1.575557	9.638929	4.435864	6.440612	-0.364815	9.638929	4.435864
307	2	-2.422030	0.744952	6.816356	1.692853	-2.422030	6.610920	0.944616	1.692853
308	2	-0.104357	-0.506648	6.423563	6.224611	-0.104357	4.129009	0.194148	6.224611
309	2	8.919585	-8.514573	6.452745	7.340879	8.919585	-3.084763	1.168084	7.340879
315	2	0.541370	5.922643	0.254154	5.313984	0.541370	4.266099	6.427789	5.313984
317	2	0.836215	8.243186	-1.596331	1.787449	7.088309	6.155538	-1.596331	1.787449
320	2	3.507704	1.855044	7.754957	6.931997	3.507704	3.668242	2.709900	6.931997
322	2	7.612179	-2.339632	1.826738	7.243604	7.612179	-5.006719	7.833939	7.243604
324	2	1.861161	-1.474767	8.968389	6.650368	6.842282	-7.430602	8.968389	6.650368
327	2	9.398638	-8.788413	6.701035	7.807441	9.398638	-4.591247	2.541773	7.807441
328	2	8.713154	2.637049	0.484756	5.987653	2.978938	8.418289	0.484756	5.987653
329	2	8.650196	-0.007790	0.478369	5.434663	2.691954	4.242012	0.478369	5.434663
331	2	0.978057	2.002801	7.564256	6.577344	0.978057	6.656877	1.103297	6.577344
332	2	1.971762	1.822479	-0.714465	6.397097	5.889528	-0.315170	-0.714465	6.397097
334	2	1.885951	2.267576	6.311002	6.588556	8.116293	-3.891627	6.311002	6.588556
335	2	0.968690	1.320938	5.817411	7.225409	7.026003	-1.124806	5.817411	7.225409
337	2	0.764597	2.891202	1.820882	6.956757	0.764597	-1.211707	7.678762	6.956757
338	2	6.654810	6.074664	-0.132235	8.201108	6.654810	1.810855	6.192999	8.201108
339	2	-1.294215	5.366031	0.945839	6.376619	-1.294215	2.253888	7.181062	6.376619
341	2	0.988198	3.791815	6.507324	4.782775	7.110684	2.212263	6.507324	4.782775
342	2	6.978196	-10.234308	7.608584	7.351336	6.978196	-3.666402	2.295836	7.351336
343	2	5.363250	-2.259951	8.112367	8.720097	5.363250	2.323213	1.684092	8.720097
345	2	0.706009	3.359031	3.518437	7.304610	7.316478	-1.554254	3.518437	7.304610
347	2	0.137838	-0.694340	4.253518	5.511713	5.565135	-1.615696	4.253518	5.511713
350	2	8.592136	3.098323	-0.342430	4.440033	8.592136	3.095750	4.437525	4.440033
353	2	8.089980	-1.447482	0.202659	7.132195	8.089980	-4.333077	6.543689	7.132195
354	2	1.000167	3.188516	6.207440	4.035956	6.136961	0.690381	6.207440	4.035956
355	2	1.512478	6.367911	2.828856	6.030409	7.497043	0.865138	2.828856	6.030409
358	2	0.093377	5.506182	-1.944952	6.118209	6.673273	2.798998	-1.944952	6.118209
360	2	2.560576	2.061904	6.060156	7.068340	8.853459	-2.800115	6.060156	7.068340
362	2	8.035439	-1.802866	5.783224	8.052086	2.113151	1.105476	5.783224	8.052086
363	2	4.271871	-5.194256	7.580955	6.388333	4.271871	-2.970029	1.685289	6.388333
366	2	-0.094504	-0.390216	1.793274	6.379651	-0.094504	-6.195488	5.830719	6.379651
367	2	2.356618	1.911662	7.770266	7.706180	6.090036	-2.074201	7.770266	7.706180
368	2	6.541937	-1.951213	7.122259	8.692730	0.848108	0.315140	7.122259	8.692730
370	2	4.574228	5.872615	-2.124236	6.007388	-0.645583	6.775032	-2.124236	6.007388
372	2	1.496975	6.453246	-0.489102	6.025236	1.496975	5.425684	6.013075	6.025236
373	2	8.796309	-2.239698	7.518180	5.389339	8.796309	3.788852	3.878383	5.389339
374	2	6.942512	-0.565351	2.861882	7.406671	2.026107	4.888210	2.861882	7.406671
375	2	0.254438	4.592035	7.273446	6.641498	6.567602	2.718493	7.273446	6.641498
376	2	5.462716	-0.369249	0.391006	8.987813	5.462716	-6.837006	6.187491	8.987813
377	2	8.571303	-6.052937	7.783504	8.048470	8.571303	-2.786743	1.593050	8.048470
381	2	7.665891	-11.092410	8.839094	8.553242	1.057726	-4.663856	8.839094	8.553242
383	2	0.649676	-3.281301	8.277222	6.896453	6.163202	-5.379400	8.277222	6.896453
384	2	6.416364	0.924899	7.751309	6.329183	2.999993	2.078188	7.751309	6.329183
388	2	0.525052	-2.667041	9.123717	8.290502	5.633744	-4.877190	9.123717	8.290502
389	2	0.483319	3.585849	6.701349	6.663766	6.470859	1.270435	6.701349	6.663766
390	2	6.621626	-7.969137	6.521565	5.626692	0.501041	-4.693058	6.521565	5.626692
391	2	7.047654	-2.644033	0.550797	9.378842	2.334667	0.401600	0.550797	9.378842
393	2	8.443795	1.199099	7.284890	5.924421	8.443795	3.984270	1.185080	5.924421
396	2	8.696367	1.156140	2.762382	6.186468	8.696367	-3.549647	8.419333	6.186468
399	2	7.013497	2.889995	0.222660	7.056436	7.013497	-1.053009	5.728240	7.056436
401	2	1.172432	0.465309	-1.643215	8.513278	7.548119	-3.596684	-1.643215	8.513278
402	2	6.536495	4.293076	-0.085876	6.315034	6.536495	1.313603	6.556286	6.315034
404	2	6.124239	4.749740	9.322219	5.947553	0.031881	6.145734	9.322219	5.947553
408	2	2.604643	2.619038	1.548469	8.097425	7.719739	0.666086	1.548469	8.097425
414	2	-0.489551	2.702675	0.874814	9.140810	-0.489551	1.638740	6.273589	9.140810
415	2	8.588023	-7.384051	7.890669	8.925773	8.588023	-4.157798	2.201475	8.925773
424	2	6.531188	-0.955552	4.226917	3.531246	0.500141	3.123853	4.226917	3.531246
425	2	0.158030	5.730987	-0.125498	6.654525	6.462574	-0.683190	-0.125498	6.654525
429	2	0.690693	6.951388	3.117230	7.140225	0.690693	1.510959	7.726625	7.140225
430	2	7.256274	-3.972613	0.228250	7.209116	1.864062	0.783456	0.228250	7.209116
431	2	6.637349	-5.913145	0.117205	9.569255	0.766457	-0.050949	0.117205	9.569255
434	2	7.094780	2.795534	1.235177	4.538755	7.094780	-2.655214	6.623905	4.538755
435	2	-0.604974	7.249400	-1.372482	3.509196	5.573567	5.907922	-1.372482	3.509196
436	2	3.261724	-1.300193	6.807822	5.851956	3.261724	0.411986	1.706536	5.851956
437	2	7.300552	-0.132510	2.914923	7.506810	1.695212	4.892575	2.914923	7.506810
438	2	-0.131768	-2.972024	7.179706	7.710584	5.713066	-7.912170	7.179706	7.710584
439	2	1.135579	2.831342	-0.091803	8.444248	7.175457	-3.340871	-0.091803	8.444248
440	2	0.760847	0.969550	0.388742	9.264349	6.761532	-0.953204	0.388742	9.264349
441	2	7.093493	0.935193	1.186258	6.639093	7.093493	-0.469771	6.099665	6.639093
442	2	-1.208592	3.525755	-0.761275	6.984684	5.379009	2.478709	-0.761275	6.984684
446	2	0.512768	-3.713722	0.614881	7.189162	6.967106	-6.504504	0.614881	7.189162
448	2	-0.606034	1.604000	1.760441	8.807925	-0.606034	-3.558266	8.022034	8.807925
451	2	5.842831	-1.854211	6.244114	6.182570	5.842831	0.594942	0.149956	6.182570
453	2	3.090333	2.094626	2.597669	6.582998	3.090333	-1.721508	7.196561	6.582998
455	2	-1.564902	-0.492788	9.284749	6.681189	4.870499	-3.714020	9.284749	6.681189
456	2	6.892098	2.725756	2.862173	6.453250	6.892098	1.229638	7.166786	6.453250
457	2	1.541534	0.021828	6.968445	5.888522	8.038323	-4.097385	6.968445	5.888522
460	2	2.114042	3.883962	-0.443976	4.990745	7.201196	-1.705406	-0.443976	4.990745
461	2	1.912700	-2.347051	7.270666	8.389313	1.912700	0.077978	1.252528	8.389313
464	2	2.302337	5.989329	-1.269644	5.699553	7.467489	2.569439	-1.269644	5.699553
467	2	4.150489	-4.784357	8.368223	7.064626	4.150489	1.344992	2.020645	7.064626
471	2	6.622871	3.832739	1.288503	2.368771	0.525218	5.485798	1.288503	2.368771
473	2	5.585100	0.680699	7.141835	5.694366	-0.749192	1.494475	7.141835	5.694366
475	2	0.417716	6.242288	4.559423	4.280323	6.710125	4.951175	4.559423	4.280323
477	2	8.776595	1.765218	1.588231	5.686200	8.776595	-2.577357	6.692732	5.686200
478	2	-0.468507	6.285354	5.253227	6.881860	6.076845	1.736611	5.253227	6.881860
481	2	5.948939	-6.693381	0.520725	7.330673	-0.612082	-1.081707	0.520725	7.330673
482	2	6.140212	0.117793	5.003746	8.635343	-0.395327	2.752409	5.003746	8.635343
483	2	7.081665	-0.873480	7.208757	2.099977	0.831863	2.713146	7.208757	2.099977
484	2	5.662151	-2.339793	6.187713	3.185460	-0.469057	1.831818	6.187713	3.185460
485	2	6.372313	4.049838	0.907099	5.532615	6.372313	-1.467000	6.819170	5.532615
486	2	0.143634	-6.071612	7.037743	7.307547	6.654278	-12.325424	7.037743	7.307547
489	2	6.239847	4.064936	1.739371	6.328386	6.239847	2.317004	7.771408	6.328386
491	2	8.198919	-10.707008	8.649708	6.714234	8.198919	-5.495716	2.854528	6.714234
492	2	1.505489	4.712508	2.393680	2.585103	7.273029	0.523128	2.393680	2.585103
498	2	7.798697	-2.904251	5.975463	8.308584	7.798697	-1.690190	-0.123233	8.308584
499	2	6.785430	1.093664	0.128591	7.420864	1.026037	5.141650	0.128591	7.420864
500	2	6.668130	-1.803105	0.971493	6.520465	6.668130	-3.148857	5.640892	6.520465
501	2	7.093995	4.310110	-2.305388	5.975693	1.157255	7.673994	-2.305388	5.975693
502	2	7.259886	-5.170640	5.853159	1.936797	1.225739	1.109607	5.853159	1.936797
503	2	7.680606	-5.140702	6.759645	5.958193	7.680606	-2.657215	0.550433	5.958193
508	2	0.156841	3.852606	2.783582	7.064175	0.156841	1.341909	6.954166	7.064175
509	2	1.240197	3.253025	-0.483878	5.439134	5.354187	2.748301	-0.483878	5.439134
510	2	8.692660	-3.740384	0.364800	7.776206	8.692660	-9.741318	6.277760	7.776206
511	2	1.711863	-1.234671	-0.082382	6.373154	6.838140	-5.501644	-0.082382	6.373154
513	2	7.242889	4.010454	0.946018	4.541748	3.596852	7.510814	0.946018	4.541748
514	2	1.121612	5.848698	7.740306	3.968519	7.249923	3.168897	7.740306	3.968519
515	2	0.805881	3.831294	2.012986	9.237705	5.814369	3.090494	2.012986	9.237705
518	2	6.759384	-4.218101	0.446790	7.766093	6.759384	-5.427137	6.668129	7.766093
519	2	5.533667	6.088189	0.192442	4.040444	5.533667	-0.136468	6.736674	4.040444
522	2	0.711430	6.152491	-1.248917	7.004667	6.799485	-0.434674	-1.248917	7.004667
526	2	0.766718	-0.593451	6.731815	6.667264	6.257968	-4.074067	6.731815	6.667264
531	2	2.166119	6.829815	5.753765	4.020997	6.561842	1.026368	5.753765	4.020997
532	2	7.640808	-3.923685	1.506513	8.027342	1.464083	-0.795040	1.506513	8.027342
534	2	4.918217	5.933008	-1.863934	2.800064	1.138760	6.735836	-1.863934	2.800064
536	2	-0.966988	1.691219	1.258168	6.968260	4.602073	1.269392	1.258168	6.968260
538	2	2.224904	2.318766	1.766811	7.242639	7.027353	-0.727216	1.766811	7.242639
541	2	6.125535	1.433612	-1.152189	4.470478	0.354273	2.633509	-1.152189	4.470478
543	2	6.214461	3.674839	1.145062	7.117005	6.214461	1.855060	7.281061	7.117005
545	2	6.272514	1.022339	0.355917	6.698869	2.099178	6.698076	0.355917	6.698869
549	2	2.585188	1.035447	7.263582	7.779554	6.830564	-4.083569	7.263582	7.779554
553	2	0.917642	2.527793	7.264954	4.185263	7.316947	-1.356600	7.264954	4.185263
555	2	-1.753744	2.484395	5.561564	7.777845	-1.753744	3.345797	-0.631353	7.777845
557	2	7.605473	3.878344	3.665745	4.548895	7.605473	-0.002014	6.879685	4.548895
558	2	5.674062	-2.473593	6.666273	3.237440	2.132263	2.795042	6.666273	3.237440
560	2	6.296110	1.886290	-0.158755	5.376090	6.296110	1.175720	5.886344	5.376090
564	2	6.442561	2.355792	1.960403	4.093581	0.004060	6.209643	1.960403	4.093581
568	2	3.347472	6.247128	0.780084	2.302979	3.347472	4.469620	7.238946	2.302979
569	2	5.836613	-1.163752	1.078702	5.589945	5.836613	-2.968451	6.859241	5.589945
570	2	1.565192	7.858367	2.069679	6.538569	1.565192	2.749853	7.045380	6.538569
571	2	6.895414	-2.423116	6.551445	8.265739	6.895414	1.617130	0.376947	8.265739
572	2	6.738687	4.572528	-0.184768	4.815734	0.677556	6.017884	-0.184768	4.815734
573	2	1.448701	0.259630	7.633670	6.814943	6.926967	-5.279866	7.633670	6.814943
577	2	7.310320	-2.676220	2.002254	7.036134	7.310320	-3.910107	5.982048	7.036134
579	2	-0.330344	-3.329418	7.862334	6.776270	6.264499	-5.201505	7.862334	6.776270
581	2	4.332584	-1.843656	-2.445800	7.590035	6.759304	-1.844141	-2.445800	7.590035
588	2	6.494930	5.413420	-0.543802	3.714608	0.006084	7.928376	-0.543802	3.714608
590	2	5.876090	1.826136	0.246274	7.806814	1.900022	3.978618	0.246274	7.806814
591	2	7.719805	-6.892558	6.344065	8.280097	7.719805	-2.892557	0.596744	8.280097
596	2	8.695188	-7.653219	6.649685	7.623863	8.695188	-1.690169	0.595794	7.623863
597	2	0.813000	4.636692	6.116647	4.376998	0.813000	6.358817	2.257947	4.376998
599	2	8.715839	0.341970	-0.044294	6.715406	3.040970	3.409348	-0.044294	6.715406
603	2	7.298689	-0.007946	-1.580510	7.383615	1.756220	3.421076	-1.580510	7.383615
605	2	0.900232	5.246876	-0.074181	5.951605	0.900232	3.903931	6.276154	5.951605
607	2	1.720314	2.511511	6.095378	7.243143	1.720314	4.884444	0.665820	7.243143
614	2	7.240052	-0.975860	6.371662	7.562023	7.240052	-0.544890	0.407614	7.562023
616	2	5.515614	2.989405	2.823614	6.978200	5.515614	-1.614738	8.746809	6.978200
617	2	6.981444	-0.061938	0.488859	7.172014	0.862119	4.793371	0.488859	7.172014
618	2	-0.394717	0.485389	-0.860208	9.143515	5.749433	-2.605663	-0.860208	9.143515
621	2	2.136707	1.662759	5.592201	4.980559	8.093547	-4.913824	5.592201	4.980559
623	2	0.634106	2.969363	1.634687	7.962798	0.634106	-1.245194	6.838254	7.962798
625	2	8.926079	-6.551436	7.154880	8.045266	2.883102	-1.422304	7.154880	8.045266
627	2	-0.058058	-0.490217	6.215539	6.365218	6.534323	-2.978973	6.215539	6.365218
629	2	8.115533	0.663188	6.791939	5.859579	2.952085	2.698972	6.791939	5.859579
633	2	8.129249	-2.361250	3.112176	8.070398	8.129249	-8.824776	6.224822	8.070398
636	2	7.555313	-4.041765	7.097351	6.817611	7.555313	-1.794132	1.481515	6.817611
640	2	1.150965	5.896854	0.920547	5.839666	7.310750	1.639563	0.920547	5.839666
643	2	4.913327	2.219248	0.412586	8.645393	-1.589852	2.910214	0.412586	8.645393
644	2	9.184724	-2.095581	3.285205	7.915841	9.184724	-7.525902	7.731353	7.915841
645	2	4.507924	4.644669	2.078208	6.916770	4.507924	0.332947	7.582927	6.916770
646	2	4.158301	0.837207	8.582287	5.687977	6.518999	-0.663622	8.582287	5.687977
647	2	-3.111269	-1.003090	7.382446	6.476075	-3.111269	3.174048	1.457081	6.476075
648	2	1.072162	2.153900	-3.433053	7.849597	6.920926	-0.864421	-3.433053	7.849597
649	2	0.620662	3.760632	6.125075	6.506773	7.052930	0.276813	6.125075	6.506773
651	2	5.955874	0.510804	7.627598	4.872638	5.955874	2.444898	1.996173	4.872638
655	2	1.563828	0.152140	8.642999	6.421541	7.099474	-5.224275	8.642999	6.421541
657	2	1.652767	-2.126069	5.377494	5.123627	7.028661	-5.718022	5.377494	5.123627
658	2	4.594089	1.145061	2.583200	6.929228	4.594089	-0.524213	6.795279	6.929228
660	2	-1.964903	-1.894414	7.411448	7.196452	-1.964903	4.683623	2.527505	7.196452
661	2	5.647672	-1.692651	3.462169	6.819262	-0.653185	1.800781	3.462169	6.819262
663	2	1.473449	2.436969	5.213311	5.871663	6.382276	-2.565841	5.213311	5.871663
668	2	6.924819	-2.551929	6.032628	7.159976	6.924819	1.367573	0.141936	7.159976
669	2	-0.116673	4.276065	2.662996	6.167118	-0.116673	-2.188580	6.759152	6.167118
671	2	6.135475	3.282712	0.040205	4.540959	0.415000	6.943151	0.040205	4.540959
677	2	-1.569894	6.643909	0.634533	3.713148	-1.569894	5.959277	5.883421	3.713148
678	2	8.553062	1.059925	0.929849	4.873546	8.553062	-1.712185	6.230153	4.873546
689	2	5.342423	3.866434	0.787151	5.361025	0.769966	6.430585	0.787151	5.361025
690	2	-0.455469	0.607827	1.345695	8.148178	-0.455469	-5.371533	7.917665	8.148178
691	2	7.958619	-1.787422	6.372743	7.096475	1.883896	1.728679	6.372743	7.096475
692	2	0.649642	3.448413	1.007817	6.451286	7.106330	-2.908409	1.007817	6.451286
696	2	-2.586951	0.486091	7.732495	6.270578	3.382072	0.483421	7.732495	6.270578
697	2	8.061748	-9.942586	7.565464	6.893979	8.061748	-4.363420	1.810932	6.893979
699	2	2.073729	5.146320	6.041454	6.767563	7.506453	-0.871443	6.041454	6.767563
700	2	-0.935177	6.393500	0.965136	6.573613	-0.935177	1.263830	7.400852	6.573613
702	2	0.301940	3.203377	0.932013	7.526138	0.301940	0.196548	6.939803	7.526138
703	2	4.694744	3.645200	-0.440506	6.314348	4.694744	3.324486	5.714723	6.314348
704	2	8.342063	-1.957946	1.888621	7.924843	8.342063	-5.824739	6.696008	7.924843
707	2	-2.477574	6.033697	2.319656	4.567019	-2.477574	0.338169	8.696880	4.567019
708	2	8.058919	-6.935557	-1.759430	5.488091	3.355479	-2.037064	-1.759430	5.488091
710	2	5.969044	3.096596	1.691422	6.539903	-0.498673	5.465489	1.691422	6.539903
711	2	-1.527030	3.252787	1.876235	7.977086	-1.527030	1.376411	7.799498	7.977086
712	2	9.039889	2.044514	0.691042	7.919388	9.039889	-0.806705	6.694268	7.919388
714	2	-0.589011	0.708307	3.460261	9.275202	-0.589011	-1.903857	6.365044	9.275202
715	2	7.180005	-5.370321	8.564599	3.730529	0.703866	-0.647927	8.564599	3.730529
716	2	6.543980	-3.063275	9.045794	6.981716	0.859021	0.232497	9.045794	6.981716
717	2	-1.055794	-5.475778	7.910657	7.843888	-1.055794	-1.456630	1.631622	7.843888
718	2	0.160268	0.731814	8.373183	6.649595	6.667982	-2.143293	8.373183	6.649595
719	2	-0.350777	-3.881001	3.937204	6.040733	6.132760	-4.991866	3.937204	6.040733
720	2	1.180274	2.283972	-5.213840	5.410472	7.328530	-0.214814	-5.213840	5.410472
721	2	-0.257196	5.702405	1.074142	3.525385	-0.257196	1.222578	6.193760	3.525385
726	2	7.294532	0.756304	1.253000	3.600212	7.294532	-1.993317	6.422403	3.600212
728	2	0.799857	-1.971020	6.931465	8.782503	6.878407	-3.766127	6.931465	8.782503
729	2	0.130526	2.428250	0.586930	6.839156	6.619241	0.288638	0.586930	6.839156
731	2	7.225733	2.374769	3.474658	2.613389	7.225733	-0.172165	7.197101	2.613389
732	2	7.217784	-5.352462	6.671486	5.325809	0.964082	-1.105625	6.671486	5.325809
735	2	-0.729330	1.761033	5.282371	8.886305	-0.729330	2.916490	-0.697411	8.886305
737	2	-1.041450	7.589438	1.127597	8.146611	-1.041450	2.317695	7.121545	8.146611
738	2	6.865872	2.048211	6.682261	4.294836	0.871484	5.170640	6.682261	4.294836
741	2	5.694491	2.486209	6.412465	5.555687	5.694491	3.336006	2.802138	5.555687
743	2	9.045885	-7.810537	7.051005	6.655906	9.045885	-1.847554	1.355058	6.655906
746	2	8.151585	2.708511	2.611851	6.467917	2.026098	5.348663	2.611851	6.467917
747	2	0.511727	5.493344	-1.135169	7.137060	6.622858	4.649212	-1.135169	7.137060
749	2	0.188805	7.581100	-2.287567	6.257097	6.514699	2.265644	-2.287567	6.257097
751	2	5.087386	-4.702375	6.901847	3.450567	5.087386	0.368842	1.368183	3.450567
752	2	6.098779	-2.112175	6.414257	7.084276	0.751231	-0.216574	6.414257	7.084276
754	2	6.946788	0.476327	4.768914	6.993713	0.587374	5.243203	4.768914	6.993713
756	2	7.020180	3.579500	-0.512264	4.760615	1.320213	6.556551	-0.512264	4.760615
757	2	4.314976	-7.209059	7.050012	6.296456	4.314976	-0.828903	1.629596	6.296456
759	2	5.151680	1.283457	7.542826	6.719984	5.151680	6.299298	1.907075	6.719984
760	2	7.467830	-1.474598	0.638493	5.148481	7.467830	-6.179409	7.000545	5.148481
761	2	-1.699913	8.298973	1.420856	6.476399	-1.699913	3.962786	7.765632	6.476399
762	2	3.277275	2.591702	7.466952	7.683763	9.337513	-3.740511	7.466952	7.683763
768	2	9.821864	-5.633434	7.692303	5.689524	9.821864	-0.170216	1.334929	5.689524
770	2	1.623281	5.568311	8.198877	4.512080	7.368488	0.391404	8.198877	4.512080
771	2	7.138053	3.610860	0.275500	6.643907	7.138053	-1.288459	6.647414	6.643907
772	2	7.934847	-0.417867	0.733988	5.143510	3.335364	4.988796	0.733988	5.143510
773	2	7.628618	1.020376	0.713909	6.862710	7.628618	-3.644633	7.021548	6.862710
775	2	6.791213	-2.234106	6.521477	6.639818	2.816478	3.829685	6.521477	6.639818
779	2	5.748267	0.339141	8.556373	6.887323	0.111773	1.124289	8.556373	6.887323
781	2	7.118789	4.225109	1.444230	4.308120	7.118789	-0.439740	7.447952	4.308120
782	2	0.546708	4.984758	2.437612	7.018386	0.546708	2.322885	6.933334	7.018386
786	2	5.998857	3.137078	0.617089	7.100456	5.998857	-0.862267	6.016941	7.100456
789	2	8.562338	-3.192186	5.913292	7.242783	8.562338	3.266600	-0.063405	7.242783
793	2	7.368597	-7.449829	6.770772	6.743696	7.368597	-1.396220	1.880280	6.743696
794	2	1.037162	-4.359447	8.409499	6.451233	7.509645	-5.971737	8.409499	6.451233
802	2	6.622529	3.055794	6.916802	5.214686	2.681272	6.186521	6.916802	5.214686
806	2	7.159083	1.962613	-2.273545	8.788884	1.708959	3.890733	-2.273545	8.788884
807	2	0.469494	0.882431	1.956117	7.501776	6.503597	-5.177661	1.956117	7.501776
810	2	1.054673	4.278767	0.965916	6.100981	6.401962	2.194495	0.965916	6.100981
813	2	4.676523	3.818024	6.406620	5.879452	-1.437191	3.830372	6.406620	5.879452
816	2	1.484898	7.261048	-0.010090	3.422922	7.503641	2.618894	-0.010090	3.422922
817	2	4.391750	0.248764	8.222059	6.683814	4.391750	5.881360	2.614163	6.683814
818	2	0.642778	-1.126630	6.256577	9.439637	6.925571	-5.672747	6.256577	9.439637
821	2	3.153713	4.394155	7.179166	5.544214	6.978799	2.593404	7.179166	5.544214
824	2	6.508043	-11.033308	7.567019	7.124847	6.508043	-4.935249	2.055971	7.124847
825	2	-1.160411	-0.587239	6.111966	8.170396	5.077278	-0.756349	6.111966	8.170396
826	2	8.281367	-0.323503	6.611607	7.683674	2.843879	2.649123	6.611607	7.683674
829	2	6.250888	5.185927	1.004652	6.769312	1.628344	6.124640	1.004652	6.769312
830	2	4.865156	-5.034103	6.383952	8.523989	4.865156	0.556674	0.539396	8.523989
835	2	1.297380	2.028440	3.638717	1.038321	7.876530	-3.237512	3.638717	1.038321
836	2	-0.324750	3.839262	-1.157166	8.450006	-0.324750	3.139193	4.628535	8.450006
838	2	1.480388	-0.178510	-0.045959	9.383877	7.676151	-5.707041	-0.045959	9.383877
841	2	-0.075343	2.142994	1.368240	6.935506	-0.075343	-3.584072	7.311013	6.935506
842	2	-2.924859	-0.186393	6.579382	6.652604	-2.924859	6.089763	2.013563	6.652604
843	2	7.259682	-0.285679	1.674776	6.051910	7.259682	-4.949855	8.061517	6.051910
846	2	-0.153662	5.904594	1.215263	9.243050	-0.153662	3.548472	7.522181	9.243050
847	2	7.103138	-2.198278	0.317651	7.051090	7.103138	-4.728785	6.870559	7.051090
848	2	1.978133	-4.877829	8.377479	7.483405	1.978133	1.416517	3.203249	7.483405
851	2	5.976664	-0.925044	-0.186260	7.285647	1.982561	0.376929	-0.186260	7.285647
852	2	7.388677	-1.633205	7.720012	4.822146	7.388677	0.061513	2.053659	4.822146
853	2	-0.524866	3.064491	8.868884	3.338132	5.970607	0.484364	8.868884	3.338132
855	2	2.783194	0.264790	6.520207	7.367978	8.042402	-5.345670	6.520207	7.367978
858	2	1.071315	1.664546	7.479428	4.379108	7.118439	-3.667871	7.479428	4.379108
861	2	6.812682	-4.018563	6.249584	7.938809	0.731015	0.066988	6.249584	7.938809
862	2	7.403472	-7.823736	7.952302	6.008961	1.158131	-3.021135	7.952302	6.008961
864	2	-0.076881	6.622902	0.342935	3.419102	6.548271	3.141429	0.342935	3.419102
867	2	2.876409	5.026562	0.170036	1.823379	2.876409	0.199703	6.229492	1.823379
872	2	6.577213	-3.387204	7.210323	7.799003	0.907418	0.873067	7.210323	7.799003
873	2	1.264366	-1.101502	5.611487	9.117007	1.264366	3.776264	-0.916544	9.117007
877	2	-1.861201	0.497299	7.786105	8.764252	-1.861201	2.375075	1.230151	8.764252
879	2	3.119480	2.632258	0.233933	6.567174	3.119480	-1.739225	6.112662	6.567174
880	2	-4.256899	2.539769	1.556366	7.299020	-4.256899	-2.970449	8.005592	7.299020
881	2	0.218748	2.892398	-0.752418	8.503706	6.491156	-1.281583	-0.752418	8.503706
886	2	7.230070	1.733090	1.944192	5.779494	7.230070	-0.109616	6.598967	5.779494
888	2	5.373914	0.961468	-0.378893	5.116939	5.373914	0.042084	6.113784	5.116939
889	2	5.157463	-2.360284	7.137821	5.795143	-0.238116	-1.944174	7.137821	5.795143
892	2	0.366571	-0.355192	8.669690	6.777334	6.238649	-4.633957	8.669690	6.777334
894	2	6.716195	-0.196212	2.562628	8.898529	6.716195	-2.847573	8.647511	8.898529
895	2	7.286163	-1.267079	7.752072	6.362374	1.305764	3.450704	7.752072	6.362374
901	2	5.924081	1.537162	4.012785	5.720696	5.924081	3.190047	-1.594156	5.720696
903	2	1.330541	6.460664	2.030615	7.389825	6.409333	4.042235	2.030615	7.389825
906	2	7.153712	-0.051958	1.770678	6.643586	7.153712	-4.407545	8.243835	6.643586
908	2	2.187371	6.710933	-3.007637	3.736377	8.238320	4.517716	-3.007637	3.736377
909	2	7.253111	3.367266	-1.269705	4.569256	7.253111	3.146869	5.171636	4.569256
910	2	6.013264	-0.470949	0.136507	8.086981	6.013264	-5.344582	6.353546	8.086981
913	2	-0.562094	-0.550368	-0.421797	6.584633	-0.562094	-5.696147	5.984841	6.584633
916	2	7.550392	-6.776400	7.352373	7.721416	1.445445	-2.293895	7.352373	7.721416
917	2	2.453185	3.694767	5.792203	6.997335	7.628773	0.674923	5.792203	6.997335
919	2	1.834773	3.124770	8.205175	5.648176	6.804549	0.727058	8.205175	5.648176
930	2	0.858290	5.010047	2.781029	7.622829	0.858290	4.149049	6.535268	7.622829
931	2	6.842973	-1.161258	-1.633337	8.045242	1.364835	3.598989	-1.633337	8.045242
934	2	2.803034	4.517537	0.013640	6.395489	7.150074	-0.062663	0.013640	6.395489
936	2	8.392412	-10.738770	6.907598	7.450412	8.392412	-6.799286	1.824363	7.450412
937	2	5.909957	0.823586	2.331267	4.882785	5.909957	-4.833276	8.811598	4.882785
938	2	2.716747	4.597745	6.114351	4.502537	2.716747	6.918966	1.645165	4.502537
942	2	0.154991	3.780150	6.819701	6.702217	0.154991	6.519642	1.468311	6.702217
944	2	6.987105	-1.477493	0.035013	4.348706	2.455081	1.824614	0.035013	4.348706
951	2	3.622472	5.304752	-4.060657	5.205389	8.890389	1.819884	-4.060657	5.205389
952	2	8.235566	-5.630415	2.334690	7.572276	2.994400	-4.046675	2.334690	7.572276
953	2	6.275828	5.257677	3.438952	3.059139	0.166155	6.431628	3.438952	3.059139
955	2	6.565490	2.611241	1.553145	4.167071	6.565490	2.116085	7.767864	4.167071
957	2	2.029243	0.217625	-3.098312	7.354127	7.067800	-3.592436	-3.098312	7.354127
958	2	1.558547	5.950979	-0.528681	7.347289	6.373564	1.322008	-0.528681	7.347289
959	2	7.552508	5.380025	3.687573	6.465880	7.552508	5.467520	-2.013883	6.465880
961	2	0.010833	-0.171127	7.657815	5.853464	5.897784	-6.443098	7.657815	5.853464
962	2	7.855602	-2.041128	2.348269	6.150814	2.244373	2.888484	2.348269	6.150814
963	2	-0.636959	-0.307507	6.491648	9.353037	5.731635	-3.201520	6.491648	9.353037
964	2	7.584316	-3.098551	7.448796	9.286940	7.584316	2.643402	1.456283	9.286940
965	2	0.489643	4.029777	0.935108	5.080402	6.014907	2.649349	0.935108	5.080402
966	2	0.443408	-0.401385	6.769786	6.942251	6.356244	-1.632467	6.769786	6.942251
967	2	-0.287178	3.254949	7.650355	5.268494	6.275470	-1.315745	7.650355	5.268494
969	2	0.611040	6.249364	-0.387431	6.862185	6.507227	0.181535	-0.387431	6.862185
970	2	7.313707	-2.258925	2.796239	7.481172	7.313707	-5.151692	5.557056	7.481172
971	2	6.825910	2.773496	0.394522	6.297900	0.972717	4.265481	0.394522	6.297900
972	2	6.321525	-2.057075	0.665458	8.211319	1.311391	0.048690	0.665458	8.211319
973	2	2.421145	5.827003	-0.612060	6.572099	7.915009	-0.660881	-0.612060	6.572099
975	2	0.553175	5.970826	-1.401003	4.921853	7.099530	1.279716	-1.401003	4.921853
979	2	0.416748	1.990409	6.733502	6.243527	6.295366	0.422200	6.733502	6.243527
981	2	5.300720	1.523978	5.860296	6.929135	-1.133625	2.011838	5.860296	6.929135
984	2	0.932463	-3.780251	8.549595	7.412355	5.987213	-4.670936	8.549595	7.412355
986	2	-0.343628	7.355135	0.645307	5.208209	-0.343628	3.667255	7.177870	5.208209
989	2	2.253548	6.961077	0.443646	5.573670	2.253548	6.415108	5.620559	5.573670
990	2	7.295244	-6.029179	7.563173	7.815209	0.723849	0.146305	7.563173	7.815209
994	2	6.438027	3.782725	-0.987028	6.852770	0.519937	5.031590	-0.987028	6.852770
995	2	8.281773	-1.793146	-1.384290	7.161359	3.734602	3.905549	-1.384290	7.161359
996	2	6.803615	0.807039	-1.065285	3.947515	0.755884	3.933694	-1.065285	3.947515
1000	2	6.917025	4.402034	1.192654	6.664468	1.224544	8.765084	1.192654	6.664468
