2	2	5.959093	-8.014494	6.455715	-5.573188	1.660538	6.020019	4.296674	0.147556
3	2	0.162244	0.304346	-0.241411	6.825996	6.497270	-6.182186	4.127815	-4.646124
6	2	5.998853	-7.555426	7.482554	0.923462	1.050399	2.796146	0.936153	8.745871
7	2	6.825544	-7.405774	7.690019	-1.000965	1.268864	1.416014	2.580125	6.307176
20	2	1.539083	4.097841	2.641985	6.554904	6.315811	-6.869179	8.337383	-5.616623
24	2	-2.869451	6.458693	1.125719	-0.621083	-1.585434	1.776535	1.126213	5.755986
26	2	-1.209902	6.138202	0.468951	1.153568	0.256959	1.717435	0.478431	6.198870
27	2	1.372615	3.202458	2.137149	5.903470	7.720733	-6.778959	7.085219	0.078678
28	2	6.449932	-1.034997	3.606710	3.239573	6.321785	-0.780130	3.513891	-1.749233
30	2	1.984408	5.968828	2.245975	-1.306424	7.376397	-3.776395	8.155271	-5.460216
31	2	1.518828	3.923345	1.974147	-0.100691	7.591233	-8.835063	6.813300	-3.931637
35	2	6.268698	-7.466351	7.199951	-6.479267	3.216090	4.784712	0.580207	-0.307046
36	2	-0.235676	7.218868	0.522622	-0.344578	-0.235676	6.141873	0.525149	5.106982
37	2	8.908634	-3.722216	3.642111	-0.461412	3.401716	2.431502	3.469663	6.090489
44	2	6.189540	-12.264062	4.227640	-4.898882	0.029971	2.625876	-0.403749	0.747475
46	2	7.039795	-12.858237	6.718935	4.976889	7.039795	-8.851539	6.718935	-1.304640
47	2	1.144449	2.595740	2.162784	6.739635	6.545511	-4.877330	7.889294	-5.662633
52	2	-0.006486	7.431435	-0.783033	-1.989782	6.109642	-4.746178	4.315604	-4.867954
53	2	6.933231	-2.779924	4.496118	-1.906645	1.056957	5.053988	-1.259201	4.360712
54	2	1.276827	7.365110	4.174654	-2.827321	6.374784	-6.043017	7.490054	-9.253682
55	2	-0.768220	6.443366	-0.947337	6.367364	-0.768220	9.129422	-0.947340	0.193275
59	2	-2.732719	6.559813	-1.527313	-0.101752	-2.732719	4.984110	-1.525979	5.580164
63	2	6.558596	-9.295562	6.146653	-5.959007	0.154048	0.879882	0.394564	6.065569
64	2	3.945231	-9.038936	6.543344	-6.299318	0.233523	2.498822	2.525559	-0.826583
65	2	6.975817	-2.896945	3.803000	4.311574	4.073311	0.735529	-2.221402	8.990656
66	2	6.507172	-7.200273	7.063974	-6.493368	1.162754	5.499372	4.471865	-1.287318
68	2	6.310556	-5.914310	6.536203	2.930666	6.245710	-4.163542	6.536203	-1.231664
72	2	7.139328	-9.148440	8.335859	-5.783042	0.703743	7.085511	2.512619	0.454193
74	2	2.137632	2.638530	4.039257	4.746169	6.387086	-5.760278	8.140901	3.202971
78	2	-1.243445	6.486587	0.211313	0.056238	-1.241535	4.829064	0.211318	5.135702
81	2	0.741176	5.394742	0.493184	-0.520019	6.432397	-4.254369	5.965803	-5.814201
84	2	0.093805	5.077051	-0.855853	-1.544008	6.639589	-9.202253	5.653304	-6.920285
90	2	6.833156	-8.140021	4.066060	-5.937592	1.561665	6.030854	-2.148821	4.266379
91	2	5.859677	-8.081929	8.090296	-5.797914	3.073617	3.653568	3.281647	0.184253
94	2	6.408509	-8.967502	7.214068	-7.694589	3.066609	2.718235	3.095257	3.066052
96	2	6.736527	0.228245	5.397712	3.234232	7.645364	-5.968668	6.896958	-6.312949
100	2	0.679456	4.012815	0.498867	-0.225092	6.119070	-5.574457	6.099504	-0.890836
101	2	5.556063	-6.655003	6.357950	3.434661	5.556061	-6.633542	6.357949	-0.695397
102	2	1.734499	3.415699	0.057050	5.783239	6.298836	-1.400438	4.989832	5.756526
103	2	7.418763	-4.949098	7.539004	-4.669688	1.519113	2.357664	4.656343	4.554836
106	2	4.284186	-3.580645	8.082230	4.413731	1.334015	2.944470	2.844822	7.370621
107	2	6.725629	-13.964467	7.662057	4.786960	6.710664	-9.726720	7.662057	-1.807162
109	2	1.008788	1.031088	0.571819	6.289189	1.033144	-0.356313	4.949331	5.667295
111	2	0.526159	1.403400	1.557278	7.300326	7.046585	-9.609584	7.172843	-4.880975
115	2	5.914609	-7.149002	3.822992	2.770482	5.912908	-7.003134	3.822992	-3.596005
116	2	9.528907	-2.291475	6.758283	3.826457	9.527303	-2.190417	6.755028	-0.148918
117	2	3.410366	2.882520	1.845972	7.379768	6.169992	-3.480800	4.480517	0.858321
119	2	7.331108	-7.384453	8.104506	4.243201	7.331108	-6.737900	8.098096	-1.893294
124	2	9.426119	-7.903763	6.156826	-5.457294	3.647040	6.452357	0.164601	-0.931654
126	2	0.638249	3.737541	1.836790	7.869503	5.816358	-4.785436	7.760378	-4.627310
128	2	5.521754	-5.634821	8.310944	-1.748435	2.591974	5.560241	2.827371	1.619454
129	2	6.563554	-10.579494	8.656594	-7.394280	1.760013	6.347672	2.981586	-1.034866
132	2	2.316944	1.936140	-0.253780	7.194423	7.148912	-5.528496	6.003089	-0.993531
133	2	2.352844	1.431422	-2.540553	6.309165	8.107516	-0.973591	3.350225	5.505817
134	2	8.844453	-7.781449	5.194304	-0.378695	8.844453	-14.361716	5.200799	5.453153
135	2	1.018080	6.642456	3.685011	5.719332	6.468550	-6.063451	6.745218	-0.236844
139	2	2.264482	4.908792	1.686462	6.538176	2.253325	6.953556	1.685479	1.120725
140	2	8.550596	-8.151993	8.487208	-2.031495	2.629355	3.150046	3.201396	6.896701
141	2	-0.223357	5.826405	0.539395	-1.979294	5.769537	-7.324083	6.064131	-3.849358
143	2	-2.289952	8.385128	2.037463	-0.180175	-2.289941	6.020944	2.037463	5.151192
147	2	4.723138	4.337531	1.614086	-0.801938	5.593476	-5.789240	6.786772	-5.098884
152	2	6.618475	-7.032094	6.187726	-5.913230	2.456381	6.262280	0.000239	0.582125
155	2	5.370035	-6.134406	6.754952	-3.777167	0.361003	1.972161	2.998614	6.767381
156	2	8.466531	-11.813015	6.636528	-3.823885	1.862430	6.150706	0.644172	0.860221
160	2	1.356191	4.668543	1.347875	1.658897	7.455330	-7.319134	6.943296	-3.566825
161	2	7.338763	-11.087085	7.338744	-8.809523	3.145993	6.355356	0.714927	-4.575952
162	2	6.988323	-10.474541	7.451213	-4.099082	2.183233	1.342354	3.067121	6.126764
164	2	1.579577	1.414193	3.140830	6.585209	6.678143	-4.883585	6.279618	-2.486893
165	2	6.459939	-5.728263	5.008251	-7.119809	1.646663	4.554999	-1.304132	-1.053694
166	2	3.064377	3.993930	-1.181947	5.623160	7.444390	-3.816449	5.395514	3.783541
167	2	7.196440	-8.639466	6.778079	-4.123559	1.768885	7.212128	1.845995	1.938646
171	2	8.188657	-12.732363	7.025028	-4.308434	3.153833	2.644264	2.611616	1.968134
174	2	-0.656944	5.953621	0.266177	-2.291599	5.850228	-2.634616	6.345449	-5.938425
176	2	2.156643	4.805442	0.155760	8.091283	6.977888	-5.398801	6.045708	3.746551
177	2	-0.296120	3.788020	0.209572	6.459372	-0.296625	6.764388	0.209572	1.431295
178	2	8.457007	-6.525070	4.787277	-3.616059	3.939400	3.153550	-1.224884	5.091516
184	2	-1.509085	2.470408	1.207531	7.831242	4.817728	-2.586860	5.516645	5.048466
186	2	1.682346	6.267146	0.074912	0.194781	1.682394	0.803340	0.074945	5.927401
189	2	6.398535	-4.683317	7.275493	2.240134	6.398379	-2.583783	7.272241	-2.044272
194	2	3.209088	-8.906910	6.255511	-7.027825	-0.847401	2.255503	3.815232	-1.531240
195	2	7.326861	-5.730090	5.692386	-1.535987	6.552857	-0.281681	4.354444	5.126410
196	2	1.707352	3.302314	1.897004	6.135910	6.654222	-1.786408	2.412662	-6.091844
197	2	7.876318	-10.946706	6.915057	-6.022933	1.964803	1.528624	0.870279	6.446301
199	2	-2.253355	8.291986	0.630225	-0.075032	-2.253355	4.385466	0.630336	5.851611
202	2	-2.137523	8.225830	3.180179	-1.965573	-1.911262	5.684690	3.500968	3.998017
203	2	8.674472	-11.597720	7.924767	-1.431303	2.256632	5.051235	3.188686	5.930337
204	2	7.353423	-6.961123	4.306774	-4.488692	1.793494	3.272650	1.638868	5.958574
209	2	0.699883	8.852202	-0.132682	0.446420	0.750252	3.149046	0.478328	6.961716
210	2	1.119957	8.503230	0.923941	0.569856	1.119957	7.909329	0.923941	6.462074
211	2	2.435314	3.702104	1.105469	6.622428	7.512829	-6.069140	7.302338	-5.844820
215	2	6.087997	-8.053205	8.634918	-1.744259	0.105337	-1.672472	8.270501	-1.611873
216	2	2.860284	1.468734	6.952701	-2.526949	5.274987	-6.341023	9.171717	-8.723866
218	2	6.759890	-9.202298	6.486152	3.164171	6.759890	-9.167571	6.486088	-2.446498
221	2	7.839148	-7.416605	7.148632	-4.620152	3.601493	4.164988	2.561693	6.229546
223	2	5.016362	-5.316184	9.392940	-0.827810	5.077391	-10.604465	9.447161	5.218935
226	2	6.240228	-3.350652	8.074571	-5.827515	2.319373	2.479392	2.487130	6.439832
227	2	6.454326	-9.038320	6.842710	3.882720	6.454326	-8.152489	6.842700	-2.696329
230	2	3.318097	2.320309	0.406258	7.380223	6.934931	-4.868029	6.098908	-2.506661
231	2	7.731384	-9.659628	5.885841	-6.666804	2.374256	6.214215	-0.077060	0.158129
234	2	0.369213	3.079704	0.871059	5.156642	0.369013	8.263616	0.871052	0.810531
235	2	7.558820	-4.803058	6.474099	-2.865921	2.368183	3.053358	1.855200	2.311023
236	2	7.587589	-9.325691	4.764184	-6.760160	1.662049	4.990749	-0.148230	-0.550084
237	2	8.420613	-8.055280	6.668657	-6.013305	2.710853	4.589019	1.113666	0.568569
239	2	3.851734	-0.889897	7.858679	-0.259992	0.760636	1.897521	3.541862	5.613118
240	2	0.922345	4.102096	0.586580	0.854229	6.404166	-6.698560	6.665082	-5.324304
242	2	6.762675	-4.526862	7.337871	-0.461221	3.341206	1.044607	4.035498	2.581558
244	2	8.720701	-5.563728	8.112606	0.999709	3.278655	1.213993	3.081051	9.100260
245	2	6.859182	-6.117747	7.886844	-2.800143	0.734034	5.966422	4.127577	2.034117
247	2	4.131516	2.670547	-1.082878	6.487913	7.859533	-8.444775	5.241023	-6.116750
253	2	4.515470	2.524533	2.987850	1.024004	6.883960	-8.795701	5.562994	-4.157688
255	2	3.377524	3.264595	-0.803325	7.769180	5.075607	-2.607160	5.680402	4.510200
263	2	9.148113	-6.157891	5.553524	2.023347	9.148105	-4.745306	5.553524	-4.160881
269	2	-3.869327	5.322765	0.776790	6.263385	-3.887985	8.508781	-0.365046	0.439672
270	2	8.236173	-7.250927	6.484767	-0.624834	1.636580	3.012580	2.883952	7.433512
274	2	6.257764	-5.870757	6.962218	4.281223	6.257763	-5.220685	6.962218	0.103149
277	2	-1.081788	5.954307	2.841311	2.298087	-0.988334	0.857608	2.841323	8.024623
281	2	6.397327	-4.414750	7.379568	-1.826126	1.992826	1.775091	1.677348	7.399602
283	2	2.124722	6.538073	1.585724	3.857508	6.610607	-7.136022	7.020358	-5.706815
284	2	5.963895	-8.323477	6.709559	-7.946939	0.611962	5.570817	0.621160	-2.715510
286	2	6.558961	-10.931065	8.511548	-5.655052	1.883837	4.914354	2.631642	6.599065
288	2	5.577016	3.153650	-1.564764	0.921079	5.652775	2.614351	-1.177770	3.689541
290	2	5.239152	-12.452998	8.105546	-6.525995	1.693008	4.533968	3.445860	-0.075696
292	2	7.156882	-6.491993	4.534670	-2.209441	3.605384	1.930589	-0.447095	6.848516
294	2	3.032343	4.307410	-2.306867	6.775247	6.855833	-5.784185	3.226714	-2.736143
299	2	2.585063	5.157329	1.878476	5.287401	6.774841	-10.784218	8.389486	-0.622198
303	2	3.624570	3.674573	1.458713	-1.048566	8.331077	-7.092935	6.991801	-6.410157
304	2	6.531073	-7.870333	8.939316	-8.578087	2.861501	4.722424	2.750497	-1.954476
305	2	4.291345	6.465052	-1.855456	0.434815	4.295640	4.328638	-1.855034	5.029522
308	2	6.529159	-9.230707	6.433638	-4.812290	4.223285	3.726736	2.471503	6.132644
309	2	-0.758308	3.501324	0.293582	7.619735	4.612690	-7.017961	6.353226	-1.918521
311	2	7.936741	-11.097213	8.512717	-6.112158	4.051705	0.015256	3.172955	4.453856
314	2	7.362039	-3.531499	6.584343	-3.485360	1.524954	6.116456	1.214538	4.633146
315	2	6.582071	-6.371027	9.196686	-5.810714	0.645961	2.637857	3.942201	1.182418
317	2	-1.689810	6.737299	0.711272	-0.329762	2.499606	0.324346	2.777667	5.610917
318	2	1.443444	8.526306	-0.327440	-0.265738	3.202506	2.445960	-0.327276	6.209159
323	2	0.354252	7.877999	-1.477501	0.441675	0.354345	4.026785	-1.477486	6.571047
327	2	6.807053	-9.701498	7.262017	-5.062460	3.590858	7.667786	0.989422	1.409940
329	2	4.740553	-7.296651	6.646916	-10.013514	-1.745196	4.098753	0.173479	-5.082069
333	2	-1.904469	5.216830	1.519373	0.850574	-0.875334	0.173977	4.830114	7.197113
334	2	-2.283652	6.300874	0.780736	0.985864	3.128454	-2.949886	6.910236	-4.099491
337	2	-0.042163	5.645716	-1.509741	-0.297685	-0.033906	1.105824	0.815727	5.671584
339	2	6.812927	-9.889262	7.116613	-5.489663	0.894245	7.171303	2.061849	0.188164
342	2	4.209003	-6.153707	7.289246	-2.643480	-1.125784	5.884326	3.542921	-1.182197
346	2	4.191545	4.932099	2.133198	1.884133	9.251455	-7.945056	8.023874	-6.111196
347	2	-0.127502	5.984659	0.961040	-2.555604	-0.127502	5.778005	1.063711	3.576029
352	2	-0.721006	5.537687	1.220322	0.878414	5.090472	-4.319554	6.775419	-5.317298
353	2	0.906690	2.150889	1.706100	6.924236	6.143679	-7.002760	7.546317	-5.044545
354	2	2.438523	-2.829995	4.911766	2.765157	2.437756	-2.115042	4.873756	-0.982652
355	2	1.011797	4.175223	-1.202438	-2.084882	6.150333	-5.641480	4.079772	-4.352068
358	2	2.899606	-0.745316	7.237543	4.116063	7.689302	-8.192140	7.947397	-4.821192
359	2	4.463394	-5.944541	6.677344	-3.767711	4.452890	-1.395703	3.430380	5.110772
360	2	7.791627	-9.095519	8.088195	-8.287992	1.719677	5.355618	2.529783	-2.465041
361	2	5.924394	-5.192510	6.275614	-2.825816	-0.511557	5.173909	1.955136	0.984593
362	2	4.176966	-5.603592	7.883227	-2.235619	3.775518	-0.829142	7.120477	0.382580
365	2	8.059460	-6.867118	6.981782	-5.026197	1.586895	5.919114	3.579801	0.831487
369	2	-0.938545	2.105738	4.838826	6.149924	3.770150	-4.372065	7.453158	-1.196481
370	2	0.149753	2.515569	0.078573	5.339575	5.925216	-8.673953	5.820359	-6.064602
371	2	-0.443172	6.940602	-2.177373	0.286373	-0.383114	3.263692	-2.013487	5.270582
372	2	4.211922	2.066363	-1.604017	-2.732652	1.986554	7.115322	-1.615808	-2.732571
376	2	6.873149	-10.294719	7.210937	-2.189690	3.760347	-0.900797	7.079424	3.635273
377	2	2.432118	7.703902	-2.557568	0.022196	2.432128	3.985143	-2.557566	6.196384
379	2	3.841533	3.562857	-1.260212	7.510105	6.679581	-0.361881	0.683018	1.084005
380	2	7.532955	-8.890174	7.177440	-1.179308	1.795921	2.238971	2.083258	7.160539
385	2	-3.645240	2.308048	0.047363	6.857146	1.749568	-3.098766	5.549760	5.490895
387	2	0.761042	7.287220	-2.796059	-0.220049	1.132417	1.358244	-1.549278	4.824155
390	2	7.097004	-7.926649	5.724386	-6.523041	1.989747	1.576487	0.836587	6.242337
393	2	0.232438	5.804889	4.012670	-3.390516	6.542937	-7.572652	8.868291	-6.720295
398	2	2.415063	6.826960	-2.244352	-1.290191	2.460693	5.517763	-2.243606	4.912935
401	2	7.193145	-8.689696	6.190756	-5.485513	3.079759	4.790876	3.362585	0.969629
402	2	0.033748	5.099118	1.752907	4.515107	5.897673	-4.710703	7.156644	-6.605076
403	2	7.857258	-5.549580	5.368221	-0.625436	2.053683	2.320802	0.434748	6.372937
405	2	-0.653231	4.171239	-2.042383	5.124647	-1.008803	6.102377	-2.042502	-1.070122
406	2	7.001981	-12.609630	6.578787	3.269840	7.001980	-12.603843	6.578787	-2.353252
409	2	2.954908	-2.365531	7.430992	2.125817	0.155383	2.383934	1.413568	6.893399
412	2	2.269937	1.692359	4.949473	0.695473	7.358654	-5.082490	6.372204	-3.198295
415	2	6.247143	-9.921611	6.492865	-4.351044	2.478234	2.383659	0.960442	7.413502
416	2	5.488231	-6.974690	5.182580	-9.287031	2.984203	6.802985	0.091202	-3.048857
418	2	2.121956	1.333318	1.874988	7.491975	6.354224	-9.616978	6.722602	3.465464
419	2	-0.916834	3.806062	2.112495	2.160993	0.488808	1.576290	2.115768	5.768608
420	2	6.764092	-6.720774	7.151414	0.764450	6.764092	-6.715581	7.151414	-5.584768
421	2	0.487383	2.357149	2.797772	6.403183	6.641788	-5.970522	5.284488	-4.815141
428	2	2.522587	6.781505	-0.816909	0.095721	2.758443	0.928900	2.783718	5.590658
430	2	4.791502	-8.114147	6.119707	1.691504	-1.580345	1.855930	-0.310390	6.571203
431	2	7.018774	-12.044825	6.361401	-7.413215	0.966995	5.059784	0.202736	-1.009183
432	2	3.898919	-1.454420	3.668799	4.804800	4.635954	-5.253638	8.037604	4.270599
437	2	5.953558	-1.445682	4.647805	3.223781	6.232607	-5.660160	8.879228	0.305408
439	2	-0.335134	4.532402	-0.473607	0.422045	-0.331520	2.534511	-0.332757	6.877914
440	2	6.778366	-9.420302	7.853756	-4.849726	0.972301	4.189666	2.357776	0.950600
443	2	6.095695	-6.722060	6.529419	-3.239852	-0.414986	4.034069	3.286542	-0.408982
446	2	4.032311	3.973000	-0.647053	7.614429	8.366562	-4.665944	5.977162	-3.477112
448	2	6.089568	-9.329611	6.913071	-5.139116	-0.058248	0.579675	2.799452	6.469761
451	2	6.314407	-11.883106	6.483180	-5.374558	2.118557	5.186243	1.183547	-0.156055
452	2	7.758201	-11.274584	7.016178	-5.877474	4.710666	1.765455	0.661310	-0.399809
456	2	8.455696	-11.735552	7.294001	0.246843	8.455696	-11.725363	7.293995	-5.476275
458	2	3.345719	5.269141	1.884643	4.458767	5.628230	-4.395784	8.002675	-6.827828
459	2	7.470631	-1.017584	5.450861	4.639403	6.319305	1.359900	-0.062565	6.903081
462	2	-3.210489	4.722274	1.243458	-2.180002	-3.210489	4.034005	1.250273	3.679971
463	2	2.254721	3.035209	-0.096464	8.129680	8.073637	-0.941415	4.934620	5.326256
464	2	0.026388	6.433574	1.926777	-1.001178	6.294950	-7.711819	8.362801	-6.538312
466	2	6.512802	-6.606720	6.941349	-7.722453	1.730090	1.642611	1.476387	-1.765233
468	2	7.302170	-4.362169	6.335186	4.145656	1.112118	0.494265	2.904165	9.010757
472	2	2.448406	7.531202	-0.163357	-0.371531	2.448406	6.049053	-0.163158	4.958102
473	2	7.223243	-10.531975	7.660064	3.570585	1.267009	4.444689	1.195577	8.378465
475	2	6.719640	-7.651268	5.686271	-3.183552	1.429734	5.798759	0.821740	0.651058
477	2	7.305289	-9.635204	6.497581	-4.417334	2.413228	3.793613	1.268911	0.118526
478	2	7.202922	-4.478028	2.572176	-4.235956	1.227559	4.626116	-1.036401	1.063177
483	2	4.485067	-3.627064	5.878513	-6.573789	-0.233977	1.426381	2.381039	5.017786
484	2	1.726682	4.579198	2.612027	7.500113	7.510201	-2.253175	6.495374	4.930666
487	2	7.078506	-9.780771	7.265633	-3.248125	2.255648	0.640525	2.893116	6.292768
488	2	-0.180239	6.545365	2.846016	6.302500	5.230869	-7.610942	8.786951	-4.636304
490	2	4.236173	-6.284080	4.310357	-9.218190	-2.250209	4.787670	-1.641857	-2.734330
493	2	6.050390	-2.143607	1.724438	5.495852	-0.431511	2.442490	-3.575989	7.075137
494	2	7.534032	-7.614150	7.905997	-1.107057	0.917239	6.574281	1.283986	-1.047786
497	2	0.873524	-0.812934	3.414116	5.296297	-1.647675	5.189556	1.907727	0.646410
498	2	4.100779	-1.219180	6.741204	5.576973	1.735303	2.813399	0.759097	6.827800
499	2	1.890909	6.482483	-3.738720	-0.346014	2.532161	0.604930	0.924038	5.389956
505	2	5.188973	-2.310866	3.993086	1.790054	-0.440888	2.997869	1.809959	7.729194
506	2	2.798334	1.596938	3.175703	8.590073	6.986721	-6.346837	5.880639	-2.783622
507	2	3.101506	-0.183565	2.817911	7.242607	6.618378	-6.559673	7.913221	-3.524479
510	2	3.986594	1.700912	-0.122215	7.268742	5.816652	-7.488726	5.663397	-3.740161
512	2	-4.583710	5.765854	0.820138	0.603059	1.990094	-3.469314	7.350087	0.281396
514	2	5.137622	5.771450	1.323389	-0.683381	5.180560	-2.001674	4.789767	4.306678
518	2	5.621616	3.056996	-4.935931	1.398909	5.675594	0.986185	-4.930490	7.863801
519	2	7.166422	1.251514	1.401754	6.315108	9.262230	-3.716947	7.683167	3.830519
520	2	1.890573	3.909644	-1.480056	6.944792	7.121954	-4.577528	3.196093	-5.651453
521	2	1.299202	5.846988	4.110667	-3.220497	6.611235	-4.079644	6.164874	-4.273373
524	2	2.119729	5.690701	0.074979	8.336759	6.406954	-5.712795	5.757512	2.377854
525	2	5.758146	-9.185107	7.382553	-5.601348	1.098116	3.015835	3.970547	-2.408311
526	2	7.605024	-1.711059	6.198192	2.679443	1.304372	2.409040	4.058221	5.155743
529	2	8.085211	-5.641265	7.435697	-2.731426	2.886983	5.006212	1.193612	9.054451
531	2	0.066782	4.520269	0.631083	-1.423072	6.241135	-6.259447	6.472815	-5.231176
534	2	8.719224	-6.246293	4.507994	-4.794353	2.344359	1.229728	0.269210	7.604815
536	2	3.261896	2.825009	-2.967310	-1.836213	3.261904	1.327965	-0.311425	4.747823
537	2	8.247092	-6.271995	6.696290	-1.595368	3.228588	4.771316	0.077477	1.250895
538	2	1.454468	4.962025	2.922597	0.018211	6.478164	-7.242518	8.135378	-3.319675
540	2	3.063421	-3.553565	6.131526	6.547268	-3.028870	1.498532	1.321890	7.845467
541	2	1.520152	4.668902	2.670730	5.891963	7.911859	-6.786872	8.301615	-4.617094
542	2	1.486395	5.240228	2.877295	-0.959012	6.005850	-6.820999	8.650841	-7.014518
546	2	9.445231	-2.336650	2.675954	4.879746	9.445427	-7.350584	2.696461	-5.094814
547	2	5.980451	-4.545720	5.857605	3.113816	3.082127	2.736489	0.454600	6.587955
549	2	5.021846	-6.311470	8.668651	-5.148973	3.957662	0.369966	7.314199	1.823407
550	2	7.395848	-4.484043	6.146290	-8.282200	4.041903	5.951549	-0.157540	1.815439
551	2	8.743017	-7.908365	6.138111	-5.737273	2.153354	6.476180	0.232057	0.269951
552	2	2.963512	7.942014	0.477229	-1.359383	6.818837	-6.389522	6.883919	-7.052736
553	2	6.659239	-4.986236	7.570426	-6.858396	1.662502	4.324102	3.701953	-2.240758
556	2	9.277948	-8.685058	8.952757	-4.692519	3.922033	2.399935	4.529530	4.656873
558	2	1.454862	1.242475	2.283800	6.781408	6.427353	-10.383874	5.848150	-2.818084
560	2	2.927484	7.978434	-1.222642	-0.688520	2.940542	5.194944	-1.222642	3.379895
563	2	-0.667706	0.747902	2.158057	6.171715	2.081017	-1.552442	2.232083	0.360750
564	2	-2.949944	6.452248	-2.429797	-0.040376	0.049976	2.204652	-2.429732	6.020211
565	2	4.120918	5.782164	1.289588	4.433762	9.466843	-8.225199	6.432995	-3.590055
570	2	3.258874	-7.369927	9.023326	-6.801039	-1.088798	4.359279	3.667704	-0.377368
571	2	0.060577	2.746912	1.397570	7.321404	6.149770	-8.512430	7.259636	-1.678864
575	2	3.233658	1.055773	1.264723	8.862721	7.094834	-12.546142	5.877815	6.900945
580	2	6.877696	-8.671109	6.453797	3.288393	1.556929	3.208743	0.715156	5.732502
581	2	1.462355	1.674133	2.198980	1.111161	6.847365	-4.906750	7.262654	-2.791187
585	2	1.609367	3.958318	0.372237	5.409577	8.035544	-4.788207	6.534762	-6.505320
586	2	7.392778	-7.843199	6.018646	-1.718691	1.397215	3.455530	-0.388530	9.591624
587	2	-0.643486	0.343614	3.935971	7.995351	0.416682	-1.785956	7.820980	4.847004
588	2	2.228075	0.457805	5.313514	4.255122	7.011109	-1.300161	7.074245	3.090266
592	2	-2.285887	5.776832	1.385127	-1.654381	-2.279293	3.730681	1.536003	3.660371
593	2	6.593886	-5.752280	2.299156	-4.496693	0.713940	0.530000	0.597434	-0.443763
594	2	8.328951	-4.082521	6.466265	-3.493496	8.403710	-10.563045	6.466265	-3.504951
597	2	-0.529569	2.532748	-1.184148	6.642248	-0.529634	7.242148	-1.184148	0.495168
604	2	5.403001	-9.119804	6.790992	5.939015	-0.999358	2.931408	0.759351	6.623522
606	2	7.793741	-5.996525	7.177405	-0.834266	1.819333	1.750588	5.735945	5.668727
611	2	-0.225324	8.388264	-0.614581	-0.037724	-0.225324	5.071170	-0.451763	6.183228
612	2	0.555722	8.787221	0.566260	0.843909	6.895432	-10.207076	6.905784	-3.913591
613	2	7.330664	-9.319717	7.389242	-6.643472	1.206509	3.923609	0.793672	-0.493365
617	2	4.809253	-2.462006	5.303569	-4.381605	-1.481483	8.718678	-0.287388	-2.347406
618	2	6.379127	-7.062978	8.361082	2.551109	-0.151481	3.446365	1.799604	6.336408
621	2	6.059609	-6.884239	7.730326	-7.735091	-0.176860	4.101785	2.793963	4.114058
622	2	-0.643467	6.771042	1.721694	-1.548522	5.989124	-5.214433	7.389746	-7.653355
623	2	-1.009946	4.346137	1.953124	-0.219490	4.920002	-8.954642	7.524924	-4.159377
624	2	0.135178	7.175667	-1.324249	-0.649215	0.135178	4.955073	-1.244486	5.544624
625	2	5.568268	-6.492917	7.443352	-4.266159	1.161788	4.560326	3.898270	5.825290
631	2	6.757536	-10.831178	6.354996	-0.360501	0.737819	3.071013	1.530677	7.363247
632	2	-0.324675	3.834208	2.063850	8.223972	6.192540	-4.338714	8.615657	-1.820995
634	2	3.469907	6.684778	0.978516	0.199578	7.117598	-3.908498	6.775455	-4.579201
635	2	1.959859	6.172288	2.592756	-2.357843	8.034147	-7.307898	7.828179	-6.455307
636	2	2.477249	4.487074	-5.599978	-0.785678	3.930945	0.460168	-4.207789	5.099187
639	2	3.596294	2.638245	-2.427993	6.340053	5.890859	-3.658108	3.808626	4.576899
641	2	0.634326	8.594778	-1.842458	0.355259	0.682613	2.400691	-1.842148	6.405253
645	2	-3.926380	3.198545	0.434407	6.235927	2.035331	-5.017191	6.663275	4.115159
647	2	-0.400141	1.657606	1.861363	0.860625	0.233763	0.646524	2.552668	3.453657
654	2	7.578921	-4.851930	4.737489	-3.695150	7.569487	-2.237380	4.736321	3.818297
656	2	7.256479	-4.374471	3.329839	-1.919651	0.824192	3.842814	-0.221464	6.640936
659	2	0.115654	6.461101	2.131572	1.544049	5.390784	-7.338848	7.826873	-8.288798
661	2	-0.084524	7.531732	-0.195512	-0.308850	6.073822	-6.050755	3.392533	-4.656869
662	2	1.274600	1.869324	2.805594	7.428615	7.562313	-3.779576	6.496368	-3.253055
664	2	0.792480	1.912412	2.818917	6.311559	3.627049	-4.321835	5.086642	0.356428
672	2	7.074726	-9.736062	6.927174	-3.682794	0.509719	5.419601	0.646962	0.973298
675	2	2.251567	1.659746	1.337172	5.269733	7.930567	-11.193150	6.973967	-2.809531
676	2	5.991574	-11.246109	7.556229	-5.970292	3.923119	2.371870	3.697280	0.558467
678	2	0.530356	2.583675	2.681567	7.377036	-0.871390	5.749317	2.621113	1.422281
680	2	4.688298	-8.972310	6.116848	-5.380961	-0.753686	5.913198	0.800952	3.392570
681	2	0.909812	6.412208	-0.344971	-0.585399	1.082303	2.447666	-0.344969	5.561937
682	2	-0.249378	0.645908	3.649354	6.085290	-0.249660	5.721652	2.974253	0.204621
683	2	2.374765	1.259179	0.288536	5.622820	-1.541898	7.417203	0.285827	0.801285
687	2	2.387360	8.100825	1.506704	1.448794	2.388966	4.355636	1.506732	6.365822
688	2	2.933798	-2.332127	7.613031	-3.539276	-2.100975	4.743088	3.800246	6.330786
689	2	5.686538	-10.358290	8.051279	-9.538703	2.436406	3.064842	1.910517	-1.815139
692	2	3.025816	1.537859	4.030184	5.060759	7.468290	-8.239803	7.387209	-7.009391
693	2	6.657240	-5.538572	5.551003	-1.961602	0.619279	5.078731	2.573175	0.238271
697	2	3.528463	8.387783	4.595734	0.072990	3.528464	6.734821	4.595734	5.792170
698	2	-1.630196	2.682887	2.668051	7.698671	-1.630213	6.662524	1.262748	1.188029
701	2	1.339444	8.272722	-0.693657	2.191390	3.676012	2.209639	-0.691054	7.153493
702	2	3.013480	8.321630	-0.680379	-0.524786	3.013480	4.547315	-0.680119	5.103702
703	2	-0.830718	8.396133	-5.602166	-0.789038	-0.830703	6.891890	-5.602166	3.793658
704	2	-0.167211	2.314477	-0.927500	5.606767	4.743134	-4.378568	5.001643	-4.596455
707	2	2.295067	5.004066	3.255706	0.829071	8.395559	-7.555275	7.859404	-5.447600
709	2	6.627841	-8.696175	6.269871	-6.084488	0.673582	4.945924	0.835206	-0.344010
711	2	8.052499	-5.751499	8.408648	-5.605533	3.936913	3.862957	4.654641	-1.889777
716	2	2.731596	6.455360	0.783996	-2.097254	6.394739	-8.125451	7.055750	-7.231711
717	2	1.839266	4.322107	1.511030	1.038153	1.842029	2.058570	1.512418	5.614889
720	2	2.612310	1.679258	4.058603	8.739826	9.099208	-6.478154	8.084837	1.835130
721	2	1.226018	4.769300	-1.971561	-0.283033	7.812574	-7.484033	4.395373	-5.274109
722	2	-0.007264	2.283207	2.551574	8.496487	5.818567	-5.573770	6.354103	-1.596815
724	2	0.559949	4.174991	1.294861	3.675709	7.062619	-9.223739	6.872666	-7.408643
725	2	8.341364	-9.053201	6.519834	-4.852702	2.226507	1.446700	6.203033	0.316840
726	2	7.406358	-14.807995	6.655405	-5.851771	3.645891	2.537189	0.494734	0.687793
727	2	1.374206	7.327983	-0.012657	-0.730732	6.239449	-1.548701	6.485799	-0.730867
732	2	6.807481	-12.596366	6.487951	3.217394	6.807481	-7.410932	6.487840	-1.309340
733	2	0.711544	2.895140	0.528674	7.218678	6.497628	-9.560387	6.561321	-4.012707
736	2	3.010086	-0.629555	5.699527	4.563605	6.363612	-6.276053	6.727081	-2.959675
737	2	1.381804	7.470001	-0.241040	1.582900	4.524541	1.445442	3.827889	6.456072
738	2	2.912658	8.252154	-5.167830	0.035206	2.912785	2.508391	-3.537318	6.384688
739	2	6.511616	-7.749332	7.618200	-5.099827	-0.052336	6.098495	1.582842	-0.167717
742	2	4.136517	0.975607	5.210172	4.530946	5.791153	-3.858191	6.537965	-5.724511
744	2	3.392317	-4.630940	4.788771	-4.112256	-0.310639	1.795238	-1.790880	6.000256
745	2	7.841852	-1.054044	7.036876	1.922897	2.390110	5.080005	1.120619	5.318048
746	2	6.984546	-9.110819	7.116847	-6.160544	0.896859	4.916203	4.272692	0.320426
750	2	2.656511	6.393192	1.131170	-1.022835	8.270028	-5.305622	7.518708	-7.490756
751	2	-1.156732	7.269278	1.849722	1.647143	4.148616	-1.546146	8.293466	4.207097
753	2	6.308369	-15.182330	4.964379	4.768125	6.308369	-13.657285	4.964379	1.434406
754	2	6.810171	-7.130306	6.493071	-5.691186	5.837845	-0.360163	5.128359	2.798077
755	2	6.086119	-9.911128	6.663521	-4.201899	2.310689	5.693492	0.425960	-2.834601
756	2	3.220974	8.566123	0.884191	1.398144	3.220990	4.439581	0.884325	6.570600
757	2	-0.661374	0.742389	3.482653	7.160279	1.867808	-0.568445	5.893630	6.638747
759	2	-0.475980	6.035185	3.446422	-2.600942	5.529502	-11.006456	8.355164	-6.107243
760	2	8.754833	-4.510680	3.276830	3.620918	3.274255	4.331664	-2.329108	6.970509
761	2	-2.857994	1.275492	2.878750	6.148128	0.425096	-5.585400	7.733823	-4.727090
762	2	6.745674	-10.343757	6.534613	-2.023926	6.745676	-12.198104	6.534614	3.422877
767	2	4.012438	1.132017	-0.377489	6.808797	1.511892	6.413094	-0.409976	0.230833
769	2	1.008913	2.244904	-0.306762	5.888789	6.744152	-4.664036	5.479150	-2.683743
775	2	5.944308	-9.745381	6.537687	-7.136379	0.136120	6.482188	1.072723	4.173567
777	2	4.303581	2.758154	0.646784	6.016579	7.046945	-6.139589	4.883080	-2.962959
778	2	7.624342	-11.565301	7.256998	-7.266222	1.091330	3.067291	1.990377	-0.648719
779	2	1.638505	1.550259	2.300230	5.107326	5.634120	-6.974565	7.963000	-3.782099
783	2	7.394477	-6.140724	7.145002	-6.552031	3.678206	5.886659	3.879550	0.018594
784	2	0.833949	6.313763	-3.846564	-0.727101	0.841799	3.326027	-3.779066	5.510292
786	2	6.169415	-3.704520	6.714947	3.054196	-0.226780	1.800903	1.123661	8.348325
787	2	1.031586	8.704930	1.143218	1.063819	1.988796	2.180802	2.291000	5.511328
790	2	1.467063	2.699981	-2.026358	6.584151	6.697393	-4.056101	2.749257	4.615425
793	2	0.693630	7.892912	4.428467	-1.046069	0.791494	1.688597	4.803496	5.483536
794	2	7.634868	-6.151257	7.930278	4.912491	7.633186	-4.933785	7.928205	0.346979
795	2	7.045835	-8.534035	7.293493	-4.807478	2.819664	4.135733	1.847129	1.935661
799	2	7.555681	-13.159765	6.545984	5.134557	7.555681	-11.128192	6.545984	-0.380080
800	2	1.446826	0.288935	3.105911	4.851684	7.214331	-8.284803	5.297553	-5.375817
802	2	4.839706	5.164290	0.874942	-0.040770	4.839707	2.553199	0.910337	6.437460
809	2	4.770181	-7.024583	6.755602	-5.939003	0.006082	2.088892	1.179436	-2.199534
810	2	0.294644	4.112578	-3.026265	-0.156870	4.680308	-4.484547	0.813642	-6.140574
811	2	5.453820	-7.512844	9.380611	2.262891	5.453809	-7.511808	9.380611	-2.611111
812	2	-0.017758	6.818353	0.788438	1.664916	3.077366	0.114271	3.553737	5.278320
817	2	2.112210	4.333935	0.215273	6.893974	6.350600	-2.441444	6.314239	5.992052
818	2	6.286061	-13.369293	5.627585	-1.720835	0.045079	2.345387	0.050294	4.304381
820	2	2.248848	6.322220	2.861419	-1.168239	2.248849	5.136747	2.861421	4.810198
821	2	5.467445	-3.387050	1.946967	-8.317133	-0.029164	6.515776	-3.420965	-3.629039
827	2	0.725264	8.581265	0.445202	-4.268363	6.624837	-5.226796	6.275839	-10.322174
829	2	4.733785	-6.392835	8.734912	-4.861411	-1.671136	5.852789	3.314971	1.309122
830	2	7.808104	-7.089434	6.130984	-4.742676	3.649453	5.223172	1.424983	0.081970
833	2	3.990563	-3.985540	3.928455	5.666579	0.073698	1.988282	-2.385774	8.127114
835	2	7.072949	-9.924932	5.709081	-7.241397	1.229749	3.967771	-0.380062	-2.388370
836	2	-2.370208	3.742782	2.239000	6.175039	3.274150	-5.095927	7.639344	-5.342072
842	2	-1.072513	2.639667	0.049459	8.302039	4.735157	-3.794987	6.031685	5.430807
843	2	5.606262	-12.951491	7.071427	3.343953	5.606262	-11.714913	7.071427	-0.342418
844	2	-0.836331	8.068320	1.653316	0.340937	5.772413	-7.524598	6.362581	-4.650903
847	2	-0.736941	4.493723	3.052238	1.100734	4.697256	-6.169743	7.294613	-5.116675
848	2	0.361088	0.117807	2.467821	8.845795	6.225363	-3.922507	6.764469	-1.318086
849	2	7.268644	-10.150354	6.895300	-2.353871	0.941513	2.281454	2.707113	7.248637
850	2	-3.517735	5.791573	-0.385383	-2.004143	-1.987444	1.284798	-0.230726	3.821111
856	2	9.221879	-9.701512	6.468608	-7.809288	4.432335	4.591559	0.030092	-2.945080
858	2	-2.590046	9.669144	-0.507271	-2.834360	-2.590046	9.614679	-0.507271	3.598555
860	2	4.963259	-4.404658	3.644615	-2.397199	3.957568	0.112953	-1.564581	8.705691
863	2	6.658801	-0.474962	3.606808	1.730965	7.287983	-2.781489	4.140925	4.792732
864	2	2.972172	3.230092	0.068851	6.896795	6.516652	-7.357470	6.321558	-3.998356
871	2	8.121121	-8.817549	7.176770	-1.558304	3.021191	8.143854	2.805936	7.517637
875	2	5.904990	5.997606	-1.659983	-0.332437	5.935317	1.243606	-1.659983	3.603738
876	2	-0.893141	6.067838	0.242794	3.078741	4.848345	-4.224869	5.577596	0.955299
880	2	5.600158	-1.088207	3.381312	4.503135	6.199582	-6.856719	6.364350	-1.585540
881	2	1.777083	5.380350	0.685061	-0.058403	7.210794	-9.690034	7.287169	-5.377304
882	2	6.930984	-11.362425	6.883348	4.004076	6.930981	-8.738685	6.878348	-0.657461
885	2	8.614330	-2.666520	4.783518	-3.243300	2.402335	2.254105	0.071816	8.151402
886	2	2.209828	6.754572	3.196703	-3.792420	5.632364	1.159250	4.727470	-3.792423
887	2	2.380662	6.093672	0.403494	-1.291102	6.738843	-9.724819	6.444403	-6.689838
888	2	5.106508	-1.509571	6.623775	3.949238	-0.453622	3.031266	2.028596	8.029281
889	2	7.608348	-4.493927	2.943824	-3.189868	6.459019	1.405702	-2.451968	5.789417
890	2	4.883161	-11.317228	7.829971	-3.517138	-0.158244	3.248721	2.463542	8.140533
892	2	-0.613826	1.722765	3.891523	7.851624	4.037576	-6.256633	6.563993	2.834010
893	2	7.629168	-8.158027	7.249139	-4.476225	1.959910	5.266028	2.325020	1.381480
894	2	7.257624	-8.826592	6.159152	-6.771532	1.138991	2.904628	5.506095	-0.416130
895	2	5.074674	4.998943	2.073713	0.573087	7.630810	-4.079874	5.282912	-5.667840
896	2	3.216746	-0.997949	7.367502	3.735670	-1.915230	4.471012	0.913376	0.362718
897	2	0.218832	2.483645	4.800293	-1.696360	3.037480	-4.955340	6.887638	-7.923488
898	2	6.494462	-7.686793	7.656527	-5.577263	1.042672	5.137589	2.785094	0.533343
899	2	6.442862	-6.437910	5.342329	-4.378286	-0.122160	0.832674	0.462132	1.486336
907	2	5.613310	-8.722079	5.830677	-2.935530	0.617601	2.829146	0.251257	2.006093
910	2	2.082332	6.498950	0.720948	0.363209	6.612501	-9.601561	6.039178	-6.105921
911	2	-3.827224	6.743792	-0.365155	6.326316	-3.827224	8.922783	-0.365155	-0.204355
914	2	1.546720	4.678743	-0.826886	7.349449	5.888235	-2.623125	5.377329	3.423996
916	2	3.965463	1.240765	2.142642	6.253971	5.689583	-0.383735	6.014430	4.855227
917	2	6.252791	-4.725499	6.213267	3.576463	2.680801	3.742565	0.095783	6.335432
919	2	3.408174	-2.870042	7.107388	-0.245581	0.702003	5.200208	2.512099	2.060292
920	2	6.901498	-4.048934	7.046583	-4.162591	1.393191	7.001704	3.852998	-0.573438
921	2	4.231121	5.123732	-2.763156	1.383850	4.250997	2.257474	-2.589107	5.322285
923	2	0.979582	5.006951	2.595145	0.683749	7.460493	-5.976951	8.010749	-5.801265
924	2	7.203085	-7.994252	7.798953	-6.931557	3.091371	5.767161	1.471344	-0.330103
927	2	6.696967	1.674568	0.068630	6.287437	8.655845	-1.665220	4.016705	3.897556
931	2	-0.724610	1.804175	0.894398	3.566208	5.852716	-3.005974	5.688141	-3.287379
932	2	5.700751	-8.078242	5.424957	-2.792336	-0.707521	2.508203	-0.552672	1.889535
934	2	-1.185090	7.261368	2.579264	-0.034189	-1.185090	5.965841	2.579264	4.503338
936	2	7.348799	-4.762845	6.483155	3.795532	1.530292	2.226294	1.824889	6.394399
937	2	-0.672753	4.514144	-1.346821	6.091461	4.896660	-4.430121	5.220763	-4.654401
938	2	7.199817	-9.976469	6.462120	-7.805678	0.617888	4.536300	1.141118	-2.450639
939	2	0.441036	8.751203	1.528180	-2.755714	6.264472	-6.804319	6.136911	-7.449225
940	2	0.345865	3.999018	4.131402	4.710904	6.018236	-5.682551	8.781258	-8.271285
942	2	6.964852	-9.567063	7.557442	-2.194168	5.219578	-0.712880	1.645438	4.006532
943	2	6.247963	-8.387290	8.419923	-5.331159	0.671279	5.372517	3.965986	1.062822
945	2	4.827149	-7.569722	8.159637	-3.903608	-0.858241	6.708987	3.266379	1.746381
947	2	2.465623	5.022405	-0.466771	5.541236	6.969305	-5.007581	5.590374	-3.147331
949	2	0.247400	1.367185	-0.588415	6.603401	5.261585	-3.930773	5.112848	-4.453610
950	2	2.099149	5.712967	0.434643	1.811784	6.480256	-7.361824	6.275062	-3.907665
951	2	0.009277	6.429613	0.110720	-2.241774	6.162620	-6.382706	6.459014	-7.224324
952	2	0.273946	0.845444	2.318996	7.710880	1.976633	-2.576431	7.286885	5.613409
954	2	7.512751	-10.137402	7.266374	-3.257410	3.700839	2.128043	2.446044	6.411721
955	2	7.405291	-6.621833	5.838111	-9.432636	2.684163	7.429595	1.305262	-3.220470
958	2	1.499930	-0.187830	3.978030	5.107219	2.638758	-6.914967	8.180292	-4.017276
959	2	-3.784070	2.313330	-0.381057	8.933773	2.353216	-4.833814	5.833536	5.030973
963	2	0.920562	1.707328	1.206365	5.698629	6.480864	-2.377921	7.034975	4.051079
964	2	0.116073	7.787836	0.995620	0.179700	0.280798	6.214117	1.004527	6.340568
966	2	0.375619	6.872147	0.722831	-1.533769	6.043212	-5.291679	7.300208	-6.298107
967	2	7.801468	-5.248919	6.250198	-2.246458	1.803365	3.008082	0.202674	6.562405
969	2	6.976920	-7.977958	6.645521	-2.440215	5.720274	2.908746	1.967327	0.798125
970	2	6.507349	-15.483802	4.406699	4.245176	6.507349	-8.752009	4.406699	-2.129080
972	2	6.604346	-6.188362	7.013645	-5.786827	1.139823	2.797842	0.469807	0.711324
973	2	2.471016	7.276523	0.756168	-0.301210	2.509940	5.535517	0.756169	4.788604
977	2	0.049054	2.866157	4.183238	7.023163	0.035375	8.647077	1.378207	1.074132
979	2	5.834010	-13.173774	6.609703	-6.372174	0.144946	1.200934	0.211903	-0.722020
981	2	7.041841	-6.472037	5.925341	-3.684933	5.841387	2.743659	3.367128	-0.013085
983	2	3.056167	6.573917	1.653311	-0.861678	8.461134	-8.314633	6.465231	-7.810906
986	2	1.117379	8.052451	1.613967	0.295626	1.117402	5.748695	1.614558	6.676562
989	2	3.098369	6.012756	-0.085099	-2.148639	7.466753	-5.417635	5.846639	-4.108391
990	2	-0.523078	5.166090	2.182792	0.661429	5.701242	-4.982281	7.113921	-2.275672
991	2	7.544248	-6.770421	8.664659	-5.546274	3.838737	1.884819	4.814440	6.799174
995	2	0.620635	-4.420869	6.597507	-5.590818	-4.143159	4.441340	2.088634	-1.503932
996	2	-1.961911	9.455530	2.026595	-0.724243	-1.961565	0.434817	4.603167	5.069131
997	2	0.960171	5.265320	1.608623	5.198340	0.960170	8.532052	1.418755	-0.101502
998	2	6.758572	-11.824431	6.447419	-4.450582	0.775558	3.422673	0.748983	-0.989733
