4	5	-5.036896	-2.385643	6.291001	-0.350431	-0.254323	-2.385769	0.074252	6.051920	5.499762	-6.503085	0.074252	6.051920	-5.036897	2.181582	6.291022	-0.366212	-0.254320	2.181436	0.074252	6.036143
11	5	6.724984	-5.260194	-7.455131	6.274565	6.680395	-5.260192	-1.181689	0.188865	1.940535	-2.612853	-1.181689	0.188831	0.355507	0.870738	4.731610	0.139906	2.073024	-3.020118	-7.455128	6.274550
48	5	3.377963	4.759928	5.501958	5.051283	6.234347	-3.296527	-3.446419	6.475166	0.448944	5.450979	6.406919	4.663172	6.234347	2.945185	-2.547399	5.866370	3.376403	4.760604	8.526667	-0.596594
95	5	7.011209	-3.024153	-0.397401	1.408138	3.328982	-0.404942	5.865239	1.361842	7.210206	-3.024505	-1.664501	5.005048	3.204784	5.129115	6.055380	-4.165206	4.244044	-1.980699	4.593660	5.002434
109	5	0.626478	7.504967	0.412702	-2.503596	-4.801012	7.505003	0.412702	-2.503597	-4.802140	7.505003	6.903827	-2.503597	6.222260	1.820193	-5.145953	6.222506	0.625177	7.504968	6.903827	-2.503596
134	5	-0.552404	0.585299	4.073153	0.459562	0.743194	0.585269	-5.502024	5.720088	-0.552426	6.417452	4.073166	-2.803747	4.636874	-2.859863	4.073093	0.959027	6.170623	-4.290090	-5.557490	6.224044
155	5	-4.789087	9.670050	5.297252	2.090505	4.363581	4.767750	-2.096002	5.737739	4.363584	0.454120	-3.022705	6.956759	-5.100447	9.670050	5.570478	-2.576880	4.270781	0.840130	2.818232	6.925424
203	5	-5.516694	0.004929	6.961792	-2.017406	7.078406	-5.175766	1.205790	-2.017034	-5.516656	6.400505	6.961794	-6.910608	1.020270	-0.014694	-2.971737	4.077453	1.020095	-0.014689	1.205790	-2.017401
234	5	4.397598	-0.101141	-0.701506	-0.069873	4.397695	-0.101394	-4.487244	5.976589	-6.302951	6.820602	5.751627	-5.846689	-1.518401	6.787562	-0.699805	-5.846688	4.368244	-0.027011	2.050753	5.968181
260	5	0.803243	0.189042	-2.433004	6.461071	7.422020	-4.511477	-2.573330	6.688025	0.742093	5.248710	0.188869	-1.050793	0.779024	5.248553	-0.846806	3.855628	-0.760023	5.250139	6.174261	-1.051936
269	5	4.983888	-4.116346	3.489739	6.314042	-1.036461	5.327064	7.346821	4.733642	-1.036461	5.327064	9.861023	-0.542524	-1.035939	-0.999187	3.565896	6.270005	9.143850	-5.026924	-2.155336	6.316790
285	5	4.126478	-2.584484	-6.751273	6.167988	4.078696	3.860444	-0.829750	-4.949647	-1.191938	5.088729	-0.829750	-5.077428	-1.108460	-1.295583	-6.678988	5.672041	2.925976	4.740138	4.336618	-5.059035
304	5	-3.079488	6.353974	7.682138	-2.741940	2.239866	1.052685	3.020762	7.710707	6.426731	-0.612372	3.020761	7.710712	6.565321	-0.679288	-2.223986	7.710712	2.609708	0.976136	-2.224035	7.710708
332	5	1.352750	-1.009070	-3.639911	9.037422	1.352750	5.222146	-1.926257	4.791788	6.941479	-3.395686	-3.639911	9.037584	-3.685487	5.227885	6.670412	-0.548556	0.704138	5.227278	3.913774	4.786312
340	5	-3.471952	6.726462	7.356996	-6.382561	-0.491855	6.726462	0.864780	-6.382561	6.017399	4.286072	0.864787	-4.219517	6.195452	-1.473008	-5.073987	5.579932	6.020183	-1.469386	0.840895	-0.266757
343	5	9.057345	1.526109	-3.924991	5.633039	6.255236	3.544428	5.139401	-1.517499	6.655576	3.240086	4.351598	3.005998	9.057424	-4.331766	-4.455267	7.488262	2.086651	5.657380	5.139402	-1.526784
370	5	7.888428	-5.993967	-0.732676	0.255519	7.891155	-5.993984	-5.531978	5.916183	-2.087693	6.054754	5.898916	-1.888038	3.924584	-2.978095	5.805195	0.246611	-2.085647	0.162937	5.814906	0.169563
381	5	-7.201651	-1.078414	7.432895	-0.142524	-0.947547	5.235463	1.728100	-4.847780	-0.947443	-1.081374	1.699177	-0.142523	4.700356	-6.195632	1.699171	-0.142409	4.700863	-6.195825	-2.084895	6.071499
383	5	2.418566	-1.568397	-3.514075	0.865568	6.324278	-4.170514	-3.655485	1.214810	6.324307	-4.170519	-8.649354	6.804545	2.418619	-1.568421	-8.649354	6.481379	2.418559	4.885368	-3.467775	-2.627434
417	5	5.521017	-7.724575	7.580870	2.116218	-0.444332	-1.802369	7.580916	2.116179	-0.430924	-1.802376	4.444219	6.375050	5.534759	-7.724617	4.444218	6.375088	-0.434165	3.016574	4.511082	5.716701
426	5	1.107234	-0.695670	0.717203	0.458042	5.750479	-5.608779	0.717138	0.458069	5.750486	-5.608789	-0.048121	6.431366	-0.857027	5.814232	6.331836	-5.329675	1.107241	-0.695670	-0.048121	6.431341
447	5	1.423163	-0.015258	1.701007	6.419293	1.423163	5.415947	1.701007	6.332603	6.749525	-4.579711	-4.741930	6.419293	6.663519	-4.515952	1.701007	6.419293	1.516147	5.408377	-4.741930	6.332603
471	5	-7.195890	6.105763	6.164978	-3.271554	-0.512848	6.030412	1.180079	3.267314	4.389133	-0.944236	-1.563500	6.670549	-5.085137	6.103237	4.945288	3.254404	4.389132	4.751333	0.861522	3.590597
491	5	2.602593	1.432874	9.648341	-6.096451	9.011087	-3.399354	1.400109	4.202839	-3.566051	2.035085	9.648341	-8.222300	2.602593	6.312767	9.648341	-8.768217	-3.566051	6.908440	9.648341	-8.768217
514	5	6.800527	-5.120606	1.210502	0.309962	7.637305	-5.120609	-5.302104	6.621136	4.330722	-5.033596	6.238157	0.309813	-1.567916	1.594384	6.239973	0.082676	-1.568777	6.136916	6.242930	-1.831520
550	5	6.133965	-4.200846	-1.259100	0.629564	6.133965	0.749464	-1.258679	0.586346	-5.029813	5.320898	6.541289	-4.406890	6.133965	0.749451	-1.261719	7.229437	6.133965	-4.200851	-1.261719	7.272541
564	5	5.778619	-0.983447	-5.103287	-0.226014	5.778619	5.636893	-4.905883	-5.215773	5.777364	5.637245	1.389972	-5.216128	5.778619	-0.983448	-10.924502	3.749139	5.777945	-0.983304	1.165652	-0.226014
603	5	-3.988728	-0.240428	6.268008	1.069129	7.583935	-4.005969	0.709664	1.069202	1.014913	5.477148	0.921067	-0.539213	7.700758	-4.091265	-2.071926	6.515489	1.133015	-0.474425	0.709671	1.069163
615	5	-1.026900	5.860168	0.966348	-5.954002	-6.869485	5.882180	7.443250	-5.965414	-1.026787	0.476169	0.960564	0.229866	-6.869299	0.503816	7.437925	0.229865	-1.017460	0.475814	-3.570846	6.730518
625	5	7.101682	-3.219321	-1.001970	5.923522	5.563929	-2.481063	4.455373	5.923522	-0.494882	6.172669	4.531973	-2.934961	5.509539	-2.421394	4.509566	-0.273018	7.101675	-3.219320	-0.948557	-0.273013
632	5	1.416572	-2.663513	4.903606	-0.696574	7.576432	-6.902657	0.827870	5.231165	-2.077845	-2.660998	4.903606	-0.696573	7.578132	-6.902657	-5.343820	5.231165	1.413928	3.874911	4.914578	-4.683262
635	5	6.172919	-1.976226	-0.685377	1.258598	6.172938	-1.976241	-6.316939	7.442799	6.172912	4.308515	-0.565947	0.182538	-5.006637	7.145073	5.596844	-1.664120	6.172938	4.308493	-6.316411	6.377847
653	5	-0.548024	6.063536	0.646675	-8.220218	5.449154	-3.116742	0.640613	-2.112900	-2.543580	6.063540	5.215836	-8.220219	3.455414	5.799351	5.215836	-8.132252	5.588898	-3.342175	-1.010671	2.468310
654	5	-5.972341	1.393840	0.758855	0.066941	-5.995721	1.393840	6.974355	0.066938	0.645808	0.138009	-5.357316	6.727855	-5.972380	5.374501	0.759348	-4.771980	7.251566	-5.141677	-5.452408	6.849191
661	5	-1.477434	0.797117	-4.704134	6.367041	-4.908279	0.823157	7.000646	1.364933	-1.514352	7.312308	1.319288	-2.866195	4.615735	6.138831	1.319288	-2.866190	4.615752	-0.382293	1.319055	1.367339
679	5	6.964133	-4.623093	-4.259184	6.399010	0.412785	-1.171123	-4.259184	6.399010	-4.612553	4.741151	7.121028	-3.232968	0.412480	4.728126	0.912791	-3.179852	0.412659	4.728123	0.594386	3.275405
748	5	-2.639591	6.029836	1.549573	2.754873	-2.639209	0.079617	-2.307697	8.795749	-9.001554	6.037995	6.686539	-3.601731	-2.640150	6.029849	1.766443	-3.601642	-9.001336	6.037995	6.526529	2.754769
757	5	-3.427583	6.203940	8.732182	-3.800432	6.150478	-2.295733	-3.210283	6.819826	0.182966	1.270736	3.004213	6.786317	0.674205	1.109116	-3.210230	6.793028	5.654043	-1.903611	3.004210	6.819650
812	5	8.590733	-2.885918	0.783347	1.327535	8.590721	3.523601	0.789293	0.146988	8.591471	-2.886147	-4.207142	6.829239	5.185935	5.415876	5.895814	-4.205637	8.591471	3.523367	-3.501417	5.721582
813	5	-3.697456	7.619561	5.754816	-11.378058	-1.356470	7.554001	-0.213814	-11.377398	-1.356477	1.817434	-0.213814	-5.782999	-3.697428	1.898892	5.754816	-5.783760	5.014764	-0.319640	-0.213814	-5.779997
824	5	-2.683845	6.445663	5.953990	-1.440848	7.602236	2.645019	-0.285055	-0.908689	7.602491	-3.918389	-5.074496	4.254736	7.602237	-3.918389	-0.285945	-0.898390	7.602491	2.645019	-5.051890	4.233017
834	5	-2.391620	0.182216	0.744776	0.960227	-3.531776	0.182252	5.194767	0.960221	-2.236362	0.182201	-5.025163	5.885498	-2.392391	5.694076	0.752443	-1.769941	-3.533856	5.694112	5.201078	-1.769969
852	5	-0.476099	6.811814	-0.057419	1.087247	-5.720353	6.812611	6.361890	1.087249	5.282935	1.621327	-6.530825	6.138028	-0.476099	6.811814	-0.056115	-5.095189	-5.720363	6.812611	6.363194	-5.095192
870	5	6.740067	-2.773139	-3.993586	7.718878	-4.852968	4.295527	5.387894	1.893263	0.447123	-0.162765	-3.993585	7.575443	0.447123	4.183993	-3.992535	5.940044	-0.342178	4.231319	1.726120	1.948923
876	5	-4.926191	-1.723941	7.715119	1.085438	5.342043	-7.059875	-4.826255	6.224633	-0.871140	-1.724626	1.733465	1.085534	-0.161715	-1.726933	-4.823167	6.028088	4.343953	-5.837331	1.732146	1.292921
952	5	-0.712642	6.237211	5.856328	-1.869763	7.123238	-5.935128	-0.861233	7.618690	7.123238	0.439342	-0.861233	7.618639	4.487077	0.439353	5.348867	7.618639	4.487077	-5.935117	5.348867	7.618690
956	5	4.274122	4.645637	6.671458	-6.655523	4.279324	-0.602605	5.820440	3.393091	-1.759390	7.060381	6.671458	-6.791556	4.274121	-0.601195	6.670855	-2.035170	-1.759360	1.787795	6.670956	-2.167251
957	5	4.324445	5.637871	6.287762	2.638794	6.811342	-3.268282	-2.333200	6.698283	-2.294143	9.327454	6.308746	2.597202	3.492149	7.575435	7.305221	-3.441414	-2.971489	9.327470	7.305224	-3.441604
967	5	5.606296	2.031921	-4.037926	7.486650	1.238667	7.821520	0.000334	2.171991	0.072532	7.822546	6.504365	2.171863	0.072505	7.822546	6.585915	-4.448313	1.238621	7.821521	0.081873	-4.448186
980	5	0.875458	6.808370	-2.315703	-0.196049	6.549660	-3.708013	-2.729211	8.525789	0.892069	0.352521	-2.729211	8.519974	0.892067	6.808346	-2.729170	5.519070	-1.089257	6.808769	3.848523	-0.196051
998	5	-0.709678	0.868566	-3.057172	7.328286	-0.715912	0.868574	1.239715	1.819686	5.259906	-1.129304	1.239682	1.821389	-7.219426	0.869010	6.053022	1.819683	5.266151	-1.129316	-3.057248	7.329156
1003	5	5.956387	-4.055334	-4.303424	7.449558	-5.057096	6.361152	6.302237	-2.826762	0.772934	1.626123	-3.943289	1.254267	0.772934	1.626123	-4.303421	7.444220	5.956387	-4.055334	-3.945621	1.259614
1016	5	0.512535	0.752751	0.680935	7.288560	6.946948	-5.529666	0.600092	7.403562	0.019099	6.750028	2.700338	4.416098	6.990140	-5.529685	-4.765050	7.403562	0.569170	0.752750	-4.683776	7.288560
1021	5	-0.697839	6.561799	2.311907	-4.610604	-3.080450	6.632142	6.445817	-4.615972	5.917453	-0.695580	2.311517	-0.769883	5.917348	3.665449	2.311904	-3.087674	6.368128	-1.201642	-3.549130	5.670673
1072	5	-6.384550	7.297705	5.429394	-6.913022	-1.582291	0.941030	-2.026631	4.668897	-1.607280	0.941026	-0.252894	-1.664115	-6.331608	0.941040	5.379800	-1.664118	-1.609184	7.297705	-0.203826	-6.913022
1093	5	-0.452155	-0.496952	0.588076	-0.307110	-6.655256	-0.496952	6.463724	-0.307110	5.607162	-3.509400	0.587432	-0.305593	-6.655418	5.430344	6.474737	-0.334353	-0.454603	5.430344	0.599352	-0.334353
1096	5	2.474930	6.252881	2.438734	-4.433823	-0.206481	6.891084	5.991749	-4.434973	5.978368	5.406708	2.438734	-4.426359	2.474930	2.199056	2.438734	-1.939081	5.996991	1.338469	-3.751442	6.285578
1108	5	1.260583	5.315905	0.384513	-5.820660	1.261231	-0.988428	0.335407	-1.952095	7.112543	-5.121414	0.335407	-1.952047	-2.611452	-0.925532	6.038940	-1.952101	-2.611452	5.385084	6.088395	-5.984066
1141	5	7.414633	-3.719546	-1.806466	6.814195	-2.433032	1.185555	6.191232	0.237048	6.486854	-2.886466	1.818053	0.563523	1.313092	1.157124	1.958584	0.242719	-2.433055	5.505208	6.356783	-1.377269
1169	5	-1.776092	7.401240	0.874120	0.197183	-7.671381	7.428651	6.887298	0.193147	-1.776092	7.401240	0.874303	-6.202968	-7.671377	7.428651	6.887471	-6.206995	4.581032	6.072836	0.872626	0.997201
1178	5	-1.563233	-0.315367	-6.870347	7.581362	-1.563233	-0.315367	-5.414843	2.393390	4.364325	-6.046803	-6.870347	7.581479	4.364325	-6.046803	-5.415007	2.393525	-1.563283	6.220949	-1.679132	-3.652701
1198	5	-2.084793	-1.122941	1.177655	-0.190046	7.623682	-7.237489	-3.267520	5.870312	-2.860269	5.360692	6.303474	-6.648011	-2.860269	-1.122941	6.288532	-0.190046	-2.116548	5.360692	1.193286	-6.648011
1221	5	-0.790868	-0.580488	9.429735	-1.474855	0.581517	-1.816651	4.735863	5.156335	-0.790868	4.078483	9.429735	-3.325954	-0.790848	4.078481	9.364628	3.247137	5.585635	-7.269708	-1.790143	5.156335
1226	5	0.265326	0.483410	0.406468	-5.194884	-2.992603	0.488884	6.252493	-5.194884	0.265325	5.253843	0.406468	-10.830822	5.356876	-6.123998	0.406468	-5.194881	-2.992601	5.259250	6.252493	-10.832615
1236	5	-0.984087	-0.374388	-9.247638	5.167620	-0.984087	-0.374388	-4.425464	-0.124907	-0.984087	5.364360	-4.424490	-4.874625	4.786177	-6.005478	-4.425464	-0.124896	4.786177	-6.005475	-9.247661	5.167632
1239	5	-6.656876	6.321620	9.650124	-2.946386	-0.087710	2.180313	-1.096933	6.027079	-0.519706	2.180313	3.576349	6.027078	5.834029	-3.771949	-1.106545	6.948640	5.415846	-3.180069	3.566499	6.948628
1259	5	-4.169638	0.809347	6.455407	3.498597	-4.169638	6.055734	7.385858	-4.458500	4.874365	-4.791524	1.212798	3.499759	-1.526968	0.809342	1.214439	3.498597	-1.794895	6.055732	2.184729	-4.458484
1330	5	7.491615	-6.602850	-1.846028	-0.250095	5.088516	-5.972998	4.410480	-0.250095	7.626005	-6.619646	-7.227239	5.477121	1.007950	2.936394	4.410488	-5.703751	1.007959	-3.395695	4.410480	-0.250095
1367	5	-0.935318	6.728568	-0.308335	-0.633481	-0.934277	1.214167	-2.974489	9.484179	-4.143810	6.829087	6.088214	-0.644657	4.524042	-1.167117	-2.974520	9.484681	4.524042	4.253756	-2.845248	8.137572
1376	5	-2.046345	0.222519	2.034875	-1.195127	-2.046354	5.491303	2.034875	-4.686917	-0.990032	0.004021	-2.220410	4.425235	5.429120	-2.656904	-2.877732	4.692821	-7.420557	0.463631	6.453045	-1.513257
1405	5	1.881801	7.016137	9.117493	2.506758	6.808961	-0.120160	-2.947114	7.858316	1.881801	7.016137	9.240155	-3.967229	-3.054186	7.904689	9.117540	2.506613	6.808961	2.995967	-2.598095	5.315924
1511	5	2.871104	3.705184	0.487346	-0.750836	2.878105	3.681803	-4.568773	5.098601	-7.676296	6.427002	6.925002	-6.532018	-1.823253	6.427001	0.487994	-6.532018	2.871148	-2.416680	0.485090	-0.313034
1545	5	6.750464	-5.982410	3.025553	7.301663	0.026187	5.547905	4.112229	-0.076165	1.138416	-0.358215	3.025553	7.286262	6.840590	-6.015172	-3.519860	7.301663	1.230513	-0.378462	-3.519860	7.286894
1563	5	-3.140527	-1.143798	4.434703	0.039823	-0.538895	-1.143798	0.257607	6.128061	-0.538891	-1.143798	-4.923740	6.128061	5.044215	-5.581479	-4.923766	6.128160	-6.415051	4.851784	6.102807	-3.175648
1571	5	-3.454181	5.348249	4.645886	-5.732596	6.443507	-2.495782	-1.121607	-2.229689	6.443506	4.034882	-0.999125	-3.207924	2.626458	4.045411	4.596120	-3.223047	3.161882	-2.490743	4.442389	-2.229689
1572	5	1.095912	5.563961	0.767904	2.497428	1.096235	-0.228541	-5.202278	8.554046	-6.907376	5.721248	7.138753	-3.920564	1.093043	5.564553	1.318831	-3.872055	-6.907349	5.721248	6.656061	2.442936
1597	5	2.549121	7.002224	8.222963	-4.542038	-2.874700	7.381593	8.222991	-4.712541	9.148762	-0.720061	2.576970	0.176175	9.471831	4.395077	-0.969396	4.678819	9.471832	-0.776186	-0.971496	6.392205
1623	5	0.669549	6.482199	-2.580440	-1.644743	5.800699	-2.984975	-8.544899	6.526385	5.766923	0.504400	-2.580823	0.931771	5.766923	-2.984973	-2.580826	0.931776	5.800699	0.504397	-8.544905	6.526381
1632	5	3.959188	6.327411	6.448166	-4.194763	5.470339	-0.390697	-5.079958	6.191947	0.196694	7.007633	0.994284	-4.235349	5.356584	5.704093	0.994287	-3.992072	-1.145148	7.054434	6.448166	-4.236245
1664	5	-1.160297	6.321741	0.019110	-5.608065	-6.765560	0.955015	6.317575	-1.871671	-6.766057	6.321742	6.381826	-5.608164	-1.160295	0.955014	-0.046239	-1.871663	-1.160284	0.955014	-2.476180	4.768659
1698	5	-0.990096	3.702327	0.540689	-0.265904	-7.496012	3.702362	6.889826	-0.265968	4.855130	-4.097629	0.540493	0.398123	-7.494163	3.702362	6.858264	5.019936	-0.989222	3.702327	0.508323	5.020008
1704	5	-0.688136	-0.530968	1.601819	-0.367747	-0.688157	6.020845	1.601996	-5.583734	-4.597827	-0.530968	5.477332	-0.367750	-0.556068	-0.530968	-3.891817	6.215731	-4.598073	6.020845	5.477500	-5.583732
1716	5	4.463956	-1.238409	-1.167081	8.372496	-5.195674	6.808903	5.943529	4.808141	4.463956	5.269313	-0.937558	6.238103	-5.206770	6.808931	6.545888	1.575439	-5.103804	0.265905	5.418171	8.269702
1723	5	4.256873	-0.333418	1.151834	-0.719676	-2.047978	6.405504	1.151834	-6.149074	-2.047978	2.033836	1.151834	-1.044903	-1.557689	2.033837	-1.319835	5.123997	-8.013278	2.033838	6.683660	-1.044904
1741	5	-2.156481	0.303204	4.989663	0.419375	1.076779	4.300753	-6.944851	5.275438	6.745514	-5.178551	-6.960838	6.756626	1.076779	0.215388	-6.960803	6.586648	-2.156486	4.385479	4.989673	-0.924804
1759	5	-2.489176	6.812871	-0.200444	-3.741739	4.059588	0.024358	-3.776930	7.986746	-6.053351	6.812873	6.417262	-3.741810	-2.299184	1.349489	-3.759865	7.943584	3.868939	6.006586	-0.200481	-3.736839
1765	5	2.723599	-1.490392	0.646652	-0.480193	-5.539004	-0.948197	6.840395	-0.480198	2.723525	5.075977	0.646691	-4.396877	5.558264	-3.003980	-2.312255	4.353212	-5.539195	5.637939	6.840434	-4.613663
1769	5	2.329364	4.554055	5.545632	-5.969990	-2.928502	5.514464	5.545632	-6.314544	5.027568	-3.780149	-0.892723	-0.999796	5.028726	-3.780490	-5.316676	5.507887	2.329817	0.287960	5.545355	-0.999800
1782	5	3.248408	-0.266325	6.361992	-0.129276	4.990878	-3.664222	4.146319	5.571271	-2.086002	6.790039	6.469685	-6.595976	3.240834	6.290745	6.469685	-6.595974	-0.452393	0.248480	4.206018	5.496159
1785	5	4.743953	0.690611	-7.618729	5.882732	4.721060	7.142366	-1.990580	1.161562	4.721058	7.142367	-1.990534	-4.932498	-1.038365	8.421382	3.713094	-4.932555	-1.038300	8.421380	3.713041	1.161420
1799	5	-4.613823	1.747946	3.506773	4.868392	1.143761	1.745425	-1.368212	4.869270	-5.457394	7.076092	8.140349	1.813321	-5.457394	7.076092	8.141095	-2.786414	6.618216	-3.794154	-1.454192	5.001957
1812	5	-0.425357	5.568676	4.078956	-5.861590	6.543375	-4.836325	-1.024080	0.503028	-0.107219	-0.878621	3.900590	0.502925	4.069484	-2.929414	3.900578	0.503028	6.543375	-4.836325	-2.936010	5.442389
1823	5	1.318322	6.943545	-1.142068	2.355667	7.742056	2.388390	-1.183601	2.491639	1.318319	6.943545	-0.605995	-4.174292	-4.596732	7.225628	5.028356	-4.174298	-4.570598	7.225533	4.418444	2.355666
1826	5	0.487857	7.203464	-1.381471	-5.763123	5.498596	3.589870	-1.381624	-0.389361	5.498599	-0.988574	-1.381730	-0.086150	-1.114856	7.203465	4.892896	-5.763123	5.542883	3.584329	-5.149939	5.653999
1827	5	-5.358013	7.245040	5.742391	3.210576	-1.509329	7.245026	-0.029804	-2.984119	-5.815659	7.245040	6.051443	-2.984119	4.627976	1.517770	-0.029804	-2.706979	-1.506422	7.245026	-0.360992	3.210576
1840	5	5.697155	-2.376670	1.257931	1.494710	-2.654701	-1.156014	6.492043	1.408588	-3.583295	4.906885	7.015647	-4.244663	5.742723	-2.376980	-0.578870	7.030770	3.579863	-1.284268	4.483748	6.962891
1843	5	-0.919330	-4.878438	-0.997916	0.553821	-0.918344	-4.878576	-4.454290	6.681380	-2.704892	-4.726854	5.004724	0.553821	5.467788	-7.102327	-4.454290	6.681380	5.466795	-7.102073	-0.997916	0.553821
1851	5	1.943197	-4.228891	-0.504875	0.277021	5.315384	-5.791612	-0.504875	0.277022	5.316792	-5.791612	-6.819921	6.460400	1.946242	-4.238689	-6.819929	6.460400	-2.078437	5.927941	5.526451	-5.060609
1859	5	6.848620	3.739176	-0.540291	-2.803512	5.482578	4.734847	3.561863	-3.357820	6.848620	-2.077111	-0.540291	-1.851133	5.482578	-1.108223	3.561863	-1.874771	6.982099	-2.122047	-3.527469	4.551469
1867	5	-1.026034	6.190630	0.272394	-3.555997	5.230251	-6.788497	0.244259	0.694387	-1.025892	0.098147	0.244668	0.683698	5.231654	-6.788555	-1.786895	6.696873	-5.689187	6.190630	5.895346	-3.555998
1888	5	-0.635819	6.933150	0.400956	-4.594900	-5.002166	6.939490	6.477894	-4.594873	5.337809	3.866108	0.400759	-2.547391	5.362361	-2.239035	0.351529	1.408655	6.257046	-2.695531	-3.838010	7.349180
1895	5	6.672936	-1.754993	-0.292003	-1.527807	0.254789	7.673982	-0.291977	-7.714314	-1.274615	7.673985	4.994053	-7.714314	5.137206	-1.383955	4.994024	-1.527906	6.737783	-1.755420	-3.604382	4.832212
1913	5	2.926173	-2.656854	6.211079	0.834703	6.907759	-6.827405	-6.175897	7.206322	-2.290106	-1.770658	6.211079	0.834702	2.926132	3.918844	6.239762	-0.977009	-2.290151	4.829931	6.240437	-3.088849
1919	5	-5.411621	-1.190444	4.816549	0.778214	-0.311202	5.177120	-1.527116	-4.088113	-5.419984	5.177209	4.819249	-4.088430	-0.311202	-1.190532	-7.174830	4.759141	6.139365	4.826593	-1.527116	-2.718674
1933	5	6.665204	-5.248595	-2.719414	1.579166	6.411912	-5.245724	3.247757	7.650957	-4.638828	0.761589	7.732007	-2.768545	6.665204	-5.248595	-2.984281	7.650961	-4.638828	5.999716	7.732017	-2.773071
1941	5	6.130346	-5.734370	-5.979877	7.072270	6.130277	-5.734329	-0.897886	0.487612	-3.148549	5.985297	5.195712	-4.551709	2.379747	5.864575	5.195712	-4.546740	2.422526	-0.571241	5.176930	0.487612
1982	5	-2.378849	7.957563	-1.706068	-4.521409	-7.028418	7.957563	4.859136	-4.521409	4.132525	-0.501897	-1.931244	-0.346295	3.776493	5.134064	-1.756400	-2.327311	4.729983	-2.274534	-4.583974	5.020233
1992	5	1.306603	-1.045248	-3.455241	7.757799	1.306590	4.546424	-3.376625	6.010971	7.265667	-4.666960	-3.455241	7.757831	-4.259992	5.113187	7.219100	-1.213776	1.146964	4.596890	1.803809	-0.033998
2021	5	4.903898	-3.270634	8.550451	1.852103	1.808680	1.058516	7.381168	4.989696	4.904072	-3.271213	6.771710	5.910409	1.808644	7.091964	8.745061	-0.214195	1.808644	1.058516	8.664435	0.966243
2024	5	7.130848	-2.779914	-1.787094	-0.325549	7.128060	3.124723	-1.752482	-6.679942	7.248079	-2.780657	-7.257515	6.198673	5.428216	-2.733295	3.184728	-0.325549	5.404901	3.173067	3.219573	-6.708837
2032	5	-1.746216	-1.243143	0.639701	-0.693899	-5.688865	-1.243132	6.826254	-0.693899	-1.746216	5.268253	0.639701	-6.522692	0.301790	-1.296298	-6.045446	5.633003	6.002760	-5.422782	-6.045447	5.633009
2038	5	1.020256	6.219430	-0.652516	-9.387310	1.020256	0.062755	-0.652516	-4.303748	5.947343	-6.084850	-0.652516	-4.302753	-5.002517	0.062758	5.740317	-4.303748	-5.002517	6.219433	5.740317	-9.387322
2045	5	-4.450691	7.115192	8.278660	-5.298791	6.176826	0.452885	-3.386105	1.410491	6.177300	0.452863	-3.570400	7.893787	6.177300	-5.760938	-3.570399	7.893806	6.176826	-5.760925	-3.386118	1.410523
2047	5	-5.279067	-1.194726	5.361830	0.817922	0.534311	-1.570046	-0.691465	0.817923	0.944094	-1.674106	-5.429511	6.859374	5.511154	-4.357226	-0.691467	0.817924	0.534279	4.239817	-0.691398	-1.092918
2055	5	-2.425294	0.391990	-0.911484	-0.991514	-2.425572	7.023143	-0.907977	-7.563966	-2.312944	0.391990	-5.081458	5.574286	2.994944	-4.687705	-0.911477	-0.991507	3.162155	-5.078807	-5.081585	5.574294
2085	5	6.975556	-2.674272	-2.859192	5.696752	-5.022955	5.688867	5.165438	3.124762	0.795714	5.687251	5.165193	3.126018	-5.022801	5.688867	5.213029	-2.638650	0.795712	5.687251	5.213029	-2.637359
2095	5	6.810139	-1.569333	-1.785797	7.265651	0.512610	8.024376	6.052600	-4.174409	0.512610	1.481210	6.052600	-3.197881	-5.800560	8.166825	6.052600	-4.174409	-5.800560	1.693472	6.052600	-3.473416
2112	5	7.452562	-3.908936	0.255591	7.081073	1.154712	-0.921076	0.255591	7.081073	-2.967093	5.882970	6.411662	-4.359370	7.559455	-3.964827	-5.619194	7.081073	1.282031	-0.940783	-5.619194	7.081073
2139	5	-1.919440	-0.871239	-1.978582	8.034758	4.328694	-4.149847	-1.978582	8.034758	-2.362715	-0.871239	3.347038	8.034758	-3.139818	5.764804	3.749110	4.952929	3.963719	-3.050428	3.347038	8.034758
2142	5	7.502745	-3.435499	0.242737	-1.630545	1.525844	7.109521	0.261414	-6.854743	-1.133496	1.546183	6.648024	-1.648739	4.828520	-3.371685	6.647566	-1.630547	7.625321	-3.435510	-4.542783	4.922675
2161	5	6.391647	-6.113031	-1.070683	-2.295964	0.192548	-0.038496	-1.070655	-2.298263	0.192548	6.519128	-1.053474	-8.345922	-4.066076	-0.038487	4.988596	-2.298263	-4.088556	6.519135	5.007417	-8.345923
2202	5	-6.925523	4.912119	6.181381	-6.398912	4.104454	0.597702	-0.161316	5.261677	4.096791	0.647025	1.687158	-0.965173	4.104454	-5.009001	-0.161361	5.261742	4.096791	-4.989837	1.687152	-0.965038
2219	5	2.728282	4.462106	-0.896508	-2.444196	5.229847	-1.359654	-0.943430	-0.656046	2.728286	1.602506	-0.928097	-1.042694	2.728336	4.461847	-1.737168	3.537480	5.229892	-1.359662	-2.707932	5.393236
2257	5	1.496387	1.775311	-0.431348	-1.033557	-0.900069	6.880557	5.015773	-4.019973	6.505177	-0.994381	-6.563351	5.848986	6.356147	-0.992326	-0.431654	-0.717332	3.792292	-0.661479	5.015166	-0.732974
2268	5	4.745564	-4.053075	6.706052	0.443491	8.001512	-4.599065	-2.584690	6.623525	7.769740	-4.598945	0.484621	0.443491	-1.022906	1.594947	6.706368	0.431037	-1.025963	6.574988	6.712324	-5.232119
2311	5	-0.626684	-2.562174	9.371280	0.251926	-0.626684	2.444057	9.374458	-0.203987	4.822388	-5.824049	9.371105	0.267859	5.521434	-5.836481	3.452466	6.337064	8.831267	-5.844065	-1.935851	6.337073
2408	5	-0.201755	0.342729	0.229194	-0.239962	-0.201774	6.304738	0.811002	-5.973566	6.203395	-5.734847	0.140190	-0.110884	-0.201752	0.342730	-5.371289	5.900343	6.203397	-5.734787	-5.378480	6.033546
2413	5	-5.426660	6.618770	6.663602	-5.932612	-5.426660	0.016391	6.663601	-1.787876	5.552904	-4.043693	0.205485	-1.443648	-0.660682	0.016389	0.205486	-1.787893	-0.660682	6.618768	0.205486	-5.932730
2476	5	-4.555582	0.689014	6.863152	-2.024181	-2.271526	0.684409	-1.068178	3.649522	-4.555585	6.806458	6.864528	-6.252419	4.332189	-4.702286	-1.298864	3.809043	-4.347147	0.688990	5.086885	3.648563
2500	5	5.989524	0.481400	5.567484	-1.394328	6.169694	5.297149	0.372846	-3.979711	5.989524	5.364225	5.567484	-4.086315	6.169694	0.404777	0.372846	-1.393359	6.170138	0.404595	-2.579118	4.997430
2527	5	-2.179445	-0.628791	-1.209285	6.905557	-7.193322	-0.628791	5.216655	6.905557	-7.226150	5.880020	6.323962	-2.779642	-2.180143	5.880020	-0.102813	-2.779674	3.505169	-1.008997	-1.209285	6.905638
2532	5	-1.486690	0.623705	2.246729	-2.132146	-8.095070	0.623722	7.370437	-2.132146	-1.486970	6.924484	2.251049	-6.670606	5.005747	-2.428680	2.246729	-2.132092	-8.095070	6.924500	7.372553	-6.670606
2534	5	1.070538	8.091608	0.925374	-7.355873	-4.178927	8.261082	6.396037	-7.464623	7.168522	4.920678	0.925374	-4.753282	7.221468	-0.577483	-1.366167	3.484246	7.169530	4.919624	0.911837	1.239663
2539	5	-0.618444	4.631293	-3.015180	-1.686731	-0.618390	0.567989	-3.236536	0.395692	-0.618241	0.567974	-6.644772	6.439452	4.469638	-1.050616	-3.286647	0.647291	4.470196	-1.051002	-6.806896	6.663239
2577	5	1.825436	-2.810647	-2.040015	-0.315560	7.209237	3.259302	-1.956430	-1.472572	1.825436	3.259582	-1.956422	-1.472725	7.209237	-2.810926	-2.040016	-0.315555	1.825437	-2.810693	-4.321714	5.063510
2581	5	0.428557	-0.675112	-5.728495	6.219463	0.428554	-0.675106	0.303535	-0.006541	4.525500	-2.026704	0.303535	-0.006540	4.525501	-2.026705	-5.728495	6.219464	0.428554	5.278006	0.303842	-5.297649
2637	5	1.349062	7.636573	1.051967	-5.838210	-1.574313	7.637344	4.927145	-5.838211	4.955223	4.353033	4.927145	-5.260126	7.899481	2.522720	1.051954	-0.698203	7.986140	2.522478	-4.857889	5.348649
2647	5	7.038999	-6.300355	2.128479	6.504147	1.863552	-0.010527	2.128479	6.504146	7.064087	-6.300360	-3.845818	6.504147	1.891471	-0.013122	-3.845818	6.504146	1.171404	5.806433	3.872581	2.530111
2654	5	8.699295	-5.231771	-3.482731	6.006968	8.698420	-5.231589	1.085995	1.538576	-2.651990	4.593254	7.326604	-0.545900	3.622117	-2.099591	7.316862	1.481181	-2.608969	4.591646	6.239024	3.949751
2655	5	0.780983	-1.969142	6.676092	-0.729939	6.482679	3.718015	1.088536	-2.485495	0.746787	4.358849	6.720745	-3.950723	6.491274	-2.623600	1.004728	-0.729919	1.574447	-1.995670	5.598229	4.327249
2661	5	0.286168	8.677127	0.212980	-6.716878	4.710296	-2.446593	4.350479	4.865386	-3.508447	8.712235	6.437011	-6.716881	6.094413	-2.459471	-1.834101	4.865386	6.094386	-2.459471	0.210172	-0.515988
2673	5	5.122285	3.514678	-0.845420	-5.845869	5.122285	-2.844262	-5.579866	5.086324	-5.406950	-0.484783	5.638356	-0.367761	5.122285	-2.844262	-0.847967	-0.367743	-5.408269	5.821013	5.640363	-6.174762
2696	5	0.068657	0.636108	-3.284265	-1.019064	6.319218	-4.811100	-3.284305	-1.018988	0.068122	5.805277	-3.027240	-4.300367	0.069171	0.636111	-7.136583	5.493922	6.319733	-4.811228	-7.136706	5.494002
2711	5	-0.310586	0.508281	-2.765211	8.229889	5.636165	-5.159039	-2.765232	8.230365	-0.311848	5.079303	-2.650457	7.097079	-0.526085	5.096760	1.273720	1.208051	-2.934615	5.146606	6.365181	1.206279
2713	5	4.308858	4.748796	6.709241	-2.846395	4.308858	-1.493548	6.709240	-0.490418	-1.154033	0.275713	6.709240	-0.680819	6.505873	-5.366738	-5.141373	5.656822	-1.154033	6.583165	6.709241	-4.278722
2761	5	1.356508	6.761509	-0.880208	-2.646204	7.266339	2.085782	-0.906774	2.226797	-4.904362	6.816174	4.914592	-2.648584	7.266339	2.085782	-2.978846	4.734234	7.266339	-4.179473	-3.359818	4.900876
2762	5	-2.617478	0.672454	4.921473	0.501510	3.934523	-1.969947	4.838032	1.169692	6.269020	-3.563845	0.900378	4.342805	-0.227507	0.310431	1.423973	3.939424	-2.696775	6.075021	4.978641	-3.009701
2788	5	4.206624	0.080058	6.532464	-0.074178	8.667341	-3.069963	-2.461019	5.258805	-2.183703	1.163913	6.629366	-0.454348	-2.402860	6.148376	6.783815	-5.836937	3.838044	5.642556	6.783787	-5.653134
2816	5	-0.075339	-0.459649	2.477636	6.514523	-4.641715	-0.458611	5.634950	0.307735	6.261726	-6.679716	2.392807	6.583157	-3.590283	4.156445	3.602160	5.436838	-4.641989	4.156445	5.695777	-0.757273
2882	5	-0.257695	1.077405	1.120059	-1.681066	-0.257695	6.146500	1.120060	-5.614223	-4.522222	6.146501	5.602676	-5.614223	-4.522220	1.077405	5.602675	-1.681067	6.117737	-2.786170	-2.006196	5.482682
2890	5	-0.297552	5.620318	-5.259112	-3.867095	-0.295335	-0.421475	-8.913729	7.138518	-0.296911	-0.421475	-5.705595	1.906936	5.895461	-5.364537	-5.705610	1.906995	5.897034	-5.364561	-8.913738	7.138529
2912	5	-0.052578	-1.161536	0.259599	0.806278	5.829880	-5.922568	-6.329152	7.166036	-0.052576	-1.161536	-6.329148	7.164426	5.829879	-5.922566	0.259448	0.808366	-6.454589	-1.161129	5.566148	0.806276
2918	5	0.480311	5.307282	-2.611724	5.343376	4.724808	1.626208	-2.644803	9.002658	-1.636921	5.307294	5.981699	-0.231721	0.418116	5.307285	-0.296522	-0.231706	4.724808	-2.107788	-2.644803	9.018916
2929	5	-0.663493	6.348901	6.526967	-7.526927	7.078777	-6.106397	0.371910	-1.221782	3.950909	-2.970639	6.526966	-1.221785	5.027556	-6.025926	4.050195	4.807268	7.078800	-6.106397	-2.079199	4.807268
2931	5	-1.837571	6.106337	-1.985161	-10.786030	-2.151387	6.110495	3.862926	-10.786265	-1.837571	-0.434163	-1.985161	-4.363884	-2.151387	-0.430009	3.862926	-4.363952	4.039451	-0.554913	-1.985162	-4.362122
2981	5	-2.776087	7.854449	6.867276	3.032995	-2.863325	7.854449	7.435286	-3.489609	0.778246	7.854163	1.258758	3.033066	7.070840	-4.434379	1.258707	6.391639	0.709887	7.854212	1.847211	-3.489559
2995	5	-0.671329	-0.133656	-4.433178	6.442443	5.734757	-3.031291	-4.433320	6.442759	-0.671337	-0.133656	-0.408616	0.525525	-6.790242	-0.133637	5.161333	0.525525	-0.671773	6.420414	0.724634	-4.865985
3068	5	7.754473	-3.091839	-2.723426	4.300183	1.334564	7.580353	-1.166181	-5.006091	-1.058184	7.626068	4.960177	-5.019765	5.390157	4.450747	4.960176	-3.374727	5.390389	-0.635516	4.960071	-0.689803
3070	5	-0.348305	-0.420536	-1.271223	0.946072	6.074065	-4.974777	-6.881379	6.462823	-0.348385	5.883802	-1.268483	-5.155703	-2.081047	6.481402	5.112481	-5.155721	-2.081046	0.203198	5.112481	-3.059522
3077	5	-1.211525	1.680065	-5.390737	4.694139	5.200297	-4.181697	-3.847154	-0.666237	-1.211525	1.680064	-3.846234	-1.242038	5.200297	-4.181737	-6.254358	5.296879	-1.211525	7.412414	-3.845484	-5.095332
3096	5	6.948907	-6.854044	-2.755856	5.946298	6.948612	-6.854037	1.120640	-0.460840	-0.132132	-1.568489	4.307522	-0.460840	5.695074	-6.794511	4.307522	-0.460840	-0.141123	4.057125	4.311333	-3.017429
3111	5	-5.622302	2.144001	6.406323	3.869934	-5.907079	6.240818	6.622184	3.766287	5.091300	0.494670	-3.796983	5.241165	-1.059429	6.205765	0.782392	3.766289	-1.050456	2.063009	0.337555	3.887964
3124	5	5.347761	4.746043	-1.632228	-4.839182	-0.230353	7.073921	-1.632228	-5.480030	-6.536801	7.207895	4.939445	-5.481612	5.347761	-0.499658	-1.632255	0.119387	5.348220	-0.500022	-4.599230	4.762614
3131	5	2.096680	7.311453	-3.771826	-3.980715	4.725359	5.006919	-3.771830	-2.331348	4.725359	-0.941457	-8.651820	5.889013	4.725359	5.006920	-8.420628	4.174352	4.725359	-0.941446	-3.772203	-0.622459
3158	5	6.228522	-4.194891	-3.952632	8.256542	-0.166375	-1.650764	-3.952335	8.255953	-0.166420	-1.650761	0.334571	1.973662	-4.096202	-1.560747	6.609092	1.973564	-0.166375	4.589579	-2.877629	6.549144
3178	5	-5.235169	4.547718	5.376286	-3.204903	5.898253	-1.312195	0.321927	-1.792520	-5.227896	0.490886	5.373385	-1.800667	0.082698	0.328355	0.321994	-1.798880	0.082696	4.401044	0.328265	-3.033007
3190	5	1.570159	6.451535	-2.631576	-0.324359	1.570161	6.451535	-3.592723	4.516048	6.456913	-2.063521	-4.345794	7.438800	-4.917274	6.452015	3.589832	-0.324384	-4.830373	6.452015	2.307884	4.516007
3194	5	4.141438	5.162382	1.213434	-2.345777	8.398114	-2.785498	-5.051453	8.271717	-1.844317	8.591906	1.213526	-2.351316	3.846083	5.730031	5.334966	-2.350540	-2.140230	8.591945	5.334970	-2.351316
3206	5	-1.937522	0.911857	5.935928	-1.941948	-0.526483	0.911584	-0.404309	-1.941948	-0.526490	6.433743	-0.401557	-7.191900	-1.937541	6.434002	5.938684	-7.191899	-0.525315	0.911584	-3.855187	4.329139
3222	5	-0.141979	2.984660	-2.349672	5.516908	-1.248856	-1.525154	7.190990	0.264116	-0.141806	-2.141167	-2.492056	6.752429	4.944968	-5.676238	7.190990	0.264123	6.123302	-6.126435	-2.492056	6.752429
3250	5	4.438051	5.770719	6.541931	-2.820715	4.439442	1.045202	6.540630	-0.812517	4.970220	5.695920	5.953786	3.672765	-0.575593	7.751509	6.542005	-4.270294	7.634633	0.962355	-2.119799	5.694378
3287	5	3.566829	-2.133424	6.324525	1.356804	8.252171	-4.730389	-2.614867	7.819933	8.251206	-4.730389	0.275382	1.356805	-1.650252	6.256033	6.343349	-4.906490	3.566692	2.853000	6.343349	-3.919928
3314	5	-1.870287	6.648378	7.757643	-1.786676	4.310779	-1.929705	7.757436	0.129773	-1.870223	0.761389	7.757522	0.000360	8.043727	-5.799850	-5.043661	4.861731	4.310682	4.045834	7.757638	-0.761747
3398	5	1.775588	6.381739	-0.589814	0.994009	-5.892394	6.388977	6.040514	0.994010	-4.854667	6.388977	-0.589814	0.994014	7.018233	1.994404	-5.207023	6.173762	1.698667	6.382806	-0.550726	-4.867335
3430	5	9.427656	-6.953673	0.977712	1.387221	-1.451272	-0.927976	6.544743	1.387219	9.468426	-6.953673	-1.087205	6.521456	-1.235696	-0.928002	4.383517	6.521453	-1.451605	4.425501	6.808985	-0.894686
3432	5	-0.903556	6.297155	-0.240317	3.788094	5.518843	-5.077592	-5.770368	7.390811	-0.903566	6.297155	0.068025	-0.566226	-7.205661	6.298851	5.504689	3.785980	-7.253305	6.298851	5.809575	-0.568552
3447	5	-1.330308	-1.839507	-5.992924	6.532701	-1.330309	4.734054	-0.431306	-2.719543	-1.330309	-1.839507	-0.431627	1.001423	-4.916487	4.734883	4.933932	-2.719557	5.254541	-4.395319	-0.431629	1.004746
3474	5	4.500871	-1.748652	5.012924	6.227560	-4.004260	7.180193	8.299275	-3.803671	-1.779809	0.676447	5.012925	6.226825	0.619561	0.641255	2.260248	6.226925	6.969289	-4.907982	2.260245	6.227560
3537	5	-3.863782	-2.687606	6.678036	1.520475	5.113318	-5.231573	0.148935	7.547658	1.721059	-2.757330	6.678022	1.520689	-3.875975	3.802599	6.723434	-3.723885	1.704722	3.724133	6.723434	-3.723647
3547	5	7.691436	3.978113	1.112395	-1.391983	7.691767	3.977925	-5.095970	3.799482	-0.123419	6.913749	6.861490	-4.168728	7.691767	-1.934885	-5.103959	5.223255	7.691441	-1.934714	1.108071	0.043113
3572	5	1.249366	-1.777445	-5.453549	6.416250	0.982529	-1.718736	0.378995	1.343924	0.981514	4.400051	0.384931	-0.708424	-1.797006	-1.662770	5.723237	1.339733	6.576202	-6.162895	0.377504	1.450686
3577	5	-3.833071	1.683396	6.772665	1.537628	6.526804	-2.145579	3.160813	6.717716	-3.858126	7.979841	7.592876	-2.404808	0.667224	1.277328	3.316219	6.526567	8.199651	-3.375295	-0.718916	6.729808
3589	5	-0.059657	7.694033	1.535828	-5.019071	6.016187	4.225543	0.856592	-0.544267	-2.749351	7.698766	6.723509	-5.022177	6.104672	-2.316804	-0.233504	0.514306	6.180050	-2.400859	-3.728437	6.607474
3615	5	6.554398	-6.492803	-3.186463	5.413996	-0.011567	4.199740	0.222613	-1.352164	-0.011567	4.199740	-0.418912	3.940443	6.554398	-6.492715	0.222348	0.093364	-6.026067	4.200010	5.372683	-1.352500
3626	5	4.367151	0.112411	6.540714	2.285125	-1.869704	1.506641	6.548950	2.138737	-1.870528	7.150530	6.572226	-0.378065	4.365972	6.035130	6.571832	0.303900	9.332368	-3.341290	-3.889568	8.792265
3641	5	-1.478657	7.377718	4.193521	-5.055520	5.046955	-0.685595	4.193289	1.520169	5.671959	-1.094162	-7.756164	7.430621	-1.478545	0.749469	4.193293	1.515745	-0.859317	0.734565	-7.756164	7.426478
3730	5	5.592225	-3.996177	0.308997	-1.026251	-0.917123	4.643458	0.383267	-4.083240	-0.917070	1.385511	0.308998	-1.026269	-7.512760	1.385514	5.421358	-1.026269	-7.512224	4.643459	5.499281	-4.083244
3827	5	6.438437	-5.019740	1.101759	1.262224	2.479261	-2.526589	6.322443	1.249980	6.465973	-5.019772	-5.140777	4.947678	-2.988227	1.812582	6.329571	-4.790025	-2.988227	7.350699	6.329571	-4.790183
3832	5	0.356423	-0.617975	-4.409704	6.652048	-3.288045	-0.617455	7.200001	0.376535	0.356423	5.387798	-2.406321	4.978764	-3.288045	5.388318	7.200087	-1.301825	5.966962	-7.154043	-4.415648	6.703854
3864	5	-3.795187	7.272152	-1.460926	-6.073501	-3.794981	0.693708	-1.464201	-0.460483	-3.711934	0.693706	-4.664237	5.567473	-6.290654	7.272156	4.904233	-6.073674	-6.287887	0.693712	4.900566	-0.460483
3869	5	-4.194979	-0.143580	6.488678	0.653980	-4.357554	5.762432	6.708167	-5.539084	-2.167657	-0.143673	3.166363	6.627632	4.620992	-5.657402	0.396429	6.627633	-1.581089	-0.143896	0.396430	6.627632
3895	5	2.854847	-2.973656	5.442037	4.681540	-2.779101	-2.559205	6.548578	-1.464757	7.471606	-5.834520	0.186837	-1.463377	-2.801644	4.004030	6.587004	-4.584706	7.472176	-5.834563	-1.012825	4.682690
3902	5	5.603457	-2.088790	5.787169	1.905603	-0.438864	0.595754	5.787517	1.905441	1.465529	0.276505	-1.282711	7.952885	-1.245352	6.386203	6.914367	-1.451928	7.502672	-3.611618	-1.282711	7.952918
3963	5	6.688715	-3.924415	-6.119744	7.420884	-2.367593	4.238870	6.139657	-4.528189	6.677510	1.470835	-0.468522	1.136217	6.677528	-3.916102	-0.469716	1.137770	6.688715	1.460779	-6.119743	7.419530
4012	5	4.740804	-1.743494	0.800978	1.988770	4.739421	3.567248	0.802762	1.174209	3.885167	-1.110009	6.735860	1.988769	6.703225	-3.258317	-3.912278	7.312977	3.885166	4.143029	6.737752	-0.667673
4013	5	0.772578	2.032242	-4.792286	6.998384	6.378883	-0.181179	-4.792287	6.998591	6.378859	5.158821	0.704263	-2.694449	-4.861741	7.496611	6.917700	-3.505928	0.772542	7.369343	0.704334	-3.505881
4018	5	-2.018093	-1.413854	1.355076	-1.708704	-5.263718	-1.413854	6.649534	-1.708712	3.853791	-3.035706	-0.604147	4.896446	-1.736604	-1.413854	-0.332867	4.654608	-4.089749	-1.413854	5.190015	4.654608
4035	5	-0.988857	5.776509	2.874636	-5.443816	4.461014	5.153390	2.870389	-4.309859	-3.096134	5.777229	6.591190	-5.444588	5.981139	-0.959143	-1.845145	-0.433703	6.010270	-0.962976	-2.265410	5.683273
4061	5	-1.519518	7.751656	6.128219	-3.764860	1.174953	7.643902	-0.224075	-3.764859	7.539497	-3.729655	-4.166545	7.490303	7.448731	-3.705424	-0.498128	0.997979	4.719720	4.125238	6.128156	-3.755537
4114	5	6.952687	2.797737	3.997779	-1.100737	0.879387	3.550959	4.002680	-2.144467	7.814260	2.795530	-4.131453	5.138194	1.689014	3.475510	2.245551	4.233235	7.791976	2.795560	1.933317	5.138168
4128	5	-2.732615	0.361750	7.140354	1.112811	7.216178	-2.806115	1.255151	6.854771	2.876435	6.179870	7.171409	-4.968624	7.216174	3.578439	1.255186	5.563169	2.882865	-0.245231	7.139931	1.116103
4134	5	0.221679	-3.970313	3.957100	0.507355	6.694929	-7.985806	3.409491	6.955574	6.829040	-8.073246	-0.998892	0.507394	6.300354	-7.715918	3.957037	0.507399	6.829041	-8.073246	-1.465335	6.955574
4138	5	-3.120934	-0.031571	5.407276	-1.308222	3.441086	-2.810840	5.407272	-1.308077	-3.121668	6.175908	5.425480	-7.481504	4.748803	-3.811637	-4.704974	5.079536	-1.831650	-0.169794	-4.704886	5.079443
4139	5	-1.484330	-1.878746	-3.425625	9.011796	4.947325	-5.937571	-3.425625	9.013035	-1.484338	4.090179	-0.245663	1.051428	-1.484330	4.090165	-3.425625	6.929654	-8.089739	5.990499	7.188392	-1.772266
4186	5	0.190742	-0.417647	3.958738	6.626176	5.928363	-6.368554	3.958738	6.626179	-2.933677	5.813012	8.871109	1.824661	-2.940621	5.813012	8.886195	-4.157321	1.261456	-0.443718	-0.796838	6.626177
4230	5	7.709007	-4.812754	-3.494370	5.119673	7.539144	-4.812175	0.700631	-1.209390	4.671792	-4.211556	6.558753	-1.209405	0.835581	5.541175	1.377284	-4.483112	-2.304880	5.595816	7.039004	-4.543873
4231	5	0.434557	-1.082006	-4.451348	4.850113	-6.146749	-0.912481	6.711719	-0.801912	0.434464	-1.081995	1.019129	-0.801908	6.106679	-3.632205	-4.451358	4.850119	6.106585	-3.632131	1.019129	-0.801902
4234	5	0.041060	4.349548	1.060752	-5.210117	-3.285245	4.350519	7.406911	-5.210129	-3.285244	-0.304901	7.393575	-0.754898	8.498041	-6.626646	-3.637068	6.138701	6.251683	-6.268820	0.999135	-0.233911
4317	5	-2.588119	-1.436505	7.554429	-0.777882	6.600005	-7.484679	-2.548532	5.282993	6.468014	-7.482810	0.957249	-0.777882	0.453781	-2.970981	0.957247	-0.777882	0.681148	-3.277187	-2.548533	5.282993
4379	5	-4.485791	6.325145	6.153656	-6.401300	-2.713349	1.534190	2.807783	6.004543	4.807859	-4.287880	-3.209209	6.004856	2.993124	-4.287701	2.807540	6.004856	-0.861836	0.591795	-3.209201	6.004850
4405	5	7.357091	-3.860071	-0.852926	6.286002	1.021270	-0.396713	-0.836220	5.295728	-2.757537	6.186030	6.887497	-5.398882	-2.748234	-0.372438	5.500448	5.282452	-2.757537	-0.372438	6.887497	-0.732012
4406	5	-1.334041	0.728503	3.508975	6.046298	-0.591489	0.728502	-1.043317	6.046298	-3.707732	6.371217	7.943150	-3.173050	4.708055	-5.676836	3.508975	6.048278	5.451906	-5.753898	-1.043323	6.048278
4424	5	4.043516	3.497758	4.218379	-0.556439	-1.820657	5.578573	4.218737	-4.754853	6.332409	-4.314832	-6.365529	6.349025	-1.815372	-0.314169	4.217533	0.026458	4.047231	-2.630119	4.217532	0.026728
4448	5	7.412574	-2.354832	-0.389321	-0.508753	-1.476811	7.223967	5.747327	-6.498122	1.084029	-1.153217	-0.389074	-0.511268	4.941431	-2.346286	5.599945	-0.508760	1.234893	-1.319862	-3.124712	5.589977
4457	5	6.092571	-6.123195	0.652314	0.883770	-0.401850	-0.967259	-4.724209	4.963463	-0.402034	-0.967257	0.693297	-1.182074	6.092726	-6.123258	-4.725803	7.032693	3.700569	-4.722087	5.774997	0.883628
4572	5	0.888544	5.699320	-0.367478	5.082264	4.799991	-2.295534	-0.367542	6.322776	-2.299580	5.720546	6.185753	-1.319514	-1.789692	5.720278	4.555940	5.077980	0.116466	5.713405	1.203109	-1.318045
4579	5	1.068648	1.599445	-0.029365	0.185342	-1.620359	7.920144	6.618972	-2.990840	6.546521	-3.932325	-0.092586	0.625031	1.068451	7.912844	-0.001822	-2.988267	1.072000	1.599395	-4.467521	5.394265
4598	5	-3.675730	7.533419	6.035950	-2.168247	7.808319	1.575535	-2.331820	4.493514	-3.194054	7.533411	5.237547	3.205335	7.808319	-4.541363	-5.192245	6.501690	6.927456	1.581542	3.685459	4.479064
4612	5	-2.624001	6.831129	-2.459022	-5.512674	-2.623995	0.332635	-8.517207	5.795082	-2.624001	0.332634	-2.464121	-0.456322	-6.857573	0.344918	3.729970	-0.456875	-6.857635	6.841666	3.735243	-5.516273
4625	5	8.488056	-4.979675	0.494442	-2.207358	-1.540859	0.289800	6.025472	-2.417317	8.488057	-4.979675	-0.007657	2.947061	-1.541694	6.234465	6.039008	-5.445963	-1.456512	0.289797	5.568055	2.739275
4639	5	4.508651	-5.410365	-0.816324	-0.188951	-2.112808	6.616367	-0.731068	-1.442406	-2.030151	6.616367	-6.321219	4.949960	4.585022	-5.411002	-7.111622	6.217243	-7.013878	6.616367	4.938589	-1.442406
4645	5	-0.711949	1.194290	-0.655049	1.783287	-0.711454	1.194200	-4.570477	7.084396	-5.202896	1.335618	5.720707	1.766676	5.162934	-2.664571	-4.570478	7.133159	5.162370	-2.664524	-0.661610	1.833182
4683	5	1.950580	1.292551	1.153213	5.634427	-0.574997	6.970096	4.673219	-4.157776	4.791143	0.739349	4.672895	-0.340852	7.387250	0.739344	1.153192	5.799669	4.794337	-4.686394	4.671122	0.198417
4684	5	-0.254703	-0.795139	1.228161	0.808048	-6.568628	-0.784787	5.291082	0.808046	-0.220216	-0.795905	-0.724487	5.275081	-6.595482	5.764176	5.498558	-5.854903	4.702953	-4.459661	-0.724565	5.275188
4710	5	2.324358	-1.939639	-5.583994	6.331970	5.788769	-7.288629	7.336641	-0.163128	0.214573	-1.585572	7.336641	-0.163843	7.808713	-7.489887	-5.583995	6.332313	0.214573	4.862984	7.336646	-4.632602
4735	5	-5.484415	5.362546	6.674760	-6.419718	5.255931	-2.671158	-2.414127	6.457089	-0.751379	0.534284	-2.389440	6.423550	-1.572653	0.534341	3.785519	6.423546	-0.763197	5.362492	0.518024	-6.419685
4739	5	-5.191400	0.586327	6.169333	0.945524	0.361355	0.586319	-5.253340	7.470596	0.334821	5.246241	1.095451	-3.647809	0.345206	0.586320	0.854840	0.945524	6.939410	-3.229759	-5.253340	7.470666
4764	5	-0.708863	1.983594	3.351253	-0.167016	5.331077	-1.749384	3.276714	1.741455	-0.145841	1.983594	-5.307455	5.253987	-0.709784	5.797016	3.352688	-2.986667	5.861727	-1.806040	-6.254625	7.040450
4797	5	1.466657	6.964008	-0.394679	-2.806173	1.473304	0.453537	-5.727679	7.313608	7.831345	-3.063313	-0.394720	1.169976	1.466658	0.454660	-0.394719	1.167435	7.836668	-3.067063	-5.727688	7.316107
4840	5	3.104772	1.351751	6.757835	-4.685096	7.697598	-4.213559	0.191989	0.025543	-2.817781	7.485903	6.757835	-8.775644	-2.817778	1.460840	6.757835	-5.084308	3.104771	7.383834	6.757835	-8.775644
4909	5	6.875860	-4.774733	1.908416	2.120735	6.129525	-4.769553	4.231402	7.201767	4.518248	-4.704300	7.923587	2.120735	-1.919984	4.254415	7.927831	-1.755978	6.877731	-4.774741	-1.713101	7.201767
4922	5	-2.854267	-0.250152	6.011712	-0.358316	0.169702	-0.278000	-4.559689	5.954454	-2.859926	6.340540	6.018830	-6.884657	4.867106	-6.441963	1.228991	-0.358313	-0.187492	-0.263445	1.228991	-0.358316
5021	5	-5.084051	6.506856	5.967497	-0.103950	-0.493897	6.506855	0.016600	-5.431009	7.353755	-3.952619	-1.921311	6.086691	5.581917	1.482868	0.016601	-4.268388	5.586588	1.482860	0.015243	1.123755
5049	5	0.242470	0.034981	0.295019	0.491992	0.242401	6.436548	0.334938	-0.478438	5.653373	-6.584984	-4.410434	5.015671	-2.866181	6.437342	4.929864	-0.478438	-2.768882	0.035779	4.889408	0.489569
5082	5	2.061415	8.256080	3.313765	3.047819	2.595505	8.186943	-2.316534	3.097165	6.029570	3.203097	-2.316534	6.472104	5.694881	3.204645	3.313765	6.471488	0.788618	8.264694	4.386398	-2.969167
5099	5	0.753393	1.797513	-3.685512	7.169132	0.753393	6.084924	-3.087726	5.908260	0.753228	6.084925	-0.205956	1.575188	5.795613	-3.656504	-3.704039	7.218939	-2.112896	6.085010	5.130040	1.575177
5143	5	8.171614	-3.231499	0.115053	1.075236	1.682314	6.079444	0.115295	-4.050548	6.444230	-1.522292	6.677458	1.074393	-0.049975	6.124582	6.677695	-4.050554	8.171629	-3.231506	-2.778296	4.910788
5156	5	5.960705	-6.311889	-0.176642	-0.693449	-0.123285	-2.705475	-0.176642	-0.693469	-0.122748	-2.705479	-6.599406	5.653321	5.961242	-6.312453	-6.599406	5.653341	-6.630700	-2.699349	5.010479	-0.693469
5166	5	0.625750	0.802158	7.747045	-2.919799	0.625750	6.553746	7.747045	-8.776549	0.625750	0.802158	7.671835	3.193696	-3.494070	6.556527	7.747045	-8.776656	-3.494070	0.804943	7.747045	-2.919807
5191	5	-2.726529	5.875642	7.482758	-2.330474	2.673419	4.365799	-4.127248	5.531635	2.572096	4.427437	2.013006	5.412487	7.547746	1.981161	1.452113	7.491130	7.554899	1.979910	-4.580280	7.491220
5193	5	-1.072769	6.429446	1.059949	-4.592377	-1.072768	0.747986	1.059861	0.053154	-1.064869	0.747842	-5.503286	4.819809	-6.220066	0.760938	6.813864	0.035403	-6.220075	6.440672	6.813941	-4.592662
5220	5	-5.868564	1.173346	6.621375	-5.426202	6.764032	-1.362088	0.728146	-5.425280	-5.868578	6.642052	6.621375	-8.398036	0.431819	6.523208	0.728145	-8.397993	0.431818	1.054401	0.728148	-5.425891
5232	5	7.247187	6.171959	-0.487026	-3.346896	5.003279	6.212787	5.749283	-3.378720	-1.263404	9.006269	5.749283	-5.382060	7.247189	-0.204576	-0.487059	-0.673756	5.003305	-0.160366	5.749255	-0.676975
5276	5	-0.854165	6.931129	0.719513	-4.729821	5.215386	-2.456999	0.632054	-0.876363	-2.423960	6.931338	6.021170	-4.729836	3.677318	-2.273275	5.942163	-0.937649	5.312970	-2.457263	-4.582437	5.691102
5294	5	2.034043	8.061791	7.069426	-4.468220	8.333297	3.770261	-5.425207	7.228639	-3.156528	8.866508	7.069426	-4.480876	8.333297	-2.567556	-5.425309	8.013257	2.037140	8.060443	7.039515	2.062719
5314	5	-3.584442	6.739557	4.893563	2.860258	6.012625	-4.928625	-4.118043	7.500355	0.454791	0.353849	-4.118039	7.500351	0.454785	6.691936	-0.803232	-2.967701	-4.494743	6.739686	5.377244	-2.968124
5316	5	-6.228823	4.026178	6.531154	0.230210	-0.935831	4.026024	-4.610139	6.366128	5.334414	-5.538905	0.662360	1.406321	5.341069	-5.552422	-4.629645	7.454707	-0.942717	4.026026	0.662488	0.230451
5346	5	7.943689	-6.000048	-1.409962	-0.401311	3.475900	-5.994856	5.178523	-0.401311	7.943689	-6.000048	-6.953403	5.009998	-2.026596	5.945804	5.507564	-3.616660	-1.270258	-0.017712	5.186185	-0.420142
5411	5	6.336480	2.393174	-5.338214	6.544558	-5.115458	6.931933	5.259954	-0.157465	1.089317	6.794981	-0.962470	-0.124565	1.089344	6.794974	-4.214307	4.990409	6.336464	2.393173	-1.087799	1.368124
5508	5	0.375911	-0.026821	0.546986	6.302031	0.326551	5.495633	1.862088	3.935368	-1.335296	-0.026821	4.875240	6.302031	6.755783	-5.621166	0.441552	6.465324	5.228207	-5.374285	4.753166	6.464640
5534	5	-2.386009	6.279108	1.613761	-2.275178	-2.448026	6.280058	8.083117	-2.275717	-2.448026	2.313932	8.083116	-0.159584	7.640778	-1.643113	-3.166510	6.717748	-2.386008	2.312003	1.613751	-0.158944
5543	5	4.302579	3.058972	-1.803055	-2.848450	-1.384337	8.051126	-1.803055	-3.324688	-7.242237	8.052047	4.429535	-3.324689	4.302579	-0.666832	-1.803055	-1.167164	4.781748	-1.032198	-6.342746	5.279892
5569	5	-4.510612	6.654317	6.878587	0.175945	-1.598621	1.212327	1.581621	6.124703	5.009581	-4.168290	1.576835	6.148442	-1.280655	1.212319	-4.141548	6.124704	5.334517	-4.169966	-4.146385	6.148442
5570	5	-1.814740	7.286791	6.689532	0.501246	-1.814742	7.286791	6.689532	-5.227949	-0.568880	7.286790	1.842540	-5.227949	-0.568869	7.286790	1.842539	0.501246	7.016777	1.529274	-2.483114	6.588242
5642	5	4.946011	-5.269691	7.134543	-0.841066	6.892383	-5.298557	0.794722	-0.841079	1.173874	0.691966	0.794722	-0.844392	6.893476	-5.298557	-3.568944	4.879327	-0.775885	6.528971	7.134543	-7.085572
5684	5	-2.133639	6.852732	-0.891796	1.353443	-2.130993	1.969440	-5.447677	6.476816	4.255386	0.781288	-5.456043	6.490863	4.253062	5.675087	-0.928750	2.514379	-8.138007	6.852998	4.704935	-5.173649
5702	5	7.743770	-2.717401	-7.073155	4.915832	7.743722	2.608189	-0.782866	-1.548817	7.743770	2.608164	-7.058768	4.875861	7.743722	-2.717365	-0.782866	-1.508656	3.685292	7.726595	5.827905	-7.270128
5725	5	-0.937635	7.083990	8.890447	-1.007796	-0.537928	1.496930	5.354472	7.891202	4.413338	-3.157438	5.352160	7.894474	5.710684	-4.202836	1.532081	7.894474	0.797357	1.211131	1.533089	7.893258
5733	5	9.022784	-5.067905	-6.249892	5.916905	5.386744	-4.617881	5.742523	-0.430197	-0.807444	1.201674	5.742522	-0.431269	9.010482	-5.067846	-0.513581	5.916905	-0.807448	7.116511	5.742523	-4.665626
5736	5	5.333209	-2.874941	5.269953	0.754662	1.400571	7.508302	0.747589	-0.529127	7.689140	-2.884690	-3.487047	6.491711	1.644407	7.366825	-2.639522	5.260569	-0.976071	7.671654	5.594724	-0.529127
5740	5	5.348375	-4.291491	4.592647	7.793188	-2.117344	0.565800	6.789853	-2.352410	-2.114486	0.565800	6.371894	3.177784	-2.117367	6.177947	6.790049	-3.461838	8.992566	-4.961388	-0.511277	7.794821
5753	5	-2.865961	6.257063	0.102899	0.359582	4.520974	-0.545367	-6.185725	7.493068	3.251184	6.157906	0.102348	0.697342	1.656643	6.256927	4.378283	0.360020	-4.363370	6.257063	4.378284	0.359582
5783	5	-4.153927	-0.334623	7.751291	-0.620283	-0.985341	-0.334689	1.822650	-0.620278	-0.745555	-0.334751	-3.236488	5.794434	-0.985343	5.419473	1.822654	-2.791155	-4.153927	5.419537	7.751295	-2.791202
5787	5	-4.137897	0.664816	4.975908	5.478233	-4.374185	6.526073	8.180746	-0.996611	-4.374172	0.665922	8.068010	2.078803	1.686720	0.309718	-1.438284	5.526414	5.432134	-1.528946	-1.648917	5.658945
5817	5	-3.738715	-2.972448	7.202566	0.624720	5.568853	-7.351438	-1.605886	6.654334	1.213141	-2.973672	0.852321	0.624720	-3.738715	3.140023	7.222040	0.346905	1.037801	3.139306	0.871812	0.347641
5875	5	-4.837617	-0.420420	3.143298	5.963761	-9.018105	-0.420420	6.963095	1.360140	-9.018768	5.606811	6.998427	-0.560792	-1.055597	-0.420423	-3.192673	5.963761	-8.968729	5.606811	6.072793	3.906882
5879	5	-0.953730	6.353122	4.501069	-4.742556	6.876906	-4.656158	-1.523517	0.135513	4.801942	-0.795775	4.300907	0.135452	6.876907	-4.656158	-3.947530	5.176666	6.868634	-4.653414	1.974316	5.176666
5896	5	-4.474272	1.233040	8.581529	0.521120	5.808902	-5.376431	1.608371	6.617538	-4.477272	7.353637	8.674381	-3.291212	-4.253720	1.233037	6.876444	6.438749	1.173316	0.675756	1.642210	6.531862
5904	5	5.131946	4.704060	-4.045289	5.715545	-0.585104	6.594025	0.697058	2.375402	5.131946	-1.755919	-4.098647	8.101444	-0.583479	0.623267	-4.098646	8.100107	-1.456578	6.601755	6.991512	-2.793016
5941	5	0.453061	8.904948	-1.239820	2.869673	0.453027	8.904948	-0.785416	-2.244617	4.793034	0.580889	-6.402407	7.618661	4.793030	4.816252	-2.256852	4.018911	-1.733482	8.911392	4.883413	-2.244617
5943	5	7.212122	-5.975806	-0.264786	-0.056575	-1.345070	6.045362	6.029163	-4.716918	7.219736	-5.975806	-2.764829	6.190067	0.802345	6.045353	-0.008853	-4.716918	5.096356	-5.726160	5.875082	-0.056575
5968	5	-0.227451	5.605372	-1.019020	3.220089	-0.227451	-0.200020	-3.980298	8.742388	-0.227648	5.605372	1.646213	-3.394532	4.861821	-2.821796	-3.980304	8.742424	-6.009289	5.607270	5.630074	-3.395893
5981	5	0.760386	6.680175	0.327456	-4.828642	0.890856	1.145418	-5.373407	6.014507	6.100869	-2.936794	0.276853	0.321774	0.760486	1.146384	0.326314	-0.594116	-2.370349	6.683087	6.934799	-4.828642
5993	5	4.351683	5.194882	-0.050611	-5.067762	4.351689	-1.331364	-6.985365	6.407767	4.249764	5.353958	6.156613	-5.068176	4.351683	-1.331353	-0.052187	0.006390	4.249764	-1.164510	6.155919	0.006367
6001	5	7.633714	6.964236	-0.991548	-5.177722	-2.570438	7.694362	4.770255	-5.810729	-2.570377	1.560376	4.770244	-0.210245	7.633714	0.815422	-5.720667	6.311677	7.633714	0.815422	-0.991559	-0.182362
6060	5	0.742947	2.041474	-1.706128	-0.617416	0.750113	2.041424	-6.642059	5.864144	5.593267	-9.627596	-1.706129	-0.596801	5.600494	-9.628641	-6.642522	5.884897	-2.243994	2.043517	4.666531	-0.617503
6063	5	6.751420	-2.229366	0.361938	4.189583	-5.774769	1.212744	6.899734	3.781117	0.038124	1.203778	6.898000	3.783845	-5.775154	7.246081	8.467657	-3.434660	0.029748	7.238409	8.467555	-3.427379
6070	5	-3.564633	5.845717	9.073989	-4.048719	-0.604399	0.733263	1.751740	6.550597	2.918655	5.432852	9.073989	-3.766814	-3.564633	0.733292	9.073989	0.341891	2.918655	0.311131	9.073989	0.342022
6084	5	-0.077748	5.470444	1.559948	-6.969012	5.705263	-5.445794	1.500895	-1.339519	-0.075844	-1.111232	1.500895	-1.339522	-6.617304	-1.111227	6.828047	-1.339520	-0.067427	-1.111228	-3.934420	4.368274
6093	5	5.241706	-5.562887	-4.320494	0.304638	1.026440	-0.654245	-4.320490	0.304273	5.241706	-5.562886	-5.709378	5.626594	1.026440	-0.654245	-5.709377	5.626422	1.026439	5.786368	-4.315886	-5.383535
6111	5	6.865036	2.834906	-3.447938	-1.053974	2.942428	7.646045	-3.447937	-4.531295	6.865038	2.834904	-6.633635	4.867979	6.865038	-1.101963	-9.178817	6.002448	6.865036	-1.101917	-3.447954	-0.016205
6119	5	0.822692	6.195802	-0.817203	3.536724	6.841051	-5.110451	-6.209317	7.495263	0.823137	0.224996	-6.200886	7.380605	-3.803086	6.195815	4.927710	-2.098764	0.819678	6.195802	0.169178	-2.098763
6125	5	-4.188094	1.256758	4.969609	-0.880448	-3.756040	1.247484	0.855613	4.686627	-4.188094	7.190678	4.969609	-0.898076	-3.817688	7.183144	0.919944	4.666841	6.592933	-2.805298	-5.498217	8.021497
6154	5	6.296355	3.806355	1.550564	1.137893	0.054287	6.713939	8.040517	-3.990028	6.375206	-0.475057	0.159121	2.308478	-5.848739	6.857167	8.040517	-3.991467	6.389041	-0.488634	-4.564540	6.411565
6158	5	-0.064200	-0.577940	-1.390432	0.293568	-0.322710	-0.532298	1.967558	6.195445	-1.061240	-0.480121	4.254077	0.285710	5.427899	-6.479100	4.245456	0.408649	6.424943	-6.489954	-1.398547	0.408664
6161	5	3.525440	6.042683	1.003427	-4.982076	3.526007	-0.240378	0.998649	0.324217	3.709301	-0.447768	-5.585971	6.320813	-4.028889	7.191870	6.760674	-5.874807	-4.026948	1.103100	6.755947	0.320701
6186	5	4.259072	-3.359977	-0.460484	0.378837	-2.136327	6.561167	0.429520	-4.591919	-1.852839	0.153648	-0.451369	0.368074	-3.175103	6.561167	5.046745	-4.591953	-1.354465	0.153648	-3.094639	4.498513
6191	5	6.437091	-2.056501	-3.829559	7.642154	-2.489744	5.868554	7.054539	3.077670	1.996246	5.257220	-0.387857	3.794788	1.996280	0.775932	-3.829081	7.590036	-2.492510	5.868623	8.564649	-0.656053
6195	5	8.120434	2.544618	-0.465186	0.485893	-0.311095	8.210361	5.399840	-5.104157	8.120536	-3.861847	-0.465910	1.420519	4.825934	2.559918	5.399824	0.472097	4.826421	-3.853756	5.399414	1.420517
6228	5	6.015321	-1.769695	-5.639694	6.538310	-0.573168	6.002147	-0.721609	-5.860592	6.015314	3.938781	-0.721637	-4.391726	-0.573161	0.471319	-5.639694	6.494662	-5.778120	6.059744	5.438208	-5.864689
6241	5	-0.508920	0.210404	5.776021	1.438027	5.506276	-4.827850	-4.019570	7.523928	-0.509796	5.816514	5.777212	-2.284537	5.316939	-4.460587	1.190104	1.442631	1.727793	0.182441	-4.019570	7.520534
6254	5	0.315139	1.141338	-4.452548	8.503643	0.245549	1.143103	1.937167	8.503427	0.245200	7.227445	1.938648	5.462141	-6.163126	7.234825	6.895834	0.217961	0.315139	7.225872	-4.451075	5.463385
6295	5	5.423451	-5.863786	3.572642	7.087113	3.510038	-3.275115	6.492454	1.450696	2.959586	4.423970	7.000852	-0.770798	-1.546432	5.133635	7.023439	-1.705644	6.168670	-5.905964	-2.527682	7.087113
6369	5	-7.205196	5.857987	7.134578	-6.015453	-7.205195	-0.136227	7.134099	0.052595	-2.212969	-0.136227	1.921186	6.626373	4.289120	-3.364864	1.916694	6.637582	-2.125591	-0.136227	-2.402349	6.626373
6391	5	2.328769	-1.119200	7.105020	-2.733627	2.324482	4.835063	7.247938	-8.330406	-3.396010	-1.099071	7.105020	-2.733627	6.177117	-5.798351	-2.078392	3.494620	-3.399974	4.856002	7.248023	-8.369669
6422	5	6.508750	-6.882590	-0.944499	-1.889800	4.844461	-6.858958	5.602952	-1.889805	0.754301	-0.329267	5.602952	-2.720559	6.540392	-6.882597	-3.532162	4.604799	0.754301	5.261655	5.602952	-7.894136
6453	5	8.885351	-2.972833	0.101086	1.048190	8.885351	-2.972833	-5.758080	7.036977	2.823039	5.388732	5.607209	-5.413551	2.831200	1.789229	5.581980	0.217661	-1.558419	1.912449	5.585961	0.092819
6472	5	5.392927	3.512302	-3.468607	6.092014	-0.391938	7.472489	-1.945710	4.139345	-6.858097	7.481293	5.113632	-1.015239	-0.392000	7.472490	-0.096677	-1.011861	5.392927	-0.175779	-4.075127	6.867038
6513	5	1.149456	2.342577	1.779405	-1.004058	6.275864	-5.297613	1.600527	0.316952	1.150759	-3.590882	1.600531	0.316942	1.152793	-3.594966	-3.036707	6.724959	-0.775980	5.804593	4.370445	-4.224000
6525	5	0.203067	7.605822	-2.134159	-4.222850	6.369215	4.440655	-2.134159	-4.148216	-0.407430	7.605828	3.213513	-4.222850	6.387366	-1.688860	-5.537046	4.828283	6.369216	-1.688783	-2.134207	-1.579367
6533	5	0.035732	4.947661	-2.920020	3.509023	0.037123	0.421146	-4.316605	6.109262	4.482087	-5.045118	-4.316990	6.126188	-3.040449	4.948964	1.403189	-3.029854	-6.339544	4.948964	5.980344	-3.029854
6595	5	-6.909885	0.782582	4.970950	7.038846	-8.923588	6.647632	6.856952	-1.350419	-2.981096	0.782551	1.994218	1.163445	-2.981112	6.647603	1.994357	-1.350418	2.955597	-5.070499	1.994212	1.171846
6596	5	0.159182	0.883992	-3.361356	-0.115858	0.159190	0.883992	-3.846578	6.166429	-3.443131	6.381916	7.149075	-5.320550	6.245550	-3.900563	-3.361481	-0.115754	6.245558	-3.900570	-3.846578	6.166496
6603	5	1.188602	-1.847574	2.632841	1.370974	6.493591	-6.837795	2.622542	1.441571	-1.085955	4.224089	5.432699	-0.314229	8.146360	-6.848984	-2.243894	7.316493	-1.016273	-1.845313	5.345419	1.370867
6619	5	6.243045	-10.199010	3.576733	6.622321	-0.339242	-4.054359	3.576755	6.622287	8.600162	-10.526817	-1.632820	6.622321	2.117952	-4.142579	-1.632800	6.622291	-0.611224	2.518906	3.756489	6.356843
6631	5	-1.008378	7.273912	4.515305	7.368090	6.896116	4.325946	-0.048964	7.678042	5.147047	5.701579	4.514111	7.376750	-3.254905	7.306167	5.948099	2.073883	0.746640	7.180962	-0.009627	7.368123
6641	5	0.191772	6.518316	-0.560642	-6.204418	-4.522393	6.663983	5.686365	-6.206408	6.166831	3.885554	-0.560642	-3.478509	6.166831	-1.044502	-0.560669	-0.107081	6.167155	-1.044736	-5.528124	4.593956
6701	5	0.437381	6.689704	-2.673751	-2.741875	0.437493	6.689703	-3.845901	3.344626	0.437521	0.294751	-9.111433	6.375980	6.719750	-5.879816	-9.111522	6.385803	5.840677	-5.472120	3.878937	0.506808
6710	5	-6.807540	7.057626	8.082979	-3.984141	-6.786493	1.427937	7.881110	-0.459920	5.369720	-0.833071	0.040643	5.645138	-2.145598	1.394406	4.673362	5.625724	-0.350573	1.312212	0.052758	5.629664
6795	5	3.784306	1.522549	7.061931	0.841106	8.073725	-3.750841	-2.794742	6.847990	-2.219256	7.409040	7.147227	-4.227911	-2.176527	1.949809	7.062138	0.839305	3.741438	7.083636	7.147227	-4.227899
6808	5	5.336816	-0.975379	6.511431	-0.141820	8.324113	-3.291980	-4.518721	6.375752	-0.247401	0.618005	6.511451	-0.231734	5.336749	4.630992	6.511518	-1.427804	-0.247438	6.213065	6.511520	-2.439424
6811	5	-0.215245	0.435369	7.377182	1.257286	6.042881	-6.051354	7.177936	7.695803	-0.215215	0.435369	7.177936	7.695803	6.042851	-6.051352	7.377182	1.257287	-0.215245	6.831347	7.377197	-3.277763
6833	5	7.726011	2.309630	-1.764253	-0.114390	7.726011	-3.857653	-1.764491	-0.011380	1.166698	6.880042	4.445036	-6.379938	5.473064	2.309720	4.443546	-0.114408	7.726011	2.309630	-7.581651	4.751782
6860	5	6.197073	-5.411199	-1.323720	9.003111	-0.885238	-0.800564	3.951825	9.002995	-6.578378	5.407061	6.511493	5.359602	-0.021309	-0.808623	-1.323662	9.002997	-0.021317	5.395654	1.057754	5.371158
6882	5	0.120891	-0.154293	4.157307	5.869737	-4.186882	5.889335	5.596613	-2.588146	1.398628	5.889323	-0.855726	3.750745	1.398629	-0.154307	-1.903183	5.869738	5.867603	-4.469661	-1.913309	5.966006
6883	5	6.783856	-4.994997	-2.447796	6.381488	-2.546230	5.989197	6.424978	-2.073382	0.291173	5.361631	-0.541959	3.505416	0.179048	5.502576	0.565160	-2.073381	0.370178	-0.655124	-2.445399	6.378116
6917	5	3.244530	5.015676	5.550639	-3.559344	7.246755	0.551494	-5.501669	7.907356	-2.655134	7.188415	5.550639	-3.577101	7.246002	0.551689	0.496472	1.298739	7.246717	-5.124474	-0.938228	1.634480
6918	5	3.505340	5.322588	-0.451918	-8.207830	3.505440	-1.142106	-0.478195	-2.632659	-2.419496	-0.279974	-0.478196	-2.632662	-2.417536	-0.280002	-1.427243	3.436334	3.507412	-1.142995	-1.427244	3.436335
6920	5	0.119076	1.346471	1.150310	2.421118	-6.242514	1.346535	5.689952	2.420950	6.547890	-4.665098	-0.590578	6.461887	-6.242584	7.932727	6.205319	-4.427992	0.010959	7.932683	1.666934	-4.427992
6945	5	-1.829393	7.573082	5.119278	4.426504	-0.173589	7.572894	-1.246169	4.426641	5.920383	-2.377124	-4.225618	7.637936	-2.908122	7.573088	6.594489	-1.154127	-0.240091	7.572919	0.193873	-1.154007
6951	5	0.874448	-2.896477	-4.350394	5.270658	0.874449	-2.896457	-2.077087	-1.026102	7.356953	-7.541117	-2.077087	-1.026102	0.221281	-2.858974	2.593225	-1.026102	7.356953	-7.541118	-4.350395	5.270658
6956	5	0.286719	7.205618	1.409031	-4.915272	-6.232702	0.691540	7.192607	-1.698011	5.070485	-2.110157	1.334467	0.003324	-6.232491	7.205618	7.214098	-4.915272	0.286756	0.691539	1.387454	-1.698010
6967	5	-0.797081	7.959375	-0.894724	-3.857215	5.766162	2.208287	-0.902093	0.356657	5.801951	-3.921027	-0.915686	1.113042	6.883856	2.206750	-5.475412	6.950734	6.883857	-3.922410	-5.991428	7.699580
6974	5	-2.532845	7.553306	4.894684	-4.880932	0.157253	7.416685	-1.119845	-4.880932	6.421102	-5.167725	-1.123672	-0.198637	3.750923	-2.518974	4.889687	-0.198657	3.827605	-2.660336	4.857212	5.120869
7012	5	4.511964	-3.041766	4.624605	-1.664099	0.149209	6.702843	-0.209739	-5.769490	6.414393	-3.209376	-0.209757	-1.664099	6.414393	2.318678	-0.209756	-1.673194	-1.280870	6.702845	4.624658	-5.769490
7017	5	6.775981	7.262882	1.587022	-3.359266	6.781511	0.807286	1.269512	0.035511	-3.498999	9.149531	5.246223	-3.981260	6.787444	0.807279	-2.236654	6.385010	2.680249	9.097183	5.246199	-3.970354
7065	5	3.911184	-3.297558	1.567354	-1.520688	0.857744	-0.471413	1.567354	-1.574934	0.668506	0.057239	7.098733	-1.602083	3.539035	-3.293550	7.098733	-1.520714	9.906304	-3.299782	-3.473039	4.541465
7074	5	6.658482	-5.911508	-2.538134	6.496697	0.209712	-3.980752	2.141658	6.496249	-4.463464	-3.952091	8.495544	-0.084525	6.656522	-5.911453	2.141345	6.496697	0.211824	-3.980835	-2.537985	6.496249
7085	5	-4.644551	8.828194	7.314145	2.736259	7.636076	-4.043192	3.698999	8.782063	-4.644757	8.828194	7.809952	-1.812310	7.810575	-4.043919	-2.218851	8.782063	7.810575	2.279638	-2.214200	8.772800
7104	5	0.001073	6.418956	0.217503	2.051429	6.235827	1.111316	-0.917528	5.164446	-4.401446	6.418983	6.120308	2.051407	6.236065	-5.262163	-1.002447	5.534805	3.555360	1.923721	5.043041	4.935343
7118	5	-1.233259	0.132853	-1.790921	-0.176897	-1.233259	6.384702	-1.646448	-6.691275	-1.233259	0.132853	-3.666927	6.241683	4.705081	-3.627021	-1.791732	-0.168306	-3.721701	0.132853	4.160213	-0.176897
7129	5	3.554546	1.015106	7.103277	-0.898434	8.055218	-3.447897	-4.657297	5.741655	3.554545	6.565985	7.103277	-3.689906	-1.073687	7.078801	7.103277	-3.695066	-1.073687	1.611426	7.103277	-0.929999
7167	5	6.372490	4.692519	-1.360774	4.041547	6.369435	4.692637	0.706708	-1.172885	-0.221200	8.972075	0.784449	-2.335417	-5.602780	8.972076	4.953648	-2.335417	6.372500	-1.291441	-3.686630	7.203605
7172	5	1.562585	7.744799	3.365814	7.296263	1.737303	7.702816	-1.939340	7.296263	7.433435	4.750478	-1.940646	7.310256	7.278669	-0.625130	3.322168	8.408255	7.433435	-0.699632	-1.980955	8.408261
7193	5	0.139943	-0.062101	-2.278487	9.133781	-3.883325	6.528396	5.810567	4.272329	5.822497	4.333083	-1.833499	6.635818	0.139943	6.427881	-0.705743	4.325940	5.822497	-2.223923	-2.279792	9.150490
7239	5	4.768537	5.780098	-1.301122	4.885173	4.744741	5.836018	1.563791	-0.699416	4.768599	0.437201	-4.222693	6.546043	4.744754	0.507446	1.563529	1.074806	-4.359650	8.874912	5.602229	-0.700176
7242	5	-4.787253	6.157850	6.359595	-5.404189	1.587102	5.782321	0.073634	-5.397175	7.154367	-0.579029	-0.015824	-2.346305	6.625051	0.601471	3.999401	3.990819	7.154367	-0.579029	-2.168869	3.990820
7282	5	6.449620	-6.283138	-0.593890	0.109764	0.099908	-1.484943	-5.426059	5.485041	-4.166714	-1.484368	5.196609	0.109738	6.449726	-6.283178	-5.426065	5.485067	0.099799	-1.484943	-0.593890	0.109738
7290	5	-2.976994	4.745501	2.092083	3.782413	-0.212314	-1.788190	0.667490	5.193048	-0.188133	-1.788190	-4.213988	5.193048	5.934614	-7.304510	-4.214008	5.193397	-0.188133	4.745500	-2.891402	3.782414
7330	5	-2.827477	4.848859	1.072042	-6.279387	-2.827477	-0.747226	1.072042	-0.571184	-7.924017	4.848860	6.683214	-6.279390	-2.546536	-0.747228	-4.394252	5.513029	-7.924017	-0.747225	6.683214	-0.571184
7361	5	-4.964175	0.401829	6.852627	1.436624	-1.026283	0.401828	0.789975	1.436624	4.463183	-4.001324	0.789885	1.436649	-5.226175	6.718540	8.199205	-4.951877	1.017576	0.401554	-3.905624	6.197733
7395	5	8.813684	-7.906765	-0.433053	1.168192	8.813685	-7.906766	-6.204197	6.278192	2.709833	-2.146942	5.569059	1.167946	-1.690586	-1.647982	5.569063	1.167498	-1.692354	4.930457	5.573834	-4.007523
7411	5	4.942470	-3.685116	-5.230690	7.472262	-0.982191	7.835715	0.359084	-2.570413	-0.981563	7.835715	0.135742	3.585631	-6.772797	7.835720	6.742578	-2.570380	-6.771358	7.835720	6.519371	3.585629
7443	5	6.613380	-7.303800	-4.348430	3.377078	0.183045	-2.083770	-0.576444	-3.107088	6.613375	-7.303443	-0.576444	-3.107112	-5.539812	-2.083440	5.633676	-3.107088	0.183049	-2.083770	-4.348430	3.377078
7475	5	4.662410	-7.138973	7.120523	1.009847	6.468421	-7.277877	-3.667516	6.193313	-1.160904	-0.708049	7.120524	1.007738	-1.160912	4.286453	7.120701	-0.288900	0.754246	-0.709786	-3.667515	6.191200
7494	5	-0.970315	7.900975	0.292942	3.220585	-0.998326	7.902276	0.490044	-2.651623	-3.232947	7.934018	5.320461	-2.651719	5.816430	-3.302609	-4.724726	4.727566	-3.094253	7.933697	5.131123	3.220486
7503	5	6.190344	-3.193640	-3.879740	6.568560	6.188140	2.921816	2.162105	0.010062	0.115557	7.508585	7.050498	-2.364195	-4.640533	7.508867	7.050498	-2.364255	6.190344	2.918049	-0.869457	4.184953
7537	5	-0.282696	8.954066	-1.466921	-5.075857	6.230564	6.487148	-1.755505	3.332411	-6.395119	8.954077	5.036401	-5.075864	6.245654	0.289884	-7.332607	6.500710	6.218275	6.487152	-1.466921	-3.214971
7589	5	7.595892	4.092913	1.378195	-0.108138	7.634468	-1.069491	-2.385284	7.330129	3.488232	5.659640	6.500039	-2.264878	7.633243	4.087036	-1.008638	5.425607	7.611700	-1.065987	0.996391	1.848428
7605	5	-3.584800	7.833222	7.654875	-2.220136	-0.015506	7.828144	1.103755	-2.218982	5.497316	4.959254	1.103471	-0.902198	5.530975	-0.941063	-5.159552	6.368553	5.529820	4.911237	-1.334509	3.930974
7685	5	0.041296	6.995173	-0.336736	-6.264790	-3.085867	6.999605	6.064947	-6.264794	6.406976	-4.432431	-1.440518	-1.421200	4.468990	-4.289973	4.941429	-1.421202	6.407625	-4.432432	-6.046202	4.364355
7721	5	-2.443441	0.370957	6.781016	-1.009794	0.207230	0.060387	-1.073449	5.483885	0.040424	0.207187	1.507616	-1.009525	-2.522969	6.273221	6.882017	-4.920706	0.026675	6.117899	1.609507	-4.869603
7733	5	-2.312537	4.580887	6.560254	-1.346227	-2.312532	0.016130	6.553879	0.419356	-2.276927	4.580887	5.275449	4.528041	1.018689	0.016085	2.498427	6.284516	5.760006	-5.755480	2.173792	6.466139
7745	5	-4.862215	6.982795	5.177783	-6.040270	5.928791	-4.871874	-4.095811	5.341398	5.928791	0.675024	-1.537496	-1.117628	5.928791	-4.871874	-1.537533	-1.117024	5.928791	0.675024	-4.095342	5.340794
7774	5	-7.452039	6.693071	3.704187	4.742795	2.127136	0.955140	-3.449350	6.634101	-8.460084	0.973605	5.851347	0.006311	-8.461353	6.693071	6.001007	-1.895743	2.112971	0.956191	0.247159	0.006355
7786	5	5.450961	-7.350589	0.205732	0.980368	1.511690	3.131330	0.205832	-5.521461	-0.651491	5.002501	5.053397	-5.603676	1.511705	-2.882745	0.205732	0.980366	1.737799	-3.259343	-3.686652	6.444257
7799	5	-0.827341	-0.749337	-2.026133	5.115539	-1.150766	-0.747703	3.215526	5.115539	-6.134578	5.429088	6.848829	0.158347	4.722823	-3.625360	3.215517	5.115556	5.021569	-4.107454	-2.026151	5.115556
7820	5	0.305767	-0.886686	-0.316980	6.053101	-4.963119	4.693072	8.920511	-4.536792	-4.963119	-0.886685	8.920484	0.262797	6.744172	-5.371135	-0.316980	6.053102	-4.350764	-0.886685	4.687130	6.053101
7833	5	-7.965046	7.807057	6.445740	-5.483448	2.842248	5.103732	0.019487	-3.609040	-3.146696	7.807057	0.019487	-5.483448	2.842248	-1.302503	0.019482	-1.806100	2.842305	-1.302676	-0.036636	2.688964
7867	5	-0.953689	9.234664	3.965270	2.916068	8.200242	-1.656481	-4.137987	6.804195	4.899558	3.457219	3.964434	2.916242	-0.991250	9.234664	6.564126	-3.706526	4.856464	3.531508	6.564126	-3.706398
7875	5	6.854183	-6.364845	0.874031	0.935910	1.946293	-0.149770	7.425529	0.916050	6.855803	-6.364845	-4.366172	7.202650	-3.280117	-0.016269	7.425610	0.912047	1.944894	5.532248	7.440209	-3.499810
7925	5	0.143712	-1.636811	3.439141	7.978507	6.409322	-7.930471	-2.838314	7.978507	-3.017581	4.839143	6.953198	-2.749831	1.354407	-1.638822	-2.838314	7.978507	5.196803	-6.798165	3.439141	7.978507
7996	5	7.656656	-4.604478	0.521941	0.785022	7.657464	-4.604478	-5.942592	6.393236	4.650790	-4.600237	5.368422	0.785022	-1.461301	7.233853	5.368602	-5.470874	-1.461035	0.594468	5.368422	0.785002
8006	5	-1.990734	7.819307	6.746320	-3.934626	6.612551	3.290642	0.627446	-0.668628	1.666966	7.687324	0.672395	-3.842367	6.630380	-2.841213	0.567328	0.491969	6.820365	-2.964985	-0.812274	5.044637
8036	5	-0.180001	-1.916353	2.496899	6.728060	0.046522	-1.928787	-3.774965	6.728105	6.204109	-4.145737	2.494750	6.730575	6.430040	-4.304171	-3.777001	6.730598	-3.028463	4.594917	5.387555	-1.196472
8044	5	6.859374	4.428956	-0.078049	-1.641017	6.863452	4.428955	-3.490265	4.897267	-1.294372	8.895039	5.242605	-6.054117	6.863485	-0.927815	-5.259767	6.317030	6.859374	-0.927813	-0.078049	-0.194813
8067	5	-1.999140	-1.428053	-0.792417	7.558904	-2.003838	4.550553	1.635818	4.280162	-8.165194	4.551299	6.072744	-2.135008	-8.165173	-1.427369	6.072690	1.150261	-5.606873	4.551294	4.628103	4.279206
8072	5	6.932407	2.220391	-0.049517	5.206432	6.988659	-3.530416	-1.365016	5.597558	5.460611	-2.328391	4.834241	-0.429569	5.428830	3.378538	4.883283	-1.170905	0.320725	5.278416	4.915857	-2.006370
8087	5	8.450667	-3.859949	1.624694	-0.152232	2.227023	0.421264	1.624704	-0.154164	2.226852	5.631243	1.626022	-3.490580	-4.278049	0.463635	5.949015	-0.154342	-4.278352	5.674435	5.950222	-3.507635
8089	5	6.451474	-1.609927	-3.071525	5.944815	4.609338	6.152141	7.509435	-3.925775	1.151568	0.979604	4.520341	0.115107	6.451454	-1.609911	0.352736	0.115235	4.708026	-0.354424	4.519664	0.115234
8103	5	1.382572	4.872431	5.611726	-3.343046	6.607149	0.582834	-6.982791	6.512071	6.581826	0.583133	-0.577311	0.149233	6.581826	-5.423040	-0.577311	0.546536	6.607149	-5.423339	-6.990625	6.903472
8120	5	6.043398	-4.696194	3.023189	4.210262	5.161680	-3.340793	4.041200	-0.795908	-1.049928	5.728862	4.041201	-3.556259	-1.049926	-0.353381	4.041200	-0.933521	-0.311476	-0.357991	3.305807	4.050245
8149	5	-1.607749	5.161350	0.790835	-2.492919	-1.607748	-1.053754	0.749121	-0.953197	-6.832471	5.184319	6.930491	-2.501880	4.257202	4.341765	0.790624	-2.159864	4.257203	-1.884909	0.743766	-0.923684
8175	5	2.078154	-0.620756	-10.416066	5.998003	2.078154	-0.620755	-3.954632	1.009956	2.078154	5.760199	-3.932626	-0.895218	2.075370	-0.620693	2.287567	1.009953	2.075181	5.760259	2.303390	-0.895258
8178	5	1.247259	0.648581	6.370906	0.665683	7.237210	-5.306616	-5.038613	7.287093	-4.037973	6.974035	6.372535	-5.457158	2.883489	5.740137	0.678922	-5.438961	-4.037973	0.843539	6.370906	0.665677
8192	5	3.159495	-1.031421	7.158236	1.781216	-3.450621	7.182072	7.194850	-2.485667	7.866477	-1.851245	-3.656855	5.459657	3.158559	4.603843	7.194669	-0.764540	7.866471	3.729129	-2.547981	4.815251
8197	5	-0.143693	-1.863116	1.674270	6.550496	-4.880713	4.740673	6.487887	-5.760517	6.161203	-7.491394	1.674063	6.550633	-0.136160	-1.865628	-3.625691	6.550497	-4.875644	4.740673	6.480033	0.190797
8234	5	-2.938367	6.388236	5.775376	-3.273476	-0.083246	0.159956	-0.025018	-1.869865	6.260980	-3.773666	-0.025018	-1.856413	-0.083246	6.343002	-0.025017	-3.271641	-2.938367	0.208177	5.775376	-1.870789
8244	5	-2.571570	9.328509	5.278296	-4.396842	5.903212	-2.828852	-0.317403	0.190593	5.928585	-2.831331	-6.834385	6.811536	5.902981	3.726068	-0.313005	-1.824308	5.928584	3.722490	-4.996277	4.763986
8250	5	-3.663921	0.178302	6.728971	1.871586	5.161565	-5.170586	-1.059537	6.673211	3.901314	-4.894143	3.001873	6.673211	-1.322611	6.097843	4.468175	5.133733	-3.670104	6.097974	6.800200	0.347188
8255	5	0.838881	4.533025	-1.463355	5.369860	0.838862	0.445351	0.858762	0.272937	0.838854	4.533029	0.965054	-0.874068	0.838881	0.445354	-2.386777	6.524498	-5.726786	0.487164	6.662284	0.269579
8284	5	2.510431	7.297680	1.696018	-3.393437	-6.358386	7.442937	6.676161	-3.398119	6.482296	3.016777	-3.911623	7.659881	-4.092802	7.442921	1.696018	-3.398118	6.482296	-2.984381	-3.911631	7.725620
8286	5	-0.588159	6.792029	-0.827475	-6.007165	5.279086	-3.264229	-0.925155	0.251296	-3.371970	6.792210	5.752015	-6.007166	5.280582	-3.267639	-3.231068	6.250527	2.485051	6.687504	5.752014	-6.006534
8296	5	2.666690	-0.491028	7.253360	2.754112	-3.420211	6.160870	7.729444	-7.145213	2.658949	5.678743	7.729052	-6.414901	-3.412461	-0.007538	7.256141	2.744140	7.604714	-2.221070	2.396908	2.763617
8316	5	-6.716677	5.865513	7.607510	-2.312066	-6.716660	-0.639700	7.602304	-0.093875	3.999749	-5.040662	-1.731469	6.110986	-0.267179	-0.645478	-1.684425	6.050797	-0.268679	5.859747	0.943775	3.545187
8338	5	-3.148277	8.570619	6.267625	-1.500367	0.457175	8.456944	1.199103	4.638446	-2.143331	8.559955	4.474161	4.636992	6.937976	5.854320	1.056238	4.739905	7.051660	-0.777495	-1.858158	6.629698
8363	5	1.452318	1.144765	6.968713	-1.604815	7.619860	-4.387116	-0.516547	5.004476	-4.056810	5.790108	6.969889	-6.186200	1.452289	5.756587	6.969889	-6.179658	-4.056771	1.201597	6.968723	-1.608845
8364	5	1.254369	-1.146924	-4.592242	6.829910	7.227744	-6.058472	-4.592242	6.829931	-1.888984	5.270355	2.178526	5.025849	-5.262464	5.270355	6.297854	1.050813	1.254368	5.263782	-4.073780	5.025911
8367	5	8.773126	-4.654514	0.574898	0.892679	8.773897	-4.654514	-2.591536	7.140339	-2.416962	4.755840	5.724124	4.819625	3.452122	-4.357867	7.141471	0.892679	-2.478644	4.755840	7.284154	-1.301375
8415	5	3.337903	0.582878	-3.702553	6.600596	-3.122721	1.103155	-3.702506	6.598583	-8.553367	6.076936	4.733907	2.436392	3.337895	5.554717	-1.403007	3.028838	-3.122730	6.076853	-1.369943	2.436458
8421	5	8.461866	1.476246	-2.021751	6.666646	8.444731	1.478252	2.648210	0.038739	8.444731	-2.787699	2.648210	0.038800	-2.850490	3.480665	5.691033	-0.194133	3.579346	2.841844	5.690997	0.021103
8442	5	-2.755546	6.039237	5.351709	-4.313758	5.207470	-0.274112	-4.270572	7.305310	-1.535394	6.039237	4.475603	1.797823	-0.124636	6.039225	-1.169544	1.797824	-0.127629	6.039225	-0.213146	-4.313758
8449	5	0.794318	6.849206	0.755516	-4.970479	-2.521568	6.849345	7.202621	-4.970479	0.794318	2.223701	0.755516	-4.892974	-2.521568	2.223849	7.202621	-4.893020	6.664105	-2.339671	0.755516	-0.360624
8459	5	7.225973	-3.615574	2.666250	9.140260	1.821711	4.738975	-1.818230	5.643296	-4.353948	6.348878	6.287773	0.848094	0.709415	6.045445	4.108847	5.614961	1.816356	-1.385175	2.666250	9.140260
8479	5	-3.414783	-2.069185	8.086171	-1.367701	-2.477538	-2.069187	2.680367	5.206073	-3.414222	4.290185	6.366135	3.870746	-3.414782	4.290185	8.086172	-2.689806	1.056397	-2.073304	-1.250656	5.206075
8503	5	-3.216484	-0.109411	5.942240	1.210707	0.801212	5.581257	-0.528633	-3.726758	7.617466	-6.397121	-5.584692	6.372511	7.226927	-6.391144	-0.529641	1.212970	-3.217152	5.604215	5.943247	-3.735833
8520	5	-3.618948	5.431411	5.525790	-3.543010	7.671779	-7.179587	-0.917224	0.515848	1.353635	-1.027409	-0.917224	0.515802	7.671784	-7.179587	-6.050888	5.034984	-3.615582	-1.027259	5.518868	0.515802
8536	5	4.775099	4.090296	-0.786123	4.580700	2.024673	5.267775	7.808301	-1.925050	4.875364	-2.284722	-4.978258	6.023468	-4.613647	-0.671132	7.808300	0.111530	2.024674	-1.046585	7.808300	0.132387
8566	5	0.738095	2.029751	-2.208664	-2.815509	5.792199	-3.999117	4.012935	-2.236795	0.738095	6.245775	-2.208560	-6.760179	6.949298	-4.074870	-2.208792	-2.236778	-0.429267	6.247110	4.013360	-6.760502
8579	5	-1.436111	6.818487	1.560537	-6.559873	-1.414976	0.353220	1.550641	-0.296744	5.706412	-4.243088	-2.602126	6.039294	-0.785126	0.353219	-2.594233	6.029033	-7.138228	0.353220	7.041491	-0.296743
8582	5	-1.642866	7.917485	-2.487910	-1.108712	3.142967	6.055982	2.854348	-1.073786	4.067359	-1.317589	-8.408069	8.464827	4.066085	4.881799	-6.630259	5.545348	4.036450	4.888191	-2.488011	-0.432813
8592	5	4.758072	-3.208262	-0.578374	-1.664947	-1.811604	-1.574962	6.005015	-1.664947	2.422813	-2.157529	6.005015	-1.664947	4.802015	-3.231441	-2.377748	4.567123	-1.812108	3.963407	6.005671	-6.782688
8617	5	-4.087316	6.038285	8.145562	-4.344138	5.959971	3.615503	-0.241030	5.845821	-4.083584	-0.542877	8.121089	0.836690	0.170028	-2.738235	-1.763772	7.428390	6.246240	-2.952700	-1.763841	7.428503
8625	5	6.658773	-1.380086	-6.367576	6.660384	6.658773	5.244813	-5.956888	3.374578	2.080236	6.911751	4.808320	-2.549300	2.426012	0.228764	4.536521	0.655212	-3.135445	7.212102	4.808320	-2.549514
8626	5	-3.402559	-0.719260	0.454974	-2.614236	-3.403038	5.099862	0.455220	-6.591457	-9.025289	-0.674090	5.777121	-2.614236	2.862178	-2.416116	0.454974	-2.614236	-9.029399	5.145460	5.777315	-6.602985
8670	5	-0.033491	6.768827	-1.963851	5.086609	-0.496269	6.808997	0.622426	-1.415882	5.515186	3.847611	-2.078196	5.181371	5.055250	4.380367	0.622396	-1.400445	-5.949952	6.917546	6.384759	-1.415874
8684	5	5.728126	-0.324472	5.775771	-0.296366	7.825305	-1.590127	-5.691705	6.297316	7.775321	-1.565506	-0.806599	-0.296365	7.775109	5.052826	-0.800599	-5.575939	5.723710	6.297912	5.781852	-6.185601
8691	5	-1.799158	2.689243	-1.599729	-1.601916	4.348253	-1.701073	-1.599855	-1.507665	-1.799174	7.133119	-1.599113	-7.671001	-3.019442	2.701991	4.195414	-1.605191	3.154012	-1.695430	4.195274	-1.507665
8706	5	6.627839	2.297649	-3.038142	8.048895	6.171307	2.297649	3.587402	8.048895	6.180250	-1.163626	3.576258	8.849317	0.101918	3.085514	-2.928125	6.546103	-5.384701	6.654520	6.394637	-1.784661
8712	5	0.905029	4.919528	-0.314587	-1.388031	0.946190	-1.719124	-6.366790	7.608233	7.048761	-6.952008	-6.366790	7.608242	-5.453446	4.919529	6.277173	-1.388041	0.946190	4.919527	-6.313701	4.940515
8739	5	-2.642504	0.167482	5.356694	-0.275808	-2.869690	5.490203	5.974506	-5.939013	-1.406226	0.166744	3.080166	5.339185	4.532628	-1.406060	3.080166	5.346238	0.496194	0.155135	-1.328135	5.339517
8758	5	5.632923	-1.669074	3.769229	6.727102	3.506061	6.150470	7.799156	2.162776	6.776176	-2.557392	-1.233969	6.740724	3.460423	6.175953	7.933452	-3.495371	3.460423	0.211488	7.933452	-2.580915
8808	5	-1.032948	-2.967742	9.198250	0.757649	5.257304	-8.156703	0.139310	7.183245	3.962643	-4.613598	9.196372	0.771468	4.012024	-4.776455	6.121846	7.179079	-1.002700	-2.967742	6.128504	7.167607
8809	5	-1.747252	0.914131	0.406745	-0.089640	-5.150264	6.755523	6.602788	-4.422583	-5.149070	0.914132	6.521404	-0.089641	-1.747285	6.755523	0.488129	-4.422583	-1.747120	0.914131	-1.577956	5.675387
8839	5	4.914685	-2.173197	-3.144403	5.854772	-5.523991	1.419954	8.522840	0.928882	-5.524032	7.788612	8.522920	-4.583426	-2.068287	1.419954	2.955745	5.354179	4.249807	0.237096	2.939507	5.804598
8844	5	1.826235	-2.701951	-7.609097	6.359105	6.394036	-5.032279	-1.235802	0.664338	1.826231	-2.701950	-1.235802	0.664124	-2.435789	-2.176114	5.335672	0.663877	1.826235	3.594866	-7.213552	5.450735
8850	5	-4.027916	7.966737	7.036614	-3.563822	7.862414	-2.649711	-2.408060	6.992338	2.222085	0.065603	-2.408060	6.992338	7.826681	-2.649704	2.860268	6.992338	2.183300	0.137610	2.860268	6.992338
8862	5	-0.136124	6.143935	1.322069	-5.945645	-3.400059	6.143935	7.309177	-5.945641	6.416227	-5.278515	-0.066101	0.587324	6.477612	-5.278726	-1.451185	6.572733	4.042509	-1.835569	5.931076	0.587321
8881	5	-1.122261	5.792586	1.111798	5.553920	-1.426207	5.841438	2.676394	-1.055629	4.450811	-6.272713	0.886532	7.319519	-1.117734	5.791613	-1.655337	5.554445	4.245982	-6.263980	2.447226	0.731689
8885	5	0.120536	0.394812	-7.237709	7.027692	-3.118235	6.486919	5.174526	-3.657039	-0.119424	6.019894	-1.218356	-3.649183	4.823934	-3.883823	-1.368639	1.353251	5.048825	-3.910555	-7.237709	7.028473
8893	5	-3.000046	6.639268	4.839794	2.823810	-0.844337	0.330322	2.944701	7.029203	-0.360947	0.251069	-3.471191	7.030896	5.713102	-2.246289	2.944700	7.040331	6.199438	-2.246443	-3.471192	7.040331
8906	5	-4.552093	7.508064	6.787013	-1.224838	-4.515316	1.029134	6.750813	-0.014286	2.957869	0.212191	-3.495101	6.699534	2.326279	7.342023	1.525555	-1.224840	2.372500	0.811598	1.424114	0.251266
8911	5	5.506219	-2.855443	1.409209	-1.305714	0.496224	0.049322	1.409206	-1.305717	-2.799314	0.061824	7.799187	-1.305718	-0.276257	0.057613	3.903242	5.261873	-2.799314	6.412999	7.799188	-5.617866
8975	5	3.480950	4.431524	7.077005	1.063839	-1.430413	4.501982	7.078195	1.055517	4.622633	-4.011713	5.724623	4.712974	-0.333397	-1.336306	5.724663	4.712909	7.161879	-7.669512	-0.622491	4.712974
8983	5	-3.681007	7.647731	6.246769	-6.697537	-0.281076	5.305895	0.719249	-4.925590	5.025223	-2.312947	0.679876	-0.309456	5.020554	2.610862	0.687781	-0.472874	5.902430	-2.317209	-5.023409	6.198494
8999	5	-6.710866	0.402308	7.491876	-0.711902	-6.710877	6.502904	7.610450	-3.369179	-6.572971	0.402308	4.515292	5.862707	4.333724	-1.593833	-1.824672	5.962975	-1.483417	0.402308	-1.756124	5.862707
9014	5	-0.538330	5.826609	-0.222954	-2.717237	-0.538322	-0.186938	-5.836004	7.213598	-5.684240	5.832698	5.392043	-2.717239	4.588233	-2.817286	-5.836006	7.214256	4.588226	3.196470	-0.222955	-1.887124
9056	5	7.481315	4.070260	0.244974	-0.109562	7.484418	4.070249	-4.843128	4.877895	1.096114	6.452241	0.244974	-1.703516	7.484418	-1.918889	-5.864701	8.474879	1.099340	0.359452	-5.864701	8.465835
9081	5	0.203978	5.032440	0.144722	-7.567486	0.203984	-1.481240	0.143580	-2.399971	6.100220	-6.559274	0.143558	-2.392982	-5.305950	-1.480229	5.746059	-2.399985	0.206613	-1.481246	-5.717457	3.093949
9086	5	7.595743	-4.130922	-1.790749	4.075243	3.061783	0.375559	7.521314	-3.348666	3.125972	0.362343	5.549692	2.974535	-3.460942	6.494622	7.522007	-7.548652	-3.460942	0.445589	7.521351	-3.388920
9108	5	7.048854	-7.304758	0.156629	0.202759	-1.162370	-0.668230	6.013327	0.202761	-1.220274	4.659503	6.123032	-2.258204	7.048855	-7.304758	-2.053241	5.622276	6.806227	-7.304448	3.818462	5.622276
9194	5	-2.937333	-2.969422	6.512084	0.909507	3.539804	-3.653532	6.512052	0.915999	8.619110	-6.849071	-0.513541	7.117985	-2.937369	3.342828	6.513709	-0.022450	3.539781	2.651360	6.513546	0.266602
9225	5	2.643232	-2.954016	0.927442	-0.623482	-2.847540	0.107343	-3.877634	4.447318	-2.855340	0.109358	0.927443	-0.646644	-8.481248	0.535326	6.963812	-0.665199	2.650960	-2.958505	-3.966707	4.483421
9252	5	-4.062751	-0.804211	7.511486	-0.028774	6.543366	-6.950602	2.991465	6.450846	-3.799716	5.673756	6.276192	4.117308	6.596554	-6.954781	-1.667505	6.450848	-4.062913	5.673757	7.517533	-2.083913
9273	5	3.958523	6.146781	1.168150	-6.612761	3.782687	6.323292	7.172751	-6.632467	3.782687	0.687783	7.172751	-0.212989	3.958523	0.416041	1.168150	-0.199254	5.681750	-2.734691	-4.125099	5.444616
9274	5	6.739058	-1.637553	0.674060	0.433730	1.117297	5.947326	0.674174	-5.939440	1.334811	1.109581	-5.950131	5.976999	6.954366	-1.637553	-5.950348	5.977337	-1.334319	1.113705	5.862844	0.433384
9279	5	7.439411	3.983738	-6.074192	6.334253	0.565397	6.621285	-0.062746	-2.961117	0.567489	6.621069	-0.075775	2.860761	-3.101722	6.766889	6.396241	-3.086266	-3.095024	6.766827	6.387778	2.734736
9280	5	6.067402	0.399668	-8.698773	7.496226	-0.138427	8.045441	3.494296	-4.622938	6.067209	5.909043	-2.287446	-4.469441	0.841845	7.967086	-2.287446	-4.622616	5.537778	6.244078	3.494296	-4.547257
9309	5	0.289846	3.769264	2.804689	8.151060	7.698268	-1.222887	-1.387016	8.873671	2.224833	1.779527	-1.387016	8.872716	-4.606499	4.263704	7.870504	0.635127	6.030953	-1.163674	2.804689	8.873671
9326	5	-0.952497	0.859756	-0.425436	2.718964	4.592650	-4.072301	-0.451874	2.771920	4.760359	-4.306297	-4.097136	6.090879	-0.988688	5.831847	-0.010073	-3.667491	-3.668527	0.859756	6.022470	2.718964
9335	5	-0.887204	2.228440	-3.352714	6.658273	-3.372551	5.739351	0.840011	3.546360	-5.602869	5.739351	6.419781	-1.842625	-4.646551	5.739351	1.555394	-1.842625	-5.602736	5.739351	5.764964	3.546359
9416	5	7.819514	-4.918585	-1.351581	-0.903165	-0.006770	1.753509	5.176972	-0.905796	5.286075	-4.576095	5.176964	-0.903165	-0.010076	6.914395	5.179182	-6.672983	7.820351	-4.918585	-3.305619	4.576089
9438	5	0.179836	4.720757	-4.770090	5.974874	-2.506250	4.947967	7.011330	0.728259	0.179656	4.720788	0.980973	5.974863	3.658024	1.678677	7.008613	2.020065	6.470593	-0.213180	0.909722	7.617409
9445	5	5.689369	3.588264	4.420633	5.713594	-0.781820	8.466573	5.302919	4.461012	7.133458	3.587428	-0.726318	5.715177	7.164466	-0.382971	-1.499759	6.779349	6.194707	-0.382870	3.532070	6.779349
9491	5	-5.494937	6.538062	7.169550	-4.608412	6.254340	0.748875	-4.458905	7.195355	6.254340	-3.967727	-4.458900	7.195575	6.253624	-3.967688	1.456075	7.195575	6.253624	0.748918	1.456091	7.195355
9509	5	7.400726	2.101946	-4.711817	7.063799	1.590216	7.641280	-0.480340	-2.259277	-2.700681	7.720645	4.814342	-2.259280	1.605420	7.639633	-1.274691	3.755548	7.378819	-4.410302	-0.483489	0.918107
9512	5	-0.680840	-1.414669	-4.478437	7.895752	4.830300	-7.089751	-4.478450	7.895769	-6.158055	4.927488	5.485024	-1.262280	-6.141910	4.927488	4.026918	5.069752	-0.680841	4.927488	-2.378628	5.069753
9537	5	6.628074	-7.676180	-1.278956	0.308296	6.630945	-7.679810	-5.099994	6.598202	2.744740	3.218396	5.245695	-0.042651	2.744742	-2.999843	5.245695	0.308296	-3.779779	-2.608260	5.245695	0.308296
9541	5	6.603480	3.718814	-5.962768	5.793201	0.538581	5.889693	-1.577776	3.875986	6.602002	3.719379	-0.910467	-0.344982	0.537473	5.889814	-0.910460	-2.487536	-5.807798	6.057979	5.640146	-2.531039
9543	5	7.638654	0.836977	-4.382046	7.750531	-3.645287	6.286568	8.040294	-2.220503	7.638654	-4.215372	-4.382046	7.755328	7.095840	0.837277	1.797642	7.750528	7.095840	-4.215091	1.797642	7.755328
9604	5	0.831396	5.292557	-0.569012	2.132259	0.831498	-1.205710	-4.789560	5.871093	5.825629	-5.334280	-4.789560	5.871129	0.830786	5.292601	0.133931	-4.409363	-0.315598	5.334044	5.496163	2.054850
9619	5	5.246530	-5.225498	1.765296	-0.751730	1.015267	-0.163488	-0.456001	2.938263	-2.519893	-0.143041	6.106411	-0.752231	0.358586	-0.146377	1.765299	-0.752233	0.357355	6.085231	1.767993	-6.456443
9629	5	8.593054	-6.163802	-1.487395	5.776946	-2.677763	5.577690	6.573067	-4.008864	-2.677595	-0.234484	6.485068	0.415633	8.593053	-6.163802	0.139332	0.503868	-2.335228	-0.235461	4.891174	5.690938
9640	5	2.376018	-1.557987	9.115788	-0.947559	-2.325051	4.927386	9.115973	-2.338858	-2.325051	-1.537097	9.115788	-0.947959	2.376018	4.906512	9.115973	-2.326286	7.782304	-7.913375	-0.560794	4.929517
9657	5	-4.254992	5.381355	-0.004866	2.078440	-4.125741	-0.930151	-4.412362	5.531414	-4.272848	5.381356	0.182819	-3.858450	-6.382071	5.381376	5.440482	-3.858473	-6.250491	5.381375	5.250619	2.078425
9728	5	5.423628	0.637411	-4.173105	8.260538	1.006120	7.723923	0.005546	1.998295	-3.475312	7.913428	6.325442	1.998293	5.417332	5.910175	0.005474	1.998525	0.996537	7.725152	0.533005	-3.772936
9737	5	6.593186	-7.074484	0.990748	-1.398154	0.664267	-0.501660	0.990748	-1.398261	0.664267	4.972458	0.990792	-4.107437	-3.618514	-0.447792	6.325971	-1.398273	-3.618514	5.026622	6.326005	-4.224900
9740	5	5.635040	-2.841606	-2.021993	0.392418	4.209981	-2.199290	3.512058	0.390509	5.690768	-2.852290	-8.230941	6.718905	-1.516359	0.042587	3.632132	-0.349605	-1.540054	6.357111	3.662875	-2.016511
9743	5	1.889628	7.470980	-0.690963	-2.544149	-3.235407	1.740997	5.652234	0.433721	7.753483	-4.731526	-4.678660	6.974030	1.889627	1.721323	-4.676513	6.718651	7.753483	-4.731526	-0.690970	0.692393
9781	5	7.260295	3.234849	0.050703	-7.189106	7.264055	-1.084924	-0.011663	-2.158935	7.325484	-1.133049	-1.772790	3.683329	5.088765	4.872884	6.008496	-7.438800	5.129422	0.613476	5.953172	-2.349621
9817	5	6.678770	-8.191591	-0.162636	0.924514	0.425356	2.869953	-5.942132	6.499180	0.192761	2.870591	-0.161130	0.047044	6.890590	-8.194929	-6.533518	7.361773	-2.893895	2.871297	5.935928	0.046731
9821	5	2.601776	-1.178053	-1.729527	-2.142432	2.601777	-1.178053	-8.235233	3.607638	-6.409373	5.190158	4.441606	-4.420469	2.601776	5.178948	-1.729523	-4.412484	2.601777	5.178948	-2.363855	1.373744
9822	5	1.381728	-0.426677	-4.268540	7.387139	7.749663	-5.245006	-4.571433	7.864355	1.381728	5.069519	-1.526366	3.844108	-4.380731	5.598206	6.484561	-1.731248	-0.097129	5.594537	4.331816	3.447039
9833	5	0.647733	1.486367	-5.800138	1.441966	0.647733	1.486367	-6.696771	6.422872	0.514179	5.854370	-0.470116	-4.159240	6.445283	-5.016282	-5.800331	1.442107	6.445283	-5.016282	-6.696772	6.423010
9844	5	-5.654716	4.372567	7.256190	-3.806438	-3.282378	4.372561	0.880599	-3.806423	-5.654721	-1.708308	7.230694	-0.896409	4.570380	-6.703018	-4.104172	5.430709	-3.168355	-1.708317	0.854987	-0.896409
9848	5	-0.740730	0.172479	-5.835078	7.784418	5.679585	-1.695093	-5.870865	7.996844	-0.762390	6.264570	-4.345207	4.321402	-4.815281	6.317656	5.427715	-0.564631	5.672837	4.378315	-5.217115	5.788008
9855	5	-3.795755	-1.242212	6.481070	-0.463316	0.300451	5.231914	0.130092	-2.069279	-3.778640	-1.242212	4.542784	5.905391	-3.795756	5.235756	6.516410	-2.071635	0.300452	-1.246387	0.094288	-0.463208
9886	5	-1.517746	6.752401	1.658247	-6.266634	-7.774274	1.068040	7.618318	-3.434149	-7.774274	6.752401	7.618318	-6.266634	-1.517746	1.068040	1.658247	-3.434149	5.063247	-2.226532	1.658247	-3.073859
9918	5	-4.696853	7.554961	8.102478	-6.338657	-0.699815	1.075607	4.592833	4.635054	-4.696853	1.076434	8.102478	-0.937568	1.369135	0.847024	-1.889759	4.635443	7.292924	-5.476156	-1.889973	4.635882
9933	5	-5.480078	4.889455	7.941793	-1.482128	0.764662	-1.365483	2.563708	7.532628	5.546543	-3.267003	-2.706962	7.532636	0.779726	-1.367129	-2.706965	7.532628	5.540904	-3.262928	2.563705	7.532636
9972	5	0.509616	8.352544	0.096503	1.184464	-4.774049	8.352568	5.441040	1.184464	5.765448	-3.121993	-4.590829	6.058004	0.509523	8.352544	0.099342	-5.230770	-4.774049	8.352568	5.443901	-5.230770
9977	5	0.041836	0.085953	-7.475505	7.460101	5.046280	-5.096009	-7.475505	7.460104	5.046280	-5.096009	-1.843238	0.941032	0.041836	0.085953	-1.843239	0.941033	0.041836	6.609667	-1.644065	-5.455013
9996	5	3.877295	6.905692	-1.771236	-4.793337	-1.899145	8.418253	-1.771236	-4.815824	3.877295	1.975086	-1.771738	0.866491	-5.435829	8.469279	4.780171	-4.815870	3.877295	1.975086	-8.290122	6.841198
9997	5	5.613026	4.684755	5.052864	2.646641	5.650690	-1.429048	2.782577	6.302065	-0.906865	8.491219	5.795923	-4.015859	7.062418	-1.429050	-2.457961	6.302065	7.059720	4.684744	-0.099623	2.646697
