11	5	-0.257224	6.546954	2.997121	7.610637	0.034092	-4.558133	0.704725	7.500773	-4.003501	6.006691	4.053005	5.581249	3.052804	7.622202	-5.276776	-5.153881	6.546977	2.997121	1.223702	6.005634	4.585264	-0.280462	7.523538	2.366260	-0.154232
345	5	4.059635	4.536484	1.439005	5.511179	0.409067	2.807250	-2.344468	6.437781	-0.301688	4.149587	3.596895	-2.410894	6.437781	-0.169944	3.806023	6.456957	-2.378114	6.437744	0.914374	2.571679	-1.567810	7.033124	1.080729	5.439476	1.358138
568	5	-7.903572	6.968885	0.408606	0.760931	6.323328	1.781614	5.832889	0.408674	7.208185	-0.053844	-4.895919	6.968714	0.408606	7.191290	0.598349	6.964649	-2.787811	6.660050	4.857730	-0.067897	3.899854	-1.822309	6.660050	-1.583395	6.268571
666	5	3.379191	5.753370	1.389157	6.792477	-0.891210	-2.565283	9.039421	1.347519	6.766306	1.208355	-8.999802	9.039422	1.347519	0.170782	7.270575	8.577862	-0.684151	7.647787	1.744639	-0.101810	2.174291	0.337134	7.646717	-4.875144	5.920361
726	5	5.700058	-0.055857	5.794495	4.156439	0.257577	-8.265502	6.314392	2.153767	1.755975	5.000588	6.941678	-0.853263	6.553497	2.774107	0.434847	6.949417	-0.867727	6.573113	2.703700	0.673636	6.947299	-0.913623	6.634915	2.298227	1.716142
759	5	-1.377828	-0.439568	7.390330	4.813224	2.316811	5.969637	-3.431231	7.390331	4.833148	-3.360198	-1.377828	-0.439568	7.390330	-1.279990	5.999959	-7.616110	6.700209	0.956007	8.648039	0.532869	-7.616265	6.700209	0.956007	2.536456	5.832113
771	5	-2.656046	2.655306	9.522286	-4.184850	7.831887	-8.982995	8.809894	3.576782	-1.109027	7.421901	9.318183	-3.316597	9.664037	2.328466	0.667281	3.740369	-3.234796	9.664037	-4.110693	5.316390	-2.720230	8.809894	3.576782	5.496550	1.887940
990	5	6.534551	-3.889905	6.508275	-1.245663	-0.449468	-10.017780	6.835560	-0.050577	-0.593001	4.792504	0.252915	6.776668	-0.050560	2.931733	-3.943775	-5.870120	6.835560	-0.050577	2.911146	-0.099005	-8.002283	2.807675	6.345341	-4.282099	4.795824
1163	5	6.604652	0.695588	8.075793	2.868159	1.099236	-9.361427	7.220818	2.705604	2.431468	7.516236	0.081055	2.154527	8.047020	2.880336	1.104743	-3.985540	7.220506	2.705604	6.186799	1.263639	-5.372677	2.237813	8.035257	-0.870486	7.544686
1219	5	6.399732	0.654083	6.804871	3.562605	1.719403	-1.762951	1.750922	6.803552	-2.117467	6.147540	-4.216175	6.528774	0.793288	5.962584	-0.257237	-7.103109	6.529102	0.793281	0.265054	6.147921	2.028003	5.834093	0.854618	5.962864	-3.700687
1461	5	6.696927	-3.698764	8.446511	6.087351	-3.456208	-6.617702	6.104365	3.774027	8.009535	3.100958	0.357335	-0.107078	8.446501	3.291593	7.554274	-4.868221	0.250780	8.446466	3.291617	7.691376	-1.365998	5.985009	3.774045	8.014856	3.096958
1643	5	-3.314409	5.800162	0.314676	7.320170	1.287069	-7.140336	5.800162	0.314676	1.444327	7.479870	4.701436	-5.865014	6.698241	0.298494	5.870349	-1.617443	-0.103441	6.697767	0.298321	7.280837	8.541705	-5.934495	6.698241	6.248118	-0.251275
1745	5	-3.643549	1.323794	6.453809	5.136468	2.876643	-6.124834	6.426580	0.743464	7.203581	2.870721	-9.577142	6.483810	0.742099	1.142169	6.776597	5.401691	-2.580048	6.454097	5.358374	-2.614892	-7.099029	1.611901	6.453314	-0.920883	6.776860
1823	5	7.537038	-1.415385	5.974661	5.975685	-2.941279	-4.655305	4.873915	1.527180	2.882386	8.726711	1.069097	-0.340871	5.974618	-0.283044	6.623339	5.338528	-1.414762	5.974661	-0.056981	2.438330	-2.562433	0.022761	5.974538	-0.282698	8.987570
2062	5	-7.672245	7.788388	-0.450088	1.770775	6.889888	4.545614	-4.078440	5.752691	0.770822	5.216523	0.782179	7.748566	-0.449888	8.121207	-1.313286	-5.285115	7.788388	-0.450088	8.042353	0.371559	6.862513	-4.084690	5.752691	7.118165	-1.246394
2152	5	6.209546	3.554606	2.205013	6.211754	-6.803364	6.538419	3.145502	2.737789	6.217628	-7.088497	2.376055	3.416564	5.401816	3.998920	-1.034548	6.350905	3.380736	2.368640	6.215662	-6.949277	2.947575	1.701399	6.202413	3.075202	-0.998416
2245	5	-2.268736	1.052767	7.289795	3.739222	0.783783	-11.061526	7.094120	2.296515	1.196656	5.468829	-4.701456	1.053108	7.289745	-1.851008	5.485684	-8.637946	7.094120	2.296515	6.786576	0.706076	3.909444	-3.392477	7.326034	3.710135	-1.546225
2449	5	-6.541708	4.281027	1.836682	2.535554	3.408377	7.574076	-5.756845	7.032005	-0.396132	1.053589	7.597684	-5.756845	7.032005	2.542636	-1.924965	-3.286853	-1.808943	7.032005	-0.595077	6.377665	-3.195992	4.281021	1.836682	5.212140	-0.089181
2538	5	5.658864	-3.108089	7.131262	5.186753	-4.779568	0.794115	5.094698	3.872863	6.842126	0.097624	-4.356849	2.062051	7.130382	1.780421	5.458516	-4.440761	5.348340	3.832794	6.852632	0.119380	1.160062	1.581323	7.131143	1.783393	5.387192
2778	5	8.103272	-2.529105	8.210235	1.634278	-3.383152	-2.308373	0.255974	8.115297	-4.593270	5.597027	4.943259	3.523897	1.958583	6.811770	-4.647401	-2.326053	6.323054	1.763087	6.811999	0.008150	-7.362343	6.464489	1.763058	0.539961	5.420295
2944	5	-3.838720	1.080696	8.216039	-6.729736	7.333654	7.683745	-4.371667	8.216136	-0.390324	1.640011	-9.424099	7.636421	2.658619	-0.134710	7.332933	1.867360	-0.533756	8.216136	-5.903686	6.018201	-4.471807	7.597895	2.658638	6.168277	2.231600
3024	5	-1.478560	0.801636	6.537320	4.996257	1.701510	-7.514325	0.948512	6.537308	-1.086843	6.399263	5.140999	0.056863	6.537333	4.998877	-1.436006	-5.774156	4.230566	2.754724	6.660497	1.707879	-11.805876	4.230566	2.754724	0.577444	6.399535
3091	5	6.323454	-5.458498	7.500008	1.938840	3.389253	7.059618	-5.459705	7.500008	3.228358	2.280904	-7.050796	4.910577	2.448524	3.126957	5.688633	-2.966971	4.867417	2.545018	7.991116	1.453866	-2.936615	-1.366069	7.500005	-1.616447	6.642388
3375	5	6.985570	-4.341490	7.280898	4.500476	-1.636359	-10.920840	7.250436	3.307452	2.225589	5.160486	-5.246994	7.194604	3.307452	5.527090	2.409478	-5.238926	1.277399	7.279208	0.817126	7.844519	0.808375	-0.506208	7.280897	0.817139	7.628869
3386	5	-3.216669	5.048108	2.451117	8.156944	0.247681	5.942525	-1.269471	6.094213	6.910260	-6.219482	-0.302345	0.958979	6.094097	6.908589	0.401024	-8.213245	5.048108	2.451117	2.468559	5.193580	-5.474367	0.959101	6.094097	1.132711	5.873682
3394	5	-3.022631	-0.600299	8.698360	-1.840733	5.722628	6.513685	-3.112585	8.698387	1.979734	1.146520	-0.356878	-0.610583	8.698361	1.889941	2.017266	-5.489250	5.136593	2.931766	0.252058	7.200753	-2.845645	5.136531	2.931851	5.938036	0.142652
3453	5	-1.282919	0.211273	5.817452	5.469450	1.638571	3.053524	-3.304182	6.386372	5.468501	-4.924674	-6.600126	5.634238	2.405362	6.969080	1.622296	-3.448602	0.213396	5.816703	0.960803	6.223874	-8.465524	5.634238	2.405362	2.463945	5.766139
3504	5	1.024401	4.913020	-2.485661	6.570924	-3.505125	6.716071	-2.117829	3.621377	6.570759	-3.505117	-2.651278	9.063036	-2.486081	6.452146	-1.058413	-5.916773	9.064148	-2.486081	0.456824	5.389560	3.411253	2.551976	0.088055	6.570924	-3.505144
3560	5	-2.451669	6.217032	0.371376	8.030984	3.042811	3.494724	-1.605013	6.245390	-0.957400	6.421176	7.168589	-1.605059	6.245390	4.003529	1.814623	-5.656543	6.217082	0.371371	4.080083	6.278104	0.529804	1.376120	6.125377	-0.595391	7.824296
3569	5	-0.720024	7.094573	0.896377	6.519322	0.690758	4.714136	-1.907998	6.702299	0.051324	2.994012	0.895689	0.718348	6.699348	0.028634	3.121011	-2.750706	2.950393	6.466495	-0.251708	4.190931	-3.538585	6.773025	0.982238	6.505332	0.767822
3659	5	-2.505784	-0.349049	5.517555	-1.698301	6.445172	-7.995973	6.409699	0.473331	4.030612	1.442602	-2.461371	-0.433972	5.518333	3.468319	1.442608	5.958134	-6.256739	5.524570	3.519518	-2.815477	-8.029080	6.409699	0.473331	-1.136867	5.582904
3683	5	0.153996	6.957319	2.087714	5.247195	2.706034	-7.436796	6.958974	2.087714	-0.203386	7.382969	4.192019	4.007658	2.087820	6.115999	-3.393031	-5.198546	6.958974	2.087714	5.078587	2.794433	6.080346	-0.853538	6.507476	2.967818	-3.047517
3815	5	5.333415	-2.594050	6.946213	4.740614	-3.675290	-2.838648	-0.499115	6.946192	-0.847056	5.229817	-5.289081	6.014964	0.518539	7.477505	-1.158572	3.774771	-2.589768	6.946213	-0.844284	2.703659	-6.641294	6.014964	0.518539	2.506729	2.631961
4230	5	-6.626155	4.583792	3.041934	-0.113800	7.456649	-4.726810	1.790586	7.290736	-4.837143	7.460990	4.116554	-2.776980	7.308331	0.763557	1.324334	1.821363	-0.946512	7.308322	-4.843085	7.009794	-5.393323	4.583792	3.041934	5.453047	1.823209
4356	5	1.611139	1.140331	6.402025	-4.038908	7.947336	-6.453391	6.601957	0.927251	-1.887193	8.140951	6.339643	-4.290864	6.403388	-3.461657	1.958364	0.036342	6.491068	0.927256	-1.887212	8.140066	-4.793520	1.911317	6.370118	-4.038950	8.140970
4391	5	-11.614518	7.803143	1.931815	0.054343	9.117709	-6.339806	1.278332	6.992111	-3.987823	9.117779	-0.154320	0.544353	6.994776	-3.994690	8.709223	1.106670	6.419617	1.931827	5.496807	-0.773116	3.257310	-1.658993	6.994909	-0.699894	2.634733
4454	5	5.836676	-6.729596	7.492126	3.106806	-3.860595	-6.837717	-0.643488	7.492007	-3.474867	7.505810	-0.292415	5.340730	3.314647	8.320629	1.781703	-6.542684	5.411290	3.152725	8.319999	1.810923	-0.642878	-0.687290	7.492017	-3.474943	7.491635
4636	5	-6.088999	5.507969	0.821996	5.567491	2.484962	7.775910	-4.464548	6.330847	4.254563	-3.892737	2.603735	-2.237386	6.330847	-0.351222	4.798748	-0.436844	5.354634	1.151030	5.580697	2.474293	2.605174	-2.239396	6.330847	3.767256	0.207719
4690	5	-11.321816	6.585422	4.378515	0.279957	7.226466	-7.415633	0.325633	6.592143	-0.628298	7.237088	5.135410	-3.291481	7.177356	5.300610	-1.689013	3.067503	3.089737	4.384826	6.499486	-0.575028	5.132343	-3.291481	7.177356	0.312962	1.977943
4836	5	-9.380801	6.684279	1.529613	-2.182684	6.526914	-5.651586	6.684172	1.529615	4.013861	1.120284	7.345685	-0.982986	5.392913	2.593239	-4.858601	1.889877	-0.982986	5.392913	-3.092056	4.286965	-1.250642	-0.968740	5.392901	2.489367	1.526219
4924	5	7.209338	0.010049	0.852387	3.895517	-6.112241	-4.939383	5.342951	-3.491738	-2.390097	1.518717	1.374583	4.895493	-3.345931	-1.746419	0.926077	-4.931250	5.342951	-3.491738	3.892865	-2.265106	1.375668	4.893771	-3.345218	3.895183	-2.862833
5043	5	0.294483	6.932928	2.470804	6.164666	3.235269	5.040302	0.776193	5.454934	6.671475	-3.268584	-4.943326	7.316426	2.267393	6.144765	3.241078	-0.665312	7.257845	2.297213	2.734268	4.457857	-5.811548	7.316432	2.267389	2.734153	4.458079
5117	5	1.057711	5.115154	1.129271	5.336656	-2.782714	5.958775	-7.371259	6.532498	3.434798	1.164286	-4.825885	-1.296382	6.439088	-1.170758	6.355912	-9.964875	5.267360	1.129265	0.573664	6.388709	-4.319968	5.267360	1.129265	5.265232	1.011186
5284	5	-1.497101	3.395697	3.998090	0.690788	3.635197	3.556593	-1.785519	5.078051	-0.049074	1.055819	0.569813	2.511961	4.595003	-0.173257	1.690082	-5.816769	4.014340	3.551111	2.805102	3.031629	-3.323619	4.681504	3.118079	4.690384	-0.713400
5386	5	-7.641358	7.831214	0.021031	7.415372	1.249897	-10.009511	7.831214	0.021031	2.522047	6.706523	6.558444	0.839238	5.957612	5.151121	0.153060	6.762283	2.257156	4.999996	7.196861	-2.410928	6.350236	0.746157	5.991202	5.019845	0.360720
5390	5	-10.542810	6.616473	1.182705	1.447260	6.709726	7.818310	-5.280052	7.241884	1.092763	1.164649	-4.853033	0.287779	7.241839	-4.192981	6.710201	-3.953050	6.616043	1.182705	6.733047	0.162421	1.839361	5.692647	1.183213	6.733045	-0.230081
5400	5	2.640083	-3.585481	5.862582	6.422935	0.658129	-14.998733	6.234026	1.299493	2.069445	8.071126	-9.434238	6.234026	1.299493	6.942597	3.134377	-3.308781	0.767238	5.703271	6.148537	3.033289	-8.940154	0.767238	5.703271	1.205224	8.102456
5439	5	-4.521154	7.305188	1.039717	5.949508	2.265044	-5.542042	2.697190	5.762539	-0.312087	7.671118	6.970404	-3.508133	5.792205	5.702297	-3.657916	-10.510893	7.305480	1.039717	0.655168	7.603022	0.910726	6.845562	1.039765	6.698266	-0.402283
5504	5	3.496751	2.712144	4.756843	4.316245	-2.312080	4.094632	0.250730	5.699079	1.654609	2.623189	-4.294511	5.622844	3.179287	5.431972	0.534757	3.557729	2.574340	4.829311	4.193204	-2.326460	3.668602	2.307188	4.963041	3.941435	-2.329502
5505	5	7.211893	-3.613450	6.494779	4.053606	-4.027512	-7.241297	-0.345021	6.494740	-1.912314	5.391066	-12.044197	4.485838	0.891388	-0.293355	4.912754	-9.540507	4.484407	0.891416	5.495105	1.438953	0.726290	3.293052	1.432900	5.600294	-3.399459
6003	5	-4.186046	1.805085	7.087148	3.390945	0.370484	-4.654513	7.428469	0.584943	5.719287	0.274816	6.495531	-1.411451	7.110555	3.390945	-6.007448	-8.480029	7.428503	0.584938	-0.070863	5.744363	-8.063801	1.805181	7.087143	-2.405884	5.805878
6019	5	-10.227142	7.509117	-1.703027	0.089441	3.719901	-3.163748	1.108702	4.255610	5.694459	-0.857828	7.067980	-4.345090	4.268226	5.690331	-6.948747	-9.419072	7.509116	-1.703027	6.295210	-0.944288	-3.775946	1.111019	4.255549	-0.511237	3.719922
6118	5	-8.905276	3.321415	6.454192	-5.782946	5.891877	-9.588205	5.878316	0.794168	0.712289	5.891560	5.799679	-1.010993	7.144558	-2.816612	1.603111	1.263059	4.910043	1.380806	6.908757	-2.396354	-3.586338	5.876573	0.794326	5.959021	-0.031565
6153	5	6.021868	-3.816051	5.598968	4.507038	-5.763596	-3.001453	6.248091	0.816715	5.612754	-1.778416	1.960010	5.562945	0.820445	-0.811759	2.301827	-6.655719	6.248120	0.816715	-0.840594	3.654595	2.360099	4.997489	0.831392	5.617117	-3.316026
6190	5	-4.225690	0.766959	6.087843	5.189795	0.678392	-6.241991	6.200408	0.843106	5.712220	0.229933	6.596137	-4.835149	6.087864	5.189920	-4.094137	-10.143897	6.200408	0.843106	-0.678228	6.387891	-8.111427	0.766959	6.087843	-1.200541	6.386220
6262	5	-4.689917	6.907757	2.961550	0.151052	7.595930	6.896311	-0.116132	6.367152	4.710085	-1.644274	5.257338	4.228656	4.402518	5.872885	-1.644458	1.682142	5.839868	3.192442	0.138051	7.249517	-3.949765	6.907757	2.961550	4.386206	4.390868
6265	5	1.118639	1.150060	7.101635	-3.652279	4.858480	0.781988	2.384599	7.071044	-3.655469	5.037338	5.773385	1.905615	6.119354	4.886457	0.408201	0.319958	6.228837	1.321849	4.728543	1.200217	0.159307	6.266737	1.321854	4.645604	1.254148
6390	5	-4.450256	7.251480	2.694621	6.850289	2.578265	3.371501	-2.516128	7.141026	1.291210	4.580896	-8.229055	7.344362	2.694352	0.866079	7.973488	6.725964	-4.258161	7.141066	5.293223	-0.998703	-2.247077	0.913705	7.090953	-0.684218	7.978818
6440	5	-4.722807	4.597587	2.707093	5.333014	-0.139565	-1.588277	2.525616	6.409663	3.485019	-0.162024	-8.443368	4.597591	2.707075	-0.448448	6.367263	5.074579	-3.450886	6.425182	3.477028	-5.493625	-5.316962	2.529011	6.409481	-2.297977	6.369859
6461	5	-0.360941	1.308693	4.801604	-0.714939	4.940177	7.520612	-2.716204	4.827927	4.749433	-4.791544	2.731599	5.414148	-1.743675	6.200598	-3.981001	-2.911725	6.961231	-1.748488	0.703516	4.958569	-2.443412	6.938075	-1.748486	6.199503	-0.717114
6555	5	-3.977937	1.818729	4.740657	-2.086578	6.403654	4.988276	-3.912477	4.935051	4.186096	0.263808	3.281707	-3.844409	4.935051	-0.185878	3.238089	-5.539128	6.998684	0.536818	-1.625635	6.453703	-1.470710	1.818622	4.740697	4.368208	0.271022
6644	5	-8.492017	8.086622	-1.262056	6.236482	0.537134	-5.677250	4.326183	3.347715	6.185444	0.587007	-10.181860	4.343909	3.325156	2.080815	5.143996	6.098515	-0.084793	4.847369	5.871927	-5.419869	-13.007825	8.089037	-1.262996	2.132801	5.128155
6661	5	-6.793949	6.912223	3.276237	2.331997	3.482211	6.527905	-3.700597	6.755813	2.432812	-2.116722	2.759098	-3.699462	6.755805	-1.391744	4.323240	-4.302583	2.429696	6.168433	-0.522744	6.672815	6.519935	-3.700597	6.755813	-1.384017	1.462209
6731	5	-3.010819	8.078453	-0.742834	7.054134	2.710160	-4.641507	8.079780	-0.742834	1.106980	9.091267	6.452503	3.455397	0.078885	7.256274	-0.942329	7.571468	-0.277768	4.382724	7.243089	-1.524529	5.394076	-0.028444	4.382704	1.146697	6.105098
6922	5	-7.779949	6.414717	1.791890	-1.514688	7.050984	5.467925	3.349842	3.509266	2.761366	1.417466	7.057104	-2.768722	7.411294	-0.693708	1.769601	5.435647	3.377976	3.454047	2.882105	1.210182	5.380940	3.413831	3.402661	2.964141	1.140536
6991	5	-4.325191	7.207400	4.092258	3.980359	-0.341535	7.158865	-1.769577	7.912299	0.042959	-0.935295	1.205244	6.704187	4.257482	3.646619	0.079293	-5.935424	2.157257	7.658246	-0.391668	3.035526	1.586776	6.350106	4.234006	3.753993	-0.441431
7018	5	-8.608522	1.940971	4.870699	5.184526	3.042567	-11.543227	8.093456	-0.995832	6.567076	3.042423	-15.090656	8.093456	-0.995832	1.233589	7.392743	-12.155622	1.940971	4.870699	-0.149666	7.412243	2.221790	-1.526588	5.136296	5.019721	-2.624181
7108	5	-9.923379	5.580533	1.536526	-2.089866	5.432888	3.932086	-1.042695	7.361913	-0.809527	1.396467	3.735881	1.429242	1.885535	3.617222	-1.509760	-4.917502	5.556520	1.536526	3.589685	2.530054	-3.015525	1.868071	1.620629	3.594769	2.465992
7179	5	-7.118679	1.699544	6.047082	-0.213911	7.119868	-8.369908	6.510913	1.349643	5.353927	0.801328	-13.141885	6.510913	1.349643	1.767917	7.052489	2.454210	-4.348703	6.581864	2.195065	1.537093	-1.972412	1.699538	6.047088	3.372362	-0.064902
7199	5	4.840147	3.357272	5.158134	0.378349	2.937414	4.956305	3.369225	5.126336	0.407376	2.855024	5.608485	3.770542	4.227612	2.172645	-2.397890	0.871255	6.154188	1.560197	5.905282	0.015494	5.651170	3.655300	4.466637	1.327863	0.735426
7437	5	-1.297440	1.340075	4.030536	2.685454	-0.019063	5.176904	-2.165806	4.193712	2.558319	-4.791034	-3.027076	1.350616	4.028252	-3.429307	5.482865	-6.798461	5.253890	-0.263231	3.340232	-0.879397	-8.565073	5.253902	-0.263249	-2.776188	5.482864
7452	5	-11.575982	9.223391	1.488003	-0.027707	6.110211	0.958947	6.453857	1.488004	4.776512	0.043330	7.122072	-1.337519	6.326546	-0.989687	0.050817	0.909243	1.360938	5.616838	-5.115541	6.099969	-5.372816	9.223372	1.488003	4.776512	0.055944
7594	5	-6.658849	-0.099168	5.753861	-4.356689	8.555522	6.120878	-6.554812	5.755005	2.144842	-3.569628	-6.162187	-0.099168	5.753861	2.138334	2.202390	-8.071681	5.345189	0.984771	5.010347	2.202279	-8.568401	5.345189	0.984771	-1.474943	6.457519
7730	5	7.917591	-6.017901	5.567093	6.322673	-3.568561	-1.567375	-2.177694	5.566919	6.322279	1.490039	-5.189938	3.753468	-0.690221	7.689876	1.592374	-1.662146	-2.177671	5.566919	1.514233	7.497498	2.488088	-4.420873	5.567093	1.520149	6.313731
7931	5	-4.722046	-0.847745	5.788841	-3.940178	8.519335	-10.009246	5.536518	1.506449	0.234318	8.075201	7.646636	-6.351613	5.788994	2.602124	-2.696514	-1.436218	-1.049968	5.788918	2.287816	2.720923	-6.317358	5.528821	1.506451	6.550626	2.536294
8021	5	-2.281135	0.871819	7.818128	-5.367764	6.830383	6.918190	-4.569512	7.819466	0.346704	2.518979	-7.064866	6.974774	2.954472	-0.049967	6.900295	-4.200899	6.974772	2.954472	5.837746	1.792538	2.604294	5.328203	2.962703	5.865385	0.492843
8028	5	5.968946	-4.456929	7.382798	-2.757680	3.615913	-8.373938	5.842233	1.848595	1.839671	6.842808	-0.347825	2.097262	6.757935	-2.644244	6.760273	1.132531	5.424538	2.283682	6.577924	-0.508840	-3.813551	2.108053	6.750360	-2.637464	6.843477
8106	5	-4.847618	5.689149	1.401945	3.809527	5.261157	2.528684	1.505937	4.158792	2.883229	3.241681	1.923431	4.752699	1.704050	6.321042	0.009291	-1.681136	5.550872	2.114252	2.063291	6.033617	-4.929986	5.689797	1.397117	3.860854	5.185362
8180	5	-6.851059	2.216761	6.283572	-2.952017	6.667739	5.336260	-3.463677	6.297690	2.160624	-0.030522	-0.594253	2.216619	6.283579	2.196617	-0.041231	-2.887180	5.763298	-0.086387	6.497097	0.731744	-8.984325	5.763298	-0.086387	1.413474	5.968523
8193	5	-3.417957	5.791730	-0.177079	8.053580	1.681126	5.836983	-0.017892	6.229238	5.649779	-4.270848	1.417310	5.610449	-0.176865	8.134850	1.471142	-4.249860	0.696388	6.215464	3.053535	7.400583	0.616480	-0.017889	6.229238	3.040226	7.401347
8369	5	4.832121	-0.816098	7.306129	3.579427	-1.402424	-6.960949	6.211446	1.406606	1.744797	6.416440	3.490129	4.035856	3.146918	5.454624	-1.349892	-3.864278	6.211446	1.406606	5.463777	1.830637	1.510409	1.191450	7.304346	-0.196362	5.786854
8383	5	-9.418461	4.708149	-0.375678	6.347209	-0.048193	-2.801573	0.905905	6.020849	4.951428	-0.055233	-11.463519	4.708149	-0.375678	1.062989	5.263938	2.537660	-0.689674	6.021495	4.951077	-5.176691	-5.710121	0.908163	6.020843	-0.334166	6.443638
8575	5	-4.964338	0.329200	7.813297	-4.188097	6.158500	6.677818	-5.984826	8.684691	0.607571	0.459362	1.397132	-1.346121	8.648072	-4.176255	5.579195	-10.626861	6.784250	2.303157	1.568509	6.144545	-5.312997	6.783958	2.303157	6.395233	0.146573
8641	5	-11.695599	7.183132	1.453198	0.146613	8.146562	-5.476212	1.492214	7.330784	-3.508320	8.326586	6.778490	-4.811967	7.331596	2.187078	0.270733	0.152615	1.064084	7.331459	-3.509393	7.048158	0.592996	6.474542	1.453336	5.819122	1.226841
8903	5	-7.711551	6.456972	1.743439	0.578378	6.549226	1.425680	0.720462	7.368490	-1.344696	6.869507	5.294758	-0.460303	7.368702	1.421252	1.820985	-4.502834	1.199624	7.367574	-1.344054	7.734848	-4.726589	6.448791	1.743470	3.308062	2.649217
8998	5	7.284589	-1.200964	8.061026	5.474436	-4.542915	-2.380396	1.762021	8.049972	-0.783849	6.624904	-1.060801	7.797143	2.825369	8.325786	0.720092	-7.120725	7.797159	2.825369	2.059623	6.598176	1.870164	7.462211	2.825923	8.325707	-0.158654
9379	5	4.411139	0.317046	5.560251	3.254605	0.551226	4.078709	0.399754	5.556349	6.494928	0.095132	4.126381	0.317046	5.560251	2.928256	1.086651	3.547379	0.523697	5.547013	6.759720	0.510017	4.508441	0.317175	5.560250	4.864707	-0.957681
9510	5	-12.352377	2.422163	6.089598	0.740320	7.562059	6.572765	-4.164851	6.099928	5.578676	1.148283	-11.334726	2.422163	6.089598	5.405381	2.972541	-12.352483	4.502202	2.814002	2.542479	7.200251	-11.332591	4.502202	2.814002	7.207891	2.971796
9642	5	-4.398769	6.911441	1.207901	7.217637	1.519008	3.089602	4.867798	2.529102	7.197152	-3.536965	-1.110905	0.743996	7.001750	5.837452	1.551298	4.955514	-2.616863	7.165074	5.829138	-4.441348	-6.050574	1.016692	6.932027	2.708222	6.915359
9718	5	-5.162155	0.480328	6.536878	-0.254891	6.282357	5.780243	-5.222425	6.536901	5.810712	-4.804058	-6.417644	5.956357	0.651283	7.884386	0.171029	-11.010728	5.956366	0.651283	1.829296	6.252288	-0.324352	5.914270	0.651413	7.887429	-0.487484
9751	5	-10.174060	7.227282	0.336917	2.185175	6.522782	4.845038	-5.794965	6.812154	4.812190	-2.186911	-0.031229	7.099970	0.336947	7.855700	-0.849180	-4.918843	7.227277	0.336916	6.884962	-0.011305	-5.930898	0.755180	6.811555	-0.941263	6.531101
9792	5	7.359141	-5.986741	7.179806	1.094670	2.218665	-4.117634	7.170142	1.405163	7.001666	0.096324	-2.683676	0.563748	7.179803	-2.505356	5.286516	0.977827	6.805989	1.405326	7.021749	-0.701950	-9.202490	7.170143	1.405163	3.000742	5.239892
9871	5	6.298959	2.646664	1.443532	6.476351	-3.280786	-10.807464	6.351820	1.276638	1.416021	6.385316	6.523136	-2.342999	6.733354	3.005274	-0.293201	-6.727215	6.346193	1.276639	5.696528	3.255379	0.362926	5.720630	1.276668	5.704227	3.246043
9937	5	0.721390	6.124313	0.053769	6.687853	1.452289	5.248891	1.114947	6.350361	4.702829	2.630809	0.678618	6.136812	0.119791	6.626614	1.497341	0.774140	6.098017	-0.008908	6.753114	1.412004	0.974492	5.929195	-0.133878	6.928436	1.338960
