4	3	5.752707	-10.850051	6.580626	8.680004	7.529993	-0.587665	8.886098	2.599065	2.677927	7.529993	-0.587665	8.973702	-0.791405	2.677927	7.529993
11	3	5.868734	-7.688053	5.054629	5.959497	1.943576	5.868742	-14.066677	5.054629	5.959497	7.997680	-0.690036	8.765936	-1.811429	1.787426	1.943576
13	3	7.830005	-13.930874	6.701235	7.948878	0.396797	7.830048	-19.582547	6.701235	7.950330	6.821599	5.098566	3.695532	-2.078277	1.967325	0.396797
26	3	4.203448	4.525488	-6.851282	1.695460	9.373391	8.717436	-8.423656	-1.328846	7.665594	9.373391	8.717440	-13.007344	4.573265	7.665594	9.373391
33	3	1.272665	7.419544	-2.305642	2.260323	5.954378	6.223195	-8.777866	1.559529	7.883948	5.954378	6.223195	-10.995860	5.540801	7.883948	5.954378
39	3	8.354198	-15.979844	6.202773	5.727263	8.225706	8.354197	-10.884269	6.202773	5.727263	1.749755	3.817106	5.833187	-4.996876	0.107232	1.749755
42	3	1.730901	5.916280	-5.061555	2.992905	1.423849	5.572553	-12.736147	6.221734	8.106364	1.423849	5.572634	-18.761419	6.221734	8.106364	6.833308
43	3	-0.775682	7.857163	-7.314074	-0.418755	8.818268	-0.794292	12.551377	-7.314074	-0.418755	2.685633	5.441966	-3.682247	5.041961	4.904303	8.818268
48	3	4.554389	-9.653092	7.059075	6.607574	6.699398	4.554388	-4.144912	2.495219	6.607554	6.699398	0.329491	4.773526	-4.008621	3.588351	6.699398
49	3	7.761799	-11.727993	4.738844	3.318836	7.605610	7.761718	-5.849908	4.738844	3.318836	4.441703	3.026749	8.685508	-4.605655	1.160100	4.441703
50	3	1.773558	6.062492	1.930826	-1.166266	6.110108	6.674058	-11.205558	7.274259	2.899967	6.110108	1.257522	10.388599	1.930826	-1.166266	1.279221
55	3	-1.554623	5.458091	-6.852720	3.630027	8.128101	4.370642	-3.492055	-0.958848	8.390866	8.128101	4.370676	-8.520298	5.466071	8.390882	8.128101
57	3	2.074416	9.306104	-1.564250	2.355029	-3.364589	5.585459	-7.816665	7.451084	7.838598	-3.364589	2.074507	2.878717	4.928145	3.651158	-3.364589
58	3	7.983000	-5.664021	0.430887	6.543528	-2.176585	7.928252	-0.022659	-0.368725	6.251146	-2.176585	7.983000	-12.161963	5.714376	6.543661	-2.176585
59	3	1.051964	7.568854	2.948312	0.965744	8.438711	7.399810	-9.449910	9.056355	6.146847	8.438711	1.050444	7.612704	-2.847814	0.965744	8.438711
61	3	8.974223	-19.448308	5.616540	6.751789	9.603297	3.865791	10.655307	-6.096753	3.328597	3.555402	8.974170	-13.044837	5.616540	6.751728	3.555402
85	3	3.287280	-14.224224	3.868920	7.033323	7.381376	3.287279	-8.344821	3.865982	7.033323	2.333526	-2.794742	8.362913	-3.552660	0.501739	2.333526
92	3	1.547679	8.794929	-5.337157	1.867141	7.620469	6.813243	-10.129893	7.716440	6.810539	7.620469	6.813243	-6.490308	1.273271	6.810539	7.620469
94	3	8.357444	-6.820302	-0.417474	8.060953	-4.095531	3.662153	9.576670	-4.465554	4.095507	-4.095531	8.357444	-13.181805	5.654591	8.060953	-4.095531
99	3	8.646654	-10.612571	1.847290	7.559709	1.725050	5.474846	8.797096	-4.628410	1.468644	1.725050	8.646654	-10.661020	7.081499	7.559709	1.725050
101	3	6.910662	-9.577164	1.267710	8.208490	9.309523	6.910662	-11.057335	5.540179	8.208490	9.309523	1.482346	4.588522	-2.393605	1.797374	9.309523
110	3	3.030546	12.323534	-6.827538	-4.152252	-0.053915	8.993909	-0.035872	-0.318901	0.806334	-0.053915	9.020569	-2.593212	5.792862	1.889766	-0.053915
113	3	6.963928	-15.788476	5.225837	6.764182	4.819483	6.961638	-10.179217	-0.746235	6.764182	4.819483	1.699095	7.247377	-7.450289	0.515277	4.819483
115	3	7.519229	-9.809287	7.412114	6.442887	-1.001144	7.519073	-4.735894	1.215359	6.442887	-1.001144	2.372722	8.116960	-2.894667	0.042431	-1.001144
120	3	-0.000574	4.867220	-3.164591	4.113122	6.443693	5.988896	-9.972724	6.588393	7.507447	6.443693	5.988893	-4.778843	0.215526	7.216723	6.443693
127	3	-0.064823	2.353248	-1.374695	1.299370	7.347992	-4.239073	8.333828	-4.717937	1.297864	2.626807	2.190215	-7.972677	6.238803	5.251767	7.347992
136	3	7.134784	-5.068654	8.389430	3.329755	-1.378561	4.021530	11.187842	0.823479	-1.837876	-1.378561	4.021530	5.998938	5.371039	-1.837876	-1.378561
138	3	4.522670	-11.893453	5.256575	5.854502	7.487402	2.131550	4.838870	-2.674573	-0.324848	7.487402	4.191096	-0.151927	-2.643504	5.706278	7.487402
147	3	6.746041	-7.045980	3.561915	6.254280	1.922485	0.193467	7.620838	-7.595929	5.005597	1.922485	5.266670	1.641217	-7.589476	5.195156	1.922485
150	3	-0.726417	5.474296	-6.149550	0.712518	7.159092	-0.726432	10.071867	-6.149770	0.691446	2.121321	4.710450	-2.317076	-1.398623	4.867620	7.159092
153	3	1.913724	10.452864	-6.965044	2.469025	7.425075	8.383918	-3.807348	-0.337321	8.517590	7.425075	8.384033	-5.885950	5.677939	8.520594	7.425075
154	3	6.604719	-18.683063	6.032005	6.587226	0.540809	6.604719	-20.344317	6.032005	6.587226	6.740797	1.061944	4.324145	-6.516651	0.022926	0.540809
163	3	6.156128	-8.439040	-0.130570	8.507807	5.391162	6.156128	-10.783804	6.023493	8.508962	5.391162	1.458571	6.284770	-4.944541	6.301538	5.391162
167	3	6.737888	-14.793022	7.456845	6.233948	8.081295	6.737888	-12.610221	7.456845	6.233948	1.616791	2.466401	4.160102	-1.373647	0.122191	1.616791
168	3	4.734016	-15.348883	5.633526	5.057842	6.730609	4.734016	-13.684362	5.633526	5.057842	0.150108	2.500429	3.015935	-1.551913	0.014899	0.150108
174	3	1.420553	10.423054	-6.257158	-0.450072	2.282460	1.420553	7.577964	-6.257101	-0.450072	7.571891	6.183904	-6.898905	5.753567	5.868050	7.571891
177	3	0.701652	9.933543	-5.166444	2.681300	-0.610099	6.178533	-11.512625	6.996538	8.153092	-0.610099	0.716685	-0.205838	-1.816516	8.149697	-0.610099
178	3	6.761145	-10.569263	1.931872	6.334913	5.260150	3.647289	2.021136	-2.090815	3.370666	5.260150	6.761145	-14.304904	8.541041	6.334913	5.260150
184	3	7.566952	-11.447991	6.504581	6.911390	-0.600977	7.565192	-8.743280	1.551753	6.899237	-0.600977	3.118204	10.195293	-0.756496	0.758548	-0.600977
186	3	6.720743	-8.269771	6.574885	8.129517	-1.823455	0.373797	12.129257	-5.673720	4.957050	-1.823455	6.717377	-3.373999	-1.143607	8.078613	-1.823455
189	3	1.778262	4.142868	-1.198494	3.648584	8.712944	8.052112	-15.721380	6.053900	7.825331	8.712944	8.052112	-12.917744	0.608734	7.825331	8.712944
193	3	1.487869	7.774632	-4.342265	1.645682	6.438371	4.306448	-4.701214	0.258775	6.623801	6.438371	4.306448	-8.410065	6.744012	6.646601	6.438371
203	3	7.636457	-4.561540	-3.700463	5.430652	4.464398	6.304240	1.946734	-8.367675	0.535263	4.464398	3.820975	6.107639	-9.850332	-0.026187	-0.632125
216	3	0.343159	0.363450	9.713270	9.391261	0.704640	4.680034	-11.397956	9.731610	9.451509	6.744115	4.680012	-5.687735	9.731610	9.451509	0.704640
217	3	-0.169542	10.490011	-6.449117	1.256743	3.172064	1.561491	5.146449	-6.449116	1.265881	7.409094	5.376335	-10.455488	6.019173	6.690634	7.409094
219	3	1.837388	5.526253	-5.503296	0.336283	5.249658	6.748933	-5.891729	-0.766298	6.211221	5.249658	6.748985	-10.668140	5.824523	6.211221	5.249658
221	3	-0.138878	6.924866	-5.024229	2.277962	-0.665469	6.446062	-13.273245	6.998499	8.548237	-0.665469	6.446062	-7.279540	1.015661	8.548237	-0.665469
226	3	6.018222	-10.595014	-4.687311	4.924562	7.747069	1.911784	6.475529	-10.660506	-0.291064	4.076333	6.018222	-5.285043	-4.687312	4.924562	4.076333
239	3	1.068914	7.755833	3.452684	-1.689000	-0.468850	7.318775	-1.636250	8.769989	2.934665	-0.468850	1.068692	9.445261	-2.070961	-1.689000	-0.468850
253	3	5.475278	-11.707380	7.786783	1.796462	7.979371	-0.081577	6.036539	-3.370025	0.448274	2.235419	5.474992	-5.148009	7.786783	1.788477	2.235419
256	3	1.673308	5.762069	-4.522484	0.987441	7.228844	7.280944	-3.232334	-0.751233	5.003080	7.228844	7.280944	-10.639530	5.798312	5.054865	7.228844
259	3	2.285913	12.795270	-3.762154	1.927147	-2.259249	2.674938	6.894548	-3.762152	1.927147	3.458102	6.421568	-7.773258	-1.947346	7.352479	3.458102
264	3	4.204101	-8.176902	0.690843	8.209883	1.226981	4.205606	-11.950205	6.393129	8.209886	1.226981	-0.606778	9.812877	-4.371657	3.113357	1.226981
267	3	7.461316	-9.236668	8.729889	8.477879	0.219154	1.531330	10.028560	2.418015	1.861986	0.219154	1.528269	10.158452	-3.518646	1.861986	0.219154
269	3	0.943934	11.654677	-6.305689	0.505332	0.797830	5.495014	-4.472939	-2.521946	6.949838	0.797830	5.495060	-6.220260	3.868035	6.950343	0.797830
283	3	-0.363224	7.371935	-0.954489	-0.471773	0.973914	4.661363	-10.535803	6.938388	4.005330	7.342437	4.629796	-4.084893	6.913126	4.004001	0.973914
291	3	-0.776249	9.512121	-10.137238	3.216861	2.487809	-0.776248	6.661986	-9.693628	3.216861	8.396089	4.234596	-2.923058	-5.055839	8.236865	8.396089
307	3	0.953964	4.970369	-1.689656	3.468561	7.491463	0.953721	10.035159	-3.779404	0.996177	2.264807	5.584346	-6.654662	6.759065	6.720125	7.491463
310	3	6.757909	-9.138827	5.472178	2.995050	3.180378	6.757909	-12.545572	5.472178	2.995050	7.031011	1.080078	5.655668	-1.951044	-2.166205	3.180378
318	3	-0.916587	7.263403	4.695021	1.683275	-0.317952	-0.965701	10.724715	-1.008058	1.683275	-0.317952	5.557974	-1.364880	7.996244	6.926314	-0.317952
339	3	-0.372012	7.380017	-3.768327	0.231393	6.525454	5.768049	-6.614097	7.239528	5.519868	6.525454	5.767945	-1.580697	6.853995	5.519865	6.525454
342	3	0.699000	6.298192	-3.329974	-3.993014	7.862042	7.117191	-4.506623	6.988949	2.617491	7.862042	0.831148	3.986496	3.175411	-3.846179	7.862042
343	3	5.682537	-11.673771	7.194651	8.241950	6.319048	1.118983	10.250450	-5.637208	2.070555	1.747102	5.682537	-8.625418	7.194649	8.240583	1.747102
350	3	-3.151448	6.992589	-3.064661	0.044593	2.363404	2.146786	-11.659891	7.537256	5.218293	7.202625	2.135115	-6.277643	7.536547	5.218293	2.363404
354	3	0.206880	8.297496	-8.186922	1.895279	-0.829794	6.370609	-4.559035	-1.796016	7.317984	-0.829794	6.370609	-6.535653	4.698442	7.318281	-0.829794
365	3	7.756270	-9.224635	7.157810	6.909431	-0.601579	2.724759	10.993757	1.297689	0.623372	-0.601579	2.724759	10.995812	-4.247539	0.623372	-0.601579
377	3	6.228848	-6.362899	-0.866125	7.626580	-1.785263	1.415962	9.601390	-7.415028	3.664151	-1.785263	6.228848	-9.691780	5.512081	7.631353	-1.785263
381	3	-1.296228	6.374430	-4.944007	1.673588	6.365759	4.603216	-6.617249	5.555466	7.221778	6.365759	4.603216	-3.181570	-0.953533	7.221778	6.365759
388	3	0.837514	3.564907	-2.924399	2.817901	5.760274	6.685802	-8.499563	-0.682339	6.594144	5.760274	6.685802	-12.149519	5.521085	6.594146	5.760274
389	3	7.319341	-16.930624	7.844239	6.392728	6.418838	7.319341	-11.544912	7.844239	6.392728	1.327937	3.377069	4.664269	-3.134944	-0.002987	1.327937
390	3	8.196391	-8.655012	6.884343	7.952133	-0.008520	3.413145	7.226536	-1.015799	6.115964	-0.008520	3.469373	2.684477	2.594129	6.604577	-0.008520
400	3	0.802606	8.273275	-4.792287	0.839560	5.187064	7.288728	-8.090803	5.640595	6.748138	5.187064	7.288649	-3.344035	-0.980136	6.747936	5.187064
401	3	-1.151787	8.627913	-4.149345	1.360356	4.922779	4.648595	-4.779612	6.744997	5.786025	4.922779	4.382910	-0.575099	0.305327	5.785867	4.922779
402	3	3.799321	11.921268	-6.115236	-1.248413	1.250596	3.835045	6.066740	-6.052508	-1.248397	7.794201	7.926402	-1.713396	5.535481	5.359776	7.794201
406	3	3.806581	6.492950	-5.079958	-0.025889	3.804146	4.566662	1.719081	2.294570	3.217209	6.809343	5.416113	-8.274533	3.973923	5.706442	6.809343
407	3	1.250997	8.121962	-7.283447	2.247141	-0.661555	6.888019	-8.930098	5.869886	6.462012	-0.661555	6.878658	-3.248838	-0.703002	6.460293	-0.661555
408	3	1.997284	7.541151	-5.923356	0.378256	3.227583	7.326337	-5.081197	-2.574935	5.226295	3.227583	7.326337	-6.008088	3.901017	5.226295	3.227583
409	3	7.368627	-13.905347	7.049686	5.676367	6.193962	0.787860	8.443536	-3.099936	-0.582764	1.849078	7.368627	-8.657334	7.049686	5.676366	1.849078
414	3	0.443995	9.699519	-2.347344	0.867108	7.153682	6.725525	-7.515700	-0.008856	6.357442	7.153682	6.725525	-12.796861	6.259469	6.357442	7.153682
420	3	-0.693854	10.326727	0.250820	1.229661	-1.864774	5.641066	-6.318127	6.601621	7.603274	-1.864774	-0.693854	10.420594	-6.218144	1.229661	-1.864774
434	3	5.708882	-5.483511	-2.433554	5.794492	5.145526	-0.444878	10.721748	-5.688814	2.060904	0.375845	-0.436731	4.278042	-5.687431	2.126856	5.145526
435	3	0.107955	4.129756	-3.977977	1.885173	8.779846	5.459969	-5.793866	0.468337	6.593946	8.779846	5.460315	-11.705246	6.480899	6.593946	8.779846
436	3	7.776634	-3.408351	-0.989232	5.868336	0.130198	1.323349	6.134435	-4.974634	2.198823	0.130198	7.776634	-4.692317	4.964330	5.892261	0.130198
437	3	8.092579	-18.718800	7.874444	7.087775	7.584584	4.627674	6.239443	-3.764514	1.980722	0.949417	8.092579	-12.419952	7.874444	7.087775	0.949417
444	3	6.071894	-3.764004	-0.555546	7.213488	-5.802100	-0.336189	9.093703	-6.780974	1.541604	-5.802100	6.071895	-8.159775	5.437440	7.251115	-5.802100
449	3	5.124710	6.576202	-6.061271	3.561507	6.430952	8.118093	-5.023696	-0.587321	5.621961	6.430952	8.137956	-12.608228	5.485145	5.621961	6.430952
455	3	-0.283920	9.798395	-2.826056	-3.946055	0.721038	-0.283093	7.301276	-2.277082	-3.946054	6.929251	1.030941	1.553433	5.886075	-1.784243	6.929251
457	3	7.814815	-11.513051	6.860645	7.098169	0.984830	1.783738	10.189165	-1.747888	0.471704	0.984830	7.788160	-5.398481	0.697908	7.097864	0.984830
460	3	3.327224	-2.646088	-0.307319	4.000367	1.566589	-3.259939	7.541286	-4.108646	-2.558082	1.566589	3.331073	-8.216738	5.638338	4.000383	1.566589
473	3	2.452513	6.828997	0.556026	1.762528	1.785172	8.623088	-5.962466	7.173370	8.262469	1.785172	2.452513	6.863431	-5.928590	1.762305	1.785172
498	3	7.570085	-10.112725	8.006538	7.360416	-2.060631	7.570085	-6.618455	1.429818	7.360416	-2.060631	5.751530	4.772408	0.472097	0.928915	-2.060631
505	3	1.592248	8.899998	-6.219975	2.263772	1.455115	5.650668	-8.083582	5.929138	6.905805	1.455115	5.650668	-14.199392	5.936860	6.905805	7.103583
506	3	7.454440	-5.005394	1.877539	6.587980	-1.338063	7.454440	-8.591492	7.080900	6.587980	-1.338063	2.899951	10.940140	-4.072166	0.531998	-1.338063
507	3	4.051275	9.095434	-1.279302	0.412594	4.251628	8.819425	-12.601804	8.413973	6.726209	4.251628	4.952713	5.974836	4.375904	0.412647	4.251628
512	3	8.993546	-6.892113	-1.195599	5.475777	-0.850969	3.908439	7.269687	-7.558732	-0.772867	-0.850969	8.993546	-12.191901	5.441429	5.511059	-0.850969
524	3	-1.903798	9.261175	-5.613389	0.846049	-1.224296	4.713905	-13.375374	5.861026	7.246148	-1.224296	4.604663	-3.683714	0.975708	7.234957	-1.224296
527	3	3.561930	4.683101	5.199531	1.938753	0.309651	7.700116	-8.188999	9.091568	5.557308	0.309651	7.700119	-9.967722	9.091568	5.557309	6.446637
532	3	7.454562	-8.591381	0.123356	8.300038	2.539890	7.454562	-14.093027	6.663155	8.300038	2.539890	0.973290	7.326044	-5.644229	2.677125	2.539890
535	3	0.905323	7.433179	-2.875060	3.012020	1.810009	6.690117	-13.157656	6.788703	5.029803	7.866929	6.690117	-7.101928	6.758992	5.029071	1.810009
543	3	5.639864	-8.637562	4.965547	7.667311	-2.409928	5.639862	-2.805855	0.021231	7.667276	-2.409928	4.921331	4.805685	-0.285321	5.612702	-2.409928
558	3	1.065954	9.433442	-6.334176	0.343334	4.281726	7.148100	-5.354836	5.391151	5.939363	4.281726	7.147065	-2.057518	0.230734	5.935330	4.281726
559	3	3.126265	-5.853916	7.529520	6.493433	7.565173	-3.191979	10.472321	1.063544	0.970193	1.941166	-3.190719	4.561708	1.063546	0.970215	7.565173
561	3	2.532946	4.002439	-6.565823	3.320517	7.062068	5.720765	-16.413697	5.165914	6.765512	7.062068	5.720765	-10.310118	-0.351357	6.764615	7.062068
562	3	2.711525	4.647791	-3.169521	4.008119	5.171292	2.710276	10.143511	-3.175749	4.008119	-0.743118	7.411681	-6.089950	7.250871	7.023686	5.171292
563	3	-2.753140	12.852869	-4.423790	1.278135	2.682870	-2.752851	6.945347	-4.423776	1.308297	7.427665	3.396685	-3.338681	6.388160	7.593423	7.427665
568	3	8.866902	-9.074642	6.959804	7.521086	-1.015263	8.866902	-10.829883	6.959808	7.521631	5.370854	8.168539	4.744599	0.853094	4.531777	-1.015263
575	3	5.610768	-20.314925	6.523594	7.916041	7.879149	5.610768	-13.990220	0.341026	7.916041	7.879149	1.401727	2.722415	-4.197708	4.258721	7.879149
576	3	0.586046	6.970275	2.006639	0.941737	7.016435	0.586046	6.982934	-4.511162	0.941737	7.016435	6.539446	-9.706631	7.835021	5.643026	7.016435
578	3	1.699668	9.736135	1.819096	1.121887	2.734692	6.135415	-8.487446	6.838273	6.958777	2.734692	1.699601	9.737242	-1.793791	1.121887	2.734692
579	3	5.469400	-4.948670	7.945362	7.747217	-0.521823	-1.054788	10.321408	-3.881055	2.067821	-0.521823	5.469400	-4.948663	1.525031	7.747217	-0.521823
583	3	0.149419	10.174485	-0.949676	0.915147	0.686309	4.862933	-5.317930	5.105160	7.139927	0.686309	0.149427	5.308900	4.151867	0.919550	0.686309
586	3	1.104200	8.873335	-4.000462	3.934121	0.660980	7.220065	-5.027160	7.350074	7.106744	0.660980	7.220067	-11.175090	7.369051	7.106744	6.548436
588	3	1.136440	10.575573	-6.821247	3.236844	-3.609022	6.710341	-4.868627	-0.457939	7.285002	-3.609022	6.710389	-5.855386	6.088980	7.285002	-3.609022
590	3	7.346297	-9.331938	6.621522	5.363218	6.662182	2.047040	4.283557	-3.486813	2.562094	6.662182	7.346296	-6.967410	1.161717	5.363218	6.662182
591	3	1.666170	12.201170	-4.982123	0.664797	0.223169	1.666170	10.650205	-4.982123	0.707326	6.717398	6.889667	-4.980615	6.085358	6.272656	6.717398
592	3	2.983094	7.923782	-4.973561	2.269004	6.478197	6.420353	-5.922286	7.189697	7.308050	6.478197	6.276873	-2.001826	1.317620	7.299215	6.478197
596	3	-0.171413	10.932197	-2.433748	1.057004	6.169417	-0.171413	10.211417	3.785367	1.057006	6.169417	5.551792	-4.321758	7.990806	7.391792	6.169417
606	3	0.425254	8.337507	-6.050410	1.388964	6.220614	6.768287	-9.278625	6.648648	7.347177	6.220614	6.768286	-5.222538	0.416233	7.327609	6.220614
609	3	3.691572	10.432002	-3.073456	-2.327356	5.311395	7.506771	-6.608453	8.167541	3.479526	5.311395	3.691572	9.994797	3.095459	-2.327356	5.311395
613	3	5.872058	-9.455399	6.057850	6.185446	7.384926	0.465955	7.200492	-4.213419	5.576929	1.216121	5.872058	-3.068754	6.057848	6.182867	1.216121
623	3	-1.503569	7.369313	-7.573296	0.638583	6.847729	-1.721073	8.869576	-7.574533	0.638583	0.326106	3.241877	-5.064030	3.260369	6.420375	6.847729
625	3	1.818923	1.455097	-0.502330	5.846213	9.350660	7.362948	-4.256609	0.412526	6.843468	9.350660	7.362958	-11.837885	7.020585	6.844001	9.350660
631	3	6.642177	-7.029097	0.271550	5.824386	-1.443538	6.642177	-9.592920	6.719223	5.828540	-1.443538	2.020873	7.044378	-5.623950	1.099691	-1.443538
632	3	-0.954018	7.904140	-7.500610	1.730001	5.882842	5.297851	-11.131589	5.056603	7.470706	5.882842	5.297851	-6.694271	-1.377196	7.470691	5.882842
635	3	5.841815	-13.668662	7.407041	6.918689	7.584807	2.012275	5.294578	-4.369921	3.454776	7.584807	0.269030	11.604014	-4.885981	1.082258	3.627941
636	3	6.701978	-17.049400	6.246227	7.025832	8.171098	6.701978	-10.566960	6.246227	7.025832	2.293872	6.387934	3.492631	-5.114807	1.370973	2.293872
653	3	0.179079	3.786514	-0.866362	0.550015	9.146586	6.530152	-9.846931	7.250672	5.903831	9.146586	6.530152	-6.013961	2.280941	5.903654	9.146586
658	3	6.820014	-5.206266	1.054940	1.586691	4.852815	1.820742	9.741954	-2.545738	-3.315098	4.852815	6.820014	-5.761114	4.675304	1.586691	4.852815
660	3	5.004902	-8.501873	6.171323	8.006858	0.559233	-0.318371	8.103036	-6.454980	2.051668	0.559233	-0.318371	6.504640	0.537031	2.051676	0.559233
666	3	9.358400	0.777022	-2.698120	4.945777	0.473111	9.530325	-4.094837	-2.461936	8.032413	0.473111	3.133537	4.956646	-8.086176	3.175927	0.473111
667	3	4.747404	4.923947	-5.031841	1.394816	6.571881	8.623921	-12.334813	6.581966	7.007582	6.571881	8.615759	-6.809910	0.941610	7.007567	6.571881
668	3	5.502775	-11.852538	5.921631	7.138011	0.165336	5.502775	-17.993759	5.921879	7.138124	6.652617	-0.118437	6.984047	-3.817312	2.528880	0.165336
671	3	-1.260877	8.237065	-3.203165	4.333147	-1.770715	4.790234	-5.105285	6.504395	6.906961	-1.770715	4.790195	-4.881751	1.720823	6.906961	-1.770715
688	3	0.544404	6.592167	-4.632208	-1.270780	7.750794	5.343388	-5.970300	0.017552	5.290947	7.750794	5.343388	-9.043094	4.801176	5.290951	7.750794
689	3	7.811671	-2.524042	-1.132684	6.764423	2.895525	7.811672	-7.695282	4.824319	6.765520	2.895525	2.431932	9.510374	-5.128732	1.354300	2.895525
699	3	6.744789	-9.108513	-1.851042	6.981625	-0.235443	0.175306	6.203103	-7.390941	3.545915	-0.235443	6.744792	-9.653079	4.478486	6.981625	-0.235443
703	3	-0.463101	8.816121	-5.848052	0.720184	-1.028461	6.174290	-8.839894	7.031284	6.371995	-1.028461	6.174290	-4.572904	0.702286	6.371995	-1.028461
704	3	6.955893	-12.124511	-0.301049	8.849619	6.124926	6.955893	-18.177321	6.280829	8.849619	6.124926	1.664268	4.310896	-5.726390	2.831551	6.124926
708	3	7.207266	-12.577276	1.876629	8.800969	5.889542	7.207266	-18.571532	8.335938	8.800969	5.889542	2.715629	4.956529	-1.298567	2.573054	5.889542
711	3	2.531054	10.295036	-1.215496	-0.023478	1.801319	8.214837	-14.220051	8.603889	5.560258	8.031661	8.214835	-8.548532	8.603889	5.560088	1.801319
713	3	4.174674	8.918645	-0.690692	-0.064468	-3.925883	5.781770	-8.453605	8.430293	5.655111	-3.925883	4.174674	6.864148	4.459471	0.519485	-3.925883
715	3	-0.581890	2.765224	2.062210	6.027068	6.444498	4.887910	-7.273302	6.798565	7.687232	6.444498	-0.581891	3.113416	-3.043747	5.797433	6.444498
719	3	6.694607	-9.632041	1.870373	6.094644	6.729998	5.518620	3.841409	-3.457044	-0.055756	6.729998	6.694607	-14.987792	6.576846	6.094644	6.729998
721	3	0.975166	10.429107	-1.909709	2.621281	0.947742	5.889537	-11.701260	6.982334	9.035276	0.947742	5.889684	-16.157332	6.982334	9.035276	7.336165
728	3	0.343054	4.868449	-0.161486	0.207956	6.436241	4.965193	-9.860556	7.203608	6.683602	6.436241	4.960242	-4.377250	1.131607	6.683602	6.436241
731	3	6.307289	-7.240360	6.307020	6.431671	4.643209	0.804013	8.705256	-6.091748	1.818832	4.643209	6.307288	-2.941298	0.427099	6.418993	4.643209
735	3	6.693504	-13.911181	6.985965	6.218845	7.742274	6.693504	-9.554895	0.912956	6.218845	7.742274	2.707158	3.647361	-4.039310	1.853727	7.742274
740	3	0.782965	5.875294	-5.611764	2.095936	-2.254950	6.355560	-9.941717	0.223420	6.859543	-2.254950	6.355560	-13.942420	4.956797	6.861058	-2.254950
741	3	5.485318	-4.011241	7.289437	2.425913	-2.455982	-0.868927	10.475844	-1.854689	-2.878795	-2.455982	-0.868560	9.389044	4.135199	-2.878122	-2.455982
744	3	5.636765	-4.231130	7.063114	7.709820	-1.683489	0.400122	6.177763	6.637399	3.098478	-1.683489	-0.670126	10.444982	0.760350	3.098478	-1.683489
749	3	7.946773	-8.921119	6.369799	6.760171	4.780575	7.946765	-5.103312	-0.104810	6.760171	4.780575	2.173394	3.351815	-2.410941	0.393255	4.780575
757	3	7.224044	-10.380959	6.123337	0.803441	6.847874	7.223944	-4.384778	6.123337	0.769378	0.306227	2.433908	7.334935	2.697239	-4.371613	0.306227
758	3	-2.343472	3.340891	-4.412794	2.137162	6.348521	3.521150	-8.366450	0.288777	6.687553	6.348521	3.521150	-14.723836	6.235773	6.700570	6.348521
762	3	6.758771	-11.194155	3.431978	9.239041	6.090823	4.978742	8.774109	-6.190199	3.011171	0.298717	6.758771	-4.453757	3.431978	9.193203	0.298717
764	3	-0.394436	10.227852	-5.313720	1.656022	0.457893	5.490456	-8.405674	7.079695	7.336867	0.457893	5.490271	-5.184657	0.962668	7.336867	0.457893
768	3	6.857720	-10.279688	6.271375	8.766418	7.340740	6.353274	3.006798	6.250725	2.631880	0.802265	6.857719	-4.505585	6.270736	8.755039	0.802265
779	3	4.735561	-13.929078	6.805772	7.300749	8.066349	-1.445583	3.314112	1.126434	1.811957	8.066349	-1.445629	3.314711	-2.132451	1.811833	8.066349
781	3	5.762944	1.339013	-1.036736	1.228480	7.228388	8.127592	-5.795864	0.199567	6.232248	7.228388	8.209532	-10.961043	6.361042	6.247677	7.228388
785	3	0.807610	8.680850	-3.999512	1.031324	6.554252	5.250801	-7.319119	6.351654	7.019881	6.554252	0.807610	8.678894	1.004576	1.031584	6.554252
786	3	4.083370	-4.783848	8.352428	7.231696	2.031605	4.084489	-9.431207	8.366497	7.246921	8.009832	0.606910	2.449361	7.523364	5.859359	2.031605
792	3	2.021180	9.166841	-5.323903	-0.113336	3.068796	7.089206	-8.722332	6.868412	6.173060	3.068796	7.040405	-3.067988	1.264667	6.173060	3.068796
800	3	6.206504	-10.666531	5.500149	7.746758	5.917848	0.887119	7.188423	-4.796058	2.907080	5.917848	0.887119	7.151971	0.998842	2.920748	5.917848
801	3	6.588587	-8.773060	0.522211	6.549331	6.726893	0.827765	5.084582	-3.026463	3.160559	6.726893	6.588589	-15.172564	5.151545	6.549331	6.726893
806	3	7.538989	-12.488624	6.944380	6.760647	0.188009	2.224435	5.496995	2.899846	5.579192	0.188009	7.538989	-16.966621	6.944380	6.760647	6.717191
811	3	2.638459	3.905016	-3.679429	1.817204	8.867217	6.450481	-5.648300	1.831931	6.161826	8.867217	6.452264	-8.691210	7.150461	6.161907	8.867217
816	3	0.711631	9.484173	-5.061429	-0.830447	1.593401	6.824650	-5.915515	6.852007	5.200852	1.593401	0.714949	9.469866	0.788798	-0.830447	1.593401
818	3	0.174299	7.368554	-5.259131	1.654611	7.874855	0.167816	9.822164	-5.423885	1.654611	1.613225	5.792950	-5.093142	5.866275	6.686809	7.874855
833	3	5.846890	-6.990162	-1.143487	7.401403	7.010694	-0.271393	4.721081	-7.346750	2.211229	7.010694	5.846891	-10.547866	5.100133	7.428045	7.010694
834	3	0.046636	8.901969	-4.263219	0.462524	-1.576207	6.265852	-12.394813	5.979855	6.873326	-1.576207	6.265852	-8.688894	0.487184	6.873326	-1.576207
835	3	8.414425	-5.801060	7.071002	3.509650	6.349966	2.896313	6.344394	-5.678708	-2.726132	6.349966	8.414425	-5.504610	1.026963	3.507970	6.349966
837	3	4.687571	8.578494	-3.520666	-0.418803	0.973187	8.822536	-3.518278	1.449368	4.418039	0.973187	8.822645	-8.515215	6.413780	4.422176	0.973187
839	3	8.015477	-8.295345	6.986884	6.166713	1.275347	8.018358	-14.199798	6.986884	6.166713	7.092196	2.792037	7.660431	-4.508274	-0.007444	1.275347
840	3	-1.353618	1.554140	-1.697506	1.956640	7.625048	1.434227	-6.431224	-0.305475	6.766584	7.625048	1.434227	-8.622640	4.998996	6.766593	7.625048
843	3	9.773685	-10.414729	6.329697	6.043911	8.109811	9.754389	-2.681780	-0.546911	5.235615	8.109811	5.848482	2.762842	-3.829084	1.621354	8.109811
852	3	1.840674	6.525759	-4.644865	0.623394	0.671898	6.684461	-12.106568	2.042044	6.389749	6.625025	6.684461	-6.575413	2.042044	6.389749	0.671898
868	3	1.321836	8.855513	-1.619927	-1.842862	6.853919	7.331458	-5.122227	5.993246	2.633180	6.853919	7.331457	-2.652782	2.625619	2.631692	6.853919
877	3	-4.757940	7.883578	-3.393001	-3.140560	7.060870	0.506816	-4.502368	8.160189	3.354267	7.060870	-0.035704	1.168740	7.797899	-2.851140	7.060870
879	3	4.018759	4.288522	-2.090633	2.896535	4.061538	6.553250	-6.535797	7.525543	7.437486	4.061538	6.553459	-10.451181	7.525543	7.437486	6.253626
880	3	-1.536370	4.905654	2.102655	1.292433	8.507960	-1.536387	5.319144	-4.275683	1.262786	8.507960	4.893304	-8.827772	8.240805	6.192906	8.507960
887	3	0.546242	9.212341	-5.873288	-1.522630	3.506561	6.365794	-5.041025	-0.052732	4.533983	3.506561	6.389868	-10.670802	6.027173	4.534555	3.506561
888	3	-0.895933	9.607795	-4.669150	1.556679	2.187941	-0.895901	5.789670	-4.667653	1.556697	8.041480	4.896849	0.075051	-0.111859	7.554583	8.041480
889	3	5.407090	8.735633	-5.778921	1.009069	-1.526997	8.768593	-4.863753	7.046643	7.459661	-1.526997	8.768494	-1.929618	0.865826	7.459632	-1.526997
895	3	2.736824	4.385997	-6.791994	0.389212	6.599537	8.542970	-9.185056	-0.176297	6.278155	6.599537	8.542970	-11.063051	5.664621	6.278155	6.599537
908	3	7.191863	-12.870037	3.821560	8.095112	8.013362	7.191863	-7.061303	3.821547	8.095112	2.059667	1.001045	6.138487	-5.057314	6.686923	2.059667
909	3	7.199187	-8.409950	0.723203	7.563942	0.159080	7.199187	-13.544065	7.155434	7.563946	0.159080	0.648994	6.990089	-4.148900	1.296494	0.159080
922	3	0.672411	6.288690	-6.833796	0.238840	7.431007	0.672397	10.747915	-6.834073	0.237662	1.350916	7.238900	-6.807260	-0.831612	6.584840	7.431007
924	3	8.500372	-10.842081	9.219588	4.490267	7.391253	2.248233	4.874780	-2.462120	-0.907002	7.391253	2.615315	3.881954	3.293333	-0.556436	7.391253
925	3	5.958052	-5.911385	4.116105	5.597695	0.763217	-0.534282	3.776672	-4.645470	1.905672	0.763217	5.958052	-7.627097	4.116105	5.597695	5.964389
929	3	-1.277132	9.356414	-1.859727	-2.733782	1.147013	-1.277132	9.343079	2.990750	-2.733782	1.147013	4.318804	-2.687752	7.256794	2.822411	1.147013
930	3	2.410403	12.812099	-2.375990	2.454119	0.392980	6.594792	-10.245442	8.864672	8.718246	6.250397	2.410403	6.671871	-2.375962	3.348453	6.250397
933	3	6.206639	-8.944232	6.431096	7.821520	-1.485103	1.234654	8.003493	-5.212829	1.395314	-1.485103	1.234681	7.883481	0.275269	1.395314	-1.485103
937	3	8.173996	-4.148170	-2.820885	7.632536	1.437335	6.190489	6.123395	-7.750345	2.189350	1.437335	8.173996	-9.739696	-2.820857	7.632973	7.300476
938	3	6.750386	-8.432099	7.853840	7.747610	-3.782235	0.330512	8.344236	4.317897	1.463295	-3.782235	0.327135	9.478348	-0.990171	1.463295	-3.782235
940	3	0.011296	3.085492	6.910430	2.040014	0.694579	5.945796	-10.838855	9.050652	4.978782	0.694579	-0.058554	8.650366	3.220045	-0.370136	0.694579
947	3	0.451878	3.654450	-4.237308	-3.372668	8.177274	6.709022	-0.531778	-0.078539	-1.028854	8.177274	6.709543	-2.887075	5.552003	3.236427	8.177274
967	3	-1.187729	6.141609	-4.960672	2.369881	1.622616	3.559480	-8.549054	0.494760	5.681324	7.271844	3.560638	-9.620311	7.070548	5.681336	7.271844
970	3	2.756441	-4.147634	7.337943	8.544673	1.438699	-0.076561	6.755599	-1.993055	2.376882	1.438699	-0.075247	5.496489	3.697116	2.376913	1.438699
976	3	6.287648	-6.725907	6.732868	5.751685	1.407962	6.287648	-12.187660	6.732868	5.751685	7.162389	4.615411	6.520414	2.312213	-0.381963	1.407962
983	3	2.295400	9.547705	-4.051256	1.362568	2.080183	7.664552	-4.014437	8.278946	7.476099	2.080183	7.198415	-0.893046	8.278462	7.467600	2.080183
993	3	6.610552	-10.178643	7.660290	6.301002	6.701579	1.886546	4.741572	4.455065	0.962715	6.701579	1.886326	6.680459	-1.357770	0.962597	6.701579
995	3	3.588866	-4.681402	8.699777	6.012968	-1.062695	-1.296647	10.782432	4.046384	0.943275	-1.062695	-1.296674	11.585070	-2.377101	0.943275	-1.062695
998	3	1.886059	8.080306	4.276254	2.998492	7.134283	1.886059	8.863733	-2.007313	2.998492	7.134283	6.642112	-10.645884	7.509650	8.933842	7.134283
