59	5	5.972861	1.341273	2.871192	5.610492	6.415792	5.665167	1.889036	3.299223	5.613929	6.396298	5.392166	2.454887	3.666375	5.633336	6.338085	6.532040	4.406911	1.226432	6.846831	3.581734	6.100104	1.126014	2.693751	5.613961	6.419111
91	5	5.287840	0.661359	1.483846	3.821745	6.470150	4.683878	2.200615	3.618384	2.701802	6.481308	5.017937	0.977748	3.002978	2.697670	6.492671	4.691935	3.982434	3.150247	5.964647	2.844327	5.063370	0.834369	2.890432	2.697637	6.492722
103	5	4.434445	4.743789	1.968845	5.912683	3.413097	5.065625	3.012011	4.502628	3.625426	5.411508	5.622603	2.486185	4.435131	3.148708	5.662014	5.470797	2.607943	4.531437	3.207652	5.627183	6.259155	2.088270	3.805579	3.107389	5.708813
107	5	2.992863	2.800820	6.581772	2.797486	6.736405	4.035694	2.201869	6.128187	2.943129	6.836563	3.353824	2.618589	6.429904	2.819876	6.781701	1.189053	6.329441	7.321806	4.521792	4.761421	2.956189	7.763142	4.850868	6.865201	2.186699
147	5	2.349208	7.132423	2.864861	5.411654	2.632262	5.340731	2.398765	-0.054081	2.584797	6.384482	5.084497	2.236152	0.933273	2.334574	6.537543	3.563041	7.081736	1.244157	5.693429	1.802795	5.294189	2.359293	0.152827	2.523191	6.421216
157	5	6.096400	1.893460	4.047999	5.358433	4.334738	4.738264	-2.159119	6.370204	3.990163	5.911175	3.477273	6.265368	4.879588	6.099968	2.355701	5.376286	-0.837344	5.749997	4.150767	5.832999	5.736080	0.571463	5.231970	4.532185	5.489414
190	5	1.971868	7.993040	5.938045	5.458987	1.376676	3.287959	3.178261	8.240830	-0.082635	6.979608	1.941347	8.042537	5.089476	5.459429	1.371572	5.043645	7.380370	3.362655	5.459446	1.371409	5.908609	6.214843	3.078448	5.459446	1.376278
208	5	6.584658	3.065721	-0.204375	6.081758	3.518207	6.479430	3.874359	-0.039799	6.192820	2.780868	4.264057	4.813775	1.908332	4.923885	4.986458	5.732508	2.186513	1.520361	5.233504	4.973157	5.293590	6.554461	1.020602	5.955069	2.970624
245	5	6.291321	0.794848	3.882724	2.958182	6.925113	6.698366	-0.468396	3.778211	2.992319	6.969175	7.654000	-1.814056	2.947539	3.649275	6.975714	6.247243	0.945325	3.893907	2.958021	6.912531	5.940856	2.014524	3.978456	3.002275	6.705311
264	5	4.816943	0.975782	3.228926	1.167496	7.063000	5.130199	0.778592	3.042934	1.156826	7.174025	6.491338	-0.092355	2.131458	1.155167	7.441245	6.239308	0.066472	2.334984	1.149065	7.429741	4.487065	1.178284	3.405440	1.189434	6.925599
294	5	5.495169	-0.665716	2.832643	4.234449	4.835872	4.451030	2.522205	1.980846	6.018682	-0.353241	5.386335	1.573333	0.558477	6.127401	-0.151121	3.399260	2.471306	3.946441	5.391727	0.339414	4.186480	0.096340	4.193754	2.055195	5.289621
342	5	5.810444	4.382805	1.214431	6.391416	0.995478	5.358032	4.193146	5.500175	3.056943	2.448621	5.549151	5.414827	1.627846	6.853379	-1.345613	4.673099	5.141927	5.576248	4.745523	0.733582	4.465968	5.567633	4.337846	6.107536	-0.075597
354	5	4.655704	5.794286	-1.299952	5.242006	1.247156	5.779383	1.132294	-1.337252	4.547760	4.728390	7.462431	0.109384	-2.411370	5.147735	4.620749	7.365399	-0.274996	-2.137059	4.984022	4.677757	7.313851	-0.397328	-2.047619	4.930282	4.691890
380	5	2.017087	2.293994	7.725680	4.387558	5.097944	2.050170	1.901354	7.593627	3.873953	6.291092	2.328073	6.418621	6.036212	6.570054	0.635688	2.187449	1.117379	7.237017	3.842001	6.806390	2.014645	2.663261	7.655668	5.014682	4.430264
408	5	5.278904	2.935826	5.701416	3.752306	4.539703	6.545549	2.359955	2.594845	4.540893	4.739871	5.028983	3.084914	5.979815	3.995633	4.422480	4.923587	3.151769	6.069754	4.133654	4.366155	6.760648	2.410521	0.524544	5.451508	4.458631
432	5	6.140644	2.112515	-0.453537	6.981416	4.097185	5.652996	5.034218	1.266196	7.438717	1.949627	5.915582	3.937800	0.126406	7.594548	2.207234	6.130991	1.936551	0.275145	6.711711	4.341340	4.459175	5.885966	5.965723	5.144671	3.878510
556	5	6.053827	5.247500	2.039860	6.361523	4.517789	6.084637	5.158004	1.966402	6.355813	4.543983	5.794031	5.757337	2.528563	6.380906	4.389527	6.409407	0.023661	2.536695	3.629092	5.942282	3.766661	3.861189	4.925117	4.607656	5.359156
572	5	5.274058	3.342967	0.861710	7.342286	3.226805	4.927321	3.680794	2.204088	7.402480	1.861377	4.502350	3.463864	3.566071	5.734383	3.867284	5.224913	3.407096	1.235107	7.402641	2.834992	5.302547	3.243193	0.505285	6.799482	3.725978
598	5	2.545181	5.010848	3.573230	5.902267	5.363897	4.298250	6.020143	2.303778	6.926702	2.490991	5.802174	3.723005	0.777266	7.200673	3.124545	5.605312	4.417351	1.190919	7.164623	2.236126	2.083369	5.940243	3.534533	6.149271	4.585091
623	5	6.463377	2.386372	2.067380	4.368407	4.416679	6.707448	3.226786	0.077819	5.972064	1.621576	6.408296	4.639925	0.664698	5.972164	-0.295300	5.632559	5.869513	1.295701	5.972069	-0.306743	6.740123	2.871465	-0.046873	5.957821	2.759480
641	5	5.577345	1.554906	0.653667	7.360330	6.186360	5.577115	1.320744	0.712331	6.904685	6.642758	5.577317	1.487228	0.661129	7.232309	6.328230	5.577246	3.685896	0.646348	8.375244	2.250617	5.577383	1.956157	0.643471	8.049173	5.195183
688	5	5.942918	0.817913	2.627289	4.749515	4.619566	5.131597	4.577436	3.032842	5.855802	-1.253006	6.112441	1.040365	2.261501	4.807899	4.616645	6.428424	2.283086	0.805802	5.512582	4.251492	6.384810	1.866227	1.268056	5.212025	4.518076
709	5	5.788503	2.644683	1.290584	3.950185	5.373643	4.057021	-1.120208	6.327842	1.659151	6.897545	6.058488	0.761802	2.283253	2.417827	6.672324	5.525464	-0.685174	4.194693	1.752468	6.870230	2.653933	5.288266	4.706355	3.767195	4.581408
716	5	6.228655	0.449605	2.187087	3.420038	6.122311	5.346046	6.491896	3.325080	5.439834	2.523031	5.508019	6.393700	3.058306	5.442638	2.517459	4.586969	6.401592	4.505203	5.034372	3.320500	6.587763	1.792167	0.062497	4.150546	5.224852
824	5	3.653798	4.143870	5.932014	4.771650	3.494904	5.447233	4.949065	1.144812	6.604089	0.532952	3.960399	5.727932	3.243915	6.455752	1.156129	3.793451	2.602266	5.922323	3.235801	4.409364	3.601547	5.576487	4.392005	6.233126	1.806846
874	5	6.470276	2.882416	1.733363	2.460248	3.835155	6.388843	2.865970	2.361910	2.300071	3.998955	6.475919	2.990643	1.362503	2.664001	3.684334	6.417856	2.852332	2.216267	2.328087	3.965372	6.451662	3.172232	1.215720	2.962196	3.507329
974	5	6.402722	-1.372225	0.300362	4.405269	7.878134	6.370489	-0.640317	0.980441	5.814200	7.626781	6.403022	-1.382716	0.294636	4.335170	7.883061	0.702963	6.058210	3.840211	6.901758	2.973407	0.137965	5.720234	4.601486	6.479937	3.891435
1036	5	4.712825	1.275733	8.340422	2.466383	5.804804	5.549311	2.623924	5.335124	6.113344	3.231340	5.656675	0.594702	7.265398	2.333431	6.169363	6.207441	1.492202	4.468284	5.808870	4.658680	3.835055	2.452863	7.708846	6.016090	3.866598
1088	5	2.589620	2.732188	6.142544	2.841000	6.492053	2.589620	2.812934	6.142286	2.911264	6.455032	2.589620	2.865721	6.142076	2.957070	6.430927	2.589620	2.772392	6.142424	2.876020	6.473595	2.589622	2.543784	6.142927	2.676257	6.579412
1093	5	1.737942	4.556124	6.954797	2.852010	4.545965	1.879697	2.960746	6.937711	0.235669	6.433425	2.148796	5.458656	4.417892	6.532341	2.154914	7.400728	-1.327431	1.884620	0.048990	6.514671	1.778698	3.675903	6.950517	0.166791	5.889106
1100	5	6.679967	0.955788	0.975802	6.601480	6.941537	6.680959	0.781303	0.931476	6.481058	7.047301	6.681710	0.077546	2.105597	5.395344	7.436770	1.732425	5.687130	4.564617	6.961709	3.392475	6.667473	1.973977	1.334018	7.133465	6.056063
1104	5	6.776563	2.380078	2.724163	3.994522	5.360496	3.922081	7.677830	4.483187	5.768831	2.695413	6.734692	2.234444	2.788125	3.742264	5.454659	6.710498	2.233668	2.815402	3.690124	5.471319	6.615834	2.411416	2.900903	3.626225	5.481752
1162	5	5.173520	2.774623	1.379109	5.590249	4.515615	5.232015	2.076716	1.667933	5.276159	5.785324	4.977408	2.353376	2.948285	5.097097	5.811207	5.130848	1.945511	2.761228	5.037721	6.157190	5.066749	2.046021	2.932089	5.025879	6.117488
1191	5	4.327429	5.428416	2.374021	6.009094	-0.512212	5.513350	4.765141	1.962192	6.024469	-0.574682	5.843835	1.324853	3.484587	2.955333	4.361993	4.633184	5.316136	2.278784	6.014301	-0.550127	6.286133	3.857462	1.542877	6.029771	-0.188296
1249	5	6.649707	-0.559545	1.618803	1.586637	7.976639	0.501781	2.514780	7.423663	1.587109	7.894435	3.406304	4.326964	3.842858	6.276163	3.214758	2.980116	4.175277	4.078341	6.059060	3.893975	2.981831	4.528298	3.889800	6.294757	2.801724
1289	5	6.239826	0.164746	1.344659	6.210733	6.961820	6.511594	0.306881	-0.855054	6.919384	6.933809	6.509086	0.373250	-0.915834	7.009164	6.925444	6.500628	0.198514	-0.558590	6.717291	6.947110	6.396726	0.131017	0.456076	6.393694	6.958468
1308	5	4.538130	3.191743	4.477666	1.335213	6.071813	1.832049	6.578370	4.109168	7.084316	1.432663	2.001044	6.329568	5.674713	6.902930	2.726736	2.014504	6.322238	5.698606	6.896009	2.752815	1.681686	6.531763	4.631920	7.058983	1.764677
1346	5	6.448417	5.332129	-1.274181	6.385407	0.035595	6.448636	3.938407	-1.251188	6.288705	2.392883	6.445906	3.386844	-0.158199	4.466974	3.550307	6.448560	5.184099	-1.280436	6.386356	0.163911	6.443467	5.869381	-1.108456	6.372938	-0.177888
1375	5	5.723789	5.397058	2.794525	0.083755	5.121584	5.797160	5.298391	2.433881	0.266979	5.087393	5.783341	5.277500	2.602344	0.145220	5.131398	1.306711	1.668051	5.711071	-2.353426	7.219434	5.793593	5.407134	2.086135	0.505484	4.983387
1410	5	4.332956	6.589307	1.982719	7.019380	3.870264	4.527409	4.842766	6.139386	4.032368	6.293573	6.833361	0.622796	-2.867672	5.251749	7.173585	5.382215	1.777495	4.611374	2.465671	7.639745	4.821930	6.546532	1.526398	7.067299	3.726939
1419	5	2.938787	6.781797	2.175743	7.163014	4.472258	5.339642	7.375323	1.598621	7.450714	3.791669	5.142197	7.381762	1.660346	7.427040	3.846103	6.904805	3.916609	0.577320	7.634576	5.464066	1.505750	5.864463	2.696798	6.891250	5.033916
1550	5	0.881468	5.702729	4.238355	5.074226	4.338966	5.434277	0.229793	3.064892	2.010340	6.599495	4.058454	-0.212110	4.092356	1.560034	6.779890	0.978971	5.923329	3.474075	5.780368	4.027797	3.607152	-0.307958	4.191333	1.480850	6.824467
1579	5	1.225381	6.326527	4.022269	7.385246	4.946016	1.426217	4.160288	6.223613	1.854162	7.870526	0.753951	6.105199	5.366631	6.756572	5.400160	2.473455	3.427291	5.913788	2.332504	8.070184	0.851508	6.252571	4.500929	7.215701	5.104718
1592	5	2.712548	2.562645	4.071102	4.098313	4.712032	3.215855	-0.975357	4.372394	3.811862	5.717180	2.231639	1.862465	4.495063	3.888879	5.236822	3.624634	-2.066111	4.164334	3.882050	5.632726	3.361869	-1.434082	4.305408	3.833431	5.695798
1660	5	5.436692	1.269518	5.718255	3.249240	7.541960	6.227411	-0.358042	5.314852	3.327768	7.542152	4.037353	2.689229	6.234961	3.356635	7.083908	7.479215	-2.299438	4.208655	4.038548	7.502834	6.502956	4.255290	0.775629	6.598792	2.574510
1682	5	2.923371	2.832130	5.513924	2.324856	5.041427	3.690559	3.399349	3.702456	5.713085	3.686435	4.778112	3.262416	2.923861	5.806601	3.644878	1.944087	3.335988	5.698582	4.451815	4.111891	5.112686	3.180647	2.577549	5.828922	3.641053
1726	5	4.529219	4.061865	5.292362	3.344741	4.070998	4.601152	3.734841	5.264357	2.996147	4.729711	4.579612	3.825564	5.279661	3.001350	4.580376	4.627997	3.627387	5.243677	3.018231	4.881917	5.952403	1.988523	3.052923	4.333063	5.551552
1740	5	6.144288	3.039132	0.278119	5.341813	5.395720	4.716362	4.655119	1.671733	4.269261	5.816021	2.351450	2.613466	3.540688	0.830051	7.140860	4.573188	4.635579	1.744476	4.199007	5.839776	2.357487	3.700273	3.392444	2.288070	6.457113
1828	5	4.439111	4.192470	4.941015	6.279957	2.641703	4.230964	3.792912	5.683293	5.138432	4.747304	4.205822	3.883240	5.708106	5.189690	4.668323	4.446027	3.196689	5.338587	5.263763	5.115986	4.301114	4.743857	5.072352	6.270215	2.460514
1833	5	2.754876	3.551005	4.834264	5.237094	5.950314	2.677942	3.546224	4.938943	5.193500	5.958463	6.490526	-0.990249	4.195091	1.102742	8.990543	6.991131	2.444206	2.039432	5.952841	5.822947	7.277169	-2.142158	3.685267	1.102710	9.095709
1885	5	1.176942	5.598828	5.252127	5.152094	3.761667	4.947483	1.161622	4.421702	4.688599	5.806164	1.324776	5.518207	5.486328	4.802972	3.956988	7.413260	-0.637660	-3.207154	6.970375	5.486632	7.407150	-1.619709	-0.753564	5.663039	5.844578
1919	5	5.066185	3.055696	2.249667	3.571985	5.357028	5.256629	1.899655	2.486294	3.378839	6.055024	4.608490	2.795200	3.365578	3.320927	5.667382	4.762240	2.620830	3.233052	3.313575	5.806385	4.563658	2.900562	3.335625	3.349684	5.568891
1948	5	5.743473	2.488911	-1.713006	4.446428	0.955466	5.907174	2.130817	0.376253	2.579820	2.736424	5.838370	2.277587	-2.253774	4.032038	1.907352	5.817506	2.322853	-2.206209	4.205760	1.676833	5.874952	2.200689	-1.595532	3.494301	2.327820
1959	5	5.459532	2.155301	-1.009730	4.751974	5.671560	5.601300	2.538501	-3.220269	5.676143	5.089122	-0.930734	1.562334	3.707991	4.107962	6.108014	5.598928	2.559763	-3.493419	5.770179	5.022994	5.238098	2.223450	-0.813463	4.601577	5.754363
1993	5	6.402312	-2.151081	1.048353	1.935113	6.911712	6.316862	-2.077583	1.131981	1.935045	6.911714	6.236042	-2.001528	1.210256	1.934994	6.911710	6.714664	-2.369332	0.729787	1.935668	6.911631	5.177247	-0.287937	2.157028	1.934746	6.910718
2007	5	4.177655	4.668021	6.139726	4.206231	4.723597	4.272312	4.557491	6.073804	4.201307	4.869753	3.702484	5.124348	6.386295	4.385924	3.918371	3.127677	5.458974	6.552069	4.899434	2.889163	3.414435	5.318689	6.485092	4.619543	3.401904
2068	5	7.003151	2.685352	1.852496	5.995981	1.944365	6.949674	3.099069	1.918524	5.991356	1.122000	7.036633	2.235205	1.813005	5.997988	3.062603	6.988724	2.818328	1.870088	5.994835	1.646414	6.770671	3.819049	2.143107	5.970169	0.753182
2079	5	3.641428	5.545009	2.980976	7.764301	0.523162	2.257750	6.904496	3.425143	7.599705	1.379836	3.800490	4.070321	2.948026	7.758987	2.157884	3.080982	4.084452	3.450253	6.833927	3.645309	3.776962	4.550945	2.952019	7.766472	0.927588
2096	5	2.468479	3.738536	4.782871	5.480612	5.595831	4.488652	2.384221	3.342165	6.084576	4.266730	2.556777	2.779424	5.094806	4.934866	6.822399	2.689278	3.891383	4.564021	5.627606	5.295572	2.314304	3.353597	5.050579	5.170906	6.212580
2104	5	6.076741	5.024541	0.486925	5.908857	3.044038	6.173606	3.293403	-1.549780	5.908356	4.561110	4.893557	5.879306	3.014833	5.847182	3.846782	1.692321	5.281405	4.268604	5.703251	4.438572	0.303229	4.712647	5.072261	5.520232	4.754848
2207	5	1.258276	6.638503	5.668991	6.730269	-0.576733	1.232635	6.640446	4.438391	6.896015	-0.610281	1.566874	6.606400	6.930548	5.857162	-0.135861	1.328600	6.640556	3.569066	6.924329	-0.612296	1.241277	6.639677	5.292735	6.810081	-0.596730
2220	5	7.592905	-3.058189	-2.786923	3.961144	6.611542	7.725428	-3.102929	-3.618035	4.704806	6.611536	7.702116	-3.097872	-3.175619	4.323166	6.611541	7.283559	3.256342	-4.715326	7.956235	5.039297	7.643641	-3.078502	-2.908351	4.072272	6.611542
2255	5	6.741387	2.352750	3.966209	1.950041	4.442579	5.190565	5.278691	5.587471	7.508786	-0.034537	5.013167	6.296102	3.968580	7.691952	-1.151656	8.466238	3.073859	0.587517	5.249234	3.595023	6.721751	5.307863	2.495496	7.693355	-0.752698
2256	5	6.714218	5.585184	0.081534	7.702065	2.300867	2.613742	4.040905	6.419435	3.745903	6.525953	2.405962	4.350826	6.453008	4.002840	6.185347	2.268645	4.605151	6.470545	4.598003	5.882431	6.434241	-0.157185	3.191381	5.156119	7.219910
2282	5	5.969137	1.614103	-0.750947	5.156964	5.241070	5.991676	1.744856	-1.145336	5.478572	5.044885	5.990284	1.732279	-1.115999	5.449495	5.065446	5.748158	1.452977	1.051415	4.265039	5.534940	5.948000	1.552088	-0.466290	4.979338	5.324643
2301	5	2.804238	5.001610	4.335826	5.551225	2.786354	7.081427	-0.149344	1.513070	4.989974	7.190792	5.798976	4.468918	2.075382	6.137628	1.646573	3.917300	0.187736	5.566141	2.814473	7.249221	6.839818	2.987562	0.904138	6.382933	2.067200
2336	5	6.695825	5.203271	2.127929	6.024466	1.192297	5.856336	6.785340	2.893627	6.004988	0.549743	6.638321	5.393196	2.188636	6.023588	0.958826	5.652311	6.978623	3.045515	5.998187	0.546991	6.899168	4.217472	1.927649	5.975544	3.682812
2427	5	6.495467	1.994383	2.309345	5.577292	5.266256	5.796629	1.840939	3.373923	5.072549	5.407747	6.343215	1.839249	2.772244	5.312632	5.363469	5.060926	2.370408	3.507785	5.302431	5.193566	6.418673	1.872628	2.609971	5.389657	5.340098
2463	5	3.325050	4.151994	4.814015	6.144592	4.367948	2.570082	4.432409	7.228209	4.241004	4.918528	3.621015	3.007636	4.647885	5.599941	4.966389	3.596847	2.217440	5.418771	4.872941	5.446393	2.864323	4.903796	5.554474	6.252766	4.060617
2485	5	0.465105	5.182748	3.858652	5.156292	4.975703	2.086548	4.028179	3.531831	5.048411	5.559012	1.084226	4.826936	3.850227	5.077674	5.226019	-0.441490	5.692986	3.601522	5.314261	4.522126	-0.061707	5.467357	3.753672	5.242380	4.733961
2504	5	3.715040	1.820739	5.181106	3.570504	4.666602	2.812611	4.612512	4.483458	6.612389	0.791941	5.708770	0.865997	3.979814	3.654478	4.669801	6.295092	1.261802	2.669536	4.444032	4.667671	6.306770	1.389231	2.475327	4.704758	4.665299
2514	5	6.408613	-0.242295	2.826387	-0.019682	7.050084	5.972714	-0.258139	3.665148	-0.092080	7.053749	5.300347	-0.248388	4.681045	-0.092995	7.053805	4.759396	5.723938	3.547778	5.959951	0.472295	6.455785	-0.072667	2.586579	0.536297	7.021231
2519	5	7.049098	-0.477737	1.252309	3.416215	7.991678	7.162204	0.518758	-1.148789	5.545778	7.284481	7.067778	-0.453864	1.219658	3.527108	7.974669	7.140549	0.770883	-2.155089	5.851824	7.066011	6.914029	2.193212	-3.282238	7.098367	5.450441
2564	5	4.052351	3.270486	3.191852	5.623234	3.720456	6.823422	1.045630	0.089185	5.172369	4.567504	5.175722	3.272865	1.029452	6.015199	3.584458	5.731541	0.697886	4.857643	2.440085	5.296294	4.146142	3.347404	2.311577	5.843251	3.630677
2647	5	6.087020	0.987667	0.764227	4.383196	5.765060	2.033312	1.846817	4.669846	2.810652	5.727284	6.100726	2.319367	-0.765554	5.536570	5.326492	2.029301	3.053143	4.653867	2.981605	5.090612	6.096330	1.282693	0.457835	4.622267	5.732148
2649	5	3.479853	3.818900	2.401581	7.567568	2.696753	3.168126	1.944955	2.898554	7.005720	4.348823	3.544716	2.265807	2.566679	7.177406	4.115944	3.105405	1.933571	2.939739	6.989933	4.364154	3.503893	2.188722	2.615717	7.144702	4.170078
2700	5	5.626604	3.611628	4.404107	3.426145	3.961830	5.935551	3.236262	4.099635	3.806675	4.132749	5.713202	3.490957	4.332911	3.419821	4.043564	5.493781	4.447907	2.112997	6.770942	1.066049	5.827969	3.346731	4.225495	3.559279	4.107325
2739	5	2.220899	4.047201	5.329842	6.047763	4.905360	2.826864	3.760900	4.511592	6.492285	4.603166	3.865983	1.596928	4.416840	5.668560	5.533703	2.254967	3.597258	5.780224	5.224834	5.265777	2.203521	4.007126	5.417481	5.952242	4.958243
2755	5	5.064569	3.588322	3.721681	1.280810	5.739352	6.947901	1.499312	2.064161	0.393248	6.279386	6.660282	1.443672	2.463812	0.188554	6.308619	7.255728	2.613169	-1.444506	2.423001	5.840909	6.813758	4.157555	0.632288	3.493548	4.953284
2782	5	6.762256	-0.628454	0.145530	2.141445	6.621356	5.327197	2.092690	0.405968	1.124941	6.316641	6.659556	3.853933	-2.044977	6.624428	1.400460	5.193548	2.391079	0.408273	1.657067	5.887168	5.689983	5.688081	-1.765971	6.620693	1.835519
2793	5	5.873354	0.142622	2.348708	2.310200	6.349848	6.382026	1.690854	1.544991	5.318387	4.614892	1.019344	6.984062	7.771920	5.949289	1.288067	6.238827	1.531884	1.901634	3.943968	5.040867	6.267764	1.534386	1.850679	4.127393	5.001707
2826	5	4.042476	5.155224	4.563374	5.169500	4.808517	6.166399	4.653879	-0.862291	5.459107	4.786266	4.550860	5.265087	2.582636	5.604998	4.377831	4.610919	4.732704	4.806664	4.663836	5.296345	4.818347	4.629183	4.423691	4.570142	5.385144
2837	5	6.359972	4.762745	2.423550	7.759616	1.697192	5.956236	5.941130	2.813987	7.669454	1.976776	4.419548	5.071506	4.923539	5.740202	6.306522	3.554466	6.820345	4.138394	7.114591	3.442533	2.713918	6.336749	4.984577	6.405770	4.763666
2878	5	7.514782	1.047143	-2.387164	5.031874	4.805279	2.887152	7.041692	1.400499	5.499608	-0.003750	5.178122	3.275921	0.477381	3.603686	4.728717	2.901266	7.062375	0.395422	7.014227	-0.566719	6.537207	1.176126	-0.717319	4.095124	4.808536
2905	5	3.352311	2.290195	6.367127	1.862668	4.339931	3.363967	0.733761	6.380506	1.199448	5.609136	3.362759	2.654162	6.331182	2.555732	3.983871	3.429844	3.255099	6.048057	4.291959	3.381492	5.730212	3.306791	2.042748	7.207532	2.042865
2959	5	1.081651	4.548978	5.260660	4.513319	4.288284	5.375429	5.106533	2.268966	7.370386	1.591183	2.940736	5.203867	3.788954	6.631312	2.428450	6.063244	2.320010	0.520343	6.365380	5.402152	6.063151	2.339830	0.491176	6.387911	5.392494
2965	5	5.835766	-2.543886	3.178216	1.328270	7.570049	5.507449	-2.905092	3.497364	0.942327	7.643838	6.277505	-0.107717	1.843302	4.232191	6.895503	3.189003	-0.763328	5.067732	0.439743	7.815058	5.914214	-2.415711	3.095826	1.469954	7.544645
3001	5	3.408458	2.013468	6.548272	5.863002	5.730268	3.647641	1.643973	6.494055	5.056131	5.987625	3.776384	2.890383	5.761253	6.971704	5.099130	5.634556	5.068355	3.105040	7.749893	0.768119	3.422162	2.114749	6.435801	6.115314	5.646946
3028	5	6.300156	3.273206	2.125959	5.787421	2.445374	6.327050	3.297784	1.532248	5.987267	2.355286	5.564557	3.653123	3.256400	5.639214	2.331273	6.327867	3.302566	1.441305	6.016580	2.340839	6.329640	3.351654	0.551342	6.294150	2.191428
3030	5	7.025205	6.108287	0.525085	6.824344	4.275939	6.397077	0.234355	4.502007	3.763455	7.659702	4.481986	6.693085	5.431794	5.980950	5.164983	7.275338	4.334625	-1.484103	6.923352	4.109333	4.465501	3.964642	6.308637	3.893354	6.325238
3055	5	5.576292	3.023333	-0.596530	8.300056	4.727706	-0.269782	3.900404	4.294071	4.288366	6.309365	5.575541	3.562200	-0.595340	8.384072	3.625905	5.576294	0.632038	-0.581352	6.071072	7.766579	5.537843	4.600745	-0.533747	8.015929	3.330000
3092	5	-0.603881	6.801852	3.517460	5.606953	0.088323	-0.620243	6.955341	2.334677	6.171416	-0.173714	-0.609927	6.839446	3.410800	5.721752	0.002021	-0.620799	2.191562	4.570306	0.667924	6.154891	-0.530692	6.528846	3.503231	5.007389	0.830860
3093	5	5.912330	6.457283	-0.479967	6.687709	1.045094	5.696410	1.410288	3.291830	5.677921	5.526868	5.662548	1.414936	3.348928	5.666930	5.533948	4.626337	1.639800	4.058402	5.635617	5.438950	5.213851	1.509114	3.784900	5.611190	5.534366
3113	5	2.580947	1.303415	4.131920	5.415789	6.540844	0.297434	4.406221	4.763225	5.646834	4.713495	5.623707	0.545094	1.220584	7.494896	6.377545	5.619662	1.237834	1.264877	7.728016	6.148366	5.559263	2.748937	1.574269	8.068188	4.596447
3127	5	5.012624	4.041099	5.766747	3.001127	7.264404	6.855332	0.360427	2.581714	4.779030	8.219821	6.673296	0.659177	3.211312	4.431522	8.224220	5.978812	2.001024	4.660898	3.663938	8.223285	5.412879	3.015459	5.393472	3.271837	8.141510
3190	5	5.898622	0.851696	0.113360	6.092058	6.131407	5.897462	0.742521	0.937672	5.898329	6.171812	5.687641	0.683626	2.166817	5.624716	6.209594	5.788885	4.189227	0.539250	6.943904	4.096945	5.895840	0.721501	1.136012	5.853205	6.179397
3377	5	6.889551	3.564624	-0.777775	2.892302	5.826638	6.647604	5.039289	-0.099968	3.959329	2.384107	6.885361	3.519246	-0.658560	2.689936	5.907410	6.866885	3.402096	-0.288730	2.111060	6.092759	6.900970	4.013109	-1.273744	3.908902	4.754290
3383	5	2.160381	2.602433	6.252529	2.725110	6.692804	4.863898	4.779952	2.595814	5.640111	5.380264	3.217323	4.575321	4.738722	5.067037	5.618516	5.336445	4.374842	1.995896	5.631721	5.450204	2.721747	4.223674	5.524810	4.712610	5.794987
3467	5	6.566331	-1.644942	0.911103	6.078919	7.040882	1.267293	5.656460	3.793203	5.874825	5.234997	5.577677	-1.392384	2.672600	4.944093	7.041927	2.925986	6.121282	3.157336	7.086940	4.843269	1.376989	5.869212	3.641773	6.249530	5.045423
3503	5	3.476896	5.061202	3.838214	4.861110	5.017030	5.753571	0.022855	0.357453	3.938505	6.618705	3.983893	4.281820	3.487559	4.868023	5.129069	2.918035	6.735076	3.459267	5.207004	4.342469	2.446399	6.589332	3.871508	5.089942	4.483307
3504	5	9.229753	0.939365	-0.357427	6.416540	4.152216	9.245105	0.873890	-0.245976	6.349605	4.317519	9.235935	0.918288	-0.329036	6.397484	4.203006	9.242396	0.889474	-0.278040	6.367394	4.276451	9.252832	0.709173	0.179441	6.128605	4.768894
3510	5	6.325536	0.132756	1.122777	1.762484	6.085501	7.126407	-0.600014	-0.620178	6.045784	5.493405	6.008893	2.305485	1.047455	3.917553	3.167732	6.216360	2.204671	0.281645	7.062121	1.405316	6.383098	1.805743	0.001586	7.372968	1.279126
3567	5	7.859537	2.980021	-1.812933	5.688214	3.204611	7.944815	1.960798	-1.374822	5.454079	4.325835	7.660184	4.272061	-1.322604	5.790340	1.409264	7.974329	1.426552	-0.662585	5.235105	4.723344	7.953955	1.814996	-1.219705	5.403120	4.447009
3576	5	2.995958	4.414950	4.879724	4.869429	0.686003	3.865308	2.306141	3.935680	5.389765	4.129111	3.654958	2.930073	4.076163	6.488678	1.442024	3.317983	1.756833	4.607672	1.554183	5.962164	3.466335	1.286226	4.482185	1.978229	5.992568
3634	5	7.209183	-0.975628	0.736655	4.929699	6.419431	7.422667	-0.845976	-0.336275	5.472101	6.418517	7.448057	-0.385053	-2.413463	6.083804	6.413644	6.397338	0.162155	2.291349	4.597731	6.419493	7.448369	-0.412137	-2.298921	6.055388	6.414054
3652	5	7.222704	3.153066	2.018627	4.385134	1.982658	7.240116	3.115766	2.695839	4.029615	2.143321	6.813107	3.079779	3.854684	3.557348	2.303966	7.087882	3.249895	1.476869	4.937938	1.555963	7.144263	3.215734	1.536439	4.795239	1.707233
3656	5	5.151398	5.369177	0.582811	6.075335	1.731085	4.912487	3.840290	1.195395	1.419387	5.824114	5.539387	2.798305	1.086832	1.189609	6.604519	6.489671	4.505073	-0.711021	6.669636	1.481743	5.537226	5.395528	0.248301	6.363677	1.264564
3679	5	6.677319	4.762667	1.773441	7.410102	2.373292	6.945942	0.902010	1.401122	5.867365	5.533206	6.944461	-0.020605	2.298809	4.676691	5.672897	6.341385	5.769982	2.478542	7.266811	1.724373	3.801362	6.372201	4.771881	5.370928	3.636345
3685	5	6.954355	4.352875	1.897594	6.701598	0.195657	6.269659	-0.146094	3.426640	2.245189	5.419202	7.216720	-0.184867	0.673899	3.906293	5.417085	7.029222	4.089486	1.680929	6.732822	0.481991	7.210723	1.788184	-0.145187	5.916907	5.091171
3690	5	5.861705	4.279757	-0.409176	4.203267	2.194655	1.649018	5.209984	5.351077	3.440844	2.237983	5.409310	4.282966	3.612980	2.845667	2.536491	5.697681	4.219171	2.663024	3.001209	2.510422	5.751707	4.411374	0.218036	4.509566	2.059062
3708	5	6.326191	4.088649	3.207017	7.437713	2.220670	1.290116	1.473373	7.573105	5.038164	6.786041	1.449074	1.419577	7.708330	4.533475	7.152859	6.312048	-1.432058	4.050450	3.982264	8.183333	3.884940	1.312562	6.508047	3.970404	7.919546
3734	5	2.420132	4.210742	4.566412	5.502967	2.242677	2.575630	4.278383	4.154050	5.648504	1.905180	5.371646	0.318787	5.120928	3.918318	6.059723	2.519771	3.811036	5.804934	4.807884	3.550394	4.541002	1.480925	5.668989	3.676159	6.045989
3764	5	5.999956	5.037887	4.427211	0.972241	3.744924	6.350155	4.317237	4.167115	1.028943	4.504830	5.245190	6.792356	4.745001	4.825515	1.511584	5.376752	6.327778	4.842158	2.114956	2.069617	5.226760	6.729857	4.817008	4.290103	1.604647
3798	5	4.346328	4.043069	0.095572	7.256802	-1.784052	6.255386	2.243679	-1.911676	6.431158	1.693052	1.715238	2.771542	4.195244	4.532130	2.901325	4.110571	4.233746	0.245061	7.237786	-1.759531	6.048822	2.420168	-1.555953	7.013310	0.579069
3841	5	2.869034	3.585157	1.840193	6.466058	5.598091	2.364491	3.474074	1.913755	6.395500	5.648334	0.005740	2.190479	5.542756	4.944841	6.604440	3.957228	3.413844	1.647577	6.629195	5.479196	-0.177992	2.316250	4.879926	5.272523	6.388181
3890	5	6.815183	-2.686152	1.513209	5.030286	5.441841	3.779221	-1.111766	4.162399	5.201860	5.345977	3.718683	-1.379527	4.230598	5.133889	5.385085	2.829706	1.946359	4.575871	5.253697	5.047684	3.441542	2.632313	4.158476	5.646199	4.479424
3991	5	1.167306	3.828115	4.916603	6.809216	2.859031	5.939066	1.332892	2.603587	4.903964	3.585194	6.247229	0.771714	2.493523	4.393217	4.169288	6.371150	1.010557	1.825077	6.224347	3.436886	6.096763	0.952663	2.619182	4.266135	4.015554
3999	5	5.597938	5.688399	2.077099	4.658774	2.665960	5.798949	5.281838	1.683644	4.694019	2.663345	5.927871	4.834273	1.249062	4.727505	2.681230	6.054528	3.713067	0.108368	4.791948	3.179507	6.066404	3.257363	0.526980	4.216182	4.227710
4061	5	5.273529	0.880420	2.220608	5.143276	4.967278	6.199544	0.359501	1.918230	5.033859	5.141996	6.415119	0.259354	1.762805	5.044882	5.166335	5.340023	0.834058	2.218010	5.123489	4.986862	6.172256	0.372693	1.934399	5.033641	5.138567
4088	5	2.092289	6.141640	4.010658	6.572799	0.024859	2.705357	5.518596	3.884985	6.573760	-0.760336	2.844218	5.244268	3.860370	6.573773	-0.735001	2.927987	1.406956	5.046174	5.182646	5.296940	2.157602	3.880380	5.213330	5.858571	4.364062
4122	5	5.551269	5.230209	3.329600	8.086892	3.501295	3.923520	4.529749	6.033642	5.219999	5.825804	5.068255	5.551779	3.659504	8.086827	3.498780	2.529991	5.647362	4.829055	8.058116	3.524846	1.105104	5.521552	6.226978	7.534445	4.000944
4148	5	7.076872	4.790290	-3.124625	7.925420	1.299511	3.996779	4.510567	2.935298	5.251022	5.055050	3.623111	5.297294	2.822490	5.709704	4.675670	3.457048	5.706531	2.583348	6.049028	4.432569	6.336343	1.731647	1.027259	5.505862	6.339420
4181	5	5.991137	5.249073	2.177564	5.126624	3.719283	6.805037	-1.691607	2.316973	3.279074	8.092997	3.394684	3.967494	5.671969	4.026094	6.427216	3.765161	3.529422	5.660244	3.724317	6.967762	7.373124	-0.688142	0.897227	3.726010	7.652439
4210	5	0.701978	2.237730	7.016337	2.476956	7.012059	4.958404	1.725116	5.470574	5.248611	6.488749	5.541092	3.049731	2.731680	6.964691	3.880843	5.464184	3.253679	2.809002	6.985637	2.699032	5.561538	2.993236	2.717954	6.941267	4.198276
4232	5	1.578488	4.671361	7.586687	3.586139	5.878222	2.889505	4.376329	7.006282	2.421632	6.507574	4.773675	2.803528	5.740676	2.844342	7.257332	1.088849	5.186891	5.274056	6.651152	5.275913	5.943861	5.981993	3.095672	7.816418	4.214734
4237	5	3.934280	4.101721	3.496577	6.219874	2.454770	4.684041	4.179573	2.821077	6.383113	1.794780	7.426307	-3.929182	2.910419	3.730938	6.660804	4.480214	1.877489	4.910438	2.782369	5.800178	7.432671	-1.619381	-0.467005	5.864941	6.397170
4251	5	0.143169	5.946894	6.567866	5.183255	3.158824	0.688402	5.411148	6.907404	3.373847	4.422767	2.622494	6.233632	4.353668	6.251186	1.785351	1.137855	6.200674	5.060964	6.141900	2.081188	5.905381	2.424695	2.417774	6.270472	2.456622
4252	5	4.337145	2.892968	2.647615	4.954360	5.286292	3.914413	2.912126	4.109942	3.416151	5.770266	2.962517	3.891841	4.746456	2.499459	5.485360	4.337206	2.924796	2.602799	5.013906	5.244694	4.320941	2.706676	3.048962	4.514290	5.512778
4267	5	6.454585	-1.251893	0.598152	6.232898	6.672947	6.442704	-2.002175	1.098362	5.891651	6.785397	5.470717	-2.518828	3.582063	4.467627	6.908080	6.452770	-0.751360	0.351259	6.432773	6.565292	6.382994	-2.673066	1.787129	5.463064	6.857465
4281	5	5.931552	3.144500	0.726924	5.570967	4.859261	5.980197	1.032227	1.929167	3.925659	6.245587	5.725283	5.047803	1.452558	5.560470	4.782474	5.913800	3.441106	0.795615	5.589138	4.813283	5.823418	-0.954727	3.315971	2.201489	6.665621
4314	5	7.246330	3.338164	-0.406593	8.745510	3.327945	7.245221	0.834048	-0.339860	8.060462	6.342417	3.657903	7.086713	2.309444	8.308094	3.049102	7.245788	4.527132	-0.406986	8.765401	1.834030	7.246343	3.544501	-0.407413	8.757588	2.953577
4341	5	3.302803	2.482358	4.381740	4.722781	7.513583	2.982155	2.744592	4.514813	4.733827	7.112854	2.917891	2.864010	4.521336	4.764659	6.842159	3.173194	2.567827	4.445272	4.723490	7.403309	3.328415	2.914961	4.088065	5.147468	6.317263
4346	5	6.151742	0.792288	1.733399	6.917254	6.154371	6.011490	3.278147	1.314569	8.779536	2.958187	4.596010	4.955457	2.839117	8.611763	2.941616	1.011759	4.739698	4.170317	7.532530	4.212140	6.132886	0.826102	1.840218	6.800108	6.177647
4388	5	3.860228	1.504451	7.829114	4.830047	4.920993	3.577249	2.657090	7.953075	4.834932	4.906874	2.819006	6.575424	6.818220	6.692506	0.561663	3.410970	3.359518	8.017891	4.885935	4.775437	4.719743	0.319021	7.386150	4.830004	4.921258
4418	5	5.701510	4.394377	-3.894692	6.752086	1.485760	5.523953	5.203816	-3.619626	6.582350	1.646677	5.755516	4.027729	-3.914917	6.747801	1.880931	5.509557	5.252803	-3.584234	6.565870	1.681690	5.717874	4.296263	-3.905364	6.758183	1.552292
4443	5	5.161112	4.049470	3.549437	3.624394	2.997408	4.652247	4.291651	4.333519	3.141874	3.709503	4.779055	3.104436	4.486265	2.494081	5.480398	5.484473	3.156297	3.347861	3.028338	5.026079	5.443540	2.834366	3.554795	2.785204	5.306619
4482	5	5.190847	1.676299	2.767982	6.895642	5.591879	5.378377	1.751021	1.975563	7.304785	5.487382	5.346201	1.442627	2.242873	7.099919	5.571035	5.308354	1.425133	2.426764	7.009068	5.589491	5.295095	1.439439	2.477953	6.988014	5.592201
4485	5	7.046291	6.365830	-1.490225	7.936082	0.578316	7.073670	4.521102	-2.282907	7.994933	2.941211	7.073619	2.876405	-1.686140	6.538360	4.843389	7.071606	5.753508	-2.175963	8.001789	1.156801	7.041616	2.256160	1.222292	5.495744	5.163682
4552	5	6.375665	-0.293805	1.907210	5.343919	3.656574	1.926445	5.858363	3.741999	6.019196	0.011124	6.593176	-0.071877	1.352863	5.636692	2.899375	6.415425	-0.434619	1.888265	5.317963	3.767615	6.328999	-0.066375	1.911746	5.397982	3.442927
4672	5	5.789192	3.433908	3.619247	5.056410	5.684529	6.133709	2.710495	3.440113	4.645530	6.130015	5.813995	3.361375	3.616971	4.999369	5.751359	6.189097	2.616235	3.396631	4.616675	6.159729	6.211696	2.581253	3.377649	4.608084	6.169336
4682	5	6.517689	1.682672	3.440432	2.320073	7.037389	6.636550	1.757207	3.100783	2.397265	6.895167	2.181869	3.273219	6.743180	2.189562	6.188210	6.612497	1.727690	3.202227	2.371062	6.942996	6.540857	1.688032	3.394339	2.328592	7.021640
4712	5	4.159775	4.022226	1.121050	6.636503	1.509795	3.900503	4.139985	1.204643	6.636503	1.451147	4.662486	3.650837	0.927784	6.636503	1.783761	4.872317	3.397730	0.825062	6.636503	2.066453	4.734046	3.574244	0.894869	6.636503	1.860417
4776	5	4.702060	5.389445	2.440900	5.450617	2.509786	3.002075	7.324813	2.373686	5.937685	1.526935	2.563926	7.213873	3.325705	5.490445	1.633186	2.587786	7.275002	3.131825	5.624764	1.590924	3.939902	7.096513	1.379985	6.166425	1.552717
4797	5	7.927771	-0.576242	2.572917	4.977476	5.082778	5.483123	-0.096586	4.996169	4.504258	5.175354	7.577604	0.718023	0.941599	5.591522	4.756002	7.889903	-1.299477	3.110758	4.619203	5.203914	7.883787	-1.313669	3.120467	4.611922	5.205990
4803	5	3.443237	4.051661	5.903405	1.494077	5.790083	5.940449	-0.246928	2.300612	1.471962	6.884149	6.834937	3.022655	-0.471408	5.119595	5.903010	5.775523	-0.245381	2.570287	1.471962	6.884149	3.440606	4.071574	5.905118	1.496607	5.745562
4808	5	5.752472	1.226946	5.012645	3.367113	8.163356	5.045350	4.428683	3.145561	6.765010	4.817242	5.179549	2.181178	5.675545	2.824800	8.212502	5.265754	2.011002	5.589299	2.910568	8.206985	6.440959	1.176148	3.904376	4.005699	8.082452
4817	5	4.283682	3.752198	4.766630	5.978607	2.184888	4.215614	3.811630	5.049818	5.927894	2.456111	4.373398	3.612343	4.542643	5.996277	2.056696	4.208671	3.602593	5.511201	5.458778	3.299877	4.949576	2.206192	4.346901	5.206977	4.164091
4839	5	1.699412	7.354938	2.207481	7.487763	2.007099	6.998488	1.644458	-3.769845	7.438210	4.924194	2.466820	7.387975	1.919623	7.491158	1.766159	2.856821	7.401833	1.802327	7.491906	1.653749	3.206931	7.407482	1.662738	7.492093	1.590800
4869	5	2.468868	3.021490	7.717804	-0.200095	5.712486	2.737117	0.219429	7.579174	-0.254874	6.951634	2.843004	0.086921	7.526293	-0.255039	7.002750	3.279054	-0.680962	7.304785	-0.255179	7.076994	2.508942	0.959298	7.695976	-0.251782	6.526135
4892	5	7.947234	7.213178	-1.655107	6.218483	0.467814	3.755230	8.894548	1.894775	5.912388	0.496640	7.994598	5.920085	-1.689829	5.762196	0.777695	7.988564	6.439573	-1.731555	6.092224	0.562852	3.919853	8.880948	1.845547	5.921379	0.495031
4946	5	4.990768	-0.300698	5.281944	2.336194	5.943579	5.632641	-1.365051	4.307303	2.312717	6.099795	5.364024	-1.008343	4.733802	2.310460	6.057662	5.460227	-1.149718	4.584134	2.309114	6.075454	4.960242	-0.230343	5.324396	2.340389	5.929665
4981	5	1.688746	6.456792	3.465148	5.820741	1.034033	6.695028	4.641408	-3.534852	5.358771	1.781872	6.592478	5.646665	-1.383551	6.247348	1.043332	1.685038	6.465503	3.419415	5.840914	1.021130	1.698946	6.491485	3.278745	5.898562	0.982403
4991	5	7.204299	2.231908	-1.591539	6.966546	6.218145	7.158614	2.190327	-0.505141	6.390978	6.468277	2.244095	3.954967	3.085618	6.409163	5.458011	6.927700	2.221315	0.365531	6.058094	6.536828	4.518772	3.779542	0.967048	7.234713	5.253635
5030	5	6.042693	2.195604	3.259161	5.193496	4.378813	5.396334	2.392076	3.531775	5.272717	3.930972	5.361516	2.405068	3.545416	5.273830	3.904165	4.672060	2.750430	3.785000	5.278859	3.355635	2.622546	3.524953	4.395413	5.223093	3.106972
5087	5	4.063067	4.288003	4.095694	6.040333	2.767760	3.275285	2.902300	5.557255	2.859952	5.485370	3.558407	4.862165	4.872523	5.790618	2.686209	4.192974	2.702007	4.421216	4.553592	5.029447	4.117066	4.111845	4.042159	5.979329	3.048697
5119	5	2.419663	6.725594	5.845868	3.209159	2.997057	2.303357	6.822036	5.866990	3.113637	2.791716	2.227381	6.875690	5.878466	3.053846	2.570848	5.194303	1.721375	2.403308	5.073169	3.692745	4.580505	2.189814	4.010370	4.593733	3.927824
5136	5	5.809757	4.156963	-1.693909	6.858127	2.968389	5.142784	6.617049	2.325910	6.447031	1.981729	5.821250	2.409994	-2.765463	6.832841	5.575724	5.374316	6.377706	1.901043	6.505091	1.882239	5.821660	1.415548	-2.714902	6.594362	6.526049
5146	5	0.577904	7.515954	4.069140	5.912055	3.026176	5.817138	3.221788	-0.694979	6.969737	3.361429	2.820670	7.828058	0.549767	6.971932	1.738450	1.082337	7.247945	4.538601	5.326162	3.522976	0.369945	7.741633	1.964600	6.657657	2.271348
5155	5	4.937420	2.292712	3.935559	2.962204	5.998245	5.493419	1.053399	3.710927	2.712817	6.439335	5.499443	2.081925	3.050908	3.433598	5.887876	5.756295	0.621372	3.282828	2.861996	6.457261	5.100609	2.424460	3.587870	3.234310	5.824067
5189	5	6.214121	1.473480	3.459235	3.220059	5.468263	6.289121	3.800551	1.404090	5.996127	2.755512	5.658851	3.769647	3.838836	4.287936	4.103933	5.988149	1.625305	3.626798	3.045895	5.489676	5.662217	4.144082	3.566419	5.157387	3.270689
5192	5	5.211153	3.872358	0.720158	6.458802	2.589210	4.833921	5.290536	1.822713	6.446797	1.007702	4.043211	5.937241	3.612710	6.318029	1.826765	4.799507	2.981637	3.415639	5.272065	5.414050	4.585130	5.606968	2.413707	6.425878	1.130018
5194	5	5.196927	2.699447	4.435270	4.672366	3.327169	3.284431	4.939824	5.277455	5.978024	2.102626	4.078376	4.189800	5.153461	4.481389	2.990626	6.099836	3.678311	1.704340	7.221982	1.726435	6.203931	2.807800	2.073702	6.161732	2.980767
5197	5	4.122126	2.025154	4.269002	1.309433	5.533711	5.298821	5.469737	2.839205	3.660642	-0.094087	4.572771	1.108490	4.090047	1.309307	5.610396	4.807698	0.626806	3.987003	1.309405	5.615486	4.282931	1.691520	4.207623	1.309329	5.580520
5212	5	7.384882	-2.768832	3.781323	1.075065	6.992944	5.365215	3.508552	5.313208	5.831087	2.230435	5.891437	3.445753	2.120279	6.324765	1.657199	7.459048	-2.771405	3.727813	1.298574	6.981292	7.961478	-2.275090	2.834482	3.350240	6.593955
5240	5	1.309696	3.278557	5.468176	4.192584	4.936018	3.440436	4.089135	3.679228	6.657351	0.913019	3.594349	3.605927	3.587269	6.699131	2.219068	1.634918	2.586915	5.276592	4.571699	5.256551	3.235846	4.602927	3.800478	6.602232	0.329585
5311	5	6.265692	1.366910	0.636651	6.704974	5.053015	2.501851	5.711653	4.164846	6.795042	1.219648	2.161888	5.634470	4.576067	6.766272	1.613942	5.945822	2.756040	1.666339	6.830899	1.176070	6.369792	-0.132563	-0.166236	4.630674	6.148589
5321	5	6.084456	2.847385	-0.297263	6.307209	3.432218	5.129187	4.575582	2.770477	7.096588	0.338428	5.879521	3.484837	0.754463	7.275476	0.806557	5.456241	4.285179	2.043218	7.211853	0.077639	5.055316	4.610518	2.926435	7.055159	0.442486
5479	5	3.211154	3.213339	4.574236	7.036806	3.312616	3.002294	3.116793	4.988267	6.463797	3.350862	3.095218	3.185413	4.737637	6.843587	3.321369	5.625615	0.785328	2.895316	7.619947	4.514807	3.010979	3.022737	5.190230	6.024212	3.408971
5528	5	4.831061	8.093058	2.853911	7.861906	1.919692	4.649215	8.136543	2.914141	7.861909	1.903428	6.719600	2.101027	0.043220	6.743149	5.675936	4.743379	8.116635	2.883444	7.861908	1.910918	4.221584	8.178557	3.044834	7.861904	1.887839
5558	5	3.044538	8.116504	3.840016	5.393857	1.344305	2.937873	7.706051	5.274324	4.930231	1.377873	3.261539	7.236057	5.337709	4.219725	1.472903	2.777139	7.915564	4.974850	5.189286	1.356322	2.811375	7.870565	5.064519	5.137816	1.360002
5592	5	6.004287	0.723775	1.388802	1.994479	6.613649	7.009023	1.658354	-0.673382	6.276239	4.336075	7.018184	0.382607	1.014307	4.444644	6.500812	6.475723	0.170538	1.340871	3.062460	6.622742	7.127416	0.661374	0.517665	5.093367	6.311385
5636	5	5.839691	2.629064	2.504243	7.127168	4.223126	5.833683	2.692956	2.501273	7.187421	4.003022	5.790551	3.072476	2.593933	7.237203	2.504417	5.049060	6.706275	4.065972	7.230117	1.508781	5.652927	4.148295	2.908631	7.237363	0.236631
5648	5	2.533395	3.811163	3.305933	4.391465	5.008909	3.231981	3.854131	3.080983	4.487907	4.852366	0.260626	1.641375	4.268977	3.926771	5.911825	0.381066	1.861563	4.175687	3.970651	5.826296	1.081293	2.844469	3.808378	4.150541	5.456394
5665	5	2.644051	5.197054	1.758057	5.302202	0.703911	6.605682	0.551614	-0.215648	1.506728	5.798955	3.223530	-0.067702	3.482652	1.309006	5.812246	2.772181	4.927700	1.649809	5.302202	0.715349	5.634594	-0.236499	1.171058	1.311815	5.812077
5683	5	4.378748	3.129399	6.172206	5.925169	4.078861	4.375808	3.116505	6.185664	5.904058	4.114872	4.268325	3.379729	6.325106	5.937644	3.815446	4.326343	3.113336	6.322300	5.766764	4.244255	4.313063	3.140097	6.344017	5.765255	4.225592
5689	5	2.263726	7.918065	4.823841	3.725990	0.722685	2.054145	7.913504	5.160289	3.718930	0.723940	2.086449	7.915743	5.085231	3.721215	0.723529	3.885410	7.662255	3.987954	3.724642	0.725070	2.571580	7.909152	4.567396	3.727887	0.722419
5692	5	5.587741	4.564917	1.906267	3.329683	5.273628	6.157197	3.452440	0.946218	4.388614	5.473221	5.795611	3.804403	1.627290	3.613315	5.493958	6.312612	3.508849	0.494402	4.832888	5.383227	5.730892	5.532634	1.200049	6.322404	4.227172
5721	5	5.316417	6.159827	2.240817	5.963208	1.553348	8.640504	0.757872	2.027926	5.006462	4.821372	8.659460	3.298126	0.072409	5.880386	4.107490	8.148562	0.538086	3.106613	4.718087	4.863474	8.701735	2.928842	0.146610	5.812365	4.293954
5786	5	6.532306	-0.256442	3.630709	1.140206	6.407121	3.899099	4.445920	3.708003	4.807343	2.309985	4.145895	3.948760	4.414656	4.662687	3.324620	8.734140	0.980671	2.260045	1.141965	6.402996	6.847323	-0.573758	3.416548	1.140206	6.407121
5851	5	0.024080	0.775661	7.578404	4.217247	4.710020	0.024114	2.675192	7.472337	4.841985	3.913188	0.024243	4.542886	7.136502	5.566544	3.254808	0.162971	5.544569	5.094911	6.760091	2.244320	0.024124	3.115715	7.436714	4.976659	3.765665
5902	5	6.411221	-1.459434	1.001973	5.025431	6.806902	6.428430	-1.463075	0.978198	5.049667	6.806902	6.189383	-1.401348	1.245098	4.835220	6.806902	6.562830	-1.487129	0.709780	5.367251	6.806902	6.574050	-1.488744	0.672972	5.414574	6.806902
5922	5	6.590872	3.303695	3.040501	6.459215	3.412908	6.202855	3.652072	3.231558	6.474379	2.763992	5.839596	3.879993	3.382769	6.475772	2.518709	4.153188	2.265260	6.549602	0.816500	5.653693	6.986149	2.194084	3.849830	3.952988	5.362659
5976	5	2.545638	4.559163	6.948566	4.847105	5.389715	3.199405	4.475607	6.129224	5.142434	5.377086	1.902490	4.666344	7.442916	4.840982	5.311570	3.831558	4.626351	4.136452	6.115377	5.041914	2.685115	4.769077	5.541137	5.993619	5.013826
6050	5	5.548475	-1.815959	5.810619	-0.712491	6.651385	6.551824	3.665856	1.619375	5.069766	3.289117	5.601604	-1.884319	5.697123	-0.709919	6.650254	6.546158	-1.332685	3.507326	-0.571315	6.605273	5.225050	-1.016023	6.437323	-0.724930	6.657133
6077	5	1.971260	5.347553	4.155901	6.660619	2.502183	4.775549	2.273943	2.879671	5.641392	4.241901	2.641920	5.188733	5.210445	6.203646	2.898744	3.415480	5.390526	2.192548	6.910927	2.252850	2.844704	5.094798	5.457755	5.962949	3.067601
6080	5	5.060326	5.542128	3.219533	8.852426	1.907557	6.101719	3.677478	2.125882	9.031617	5.187489	5.940654	-1.180351	3.872772	5.965488	7.918510	6.273804	2.938790	1.854395	8.833798	6.610308	5.966218	-1.180639	3.841221	5.982345	7.918473
6117	5	5.561543	6.411901	2.154411	8.098329	0.125681	6.300246	5.154197	1.683455	8.067955	1.271648	6.063503	5.772187	1.898414	8.093239	0.581838	6.049827	5.795595	1.907736	8.093596	0.560505	5.471556	6.504117	2.189101	8.098608	0.079979
6120	5	-0.354910	3.069862	6.702618	1.518222	5.606767	4.461653	1.447126	1.667782	4.828607	6.233648	-0.169931	3.001960	6.697153	1.462127	5.966932	4.329140	2.938829	1.799184	6.597581	3.743766	4.427707	2.311814	1.662706	6.540605	4.262438
6149	5	5.866258	2.116501	2.451563	5.779085	5.413240	2.326124	6.748954	4.255948	6.154464	1.433171	6.017756	2.248222	2.011351	6.262018	5.082420	3.784092	5.491618	4.120355	4.877526	3.371507	2.369738	6.643338	4.378898	5.827829	1.701486
6228	5	3.943526	6.195843	2.023946	7.372238	1.538314	5.119927	-0.032636	4.264169	5.238101	7.558125	3.898579	6.218289	2.031064	7.368016	1.581824	3.764508	6.264001	2.055122	7.349564	1.761047	5.071699	0.187261	4.456075	5.238091	7.558133
6240	5	2.308353	4.629489	4.857759	1.890867	4.590660	3.347066	4.219337	4.302564	0.609336	5.182029	1.957580	4.772106	4.962317	2.812033	4.354042	3.283830	4.245906	4.353990	0.639273	5.148854	2.443144	4.576998	4.810171	1.609545	4.674511
6243	5	6.936134	2.663606	-0.905751	7.919486	1.267987	7.466347	0.133245	-2.645925	7.092774	4.848600	6.851530	-3.030743	3.234469	3.719000	6.887690	7.155607	1.754022	-1.828812	7.919716	2.128577	6.522591	-2.794866	3.994880	3.514071	6.903453
6272	5	6.000846	-1.343694	-1.313229	6.473823	6.415506	5.969284	-0.686766	-1.161310	6.662807	6.211325	5.937945	-0.201797	-1.034446	6.771730	6.058405	6.057128	-3.724889	-1.250353	5.087971	7.146624	6.048777	-3.146855	-1.563376	5.632391	6.949584
6294	5	1.578603	5.914132	3.345034	3.044011	4.874445	6.709669	4.015995	0.692357	3.261031	5.028953	3.995894	6.087155	1.835819	3.953099	4.594312	1.615760	5.949267	3.198206	3.208060	4.825204	1.998128	6.026584	2.672202	3.598781	4.706228
6376	5	4.517044	1.824615	3.731463	3.837888	5.538687	1.808695	5.533210	2.808974	6.791474	3.059528	1.998349	5.172955	4.621663	5.801970	3.818301	1.843291	5.341481	3.896879	6.357861	3.518898	4.705454	2.062861	2.855121	4.589997	5.371514
6390	5	7.574872	0.207698	2.304021	2.205762	6.427501	3.058385	3.194820	3.714074	4.855461	5.375447	7.257915	-0.139023	2.361023	2.073585	6.436056	7.042729	3.882355	-2.067315	6.469009	2.743077	3.089617	3.131241	4.144261	4.545834	5.495713
6395	5	6.046408	4.440052	-1.321671	7.659324	2.863017	6.195496	3.317954	-2.458051	7.699889	4.594799	6.195946	3.261808	-2.469671	7.699459	4.669856	6.118254	4.254124	-1.664535	7.669329	3.165206	6.167307	3.994748	-2.041166	7.681382	3.583936
6406	5	5.357805	-4.920706	-0.886704	2.098998	7.305883	5.328894	-3.321608	-0.198240	5.585555	6.692580	5.311119	-2.864466	0.169887	5.930128	6.508151	5.344121	-3.905752	-0.747586	5.048530	6.891476	5.356824	-4.787733	-2.273097	3.378231	7.199024
6442	5	3.920618	6.231277	3.528480	4.152236	-0.313501	5.191335	4.095140	2.837016	4.162624	2.064013	4.770739	3.357178	3.555611	3.510675	4.892373	4.878283	4.608533	3.046532	4.163602	0.207330	4.267181	5.928384	3.347582	4.162704	-0.604047
6509	5	-0.019935	1.424015	5.562147	1.344025	8.263679	0.576753	5.569490	4.762797	4.403292	3.624625	2.917832	6.796816	3.398102	4.879805	2.985166	0.635050	5.250460	4.868231	4.286308	3.796874	5.753732	5.034233	1.168631	4.966601	3.073437
6523	5	7.355721	2.683805	-0.040864	5.077189	5.264219	5.277087	0.187171	4.567745	4.125090	6.696716	7.019955	0.546924	2.802471	4.260715	6.535352	6.554849	5.728232	2.002154	5.537431	3.522700	3.066631	3.578089	5.548377	4.167457	6.384214
6552	5	5.973733	2.182554	3.144816	6.695258	6.430437	5.141009	4.185402	3.656839	6.991015	5.902834	5.005278	4.383999	3.717478	7.003129	5.865041	6.520845	-0.223534	2.305960	5.815681	7.159913	5.405288	3.701404	3.525666	6.946225	6.010180
6593	5	4.354824	4.136833	1.228373	5.204986	3.221568	3.949991	4.201685	1.390632	4.986853	3.761926	4.192527	4.245994	1.284950	5.152762	3.340687	3.985843	2.458217	1.454561	3.666342	6.216623	4.466810	4.015588	1.193868	5.228857	3.187357
6604	5	1.014655	0.362307	4.533571	5.203534	6.468927	1.243366	-0.825660	4.287293	5.369383	6.589302	1.053783	3.771001	3.659683	6.216578	0.226990	2.320891	-1.710419	3.386238	6.065892	6.385419	1.513213	-1.893189	4.051072	5.530137	6.582251
6619	5	4.428993	4.696623	2.873163	4.325769	3.462399	1.302752	6.473624	6.771222	4.526880	-0.275253	4.748657	4.549226	2.592885	4.512557	1.163808	5.363062	2.334780	2.220955	4.477166	4.304768	4.481950	5.070218	2.761314	4.467517	2.281592
6663	5	3.993075	3.343889	5.546966	1.922764	5.987265	4.224669	2.652410	5.481052	1.938241	6.303291	4.153688	2.717586	5.503740	1.916997	6.297505	6.960108	3.392421	0.693792	4.066370	5.460248	7.269843	3.702020	-3.340343	6.086241	5.016738
6665	5	2.408699	5.942211	6.969418	6.523979	2.524934	5.575676	-0.898111	4.720138	0.112989	6.609899	2.685628	5.926767	5.780761	6.534671	2.295734	6.021939	3.116445	3.738096	6.533480	2.778293	5.075768	4.258206	4.280161	6.534619	2.350716
6720	5	2.431491	3.107743	5.532007	5.043873	6.466747	1.725159	4.027671	5.663099	5.076514	5.933782	2.367825	3.203139	5.548673	5.038911	6.434939	4.465379	3.223005	3.016559	6.317803	4.213637	1.233210	4.515948	5.679720	5.254384	5.450706
6742	5	5.100644	1.020748	3.665248	1.294993	7.076600	5.539526	3.262237	0.242911	5.086426	5.500798	3.978603	3.023628	5.682028	1.217742	7.077734	5.598065	1.969806	0.975176	2.762934	6.843944	3.833144	3.389525	5.952780	1.228760	7.034715
6832	5	6.164253	4.883416	0.832047	6.039324	0.285596	7.060310	2.202128	-0.134599	5.993611	2.001351	5.466612	5.792036	1.217466	6.035303	0.282211	6.782570	3.381233	0.259534	6.040890	0.484215	6.908922	2.895159	0.092072	6.038709	0.822172
6842	5	5.001248	4.861043	0.647386	6.129223	1.379959	4.491694	5.311435	1.307464	6.054406	0.894862	4.939307	5.009856	0.806975	6.116578	1.111326	3.677918	5.221861	1.775280	5.928409	1.523640	5.053911	4.636760	0.417718	6.143199	1.871304
6932	5	6.232098	5.336448	3.143567	6.851157	3.562617	6.270990	5.260958	3.113809	6.835453	3.629910	6.203566	5.385026	3.169009	6.854357	3.527642	5.953965	5.008424	4.025137	5.278823	4.522945	6.370148	4.853940	3.224798	6.300837	4.196756
7004	5	5.605355	4.078957	3.257062	7.792007	-0.060591	0.454968	6.432862	6.350152	6.651838	3.098893	0.356287	6.596660	5.840533	7.262851	2.006840	0.690998	6.642333	4.896174	7.655564	0.505155	5.568972	4.176626	3.281003	7.791840	-0.061595
7016	5	1.958516	7.399826	2.831206	5.904817	0.146538	0.590524	2.361795	4.042679	2.687203	5.815582	3.014866	7.342447	2.480284	5.920706	0.135542	1.596475	7.398510	2.971190	5.890373	0.186605	3.359607	7.276843	2.371403	5.922583	0.148066
7034	5	6.793461	3.410718	-0.534011	5.889831	3.900972	2.285443	6.694075	5.091003	5.131712	2.978666	6.612125	0.901537	2.376069	4.569453	6.683990	1.793517	5.745937	6.037512	2.361677	4.501710	1.794093	5.704387	6.037511	2.323900	4.540654
7061	5	4.804153	4.608775	-1.251590	4.785115	4.979428	4.756430	6.627545	-0.978526	5.995479	2.507979	4.804162	5.164115	-1.283422	5.516594	3.858076	4.804155	5.514665	-1.285731	5.936954	3.157285	4.803698	5.909352	-1.282092	6.176584	2.605590
7065	5	8.168975	2.221429	3.052605	2.342826	6.631916	7.071399	1.879597	4.360128	2.128603	6.818934	5.113976	6.267878	4.854241	6.129016	4.146872	7.490279	1.579773	3.871655	2.121126	6.842911	7.454092	1.605979	3.913550	2.121669	6.841131
7087	5	5.984572	1.555728	-0.724179	4.766335	7.490225	2.848179	6.569206	1.169363	7.311531	2.821022	4.010890	2.531448	3.764536	3.734087	7.529270	-0.218275	5.715937	5.791011	4.324035	4.671479	5.905548	4.918630	-0.761517	7.686309	3.206164
7202	5	3.307175	4.823430	6.188626	3.445443	4.968697	3.848497	3.594355	5.885022	3.138692	5.413208	3.350662	4.891403	6.071375	3.507801	4.912483	3.452258	4.955289	5.854003	3.592601	4.836691	3.424180	4.945293	5.909389	3.573915	4.853058
7225	5	7.344048	0.698515	1.635847	2.679807	6.419621	4.541762	-0.777839	5.396994	2.626493	6.462896	2.773680	7.534492	2.867935	6.040864	1.296443	7.395744	0.939797	1.600270	2.710549	6.393968	2.368197	7.334068	4.136357	5.966916	1.419400
7243	5	3.664917	1.866375	5.592118	3.021373	5.609668	4.169501	3.427617	3.160776	4.850641	1.703008	3.099510	2.518702	5.758588	3.274739	5.015744	5.010087	0.377809	3.485203	3.264215	5.650675	5.000771	0.276382	3.656772	3.202754	5.667357
7263	5	4.794212	-0.369218	0.707294	1.524187	6.225412	4.028735	2.493682	1.694608	3.479194	5.371126	0.847130	3.605426	3.529115	1.773396	5.777000	4.162412	2.219628	1.581518	3.321788	5.462074	4.747860	-0.798086	1.737284	1.076271	6.367869
7329	5	5.329845	5.913073	1.316813	3.793281	2.885961	5.307982	5.937791	1.332258	3.814136	2.863823	5.362254	5.879924	1.284838	3.775104	2.911891	5.392156	5.852557	1.247102	3.770297	2.929152	5.283720	6.013026	1.268771	3.942661	2.771506
7377	5	5.295156	5.498734	3.164860	7.544200	-0.901310	4.980502	6.245959	3.385695	7.543797	-0.901323	7.583869	-2.009506	1.897337	4.288474	4.360365	5.841834	-0.794880	3.819969	4.176395	4.359989	6.363351	-1.504759	2.954160	4.176650	4.360322
7433	5	3.792985	4.376798	3.379125	6.139401	6.256455	6.388130	-0.450882	4.286578	4.262109	8.207105	7.776006	-1.391307	0.907796	5.745266	8.053082	6.655507	-1.039096	3.973820	4.372594	8.204788	7.818650	-1.417701	1.082468	5.611731	8.083974
7453	5	1.418357	2.985814	4.928576	5.578447	3.358175	5.522850	-4.186636	2.394964	3.917561	5.497785	1.346176	3.088573	4.970383	5.578458	3.272586	0.895151	3.169048	5.362310	5.571687	3.547568	0.795925	3.008636	5.570057	5.553472	3.865572
7464	5	6.396231	2.176213	-0.616488	6.957728	4.598050	6.389695	2.720500	0.105604	7.635208	3.875086	6.364578	1.446418	2.147692	4.490567	4.922784	6.262184	1.736143	2.587899	4.053882	4.911307	6.353622	1.473508	2.234946	4.407911	4.922176
7469	5	5.507625	-0.026055	2.913224	7.265430	5.399694	5.494171	-0.655368	2.990900	7.175749	5.584565	5.351150	1.907803	3.005268	7.483355	3.841478	5.412905	1.507209	2.934243	7.453521	4.336932	5.503858	0.304592	2.890333	7.309487	5.261395
7507	5	4.084725	5.825229	2.061338	6.181667	3.602809	4.222585	5.833905	1.947041	6.370699	3.138042	4.691882	5.477183	1.955618	6.027634	4.494923	1.256146	-0.223676	3.017597	4.243770	8.239078	4.251768	5.762936	2.082153	6.069608	4.023694
7560	5	4.501982	5.617147	1.619193	5.444431	0.426262	5.058964	5.596089	1.454876	5.448327	0.255850	6.082913	2.586873	1.720915	4.767701	4.871014	4.626092	5.618446	1.589831	5.445715	0.369217	4.784197	5.616206	1.547641	5.446977	0.311471
7561	5	4.813625	6.138842	1.343278	7.718732	0.838666	5.484464	5.634334	0.368495	7.908218	0.265371	0.543612	2.665900	5.943881	4.165476	4.469308	0.381167	3.197015	5.940499	4.430818	4.213717	0.365212	5.304682	5.027403	6.291901	2.920237
7589	5	2.204801	6.197804	4.819977	7.736055	1.430290	5.993677	0.882347	2.576107	4.084990	6.940211	2.239578	6.198702	3.644102	7.761869	1.402607	2.298487	3.946395	7.723046	3.676459	6.210282	2.209314	6.199693	4.189023	7.755235	1.405813
7637	5	5.823994	3.606726	2.489319	4.635730	6.162934	5.789274	3.736310	2.491877	4.724620	6.070592	6.054543	3.005584	2.388432	4.449129	6.444937	6.004615	3.119762	2.415577	4.461756	6.406509	6.037385	3.044120	2.398002	4.452313	6.432704
7638	5	6.751976	2.161602	2.696944	0.319777	5.654807	6.596215	2.775044	2.974663	1.660362	4.334121	6.530051	3.023828	3.098631	3.029000	3.745829	6.689243	2.398938	2.806176	0.491187	5.176757	6.743902	2.190375	2.710793	0.327831	5.600072
7643	5	7.014789	-2.092933	2.859148	0.740163	6.097533	6.675651	1.327933	2.310722	4.552853	5.737641	7.130567	-0.850764	2.525749	2.031085	6.061349	1.851405	4.347946	4.687418	6.496601	1.270297	6.866808	-2.095855	2.970639	0.738538	6.097562
7722	5	6.017749	5.534651	0.396038	7.193099	0.679630	2.791070	6.317491	3.313754	5.449959	2.756204	7.670751	0.170789	-1.430383	6.009131	6.687870	6.918212	-1.173140	1.252548	3.481879	6.804829	7.756441	-0.696887	-0.176757	5.418783	6.770202
7729	5	5.534224	2.219811	3.119170	5.809296	2.886183	3.661081	2.164643	6.580089	5.441092	4.319729	5.750544	1.811528	2.759147	5.731786	4.264882	3.839122	2.599018	5.824107	5.784256	2.453944	5.914808	1.406372	2.503595	5.497651	5.181815
7782	5	3.752979	4.682793	3.776021	6.896254	4.587446	3.718560	2.881519	3.955049	6.313549	5.605532	3.718127	4.769911	3.780419	6.921056	4.530658	3.654535	4.914096	3.789897	6.960767	4.436176	3.057266	5.901255	3.917513	7.167463	3.808524
7803	5	6.536454	5.569844	1.010280	4.785818	5.978857	0.201868	6.651267	8.335101	3.202146	6.316917	5.090998	7.531210	3.535137	5.514163	5.653465	6.573383	4.747105	1.190905	4.084024	6.234866	6.432525	3.783500	2.349984	2.976421	6.613174
7805	5	5.065176	2.256585	5.366711	1.903510	6.164616	3.812508	5.973206	6.246609	5.197439	3.100738	4.649275	6.717401	3.968966	6.680894	0.011076	4.005448	5.168115	6.306675	1.944170	4.283527	5.493417	2.655600	4.033501	3.683088	5.827722
7812	5	6.798650	-0.615039	-4.126285	6.577083	6.639197	6.669468	-2.617945	1.176513	4.568340	6.689409	6.798728	-1.351045	-3.735389	6.314907	6.669696	6.798737	-1.510050	-3.606670	6.248880	6.673909	6.797941	-2.573909	-0.513369	5.210033	6.689203
7830	5	6.336069	1.703780	0.354631	6.156174	6.024255	2.719116	5.478010	4.668152	5.083843	3.047795	2.022891	5.685066	4.726890	5.859330	2.220459	3.316288	5.211925	4.376692	4.709741	3.760832	4.462097	4.246930	3.415313	4.954713	5.122572
7860	5	1.927798	5.209354	5.708434	6.626577	3.899339	5.619278	2.268204	2.418835	7.295833	5.336105	2.214615	3.814006	6.073343	5.468953	5.300075	4.858927	4.059519	2.842203	7.514428	2.863175	2.127173	5.767700	5.020291	7.078027	2.649077
7928	5	6.399672	1.667788	1.734727	5.031317	6.219781	2.976494	6.187805	3.627418	6.362583	3.256442	6.383276	1.663502	1.926404	4.966423	6.235364	5.034237	3.738862	4.410928	4.320860	6.077651	4.027741	4.865039	5.224736	4.610834	5.498008
7939	5	6.199377	-1.061825	2.469646	2.373501	6.584654	4.052932	3.783250	3.459199	2.530445	5.939932	4.134022	3.417153	3.470418	2.466172	6.144195	6.508433	-0.919804	2.185630	2.437301	6.566489	3.980870	4.205527	3.418523	2.625864	5.645555
7948	5	4.029049	5.638293	1.743236	7.073954	1.922034	2.283479	5.575076	2.339612	6.937364	2.342397	6.726490	1.012137	-2.754375	6.893933	6.291945	1.911976	5.516448	2.742980	6.831045	2.649365	6.777772	-0.041764	-3.127639	6.405274	6.438278
7977	5	8.438761	3.185895	-2.383858	6.843230	1.575941	5.972543	0.180794	3.127840	4.600935	7.287845	7.123617	-1.596811	2.813588	4.278006	7.948295	6.102616	-0.169486	3.431273	4.362093	7.744380	6.483100	-0.719554	3.261650	4.287774	7.922929
8062	5	7.132128	2.896031	-4.308146	6.108387	4.827424	7.132129	2.684112	-4.299869	6.067025	5.160613	3.575628	4.640389	5.775842	3.189769	6.189343	7.132107	3.725921	-4.311074	6.126250	3.357919	7.132128	3.094310	-4.310380	6.121058	4.486374
8126	5	3.127472	1.106665	6.695829	3.415694	6.928726	2.842661	6.861179	4.030359	6.604799	3.043328	8.600223	-4.120603	1.406532	4.924531	7.371858	3.988697	6.772024	3.370368	6.821145	2.993319	8.601967	-4.091498	0.487433	5.216846	7.371785
8129	5	4.505822	6.083598	1.921910	6.464197	1.123122	3.376197	6.394367	2.479018	6.461226	1.130773	3.497790	6.335564	4.033397	6.424074	1.570849	5.421759	5.286258	1.503619	6.464213	1.290630	7.126506	-0.539077	1.717048	3.527906	6.311995
8159	5	5.597291	2.182971	-0.249247	6.670546	4.945294	0.867830	2.611382	6.827595	1.621699	6.306752	5.828545	1.661534	-0.483559	6.394456	5.573470	2.287506	-0.286204	6.693637	1.589922	7.829899	1.345404	1.076615	6.794607	1.197776	7.729510
8168	5	6.553148	-4.480955	4.094551	1.659203	6.662143	5.934807	-4.481758	4.538579	1.607926	6.662157	7.472156	-4.312690	0.047470	2.918864	6.658182	6.787359	-4.480089	3.888614	1.692992	6.662129	7.455905	-4.205258	-0.062285	3.235193	6.655063
8186	5	3.615827	2.560399	6.592937	3.124824	7.682700	4.726079	2.044623	5.983162	3.967002	7.664535	3.180309	4.370590	6.625554	4.794820	4.236945	5.193237	1.957643	5.252681	4.663316	7.400342	3.285671	4.725371	6.063087	5.867181	2.761890
8266	5	-2.574101	2.658428	5.770130	5.801321	4.426510	-2.066036	2.464128	5.654007	5.826721	4.477078	3.421502	-0.968479	2.880540	6.599378	4.503693	3.447664	3.102958	0.971477	7.986572	2.860901	-2.713868	2.990868	5.765220	5.830653	4.259632
8297	5	6.118877	4.060824	3.134532	5.749495	3.708313	2.209385	5.520295	5.267534	6.178432	2.481462	6.246870	3.717310	2.926036	5.536465	3.879975	6.202260	3.822512	3.055846	5.565532	3.844855	6.271519	3.763628	2.408514	5.861148	3.716671
8301	5	6.557823	6.380737	0.338274	6.730386	1.835538	6.650511	3.481132	1.143518	4.187329	4.953872	6.077712	7.013511	1.400917	6.730161	1.834055	6.650722	4.549672	-1.549850	6.704729	2.439281	6.649991	4.866897	-1.391487	6.723552	2.113277
8306	5	6.385026	2.845199	2.610447	6.258610	3.404214	6.370541	0.800973	3.670370	3.251856	6.599156	2.152923	7.565759	5.092732	6.257133	0.972954	5.985984	3.850231	2.947828	6.258815	1.104529	4.061581	7.513768	3.877252	6.258802	0.905658
8321	5	3.105314	4.862440	3.898205	6.529460	0.838850	4.068749	3.680002	3.079332	6.573903	1.082349	3.853844	1.049268	5.360245	5.239794	6.065154	3.077836	4.718340	4.227116	6.463541	1.319377	3.959620	0.761445	5.186891	5.257998	6.059179
8324	5	7.548999	4.388856	0.341589	6.331654	2.379449	7.956768	3.342829	-0.130806	6.157053	3.941902	6.078777	0.924035	3.023955	4.691977	5.573618	6.217327	0.849847	2.945658	4.689150	5.577462	7.771356	3.973823	0.008610	6.299133	3.026788
8328	5	4.544318	3.800093	5.572540	7.032414	1.064112	6.285405	3.291143	3.626846	7.218930	-0.012819	5.663336	4.162654	4.016772	7.217563	-0.274337	6.895408	0.164819	3.712406	6.149971	6.134940	6.327072	3.193042	3.603538	7.218964	0.066047
8352	5	5.925043	3.697278	0.827097	8.309475	1.005974	6.015254	1.937806	0.097314	8.581303	2.565576	1.915802	6.249297	4.295459	6.837540	2.703908	6.024485	-0.215755	0.038857	7.859287	6.564673	4.503945	6.288346	2.934415	7.587521	1.829398
8364	5	5.821768	3.365202	2.368909	4.508501	4.752437	5.555618	3.467243	2.934921	4.242757	4.721827	5.870094	3.360380	2.152937	4.615212	4.734406	5.939751	3.385459	1.079061	5.012320	4.618926	0.244147	1.560458	6.808976	-0.916321	6.907577
8423	5	4.612766	0.327405	5.746190	4.071970	6.112195	6.281345	-2.408431	4.979542	4.022883	6.402996	7.133887	-2.469738	4.109266	4.161073	6.351154	7.405630	-0.522810	1.809347	4.956130	5.681641	5.111515	-0.357652	5.571308	3.993960	6.348610
8471	5	3.051308	3.825102	5.550547	4.994377	6.291723	2.913864	3.927408	5.474592	5.242454	5.973880	3.709668	3.598075	5.242151	4.586320	6.899471	2.891991	3.974582	5.418129	5.322070	5.852953	2.988503	3.857418	5.542297	5.083330	6.182379
8567	5	4.613649	2.692506	4.691872	4.325662	5.970025	2.452105	6.753114	4.616206	5.480631	4.181697	3.064741	2.837746	5.744273	3.777839	6.180554	3.761928	2.560788	5.426963	3.931402	6.176782	2.881584	2.977358	5.794716	3.767148	6.149025
8637	5	4.202888	8.143055	4.709504	3.729383	0.695543	4.115051	7.594364	5.030682	3.080341	3.221428	4.699922	8.191972	4.447093	3.743198	0.466693	6.760535	2.226505	3.896839	1.030103	6.379884	5.582012	8.144158	4.011389	3.747518	0.382649
8690	5	6.528380	2.921149	1.763837	5.598261	0.724066	5.090986	4.733163	3.328137	5.067173	0.376087	6.069461	3.993850	2.271955	5.677496	0.126315	5.032495	4.428027	3.628924	4.303493	0.690933	6.497719	3.023158	1.797430	5.651881	0.557271
8719	5	4.262121	7.077431	5.479060	6.105575	2.625641	4.301824	7.040831	5.415787	6.105583	2.620702	4.228789	7.105454	5.532122	6.105566	2.630719	5.570097	4.040671	3.028698	5.947898	4.898133	4.171890	7.147736	5.622697	6.105548	2.641485
8757	5	3.777327	3.905676	2.875934	6.379501	5.462875	3.149195	4.437461	2.943175	6.457239	4.403625	4.099961	3.749570	2.748359	6.384002	5.628885	3.538432	4.038010	2.952924	6.383243	5.271123	4.584776	3.560252	2.512016	6.408990	5.713197
8821	5	6.505858	0.621941	5.097881	-1.202356	6.792864	6.716798	0.379529	5.030709	-1.203557	6.802258	6.625087	0.477034	5.059358	-1.204140	6.799408	6.990497	0.155034	4.950219	-1.192589	6.805069	7.438979	4.441983	1.412279	4.642402	1.658017
8954	5	1.404759	2.917984	4.026379	4.325161	6.735712	5.034907	2.853650	-0.013392	5.326620	6.326734	5.034961	2.706551	0.180322	5.156918	6.550412	5.034977	2.757475	0.029486	5.241580	6.469758	2.916298	3.158324	3.257932	4.606154	6.385785
9005	5	-1.095089	5.019949	5.348483	4.537964	5.527597	-0.438183	5.331174	4.092410	6.434068	4.954453	-1.098417	5.042529	5.337194	4.677005	5.489005	3.010942	4.900253	2.217088	7.254924	4.437152	4.097052	2.434965	0.024852	6.675489	6.157904
9021	5	6.247828	4.258756	0.138656	6.255636	3.025239	6.186507	-0.305076	3.292727	2.275020	6.681203	6.437906	3.340178	-0.450718	6.237927	4.283702	6.141009	4.612916	0.466489	6.255676	2.639622	6.292637	4.082156	-0.001651	6.255246	3.244381
9023	5	2.218072	5.603903	5.246474	2.413842	-0.828657	2.284120	5.581550	4.893787	2.480532	-1.179980	2.406742	4.778461	6.907928	1.184744	3.124781	2.674633	3.299427	6.925555	-0.078093	4.783052	3.626281	3.695985	4.022510	2.580023	-0.399262
9046	5	6.025672	2.174372	2.339421	4.108495	4.936070	6.157836	1.267143	2.084477	3.485767	5.395254	5.967831	2.493895	2.486003	4.299481	4.691328	5.462598	4.200439	3.726697	5.067663	1.756211	6.165179	1.199321	2.083451	3.426961	5.422936
9097	5	6.641732	2.691075	0.112399	6.176249	5.683329	6.637132	2.458718	0.839524	5.922917	5.854471	6.484805	2.176807	2.067990	5.564883	6.052052	6.641149	2.617347	0.326692	6.095755	5.741436	3.816589	3.715915	4.650634	5.718716	5.717720
9109	5	5.058154	-1.886101	-1.387265	6.246741	6.110211	0.647466	2.842632	4.096737	4.227135	5.607025	5.057653	-1.623199	-1.369604	6.386022	6.054262	4.455673	2.268156	1.338133	6.163923	3.378156	4.995802	-2.208786	1.580213	4.356872	6.183570
9126	5	4.131393	5.328238	2.201487	6.914268	1.077725	6.972490	-0.779989	1.593190	2.751234	6.767793	4.188363	5.299602	2.152506	6.914336	1.075448	5.530080	-0.646414	3.237089	2.750664	6.767801	3.074441	3.878511	4.988618	6.723443	3.786041
9160	5	3.438674	5.276968	4.453969	5.783769	1.865921	6.372986	-1.396108	2.145308	0.753167	5.668656	3.641923	4.904362	5.133295	5.292844	3.071471	6.062255	-1.342714	2.813232	0.566558	5.674430	6.404857	-1.087238	0.474194	2.180881	5.605499
9200	5	4.338039	-2.624541	4.663526	4.624180	5.689547	3.816096	-1.714806	4.972858	4.606922	5.684888	6.729806	-1.696411	2.172589	5.423977	5.559019	6.741176	-0.153738	1.776164	6.355841	5.269309	6.461593	2.391425	2.131508	7.214003	4.287572
9255	5	6.505259	3.210636	0.947331	7.307727	4.251703	5.119299	0.930592	3.870731	2.288734	8.474780	6.496266	3.390730	0.993930	7.375778	3.849975	6.485657	3.458027	1.061775	7.387172	3.726709	1.914726	3.507959	4.899615	2.605172	6.931751
9269	5	6.241615	3.211244	-2.275603	5.823996	4.647140	5.657339	3.672272	2.164736	4.475543	4.727741	6.162411	3.102265	0.874724	4.900418	4.868945	5.856403	3.353703	1.895457	4.500025	4.853948	5.284498	4.486229	2.361065	5.140362	4.143162
9294	5	6.120333	1.127710	4.587209	1.109626	5.992672	6.497486	0.859680	3.822450	4.349429	5.222196	6.026769	2.411325	4.361613	4.759211	3.799236	6.275237	0.613674	4.525668	1.589490	6.028150	6.021089	2.372656	4.424224	4.692152	3.935129
9318	5	4.441484	6.369797	3.172544	8.078646	2.829828	4.397265	6.202083	3.271893	7.923692	3.064659	4.408420	6.034115	3.310275	7.833803	3.225552	4.477040	5.720397	3.320248	7.737962	3.456501	4.399941	6.242628	3.256510	7.952030	3.018534
9348	5	7.317756	-1.289437	0.488090	1.788249	7.768332	3.643320	2.411634	6.130510	3.539593	5.830166	3.646062	2.399912	6.166450	3.444985	5.880570	3.771392	2.242721	6.259946	2.965414	6.244735	3.675224	2.428954	5.939101	3.902535	5.661189
9361	5	6.890945	3.239919	1.545665	5.424896	2.623117	0.660607	6.448462	4.916427	5.964459	1.453241	6.885574	3.199216	2.655712	4.471106	3.019978	4.340019	5.301254	3.736669	6.059831	1.027574	6.896624	3.211144	2.220082	4.930670	2.865162
9447	5	5.090969	-2.379745	5.449772	0.733171	7.340113	7.439719	-2.520481	3.314222	0.713728	7.359834	7.760872	-2.521193	3.170481	0.715262	7.359956	3.610164	-0.675600	6.192263	2.089675	6.560859	3.813231	-1.111147	6.406030	1.370265	6.894264
9517	5	6.172110	6.975622	-0.754654	6.992646	2.186398	5.398189	7.976347	1.257851	7.008825	2.138953	5.767869	7.811295	0.680307	7.013199	2.141653	5.976811	7.636072	0.139366	7.014037	2.146445	5.288202	8.011443	1.377055	7.006926	2.138651
9532	5	6.248021	5.447249	1.640055	6.930767	3.075052	6.111374	5.699900	1.883377	6.937755	2.733866	3.022814	6.948515	4.342061	6.887645	2.762552	2.091077	6.771082	4.999977	6.766131	3.519877	4.535256	6.947151	3.373443	6.936395	2.106286
9566	5	3.603242	4.336296	6.662792	5.272304	5.149881	2.047507	5.086059	5.305463	6.236877	3.929929	3.913473	4.049996	6.809204	4.872869	5.409781	6.327281	-1.191231	1.930964	4.310200	6.222687	3.248428	4.574818	6.429941	5.633820	4.859853
9590	5	3.497506	6.752280	2.265133	4.507573	4.457377	5.996716	6.099125	-0.529363	4.932974	4.512746	1.320266	6.358489	3.431957	4.064219	4.673053	1.170651	6.293366	3.601983	4.003496	4.710600	6.188417	3.624546	-0.515577	3.677734	5.782572
9611	5	3.584785	4.504061	4.341877	6.031464	4.692475	3.838166	4.651693	3.762068	6.231412	4.281783	3.942662	4.658905	3.608762	6.268584	4.181652	4.919198	-0.324347	4.952087	1.980704	8.137994	6.478896	-1.408779	3.528193	3.257502	7.691086
9661	5	3.877267	-2.293021	4.672297	1.872578	6.645031	2.793351	1.756838	4.958142	1.284066	6.369385	2.735289	5.724297	4.970602	2.033088	3.611774	4.151848	6.588562	3.513062	6.863562	1.322177	2.769883	1.879655	4.963207	1.273932	6.201340
9696	5	6.374649	1.620148	2.088651	4.533702	5.192436	6.526237	1.338340	1.600299	4.701497	5.172406	6.691525	0.788978	0.744184	4.841466	5.314595	6.706766	-1.241378	1.539980	4.134183	6.462858	6.136957	1.821246	2.674284	4.246459	5.367784
9704	5	4.851654	0.870173	1.217111	7.531152	5.284467	2.007810	4.063614	6.310858	4.139714	5.234843	4.906102	0.535089	1.136633	7.475960	5.478389	2.314882	4.700546	4.851884	6.093275	4.539126	5.329553	-2.616565	0.324936	6.727819	6.577859
9788	5	2.414753	5.901492	4.272403	6.221575	-1.966868	4.076880	2.676396	5.657861	0.423215	3.409011	3.721705	3.451454	5.875915	0.422851	3.070725	5.191917	4.012093	3.386740	6.236819	-2.065266	1.347730	5.816769	6.212965	4.161055	-0.436001
9789	5	2.226029	3.351787	6.610824	2.305684	6.538147	2.305499	2.927522	6.569011	1.944464	6.867101	2.732979	7.029374	4.755369	5.467104	3.573428	4.840875	5.185826	3.877710	5.598888	3.023362	3.545445	6.858832	4.337999	5.542449	3.306911
9796	5	6.053118	3.012017	0.647873	7.778473	0.995564	6.409762	0.693360	-1.228165	7.973038	4.002197	3.342163	0.308199	5.004196	4.304878	7.043624	2.116395	3.378572	5.790927	4.756947	5.121834	6.433550	-1.417640	-0.868397	6.772157	6.968646
9888	5	5.699670	4.494355	3.359160	6.688529	0.173528	4.398629	5.167772	4.156026	6.692582	-0.084572	6.423205	3.971108	2.804221	6.475422	1.326595	6.860454	3.335022	3.815147	4.608294	3.548075	6.852369	3.326708	3.868594	4.576800	3.572593
9916	5	6.282329	1.738449	1.583621	6.093413	6.473612	6.269678	3.024929	0.360241	6.694912	5.291041	6.248494	3.414963	0.481076	6.803403	4.100244	6.261809	3.221233	0.385975	6.783026	4.771204	6.277810	2.602707	0.521613	6.494327	5.951992
9956	5	6.391700	2.954909	0.648259	1.593205	4.000157	6.515400	3.112725	-1.504197	4.009004	3.395497	6.525503	3.111570	-1.696252	4.094497	3.383822	6.365070	2.094545	0.927373	0.673052	5.753234	6.430053	3.061373	-0.000378	2.758167	3.657184
9961	5	6.225832	5.811068	0.231607	6.470710	0.481166	4.094117	2.691164	6.396454	3.943485	6.162363	6.243216	5.603525	0.063919	6.481207	0.534687	6.279874	3.596130	-0.274037	6.447886	3.503188	6.277387	4.315411	-0.328110	6.508167	1.865923
9964	5	7.116208	2.515904	-5.547939	7.246337	3.636897	7.116061	2.592735	-5.567853	7.373201	3.412718	6.304450	0.352947	1.186662	2.125715	6.509790	5.375416	2.050480	1.636161	2.095620	5.908831	6.232738	0.472300	1.226584	2.116793	6.508458
