8	1	-12.237441	4.162551	-1.270684	-0.711834	7.228168
15	1	-11.197035	7.794500	-0.553534	0.727964	8.739386
18	1	-10.518284	7.205263	-2.860343	7.150598	1.358794
23	1	8.146717	-3.381046	7.525126	0.719095	1.837391
32	1	7.070234	-2.850617	6.961014	-5.192139	2.425638
40	1	9.657681	1.829626	-2.046005	5.278328	-4.964300
41	1	-10.478654	-0.906905	6.387647	-2.188855	7.603951
44	1	-8.693371	5.660407	-7.644513	6.209064	2.471217
79	1	-5.819382	7.562463	-4.068111	6.065025	3.279693
92	1	6.202766	3.602661	-2.408830	8.624432	-4.350938
97	1	-6.457228	7.516942	-7.637213	5.545062	6.518338
105	1	-9.572895	7.213543	-3.642481	5.464184	-3.046232
108	1	3.697717	4.491461	-4.896059	6.683585	-4.799866
115	1	9.557674	-2.809857	6.905078	1.004767	-3.853586
119	1	-0.546427	-6.077604	7.112556	-3.712448	8.450103
135	1	-12.487988	5.487633	3.624583	0.411654	6.288464
143	1	6.583457	-4.127867	7.954448	0.166559	-1.650648
150	1	-9.310377	7.817900	-5.212470	3.135043	3.802001
155	1	9.116674	-1.623807	6.143947	-1.083077	0.859548
167	1	5.510476	-6.855742	6.525524	-0.111796	3.067346
172	1	-12.674701	8.695988	-2.449359	-1.654342	5.291951
174	1	-2.780341	-4.259965	8.565323	-6.738956	8.168297
176	1	8.216656	-5.824223	7.424214	-2.452974	0.478480
184	1	-8.848472	7.635333	-2.963017	3.595698	4.843569
188	1	6.195939	2.220946	2.461108	7.092158	-3.644844
193	1	-5.571422	0.573160	7.813801	-3.519907	6.605609
200	1	-8.806455	6.962547	-1.844735	0.847225	8.481387
207	1	4.305664	0.369448	-0.391545	6.194854	-2.415454
225	1	-10.500150	6.374177	-4.281129	6.031736	4.050296
230	1	8.807206	1.114780	-1.410073	4.089650	-0.087175
245	1	8.545302	1.093122	-1.489989	8.955909	-6.180236
247	1	6.621549	-1.730709	3.471154	7.305460	-6.077611
254	1	-6.022655	4.560251	0.083843	5.699910	3.303501
271	1	-6.219508	0.011002	7.257713	-4.056111	6.662498
278	1	-5.272781	8.369676	-2.378273	8.759557	0.651019
286	1	5.813326	2.517342	-4.482239	7.837842	-2.612019
293	1	7.349404	0.713320	0.335566	7.864886	-2.950021
295	1	6.447059	-5.377286	6.579994	-6.903819	3.941425
304	1	-7.206596	2.754663	6.387696	-3.522661	6.560616
331	1	-4.641894	6.616994	-0.204495	2.798558	3.565264
338	1	7.607090	-1.782232	2.814293	4.798045	-5.705929
342	1	8.625550	6.469695	-1.922583	8.124513	-6.339194
347	1	-13.565470	3.835224	2.604839	-0.037448	5.132934
350	1	6.427639	-2.836540	7.266955	-2.070910	0.900350
355	1	-5.181515	1.627779	8.476960	-2.127938	6.754752
357	1	-9.117335	6.882673	1.369395	0.557147	6.601288
362	1	-3.153319	7.190788	-6.283566	7.084583	-1.349069
376	1	-11.370293	7.899412	-5.071062	1.381472	4.694530
386	1	4.302771	-3.711885	6.841723	-3.700977	3.654695
391	1	-7.436490	0.587458	8.841326	-6.431617	6.663668
396	1	-8.776963	7.609321	-1.709112	6.715760	0.103063
424	1	-6.731739	7.799383	-4.909123	7.788812	3.936393
426	1	7.349159	-5.502130	6.212471	1.960036	-2.760301
430	1	5.503530	6.133045	-3.783487	7.136115	-6.008193
431	1	-3.867746	8.464403	-7.339505	6.877867	0.998912
433	1	6.822766	-0.586310	4.911051	2.237733	-5.889300
437	1	6.951304	-3.296098	0.036534	8.693743	-4.999339
448	1	-8.481312	2.211627	8.265333	-5.813491	7.300106
453	1	7.048368	-8.504441	8.320485	-1.187037	1.086785
478	1	-3.260339	0.292767	6.553063	-6.363990	7.822365
479	1	-7.646727	-0.243848	5.925550	-2.265169	6.839282
481	1	5.006673	-6.261605	6.883887	1.313340	-0.862296
484	1	5.603720	-5.173845	7.039893	0.315059	0.787021
485	1	-7.974771	-0.431778	7.499563	-5.639027	8.129946
486	1	-5.926306	6.709297	-0.380269	1.637016	2.638562
523	1	-6.038968	4.486810	-3.676120	8.924530	1.718518
527	1	-1.841154	-1.685005	6.982740	-4.557964	6.648309
539	1	-7.717147	2.240718	8.941601	-4.332207	8.155183
545	1	-6.142904	9.492516	-4.953381	6.849402	-0.213498
554	1	5.512519	4.291523	-2.159103	7.840153	-5.194978
560	1	-6.273217	6.833597	-3.763897	4.915604	-2.106010
573	1	-9.771837	8.288483	-1.938963	8.905072	0.162102
575	1	6.643041	-4.209372	8.058016	0.039329	-5.536108
577	1	-6.026331	0.770493	6.455913	-8.132945	7.437690
581	1	7.516111	-4.210785	6.586535	-3.974402	7.011988
582	1	6.709271	-1.809206	7.987307	1.512783	-1.681693
589	1	7.206212	-3.350596	-2.809269	8.500761	-4.795965
593	1	-6.040541	1.841721	7.637440	-1.164811	7.947595
597	1	-6.775815	6.483954	2.798797	-2.000933	7.827808
607	1	5.819489	-3.546109	5.596127	0.368451	-1.102991
612	1	9.472342	-1.457615	1.789838	7.630619	-7.413038
613	1	6.787404	-0.644067	0.097790	7.522655	-6.423652
614	1	6.856064	0.265235	-2.560778	6.028706	-6.700985
617	1	-9.732895	4.881003	3.748892	-5.556147	9.160714
623	1	-2.605932	-0.007469	9.234549	-2.710295	7.964542
624	1	6.058617	-4.151936	7.345520	0.336823	-1.377380
630	1	6.939793	-4.418921	9.257404	-0.723046	-4.294625
631	1	5.517324	-3.966285	7.986261	-0.942029	-0.854337
641	1	-7.547079	8.254806	-8.039934	6.929929	-2.186202
642	1	-8.460638	2.516013	5.812676	-3.933484	8.573702
650	1	-9.728703	6.788831	-5.360905	-2.467412	6.725290
656	1	6.997919	-4.841691	8.814362	-1.948189	0.153384
658	1	-3.634062	9.139000	-5.476359	9.244475	-0.362513
664	1	-11.571807	-1.033311	6.341760	-0.912566	8.006311
672	1	-4.998952	1.996050	3.950558	-2.560531	7.145294
681	1	-4.479026	7.878314	-6.079410	6.314791	-0.670874
686	1	-10.137057	5.917322	1.861267	1.166712	5.627127
688	1	6.244557	0.825497	-2.271092	7.890365	-4.095553
690	1	-8.107909	7.603181	0.080226	-1.153344	5.936697
695	1	7.919264	-5.331273	9.402156	0.914268	0.286754
700	1	-6.966137	3.800064	7.429842	-7.245812	7.043842
719	1	-11.012310	8.001746	-3.347188	3.461454	5.876380
725	1	-13.539220	6.896292	-3.828125	8.370193	1.972005
728	1	-4.763873	0.879674	6.600939	-2.527053	6.164883
733	1	-16.094786	7.999483	-6.282136	6.879900	2.374035
738	1	8.187343	-0.376906	-1.651784	8.079713	-8.663138
743	1	6.912595	-2.639794	-0.493612	6.569516	-4.681797
754	1	-2.300679	0.929561	8.361390	-4.035159	9.676570
769	1	-10.678494	-2.700048	7.490542	-0.920650	8.080019
776	1	-14.517942	1.631184	6.717370	-5.917748	7.380086
777	1	-7.567805	0.554952	6.612479	0.051483	5.873646
786	1	7.022719	-5.719600	7.440021	2.450691	-1.989262
795	1	-2.549595	5.768394	-7.489199	8.410643	0.776318
797	1	0.420134	6.819016	-6.736840	6.777206	0.833349
798	1	-7.198166	0.336018	6.836214	-4.548107	7.297811
799	1	-11.942673	1.766146	6.531121	-7.842208	8.213007
802	1	-8.437741	2.931776	5.864220	-6.222697	6.138541
812	1	6.252431	-6.255907	8.496152	-2.633547	2.523997
813	1	5.642103	-4.796815	1.749405	7.350030	-6.970307
817	1	6.171984	-4.072654	6.653558	0.057491	1.637214
832	1	-10.254449	4.891877	4.886445	-5.418625	6.847851
836	1	6.822517	-4.055655	7.274383	0.402356	-0.316311
844	1	-5.137814	3.997022	3.973519	-4.316681	6.914374
849	1	6.636822	-0.168909	6.853033	-0.316865	0.083279
851	1	-8.974391	7.348971	-2.310447	0.365889	8.625184
856	1	-4.000870	9.126692	-2.629662	5.758328	-1.513893
857	1	2.741946	-2.166794	6.156019	-5.761549	4.840725
877	1	-5.691029	1.777873	6.090999	-6.258695	8.009897
879	1	-11.250220	7.855548	-4.634943	7.181745	0.962709
900	1	7.461541	-0.803179	0.800473	7.153508	-2.176303
901	1	6.726506	0.360145	2.503203	7.552780	-4.004264
909	1	-7.743282	6.934173	5.750695	-6.711065	6.328179
912	1	2.367083	5.441370	-6.009923	7.618549	-1.193549
916	1	-5.781206	0.912628	6.385077	-2.481480	6.662972
920	1	-5.850726	-0.858965	9.008675	-2.733906	6.615089
941	1	-13.535067	2.703706	5.691375	-3.636144	9.153881
942	1	7.411315	-0.518256	7.629450	0.650447	1.094032
943	1	-6.316252	3.090576	4.715084	0.383158	6.281090
945	1	-4.669101	7.822559	-4.399079	6.629486	4.221857
967	1	-6.730935	6.250428	2.782451	-1.209377	6.573195
992	1	5.042345	-0.557005	3.412795	4.752346	-2.488939
995	1	6.195051	-0.041065	0.471938	6.186366	-9.127942
998	1	-5.262880	8.217292	-3.130061	6.051417	2.197579
1002	1	-7.675606	6.015884	-5.181031	8.014861	1.584907
1007	1	-7.692454	9.194948	-8.399022	8.697537	-4.353943
1011	1	-8.429607	7.306738	-0.093473	3.626912	6.507633
1012	1	8.149961	0.821852	-0.974671	7.904026	-3.249240
1014	1	-7.212067	2.519869	7.444324	-2.349521	8.615656
1022	1	-5.386618	7.862042	-6.443827	7.549902	0.174583
1024	1	-2.538296	6.487805	-4.092768	7.328988	-0.834725
1029	1	-4.769927	7.103502	-5.724049	8.468206	0.337204
1032	1	7.002868	-0.855497	8.044698	-2.898704	-0.380732
1038	1	-16.320564	6.298300	2.590990	-2.562860	6.777537
1044	1	4.607755	2.395589	1.472913	6.387029	-5.480505
1049	1	8.950989	2.276741	-3.625766	6.368931	-4.118367
1051	1	8.164983	-0.310411	-2.129770	9.320042	-5.447686
1052	1	-9.221185	-1.717192	6.728739	-4.464336	9.306331
1058	1	-6.225732	8.778378	-3.511286	8.215102	-0.510774
1068	1	-8.411424	9.588133	-0.607705	0.318522	6.346790
1073	1	-9.800816	2.226482	6.956691	-3.894188	5.896718
1078	1	-9.896265	2.060492	6.537532	-4.500309	4.918287
1084	1	8.818002	0.412599	0.478783	7.750513	-4.024970
1088	1	-11.179043	7.320566	3.797096	-2.980230	5.550894
1090	1	6.501092	-3.892655	5.343656	0.821409	-2.509917
1091	1	8.577395	-0.671140	7.188793	0.606806	-0.593037
1096	1	-11.780125	5.815030	2.188538	0.766051	9.160533
1098	1	6.104812	-7.376186	7.804430	-0.348559	0.334693
1099	1	-13.920796	8.429493	-10.434769	6.521277	4.670711
1105	1	-10.045749	3.573045	3.896194	-4.805003	6.514067
1107	1	-11.110655	6.352334	1.318951	2.959538	8.346471
1112	1	7.976655	2.838816	-1.742884	6.937772	-1.632224
1115	1	-12.624595	7.286638	0.181505	-2.065341	4.995257
1119	1	6.632656	0.699630	1.238224	4.019698	-0.267474
1121	1	4.495610	-4.426812	6.492840	-5.159732	4.812435
1127	1	-4.694118	6.036498	-2.033742	7.510987	-0.584919
1133	1	-3.003949	2.296326	5.878983	-4.672685	8.594903
1134	1	-5.499206	0.627706	7.873057	-2.956865	6.530531
1137	1	-4.354594	1.395131	7.298644	-3.365535	6.846559
1139	1	6.344371	-4.652522	4.128912	1.055627	-6.348347
1141	1	9.639201	-3.197243	4.343659	-0.701236	0.320504
1145	1	6.485906	1.131522	0.174832	9.241345	-8.054104
1156	1	-8.707250	0.655004	7.005748	-1.217738	7.405681
1162	1	-9.645471	8.497819	-4.726242	8.530814	1.414093
1180	1	-10.336171	1.767638	8.009010	-3.083739	5.697359
1181	1	7.631511	-8.903607	5.912101	0.444901	1.483518
1182	1	4.571384	-10.478537	8.783709	-0.791806	3.411615
1192	1	7.154873	-4.554329	7.833308	-0.081370	0.189985
1196	1	-10.435563	6.776773	-2.208159	1.599493	8.590785
1203	1	6.412650	-6.530994	2.077981	8.904193	-4.841764
1209	1	-7.046124	-0.418876	6.790950	-2.914747	7.310182
1213	1	-5.781738	2.482090	6.765094	-6.487418	7.209058
1215	1	8.802807	-1.894626	2.458931	8.011522	-3.193989
1216	1	7.109736	-6.814885	6.009915	-2.754764	1.077523
1232	1	7.831388	-5.481338	5.506185	-1.059351	-1.995077
1242	1	6.554936	-7.211766	0.478387	6.352580	-3.964870
1245	1	5.632988	-7.519715	4.976793	5.064279	-8.004834
1247	1	-6.901879	0.747501	8.015247	-2.640430	9.454908
1249	1	5.908757	-0.183656	3.160477	4.269210	-6.808298
1251	1	-6.089234	8.373320	-4.459904	7.659425	-0.257013
1252	1	6.476259	0.322733	-1.470231	5.588364	-5.266299
1256	1	7.988086	0.148373	-1.676644	4.970088	-5.247253
1262	1	-14.469658	6.449056	2.537903	-0.098005	6.873675
1267	1	5.776603	1.451647	1.734099	7.625348	-6.837490
1282	1	-5.662979	4.656793	3.981246	-1.677033	7.786418
1285	1	-7.666018	3.167595	7.791148	-3.480909	7.873902
1288	1	-6.031668	5.817231	-1.122385	7.028064	1.925094
1291	1	-4.417605	6.365264	-6.671482	7.800960	-0.375107
1294	1	-6.462864	6.369581	1.920968	1.243355	3.486065
1300	1	6.555764	-7.067495	7.701990	0.057221	1.085448
1304	1	-6.660647	0.907014	6.219999	-7.577448	6.632790
1308	1	6.765225	-5.810165	6.873551	3.776735	1.016020
1312	1	8.955384	-3.088918	2.146372	6.027396	-4.904073
1314	1	-3.844928	-2.116701	9.568311	-4.096693	5.775871
1319	1	-6.746749	-1.646618	7.496700	-4.172553	9.580847
1323	1	7.632342	0.562304	-2.060349	6.935596	-5.168264
1329	1	-13.253871	7.159876	1.191770	-4.244140	7.163439
1330	1	9.611279	-6.696058	3.689603	4.707064	-6.659915
1336	1	2.619565	-0.042022	7.043159	-6.570946	5.739497
1360	1	6.602256	1.528158	-3.811582	6.367833	-3.590818
1363	1	-10.660388	5.708548	-3.794798	-1.834494	6.850595
1365	1	-1.557406	5.880423	-2.866457	7.373051	1.556970
1368	1	-10.091707	7.735184	-7.540138	6.311411	3.804602
1374	1	-3.952789	-2.545222	6.384605	-4.139381	6.659341
1382	1	8.980059	-3.865060	9.402153	-4.662693	2.439582
1387	1	7.210400	-6.796522	7.007625	3.414847	-3.557237
1389	1	4.925090	-6.711918	7.471116	-3.783087	4.004269
1397	1	-4.716019	0.392382	9.430608	-3.999566	6.542097
1398	1	-5.614178	6.501759	-0.322567	-3.907375	8.985113
1399	1	-12.196345	6.662610	0.335103	-3.857948	7.635285
1402	1	-11.570030	7.879578	0.726922	-3.820193	6.410054
1411	1	-11.189017	5.933786	2.121541	0.876525	6.906144
1412	1	-4.917978	-0.590225	6.813803	-6.671844	6.430134
1424	1	-12.120638	9.308134	0.179061	-0.542028	5.821156
1429	1	7.320244	-3.616840	6.793965	0.909000	-0.230713
1432	1	-8.875449	8.827372	2.857124	1.616850	5.198662
1435	1	-6.712224	6.911750	-3.864416	-0.556978	7.315262
1436	1	-3.634887	1.063450	5.071962	-2.129193	8.596496
1439	1	-16.474795	5.482731	-1.317564	2.500722	8.424319
1441	1	7.629463	-0.554111	3.870842	7.142659	-5.737322
1448	1	5.985897	-3.045673	6.906520	1.328154	-3.938947
1449	1	6.846372	-0.926397	0.944955	6.216669	-3.605502
1450	1	-7.260542	8.656943	-0.165886	-3.153081	6.731967
1456	1	8.668227	-6.761004	6.204882	-2.128207	-0.089060
1458	1	-12.203813	6.737368	-0.578596	0.308498	5.887901
1462	1	7.592345	0.336115	2.150027	9.423654	-3.922006
1463	1	-5.409608	5.896710	2.155962	-1.668215	7.853855
1474	1	-5.404098	8.514281	-5.867181	6.741604	0.624018
1489	1	7.687658	1.104892	-3.523521	6.631234	-4.750181
1509	1	-10.175980	7.484131	0.719458	-3.988616	7.617271
1516	1	-8.129177	0.720682	7.705118	-6.099783	6.692834
1525	1	-4.880348	6.510831	-3.351234	7.601235	-3.877296
1538	1	-5.811551	-1.290128	6.573827	-8.615228	7.289602
1540	1	-7.361201	0.467023	9.253625	-4.654511	7.548409
1551	1	-5.873585	6.194466	-8.288786	6.637900	0.240782
1556	1	-9.750576	6.828584	-3.850308	0.244208	8.064996
1558	1	4.379028	-1.948973	7.087403	-2.239930	5.567522
1562	1	-8.844500	8.852306	-1.108594	6.410333	1.158415
1563	1	-2.250948	1.241160	6.797819	-3.453822	6.675802
1566	1	-11.140178	7.024216	-2.463558	3.874470	7.581815
1575	1	5.835889	0.487355	-4.182204	6.597797	-4.986997
1576	1	-6.349862	-1.647051	7.076251	-3.738518	7.627735
1577	1	6.695507	-6.096408	8.693355	-0.088062	0.106157
1596	1	7.360351	-4.086203	5.689942	3.792955	-3.760846
1617	1	-11.828287	5.809142	5.029604	-0.391335	7.577677
1621	1	-11.631248	6.642410	-1.717018	0.277106	7.831137
1624	1	7.798926	1.307383	-0.013599	7.048792	-6.003390
1628	1	6.027725	-5.239702	9.469111	-4.069857	3.670492
1638	1	3.359670	1.051016	6.246094	-2.627887	1.368475
1653	1	7.162207	-4.750549	7.829419	-3.616762	1.159727
1654	1	7.173244	-9.428721	5.101745	5.147583	-4.727316
1664	1	-7.892690	9.034246	-3.735671	6.918667	-0.983640
1665	1	7.877097	-3.109966	6.330106	1.027416	1.859503
1668	1	-6.426072	6.981236	-3.850815	7.030509	-1.589910
1669	1	8.826413	0.025997	2.192274	7.929395	-3.536948
1671	1	-1.365704	1.963779	5.699725	-8.675190	8.292235
1673	1	-10.344937	9.416634	-2.107504	0.154007	5.216123
1677	1	-10.901129	7.416457	-8.062990	1.497292	7.962141
1687	1	-5.666027	6.879442	-10.104418	5.835631	0.164569
1689	1	-11.889446	6.953893	3.037042	3.311165	8.496034
1691	1	-12.199457	8.167294	1.700700	0.160848	8.943029
1693	1	6.035467	-2.720943	6.075339	-0.789304	3.674102
1694	1	7.998149	-0.732455	8.566109	0.944033	0.619610
1697	1	4.024712	7.300989	-6.360025	6.647443	-3.344164
1708	1	5.448630	-1.446770	-0.702194	7.237314	-1.063440
1711	1	-6.501491	-3.350039	5.525675	-4.648494	7.766559
1712	1	0.156314	-3.192243	7.240530	0.416461	4.385893
1719	1	1.060400	8.659592	-0.278851	9.281005	-1.256344
1720	1	6.782090	-5.420796	7.551431	0.308113	-1.454517
1722	1	-10.901059	3.933491	4.646020	-7.569563	5.404617
1723	1	-10.867516	0.583124	6.553439	-9.109993	6.801841
1725	1	-9.651867	7.506496	1.826519	-0.233274	6.474216
1728	1	-4.796443	8.394116	-7.041565	7.164002	-0.795970
1737	1	6.150757	-4.032375	3.150494	5.906324	-1.472167
1741	1	-10.198874	1.133288	6.786067	-8.726552	7.921784
1742	1	6.233456	-5.540282	6.003947	-2.288375	-1.478612
1748	1	-4.758597	6.781208	-6.041614	6.220783	1.298521
1749	1	-11.362788	9.191431	-6.183785	5.525111	6.194269
1761	1	-5.459048	7.452224	-4.255960	6.977546	-0.923175
1768	1	-13.793646	6.668570	-5.094491	3.466121	7.866031
1773	1	7.855562	-6.804674	6.319367	-1.773755	-0.287013
1777	1	-5.894945	8.550922	-7.708784	4.838955	0.584077
1786	1	6.503915	-2.730887	6.049470	1.511378	-0.889528
1793	1	-10.597682	5.924322	-6.586633	7.430771	-4.689242
1803	1	-8.451380	-1.464280	8.393931	-3.967142	5.380557
1804	1	3.877858	3.354616	0.695597	2.920530	3.030417
1805	1	-7.511522	6.728914	-7.928651	5.026072	2.972950
1806	1	-10.798329	6.795002	-1.929233	2.200065	6.662069
1808	1	6.912184	-1.672598	-4.677011	5.590049	-4.921762
1819	1	-4.175550	5.195651	-5.803263	7.233023	-3.127801
1822	1	-1.178799	6.920305	-4.607664	0.531971	3.685841
1825	1	7.504766	-3.505426	9.030398	-4.221650	1.615489
1833	1	-14.211938	6.487055	-1.938648	0.070593	6.656903
1838	1	6.695701	-3.926597	7.643257	0.076954	1.494117
1840	1	8.237132	-2.084708	-2.292604	6.152052	-7.311514
1843	1	-14.543043	6.012110	5.491565	-7.700785	7.789250
1847	1	-7.810058	8.410089	-1.880033	3.368249	5.328830
1876	1	-3.186418	7.590349	-7.297735	8.647951	0.162866
1881	1	-6.869688	-0.995599	6.860373	-6.850526	6.516559
1884	1	-5.899696	8.025950	-6.102906	6.070851	-3.878196
1887	1	6.730484	-2.421581	-3.878496	7.369212	-3.243727
1899	1	6.407211	-1.437394	6.905973	0.500518	-0.251995
1900	1	7.260435	-8.840799	8.053638	-0.500430	-0.340361
1903	1	6.076695	-1.577700	2.646316	3.851329	-3.586585
1911	1	-5.118308	1.695531	6.304892	-7.749353	7.779912
1920	1	8.628992	1.500472	-5.989641	6.673292	-4.854431
1929	1	-7.437915	7.501310	-1.483933	6.380647	-0.375439
1933	1	4.555561	-5.922644	6.435590	-1.997958	3.865805
1939	1	0.395835	7.525159	-6.106475	7.068832	-2.089205
1940	1	7.772288	-1.777521	0.653421	7.662309	-5.941641
1941	1	-9.556434	6.326352	1.722813	-2.684985	8.157671
1943	1	-5.780106	7.678957	-0.113120	3.182828	2.747695
1945	1	4.150158	-2.111820	7.778858	-0.592641	0.654157
1950	1	8.049353	-6.654759	2.445872	6.522611	-4.268260
1959	1	-14.337058	7.526976	0.056287	3.607493	5.285749
1961	1	5.607277	-3.260128	8.408068	3.052090	-4.105654
1977	1	6.999299	3.447203	-6.113953	7.496468	-1.962584
1992	1	8.658921	-5.749811	5.357150	1.563249	-3.406987
2008	1	-6.187315	9.248811	-3.245654	8.105022	1.181247
2013	1	6.737847	-3.981454	6.337096	0.117794	1.668133
2015	1	-6.244315	-0.182393	7.084678	-6.167084	9.287642
2016	1	-8.296095	8.053930	-7.203695	6.384471	4.309615
2022	1	-5.630790	6.534638	-3.678068	7.756848	-0.580399
2030	1	9.081530	1.221392	2.853615	3.463411	-1.673640
2041	1	-7.137359	8.389828	-1.841677	6.488002	-1.782902
2045	1	5.564945	-3.617549	5.577488	-2.429414	1.005620
2054	1	7.239059	2.482646	1.365654	6.155420	-6.500206
2058	1	7.628567	-2.153982	6.612581	-1.687220	0.087168
2062	1	-9.833929	8.667141	-3.255776	8.548583	3.487472
2064	1	-7.796391	7.292671	-2.151488	1.484421	6.742843
2069	1	9.597581	-0.249010	2.874878	5.504989	-10.684890
2077	1	-7.273280	1.031183	5.898966	-8.092471	7.417188
2083	1	7.724931	-6.571407	1.659170	7.777268	-4.081630
2085	1	-11.368403	6.043401	-1.121228	1.542304	6.571810
2087	1	5.888177	-3.053518	7.491757	-7.157265	3.116050
2093	1	1.569096	-0.280179	5.526008	-5.068990	3.662162
2109	1	-12.705145	6.335304	-2.822299	-1.422702	7.551319
2111	1	-5.679531	5.949365	4.059931	-2.417056	5.774016
2112	1	6.457324	-4.313783	8.418562	1.001170	-0.142113
2118	1	-7.732704	4.098911	2.124413	-3.963762	8.182166
2123	1	3.607887	3.950480	-0.816298	7.647203	-1.705707
2128	1	7.853072	-6.982962	2.626538	5.974876	-3.973360
2158	1	8.548615	-4.981473	5.301551	4.413168	-6.213471
2160	1	7.171817	2.702722	-1.622692	8.264247	-6.271654
2166	1	7.879021	-0.658163	-0.915267	5.688050	-7.729707
2177	1	5.502069	4.533345	-3.943834	5.523176	-0.464707
2178	1	6.734493	-0.172675	1.742664	6.397734	-4.390402
2190	1	8.186669	0.191591	-0.964981	6.829467	-3.107720
2192	1	3.281018	5.109808	-4.696562	6.599368	-2.166061
2197	1	7.886146	-5.715598	7.751459	1.364989	-1.067600
2213	1	-6.431896	2.422769	7.732214	-7.410000	9.580458
2214	1	-9.624322	6.365468	2.898439	-5.356613	7.202449
2218	1	5.847508	-7.831133	5.977982	-1.489908	-4.275895
2223	1	5.475146	0.511750	0.739793	8.266546	-3.387370
2227	1	9.148165	-0.185378	-1.482239	7.800668	-6.166602
2246	1	-4.999015	4.787194	4.859476	-3.465230	9.212774
2252	1	-6.647379	7.251373	1.317601	-0.418308	6.763302
2253	1	6.361969	-0.093769	-0.516700	7.553440	-4.133531
2265	1	7.448307	-0.413457	1.860635	6.518959	-5.472291
2272	1	-6.552376	-1.692031	7.462077	-3.309105	9.289021
2275	1	-9.291544	6.890580	-5.110017	2.419911	7.844728
2276	1	6.945348	-7.074490	7.497432	2.332005	-0.710981
2279	1	8.120822	-3.885280	3.440902	6.935157	-5.490482
2281	1	6.603257	-3.120699	8.718841	2.719250	2.066034
2284	1	-6.775092	7.908337	2.746362	-3.209098	9.597543
2292	1	-7.262819	5.760297	-8.200927	7.175841	2.870030
2294	1	-10.487997	6.843485	0.359247	0.278160	5.313810
2297	1	6.429577	-8.400730	2.991399	5.924609	-8.330025
2306	1	-12.847073	8.564490	0.223875	0.328040	6.756817
2308	1	-6.816551	8.125593	-0.539324	1.078390	5.267547
2310	1	6.619252	-4.021868	8.452276	-0.228089	3.382184
2313	1	7.369272	0.905336	1.219670	6.716677	-4.203291
2315	1	-1.925368	-0.073100	2.685279	-0.227144	7.318787
2316	1	-8.362087	2.721294	5.096333	-2.289208	5.661047
2317	1	7.817923	-6.022195	5.791797	1.831002	0.507948
2321	1	3.806685	-8.150656	1.673164	7.682092	-7.133336
2328	1	-9.388769	5.881677	1.759881	-4.604373	6.121361
2333	1	-11.355916	7.729498	-1.277530	0.330406	5.393601
2335	1	5.123568	-3.789622	9.038747	-0.942575	1.449987
2337	1	5.942891	-5.945492	9.302950	0.056039	-0.435339
2339	1	6.270790	-5.139112	-1.196294	6.531603	-5.416728
2364	1	-7.247233	4.153850	7.409846	-3.471680	4.275538
2366	1	5.513878	4.688604	-5.029387	9.493033	-6.827536
2371	1	-11.154685	8.839911	-2.330802	-1.445983	7.347319
2403	1	6.207488	0.543434	-2.570503	8.659218	-1.222885
2417	1	-4.560318	7.446786	-4.359934	8.034877	-1.181124
2425	1	-13.798043	6.857957	0.914374	-5.384082	8.145960
2431	1	6.505899	-5.430279	5.982869	0.732543	-1.249355
2441	1	5.097183	3.022432	-3.257296	5.517611	-3.340331
2457	1	-10.805840	9.332493	-6.181869	9.183834	-0.251379
2461	1	-6.960788	7.059661	-7.032203	6.672243	-1.243540
2469	1	4.969917	-0.268233	0.004734	3.268677	-3.433664
2478	1	8.315480	-8.480901	7.058589	-6.115303	3.756135
2481	1	-11.128484	6.926385	-2.948287	1.286374	6.870398
2482	1	7.456984	-3.909993	0.121552	8.854508	-8.825573
2484	1	7.831980	-0.524755	1.629835	5.463970	-4.730126
2485	1	-10.294643	6.832991	1.041501	0.130488	7.325188
2486	1	-14.074719	5.110361	1.451726	1.451154	6.417928
2488	1	-5.224885	1.661679	9.315382	-0.378742	7.691965
2496	1	-6.572534	1.096415	8.649968	-3.452452	8.314267
2498	1	4.897196	2.641258	-1.055508	6.702309	-3.145012
2500	1	5.855035	2.698654	-0.502093	4.861921	-3.930976
2502	1	-2.604511	-0.645865	6.014181	-5.470582	8.630466
2513	1	-7.074248	8.623383	-4.539348	5.483050	3.668009
2517	1	7.542376	-4.130356	5.695040	-6.847996	3.540904
2526	1	-10.511394	6.984246	-4.211903	6.476374	4.034056
2533	1	5.683258	-4.350609	7.502954	3.179561	-8.019246
2536	1	-8.371569	5.581742	5.197992	-2.748878	8.273526
2537	1	4.230309	-4.619198	7.045549	-0.859755	1.287016
2540	1	7.070412	1.275665	1.191811	8.555766	-6.448017
2542	1	-11.679282	6.733465	-2.288934	5.442222	0.138871
2553	1	6.559776	-1.364811	2.356444	6.259245	-3.965823
2563	1	-9.198868	7.915971	-0.395905	-1.074816	8.541988
2569	1	8.019589	-8.679449	6.367830	0.796914	-0.420470
2574	1	-6.714873	0.488909	7.223012	-2.109184	8.930634
2580	1	-2.095707	4.044954	5.343895	-5.990629	8.289140
2600	1	-13.570314	8.184470	-0.211278	-0.963549	6.978947
2616	1	-5.251122	7.921753	-7.320878	6.221680	1.983591
2620	1	-9.716021	6.665643	-3.516662	4.309800	0.399374
2633	1	-7.304361	-1.397998	6.310551	-1.789297	6.398683
2641	1	-8.010141	4.556488	3.747643	-4.381179	8.512419
2644	1	1.484213	-5.590226	7.030554	-5.718659	8.947232
2658	1	-4.363302	8.372694	-4.352892	6.361036	2.132245
2665	1	-2.333266	-0.229490	8.192155	-1.412919	7.760716
2667	1	5.819198	-7.089119	5.204548	0.411776	2.136129
2675	1	-5.305553	-2.089758	6.561990	-0.495076	7.824063
2684	1	3.869047	5.005227	-0.622508	7.919043	-6.963312
2685	1	-5.989799	-1.052371	5.996144	-4.572976	7.105730
2692	1	6.921916	-4.203094	7.048793	0.078097	-0.795041
2696	1	-9.954558	6.687760	2.354694	-0.352059	8.010175
2697	1	-4.110583	-1.303312	7.847959	-8.702297	7.335437
2702	1	5.455008	-0.428629	0.027887	9.395198	-3.278354
2710	1	6.614058	-5.322354	9.555077	-0.188354	3.038885
2713	1	6.707606	-1.939465	1.398429	7.891105	-6.629850
2734	1	-6.130152	7.544401	-8.438274	6.479502	1.588399
2741	1	-3.504443	5.966242	-5.777891	8.744039	-2.011518
2745	1	6.579095	-0.362861	-0.028410	7.800742	-2.355411
2759	1	6.459354	-8.224623	7.716458	-1.527850	-2.618535
2760	1	7.376729	1.015470	-1.405201	9.714961	-4.983760
2767	1	-9.611974	6.835950	-2.403781	-3.711540	7.795051
2776	1	7.043704	-3.761883	5.090386	2.662323	-3.631947
2785	1	-5.504555	-4.775907	7.907174	-3.467213	7.167840
2786	1	-5.336465	-1.235825	4.125199	-5.057861	5.751023
2788	1	6.641401	-5.293572	8.213810	-0.542534	-0.523190
2796	1	-8.612281	5.935566	-7.034495	6.900165	2.424550
2798	1	8.162818	-0.043301	0.782782	7.528167	-8.541481
2803	1	-13.216474	8.621253	-4.606737	2.392306	7.465570
2810	1	6.013371	-2.325812	2.031448	6.955266	-4.064926
2814	1	6.869109	1.243328	-0.819669	6.313391	-6.864699
2821	1	5.730450	-2.159802	3.361411	6.128392	-0.397858
2822	1	-11.398230	8.302368	-5.059171	4.728963	5.425072
2824	1	7.955767	0.727472	1.272230	9.204218	-9.299874
2837	1	5.810970	3.788423	-2.581322	7.070016	-8.173754
2842	1	-4.633185	7.977648	-0.530882	8.147552	-2.049623
2846	1	8.916684	-0.381439	2.078124	5.922344	-4.498869
2847	1	-5.262721	-0.391796	5.725436	-4.947012	8.154509
2860	1	8.430426	-6.588822	1.902146	6.373437	-3.898227
2879	1	-3.809837	8.254339	-5.391104	4.216543	-1.141508
2882	1	6.473184	-2.108503	-4.093814	8.119720	-2.041316
2883	1	-12.489415	7.549009	2.802491	-3.014104	6.781264
2886	1	5.908245	-3.658063	4.981616	2.082078	-0.444983
2894	1	7.192388	-2.683721	4.797317	2.434706	-1.017430
2903	1	8.978275	-3.251836	7.488497	-0.062138	-2.725452
2921	1	-5.408774	-0.553820	8.151419	-8.572090	6.870817
2924	1	8.494587	2.298483	-0.368902	3.645911	-2.111113
2928	1	-1.871966	6.875219	-4.455974	6.686235	-2.823315
2930	1	6.337326	-4.614246	3.012991	2.047697	-1.670317
2932	1	-9.508892	7.514085	1.103081	0.019295	6.689295
2963	1	-4.639065	6.766966	-6.732374	7.400685	-2.039797
2971	1	5.890771	-5.478546	4.355321	-0.504168	-1.518435
2977	1	-3.008719	3.100772	6.724719	-4.188301	9.368151
2980	1	-4.340446	0.651698	6.474524	-1.300454	7.424110
2982	1	-13.814404	5.727928	-0.631714	-2.953100	7.944814
2989	1	-5.039514	6.857969	-1.149475	6.327007	-0.289528
2991	1	-8.425142	7.948379	-1.055538	3.371970	6.121465
2994	1	-4.591724	7.418842	-1.444719	8.265128	-3.238115
2998	1	-7.426923	7.154735	-5.719378	7.003102	2.646280
3001	1	-7.688751	0.214263	8.341817	-1.361408	6.466464
3027	1	8.324108	0.086168	0.793582	7.460056	-6.648473
3034	1	-9.523077	8.314944	-3.471012	3.084931	6.339848
3045	1	6.663520	-4.302554	9.247199	-4.124651	1.520999
3052	1	-12.818980	3.345757	5.344419	-8.285990	5.645697
3054	1	7.219874	-5.412392	6.475570	-1.862558	1.003846
3061	1	6.741093	-4.447387	6.737135	-2.843325	-0.978106
3068	1	-10.488839	6.629479	-5.982087	3.700239	5.588116
3076	1	0.043365	7.221278	-5.271366	6.068706	-0.090309
3081	1	-5.200603	9.191752	-5.928035	7.333214	0.064247
3089	1	-12.615466	6.185924	2.009173	-4.652192	9.287452
3091	1	-9.108309	6.280036	1.998416	-0.630217	6.604265
3109	1	8.153537	-5.690195	6.333432	-1.287077	-3.342198
3129	1	-12.604179	6.311665	1.618599	0.372541	6.863243
3130	1	-10.011391	6.775631	1.222449	-1.908543	9.132253
3138	1	3.782565	-5.620568	7.439061	1.131071	1.418561
3153	1	-5.941818	1.240298	6.621236	-4.454506	7.672310
3155	1	-11.214212	7.914911	2.799597	0.636596	8.222990
3156	1	7.464970	-5.447581	7.264819	-0.117672	2.109543
3164	1	3.542488	6.603993	-5.736009	6.881179	-0.440611
3167	1	8.047919	-4.007361	6.171963	-3.575085	3.333277
3171	1	7.887105	-9.250202	7.338452	2.516856	-1.403929
3173	1	5.043471	-7.496726	4.517298	-4.411564	-5.003351
3179	1	5.417791	-2.737804	2.786496	6.424672	-5.201832
3183	1	5.930391	1.524245	-1.042753	9.257496	-5.459641
3188	1	6.967390	-3.991285	8.825454	-1.690102	-0.770651
3201	1	0.739169	7.363408	-6.071043	9.780088	-5.584319
3203	1	8.762570	-5.343397	6.939205	-0.057579	0.739938
3207	1	-5.062679	6.289163	1.455810	-1.784021	6.492074
3212	1	-5.623685	0.148332	5.812678	-4.155039	6.329051
3217	1	-2.083280	6.968091	-6.989260	9.122401	1.481714
3222	1	4.106501	-3.705513	6.429008	2.037151	-6.243436
3223	1	-6.501915	7.259624	-2.542290	7.578740	2.106298
3227	1	-8.284806	1.838076	8.370908	-6.276072	8.234889
3228	1	6.262231	-6.691165	6.997368	1.944709	-0.157728
3230	1	-6.254517	6.588943	-5.039370	6.081196	-2.127431
3235	1	8.381426	3.469875	0.057206	9.353555	-5.459711
3241	1	-11.604435	6.322715	-1.179354	1.982972	6.813613
3243	1	6.029093	-0.280366	-0.915637	6.659724	-4.164442
3245	1	3.646168	-6.770251	9.058049	0.081199	5.072151
3247	1	-8.375583	6.787182	-9.589734	8.207099	-2.438690
3261	1	8.834707	-0.297195	-0.765189	6.352835	-3.609018
3264	1	-4.301420	6.797990	-3.482988	7.695434	-1.603362
3266	1	-9.071828	6.466003	-2.508805	0.585696	5.293572
3275	1	-9.641813	1.513958	6.829439	-6.058303	8.902076
3291	1	-3.964652	1.417612	5.219129	-0.559301	7.544417
3302	1	-6.151668	8.326490	-5.536073	8.031859	-1.178815
3315	1	7.077821	1.847501	-5.359613	8.455852	-4.296341
3317	1	7.956759	-1.942548	8.254000	0.545306	-4.994410
3324	1	8.048435	3.163201	-1.332657	5.702994	-5.642063
3326	1	7.111257	-2.602273	6.650308	0.494737	-1.763227
3327	1	4.192916	-3.470651	6.822120	-4.145373	-0.164812
3334	1	4.949545	-3.983202	-0.046201	7.657574	-2.726561
3341	1	-9.537097	7.063426	-0.594607	4.616223	0.401591
3344	1	5.212504	-6.978180	7.343129	-0.629332	4.128513
3349	1	6.314169	-4.196784	6.612023	0.567720	-0.432047
3354	1	-6.525040	9.347979	-5.359306	4.416941	5.861123
3355	1	4.747625	-6.720065	5.803960	-1.629963	0.728245
3359	1	2.726512	-3.558092	7.719414	2.503406	-3.620944
3366	1	-5.627433	0.545846	6.029132	-5.789045	7.556271
3380	1	-2.746556	-2.315654	8.349128	-5.745128	8.694047
3381	1	6.787597	1.512344	-2.503340	4.446341	-5.921694
3383	1	-0.599980	1.098159	6.187143	-4.665698	6.354951
3392	1	4.059753	-3.942783	6.587386	4.068867	0.546547
3402	1	-4.965172	0.688627	7.756834	-7.192378	8.232168
3404	1	7.883986	-3.630502	6.863664	-1.732526	1.858324
3408	1	5.838064	-3.186591	5.272497	3.569405	-4.069444
3414	1	-5.718864	-0.189939	9.430804	-5.711474	9.731771
3418	1	6.149454	3.052546	-5.878647	8.781774	-0.092281
3420	1	7.313866	-1.753343	4.323938	3.170270	-0.969137
3422	1	6.499773	-8.167575	5.633145	5.205569	-3.692859
3424	1	6.394406	1.597088	-0.505778	9.235679	-3.136218
3428	1	-7.667936	6.717920	-7.440261	8.173340	1.550371
3439	1	-12.225688	9.342613	-4.674204	3.828893	1.778222
3450	1	-4.500578	-2.728924	8.292298	-3.639513	7.053578
3454	1	8.286455	-3.236742	8.087014	1.407201	-0.225472
3457	1	9.162890	-2.847033	3.537622	7.150961	-6.925000
3459	1	-7.737967	8.998964	-2.620274	2.464801	7.861678
3466	1	2.255375	4.823511	-5.047550	7.220664	-0.808269
3468	1	8.807794	-8.062033	6.708250	0.529768	-1.213258
3481	1	-7.942240	5.968069	-3.463647	5.206257	0.731648
3484	1	-4.355859	6.804705	-1.035760	2.394660	5.319264
3488	1	-9.415201	4.094684	-5.322294	6.014496	0.216616
3499	1	-9.454340	7.073233	0.678342	0.232983	5.875256
3503	1	7.728904	2.268572	2.625847	5.398065	-0.591189
3506	1	7.331808	-0.775995	0.637489	6.812917	-2.599790
3513	1	-6.763027	5.055145	0.877364	-0.807301	9.872483
3514	1	-8.135213	6.305274	-3.993065	8.813272	-1.812875
3517	1	6.275214	1.992021	1.663562	6.798856	-2.844281
3528	1	7.230099	-6.980523	6.892224	-0.733928	-1.573964
3533	1	6.357528	-4.421075	5.958963	-0.669657	-2.547039
3536	1	-11.727335	7.841196	-0.856085	-1.333034	6.750050
3540	1	6.468223	-6.536853	5.928421	2.027411	-2.099060
3550	1	-3.686198	8.399002	-5.002627	6.760378	2.187162
3552	1	7.423495	-10.005898	6.449149	1.344918	0.408769
3553	1	7.949790	-0.274090	-2.338149	7.095129	-1.996301
3558	1	9.092943	-3.016517	5.413918	-3.079145	0.965388
3560	1	9.467056	0.891555	0.570453	5.855344	-3.398433
3566	1	8.694043	-4.379429	4.122069	0.783232	0.146105
3567	1	-2.633418	6.277736	-5.542185	6.589584	0.100540
3568	1	7.063641	-0.194721	4.112094	5.423010	0.661535
3571	1	6.843169	-6.288642	8.190082	-5.567670	3.766371
3572	1	5.672484	1.956686	-4.097318	6.913812	-5.708815
3579	1	9.011698	-4.754274	7.223315	0.528057	0.364885
3584	1	4.327742	2.836300	-6.779900	8.119274	0.372624
3587	1	-9.874657	8.112515	-5.969084	8.356253	-0.626763
3589	1	3.459959	-4.748328	9.723224	-7.473796	2.061710
3603	1	8.018745	-5.699122	7.369110	-0.618482	-0.265304
3607	1	-4.920461	0.574121	7.117286	-7.083909	8.043365
3608	1	-3.453653	7.037504	-4.413536	6.627576	-0.197322
3609	1	3.373019	-6.942566	6.638542	0.358235	2.007583
3624	1	-6.790494	5.656163	-2.930199	7.775444	0.752542
3628	1	-12.379526	8.288563	1.051015	0.125406	6.310341
3633	1	4.223480	-7.161800	7.281193	-5.149789	5.404117
3641	1	8.115404	-2.845329	7.815677	-0.338679	-0.023812
3646	1	-9.300366	6.863932	-3.404087	6.014068	0.619894
3656	1	-10.079577	6.941889	-6.390282	8.884490	3.422973
3657	1	7.746412	-2.450991	3.315333	3.546202	-1.855580
3660	1	7.740690	-2.466166	0.703496	8.395627	-4.915069
3665	1	-5.511555	6.663150	-8.259009	5.448088	3.090343
3669	1	-10.287416	9.314406	1.786240	-3.986741	6.460368
3677	1	1.895926	6.272894	-4.790044	8.934114	-0.360609
3682	1	-9.897603	9.419266	-2.511793	2.168872	4.723809
3699	1	-10.378645	6.380147	0.130362	-0.522856	5.810825
3702	1	-14.675942	5.810840	0.036316	0.622296	7.009190
3703	1	7.266198	-3.101034	-0.213257	7.143849	-4.019730
3704	1	-6.515208	8.936394	-6.497872	7.799666	2.986624
3705	1	-2.766650	-4.444393	7.772488	-3.521296	9.258659
3708	1	6.030541	-1.574036	3.435087	6.003721	-6.875451
3723	1	5.587619	-4.247816	7.482473	-4.799154	4.311903
3727	1	9.277630	0.149142	-3.243137	6.733484	-6.214942
3729	1	-8.333461	7.038376	-8.203624	5.825090	-0.596061
3741	1	-8.609555	2.143663	5.413528	-1.384541	7.066589
3756	1	9.136916	-7.304162	7.562533	3.016902	-5.714979
3765	1	-12.509290	7.701373	-1.072776	-2.358424	8.201535
3784	1	6.141964	-5.173713	7.825087	0.204973	1.637226
3789	1	3.100923	-3.762986	6.375468	-1.400072	3.681437
3796	1	7.271896	-6.753317	7.204879	0.798112	-0.724651
3797	1	8.786969	-4.933871	6.551732	-3.951527	2.161544
3798	1	-8.142880	5.423274	3.862108	-2.462377	7.093451
3799	1	-4.120140	1.576407	6.053046	-4.930515	3.200009
3808	1	6.025102	-5.679948	6.032156	1.300180	1.958906
3814	1	-7.943362	8.418429	-0.481476	3.304216	5.116787
3821	1	-7.227345	-3.794367	7.087728	-6.682910	7.612421
3823	1	-4.395097	6.426091	-5.354661	6.175229	2.156279
3825	1	8.162750	-2.290842	7.020285	2.520503	-1.154162
3828	1	-5.048023	-2.398846	7.582625	-4.657299	6.291778
3841	1	-8.712159	6.670899	0.865334	-2.031343	9.568319
3846	1	-10.419799	9.347586	-3.009650	6.133775	1.662417
3853	1	7.189370	-3.748718	7.197722	3.629966	-3.351858
3855	1	-7.202988	9.008843	-1.644982	5.977857	-3.327121
3867	1	-4.642376	0.290980	6.953890	-6.455942	8.963642
3882	1	-7.635978	-2.997253	7.207022	-1.321664	6.796760
3884	1	6.938409	-3.411540	4.629580	4.817906	-5.615619
3896	1	-11.078554	5.315184	-2.666997	8.242951	3.273857
3901	1	-10.332649	6.842280	0.033903	1.430570	6.804819
3904	1	-7.118198	1.125775	8.084300	-5.737490	7.229548
3913	1	-9.480237	6.431307	2.751701	-1.325464	5.401315
3921	1	-10.710524	7.354987	-2.531444	-2.753421	5.807256
3929	1	-6.114261	6.551457	0.460776	1.415184	6.736629
3930	1	6.817203	-3.503777	6.806432	-3.431469	-4.913335
3932	1	-10.432688	7.699084	1.508902	-1.259481	7.394631
3934	1	7.595996	-3.071437	0.133195	7.163474	-6.416379
3940	1	-15.716942	5.814826	0.054165	2.062221	8.571623
3946	1	-5.613703	7.025174	-5.468614	8.968815	-0.142653
3951	1	5.798225	-3.948747	9.663133	-1.838669	0.370693
3954	1	5.317067	-0.389162	6.873565	-1.640915	1.994527
3955	1	6.671131	-3.820663	2.068767	6.035627	-3.065778
3958	1	7.932696	-3.365647	8.038942	2.342574	-0.400010
3964	1	-3.980616	0.384460	7.603079	-3.739109	8.012228
3968	1	0.620707	0.676250	6.079281	-5.389733	7.962887
3969	1	8.151502	-3.165982	6.841381	-0.983917	-1.666636
3974	1	-15.156757	7.703772	-4.047564	1.022156	6.901881
3975	1	7.564923	-4.061668	0.007465	7.983703	-4.400359
3979	1	5.111120	-2.143344	-1.566444	5.442825	-1.117352
3984	1	-6.490961	6.823610	-3.518744	7.899524	-1.948672
3985	1	8.874898	-1.884988	0.978124	5.757436	-6.085966
3987	1	3.244983	-6.724905	9.654677	-3.564226	4.788016
3993	1	-9.780880	9.303521	-9.693688	1.829294	6.648092
3995	1	8.371214	-8.100780	5.409063	3.710105	-5.910672
4014	1	7.826370	-4.824071	9.123180	0.160821	-8.898169
4020	1	-4.764053	9.038436	-4.070941	8.053408	1.257534
4055	1	-3.919697	8.707453	-6.136402	9.258165	0.250343
4063	1	-6.589605	1.862674	8.484150	-4.584939	6.846667
4068	1	3.519387	-0.526433	-2.243058	8.439294	-3.632572
4073	1	-3.856703	7.940803	-8.972693	6.297118	1.174064
4075	1	6.769700	-6.410946	8.085646	-0.736196	-0.785313
4083	1	-7.446055	7.082357	1.775323	-0.666711	8.564962
4093	1	-2.418398	-2.444521	6.839672	-0.474164	6.217534
4098	1	5.523098	-7.026812	6.340735	1.961045	2.223611
4103	1	8.901987	2.178945	0.149735	8.050172	-2.226606
4115	1	7.898990	-0.240168	6.597113	1.218852	-1.612324
4125	1	-4.138348	9.385924	-5.935704	6.799277	0.402264
4128	1	-4.597577	7.195816	-7.178952	6.242588	1.840524
4141	1	4.644247	2.859122	-1.761281	7.402434	-2.225244
4142	1	7.828102	-0.975143	6.474964	1.744889	0.410447
4144	1	-9.069606	9.467938	-0.635770	0.940120	5.555599
4145	1	3.747334	-6.505897	6.277683	-5.941330	3.076684
4146	1	-9.975289	2.611510	6.955196	-2.281563	7.628278
4160	1	-11.376115	7.275069	0.291445	2.192058	9.035654
4161	1	5.771598	3.805001	-5.208012	6.615755	-7.116865
4164	1	8.394345	-7.257080	8.179950	0.473424	-0.098391
4188	1	6.843415	1.393572	0.125123	6.171545	-4.478650
4194	1	-9.538716	6.450545	-0.835876	3.213571	4.469845
4198	1	-5.345768	8.334920	-5.006650	5.930459	1.997037
4204	1	7.971299	1.284912	3.736133	3.374513	-5.806740
4216	1	-2.989598	6.522957	-5.362073	8.411693	-5.338342
4219	1	-8.347230	2.596816	5.880099	-1.811430	7.252409
4230	1	7.960429	-5.823508	8.116892	0.621119	-1.356217
4232	1	5.078265	-2.549678	6.018129	4.892514	-5.641809
4233	1	8.523726	0.092569	-2.410259	8.942231	-3.976878
4234	1	-14.128067	4.368310	3.901925	1.286289	8.360265
4239	1	8.851739	-8.062088	7.655055	0.336372	0.921100
4242	1	-9.289694	7.539665	4.248046	-2.864450	8.376942
4244	1	6.337374	-3.605611	6.918578	-1.832674	2.519400
4245	1	-5.388008	9.144890	-5.507923	3.415177	3.898109
4253	1	6.248384	0.988414	-0.347262	7.019368	-5.430978
4268	1	6.444817	-6.838819	7.657319	-1.192037	0.158983
4287	1	-4.303382	0.716558	6.614889	-6.411004	9.172421
4291	1	-5.006117	8.966621	-7.639800	7.594000	-1.902708
4294	1	7.620535	-2.439885	8.278217	-3.140401	2.011344
4298	1	-7.917058	5.571606	-2.982972	2.301711	6.304035
4303	1	-11.215934	9.524287	-1.119268	0.734352	8.357744
4306	1	-6.251027	2.130011	9.332506	-6.056904	7.605727
4308	1	6.935408	2.456460	-4.904031	6.676697	-2.688778
4312	1	-3.494081	5.811957	-3.299475	6.884554	2.445202
4313	1	8.527909	-3.015532	3.195248	3.308506	-3.776455
4324	1	-6.436777	0.273554	5.548766	0.175339	4.604838
4326	1	-11.960910	6.996606	3.702149	-1.869487	7.537086
4328	1	-4.541878	4.641713	5.339048	-1.055257	6.230089
4329	1	-8.537794	7.200245	0.194063	1.043307	7.586134
4332	1	-6.846441	7.795295	-3.685488	7.037308	-0.588804
4346	1	1.090863	-0.384650	8.555592	-2.311646	7.256855
4355	1	-4.665443	8.078232	-5.192760	6.828755	-1.559026
4357	1	4.994203	0.145038	3.418066	8.702369	-3.038818
4362	1	-4.666560	6.578449	-3.801129	8.253186	-0.163307
4370	1	-10.922581	8.080376	-5.366899	5.775042	3.068057
4373	1	6.306274	-4.840457	1.239958	5.893277	-3.932367
4389	1	7.400327	1.557952	-0.840358	5.724815	-8.530190
4396	1	-6.051118	5.604794	-11.604417	5.665703	4.016934
4398	1	-4.933486	-0.075160	7.913860	-4.580761	6.574275
4403	1	-11.116999	6.879638	0.896383	1.437760	4.598071
4409	1	6.591072	-4.369251	0.716746	7.188871	-3.048774
4412	1	7.986165	-4.121217	6.499686	3.360768	-3.113007
4427	1	6.834969	5.601318	-4.591378	9.101358	-6.218731
4428	1	-8.389089	3.308900	7.420870	-3.131596	6.673623
4433	1	7.353372	1.499484	-1.600150	6.795009	-7.147371
4435	1	-8.161376	8.639306	-2.795059	-1.898696	6.215416
4441	1	8.166886	-4.314506	9.140830	0.580548	1.041673
4450	1	5.592167	-3.214579	-0.579300	7.835751	-3.119253
4452	1	-0.787932	9.196622	-4.051320	7.387439	-0.442220
4459	1	-8.189754	3.547952	6.595673	-6.085573	6.707121
4464	1	6.254329	-5.526904	5.016707	1.964811	0.733874
4465	1	8.607463	-0.703003	-2.140681	6.801791	-4.540923
4472	1	6.801897	-2.397385	-0.594714	7.832892	-4.494806
4480	1	-6.371886	-0.278115	9.305304	-1.367476	6.410879
4490	1	9.086374	0.726074	-1.775186	6.224929	-3.637777
4491	1	-5.299104	-2.537111	3.199317	-3.313534	7.014555
4517	1	-4.165101	7.887578	-5.703300	7.774644	2.030322
4521	1	-11.493843	6.453062	0.090408	-1.303071	6.310403
4522	1	3.460971	5.888194	-2.721572	7.752973	-3.215155
4538	1	6.992469	-0.125287	1.834572	6.499744	-7.462366
4542	1	7.642034	-8.814592	7.618558	0.249825	-3.132382
4547	1	6.697657	-1.801002	6.317668	3.510699	-1.521899
4548	1	-12.457495	6.124502	-1.220311	3.199142	5.579071
4553	1	-7.672673	0.962814	8.181898	-5.380969	6.643257
4564	1	7.190214	-0.767881	-2.268225	6.379595	-6.297180
4579	1	-3.230950	7.244985	-0.832562	4.838671	2.032504
4584	1	-9.329659	8.506869	-1.894284	0.228761	8.177748
4587	1	6.541600	-5.729446	4.313287	5.760543	-5.061896
4593	1	9.180861	-8.082541	2.122479	8.764968	-6.734716
4597	1	-6.554408	9.450204	-5.208360	4.014124	4.796428
4603	1	4.933514	-1.650930	0.468901	8.432614	-4.045015
4618	1	-6.035859	1.184610	8.112984	-2.379566	6.567604
4628	1	-10.576173	8.048661	1.585323	-1.041716	8.132723
4632	1	6.002909	1.551925	-3.614285	8.137290	-6.102114
4636	1	-6.257942	7.346928	-5.397249	4.994735	4.120092
4655	1	-14.371185	7.688003	-0.212664	1.096198	7.870490
4657	1	-7.586106	7.858763	1.380869	-3.777804	7.062728
4661	1	-7.587092	1.387490	8.671574	-5.194154	7.186449
4670	1	4.179424	-1.379313	1.097212	6.071174	-8.553637
4680	1	7.335242	-5.199982	9.070611	0.066987	0.589357
4682	1	4.874722	4.700422	-0.439630	5.761261	-6.656993
4683	1	-10.395523	7.831580	-1.341942	2.417806	5.548699
4696	1	-6.367729	8.188735	-4.578525	2.026603	6.808777
4708	1	-10.410716	6.279389	3.427708	-5.676284	5.678585
4716	1	-4.687138	6.930552	-4.745714	6.566733	0.925266
4720	1	9.580475	-3.243517	7.026130	2.355313	-0.221892
4723	1	5.833786	-5.751853	5.570919	-2.199193	3.479882
4724	1	-11.440255	7.239741	-0.235730	2.653959	6.123423
4744	1	6.984195	2.072442	-5.961850	8.108654	-7.876723
4745	1	-8.152744	8.751024	-2.111976	8.687814	2.182955
4750	1	3.580556	-4.974609	7.782052	-2.502716	5.411495
4772	1	5.901580	1.837254	0.316413	8.324646	-4.224454
4791	1	-6.406723	4.436109	4.728701	-7.300784	6.601018
4792	1	-14.507629	6.848244	-2.196559	1.980930	8.722894
4797	1	4.420857	3.920585	-1.804475	6.639316	-1.959230
4798	1	6.889201	-0.088942	8.289089	-3.131937	-2.277933
4804	1	-5.405308	8.251960	-0.252003	6.459863	-0.605490
4805	1	-10.724491	2.811614	3.733770	-4.047117	6.634557
4811	1	6.414239	0.139281	4.921600	0.771870	4.208051
4817	1	7.859725	0.352756	2.924730	8.140808	-2.793560
4829	1	-4.381617	6.707059	-6.186104	6.153656	-2.633374
4831	1	7.222519	-7.699210	7.954510	-1.541199	2.452953
4834	1	-8.398872	7.202473	-4.624829	6.625958	2.009074
4842	1	7.823806	-4.919042	4.898654	-0.137998	3.339689
4844	1	4.766372	6.033551	-1.339210	6.726813	-4.078641
4863	1	-12.092516	7.980761	-4.088004	-3.888232	5.324911
4882	1	-9.618636	5.389417	0.265822	-6.776925	8.920182
4894	1	-13.894722	9.552835	-4.589440	2.028628	7.357275
4904	1	6.959716	1.046774	0.267178	5.417360	-5.861684
4909	1	7.211554	-0.547778	2.657651	9.248846	-2.969869
4915	1	-5.495544	-0.054016	6.938153	-3.654537	6.911573
4921	1	6.199945	-0.876900	3.116960	1.358626	0.254037
4934	1	-7.052731	0.468875	7.631560	-0.249501	5.062072
4943	1	1.560220	-2.270541	7.819198	-4.807436	7.385125
4949	1	-4.969119	-0.249585	8.199112	-2.421493	9.257577
4953	1	8.551354	-2.566800	-3.102034	7.742130	-5.967190
4955	1	6.928225	1.757034	-3.063369	7.079964	-5.679137
4968	1	-3.791271	2.002612	8.332672	-6.333181	6.912508
4970	1	6.391360	-4.689599	7.864207	-1.722227	0.360867
4986	1	4.911254	-6.469972	5.009648	-1.999412	2.305438
4989	1	5.734394	-3.592833	5.135624	3.678211	-6.513125
4993	1	6.319639	1.610216	-1.879291	8.002550	0.116630
5000	1	5.892586	-5.022508	5.858459	1.437439	0.578330
5019	1	6.109501	-4.132948	6.394198	1.176718	-2.325996
5020	1	8.402899	-5.191114	8.605672	-0.287833	-0.729653
5025	1	-7.912026	0.045606	6.282462	-6.714685	6.705279
5040	1	-7.117987	8.411544	-3.372020	7.863296	1.366245
5055	1	7.746125	1.338303	-5.218338	7.526490	-6.378297
5057	1	3.846257	6.143218	-2.682426	6.551743	-2.125316
5064	1	-4.646052	6.371953	-5.259865	7.471379	1.998985
5075	1	-11.488779	0.631333	5.920591	-6.387101	8.057117
5076	1	-8.484718	7.862670	-2.297545	7.716971	1.676300
5089	1	-6.818985	0.235989	8.282661	-7.097791	7.839304
5094	1	-13.408056	6.662962	0.423137	-1.368716	6.340595
5095	1	-1.951916	-2.883173	6.949123	-5.104475	9.601094
5096	1	8.576965	3.340648	-6.760503	6.733277	-2.801121
5098	1	-2.344939	4.511584	1.340112	-3.740983	8.147451
5107	1	6.485979	-5.723604	6.938459	-3.045219	4.544681
5113	1	8.231049	-0.500884	4.670739	3.176434	0.001841
5127	1	4.381658	-0.653989	7.181740	-2.778429	2.515563
5128	1	0.044696	5.725790	-8.682126	6.740350	2.452375
5129	1	5.000973	3.374291	0.051316	7.495727	-2.966401
5133	1	-6.232184	8.773704	-0.615932	-1.215188	7.778145
5146	1	5.238128	-2.286888	3.889974	-1.719641	5.388475
5147	1	-7.445781	8.850361	0.196954	-1.041395	5.669464
5148	1	-9.759288	8.179505	-1.120605	1.026190	7.628415
5152	1	-12.379359	6.553821	0.864941	0.908300	6.737174
5157	1	-8.994905	6.197718	0.130320	0.796912	7.614276
5159	1	-7.401534	0.755141	6.486308	-5.614683	8.058890
5175	1	6.332474	3.527852	-1.217723	5.968691	-6.567556
5179	1	-9.360580	8.089442	-0.024156	0.622883	8.490511
5182	1	-10.174132	7.093157	-3.459126	6.853893	1.518305
5183	1	8.911269	-5.510810	8.841951	-1.458953	1.469043
5204	1	-6.973974	0.492076	6.892925	-6.260784	8.760026
5218	1	-7.776049	2.047170	6.191985	-3.898094	6.025583
5222	1	-8.969084	8.815207	-4.285730	9.317555	1.422878
5223	1	-8.557320	6.336260	-1.523247	2.633189	5.468783
5232	1	-9.797237	6.562752	0.763982	6.539902	-2.530462
5238	1	0.890189	5.609251	-6.919529	8.881116	3.275351
5241	1	9.610505	-2.024247	0.191330	8.463415	-4.651524
5255	1	-4.814157	-1.580870	9.527220	-4.328856	7.416017
5258	1	-11.087583	0.964563	6.845247	-6.394515	3.486392
5259	1	-3.819052	2.435046	6.992066	-8.141241	7.223332
5261	1	3.681919	3.389654	-0.891892	7.614842	-10.186889
5266	1	7.670918	-4.616230	2.538240	6.748007	-4.600203
5298	1	-8.677125	7.227914	-1.674758	-1.903425	7.784758
5319	1	-11.444835	8.764073	1.239598	-0.403322	4.567372
5328	1	6.762507	-1.219806	1.642117	4.196960	-3.404074
5335	1	6.207324	1.319037	0.404642	6.653281	-5.878040
5337	1	-10.769085	7.294546	-1.589487	-0.094486	5.804897
5343	1	-8.495084	8.905010	-0.983817	1.321464	5.367325
5353	1	-9.007915	4.685191	-0.353061	-0.096508	4.483228
5362	1	-6.618923	7.559251	-8.148317	5.024830	0.397857
5373	1	6.648148	2.756950	-3.232289	7.321317	-6.115921
5378	1	7.373612	-0.722016	7.983026	-1.443851	1.832678
5386	1	6.771732	-4.888622	6.579569	-1.200835	-0.597852
5402	1	6.250206	-1.003139	-1.989936	6.947902	-5.226690
5423	1	8.929392	-1.600092	1.331622	4.356779	-7.752345
5443	1	6.112939	4.138137	-5.109600	8.828658	-2.842272
5446	1	7.603627	-2.485896	3.259607	6.094981	-10.404227
5449	1	-10.358768	4.585110	-3.346564	1.492829	6.263679
5454	1	-11.623034	6.664581	3.062411	-1.461321	8.021142
5460	1	-12.541178	7.066702	2.030043	-6.434395	5.920156
5462	1	1.028245	2.042307	7.447983	-8.161481	5.964410
5474	1	-8.158141	5.626472	-0.138798	1.890244	6.176452
5484	1	7.456903	-0.837087	1.946280	9.013262	-2.450540
5486	1	8.709923	1.133434	2.348795	6.718045	-6.232287
5496	1	8.010221	-4.394482	6.157176	-0.517568	0.182524
5501	1	-8.660118	6.202573	-4.916746	-3.509886	5.854145
5503	1	3.931550	5.413629	-3.528522	6.871727	-1.192743
5509	1	-6.948450	2.493116	7.931877	-4.605059	6.881932
5515	1	-11.994928	2.486210	6.557828	-3.628583	7.435092
5518	1	-7.278716	5.813071	0.131606	2.525081	6.054510
5524	1	-9.863231	7.995470	2.191162	1.738220	4.032052
5532	1	8.945839	-1.950409	-0.075129	8.983204	-2.041381
5534	1	-8.234047	7.266794	-7.877147	6.827209	3.287191
5538	1	6.984907	-0.004121	7.196769	-0.501813	0.031229
5550	1	7.207955	-4.633703	9.037095	0.492671	1.907757
5552	1	8.419316	-3.666176	1.903893	6.513393	-2.953802
5562	1	-2.424383	8.724638	-8.248900	6.478476	-0.343524
5563	1	-6.136929	7.983319	-5.215688	5.924028	1.655317
5565	1	-11.665476	6.793568	1.903035	-3.231877	7.412186
5568	1	-2.878467	7.838135	-4.469121	8.063771	0.574509
5570	1	-13.650180	7.045131	2.928527	-5.678534	7.045151
5581	1	-12.343928	6.892889	-6.542336	1.950294	5.866308
5585	1	7.950795	-4.578624	5.607777	1.612229	-6.101473
5587	1	-13.313938	6.612193	-0.673259	-0.454229	7.752063
5594	1	-12.831382	3.704208	6.313621	-5.602192	8.766472
5597	1	-5.776922	6.624287	-10.006244	9.351646	0.446834
5602	1	5.979676	-10.242382	7.122066	-1.655739	2.369978
5605	1	-10.854224	6.277557	0.687300	1.271640	7.924588
5615	1	-10.148519	2.349172	6.944534	-4.365602	6.595446
5637	1	6.968277	0.945945	-0.102895	6.733723	-6.502680
5638	1	8.382602	0.559700	1.595507	6.265355	-0.856495
5639	1	7.169847	-8.025824	6.198038	3.953475	-5.203441
5674	1	-6.100602	-1.057634	6.022976	-2.756662	8.697998
5680	1	-6.039771	6.770861	-1.416092	7.389053	-1.614628
5685	1	-5.404963	0.843639	7.717808	-3.576418	7.469776
5689	1	6.202836	-5.404524	7.172124	-2.370835	-1.397995
5700	1	8.938969	-2.600668	7.767971	-1.882704	-0.641828
5717	1	5.931724	2.512139	-0.732235	8.053448	-2.102919
5719	1	-12.717060	5.287236	0.665798	-0.578022	8.105071
5729	1	9.184743	-6.728315	7.663168	1.644660	-0.486998
5732	1	-12.280365	8.017364	0.360374	-1.209222	5.951930
5740	1	-11.825670	7.902364	1.662388	-6.463333	6.290551
5742	1	-12.687477	5.204329	0.079290	-0.847304	7.092950
5743	1	5.857210	-2.936101	7.055528	-2.492388	4.913385
5744	1	-7.295985	7.461956	-2.651233	4.473001	7.657629
5748	1	7.364618	-2.010322	2.769444	4.862937	-4.171976
5769	1	6.631580	3.262717	-0.299662	8.827598	-2.771166
5770	1	3.420108	6.985892	-4.151143	6.985925	0.866662
5771	1	-2.083610	7.876095	-8.080274	6.144546	3.094424
5773	1	-9.821554	-2.656571	9.085173	-3.319864	6.605603
5777	1	5.770232	2.159710	-3.340652	6.026335	-3.872707
5783	1	8.636056	-5.458108	8.511873	1.458559	1.542463
5794	1	2.964432	-5.248647	7.539443	-1.609305	6.983652
5795	1	-8.044809	1.559703	7.991152	-7.009997	6.676509
5796	1	-8.511917	8.568634	-3.330255	6.135548	-1.733408
5797	1	5.740670	0.529531	2.057855	7.388940	-5.623269
5799	1	-12.600650	6.282312	-2.742966	-0.077175	7.779653
5800	1	8.858425	-2.593345	2.762303	3.832083	-1.825847
5807	1	7.763687	-6.666292	5.332597	1.514319	-2.193495
5811	1	5.286472	3.855121	-2.971047	9.283687	-7.487240
5814	1	6.188760	-5.648982	8.430282	0.822931	-6.068996
5822	1	8.858849	-4.280964	7.434808	3.513507	-2.195251
5828	1	-2.825531	0.287834	6.609772	-6.385939	9.025119
5829	1	-10.128838	6.294151	-0.767768	0.895965	7.512940
5830	1	-10.270245	0.674490	6.071029	0.897826	5.853837
5834	1	-10.470169	3.649561	6.418702	-5.092155	8.622416
5838	1	-12.969608	6.870268	1.094295	-0.838554	7.029000
5839	1	5.728298	-2.970458	5.323285	0.061165	-3.973423
5845	1	-13.141781	9.540329	1.249850	-1.577199	7.317349
5849	1	6.249223	0.153661	-1.696667	5.404160	-4.659653
5861	1	7.228810	-1.007682	-0.743286	7.213045	-5.202001
5879	1	-6.372561	8.859809	-9.203635	5.567361	-2.450429
5883	1	-11.059662	8.035780	-1.668025	-0.890853	8.471947
5894	1	-11.057226	8.079229	1.042032	-4.977458	8.411913
5896	1	-8.732196	5.302992	6.431535	-5.828038	6.891751
5899	1	-3.433614	6.938387	-5.929395	6.482725	-0.885280
5900	1	-5.533651	8.828933	-4.335590	5.826470	0.815555
5903	1	-5.266127	0.937616	7.477986	-2.567596	6.239346
5923	1	-5.831119	6.870891	-4.024319	5.273600	-1.682766
5936	1	-11.154516	5.927770	4.122322	-6.803520	5.826664
5940	1	5.724708	5.054386	-6.013410	7.208079	0.401663
5956	1	-11.781656	5.926722	-0.222805	-1.468943	9.028016
5970	1	6.136422	-9.009006	5.863343	-6.654055	0.855632
5975	1	-6.092062	2.999214	7.349874	-6.209849	7.555951
5979	1	7.300678	-6.519480	6.007455	1.550373	-0.523532
5980	1	-0.440437	4.727635	-2.094116	6.547195	0.255867
5982	1	-8.343766	0.367100	5.568870	-5.879716	8.179258
5990	1	4.488544	8.106031	-1.456320	6.692706	-1.484712
5991	1	4.681936	-1.497929	9.138616	0.032918	-1.658411
5999	1	-7.008511	4.053341	4.279656	-4.776004	7.944613
6017	1	-8.972121	6.805411	-2.831302	-1.966189	4.850044
6035	1	4.898518	-7.482397	7.326428	-1.470554	3.147438
6038	1	9.497053	0.674460	-0.633140	7.122131	-1.639495
6049	1	4.575413	-0.035189	-3.432694	9.442659	-5.094566
6067	1	8.586665	-5.319847	5.796530	1.750453	2.590014
6077	1	-8.448686	9.135243	2.150076	-0.996104	6.546879
6080	1	-4.978480	0.225762	9.475154	-4.993608	7.014295
6091	1	9.316373	-0.953301	-0.046980	5.726989	-5.085159
6093	1	-10.964422	7.160562	-5.346073	5.587835	6.535117
6108	1	-0.272117	0.281878	6.815930	-7.797155	9.115637
6112	1	6.962178	-3.988063	5.999204	-1.561084	-1.155317
6117	1	7.583005	-7.635648	7.706953	1.933217	1.658363
6122	1	-8.813682	7.041680	-0.050297	-4.715261	7.887585
6129	1	7.849474	2.158145	0.233437	8.927411	-5.582621
6135	1	-2.095444	-2.214587	5.602641	-4.786249	7.782846
6138	1	7.484605	-11.144923	6.761410	-2.214255	-2.712038
6144	1	8.355834	1.390301	0.846112	6.125562	-3.576509
6152	1	-11.703403	7.899483	-0.931678	-3.483844	6.785787
6155	1	-6.193342	6.633492	-1.193065	6.915269	-0.184320
6163	1	-1.663263	-0.354389	5.797651	-4.505715	6.791256
6171	1	6.265179	0.369250	0.608196	7.769488	-9.157845
6173	1	7.552459	2.042212	-3.004250	6.391843	-6.791833
6176	1	8.419043	-5.590555	7.983941	1.083000	0.552803
6179	1	-8.487220	-0.096357	8.321537	-6.352899	7.923763
6181	1	5.533597	4.070237	-9.580432	6.881639	-4.342582
6189	1	5.249910	-0.035516	0.709987	6.769718	-0.619427
6192	1	-9.062659	8.521751	1.120885	0.704602	6.727996
6204	1	6.283401	-3.900786	7.106603	3.391479	-3.246041
6226	1	6.337574	3.092141	-2.650105	7.083152	-10.065002
6227	1	-9.285972	8.242536	0.779804	-1.061961	7.439553
6228	1	-4.687289	6.992313	-3.861551	-0.212596	8.111004
6234	1	-9.779090	5.411801	2.692291	0.662113	7.556787
6239	1	6.796571	-6.006985	4.277903	4.315406	-3.692127
6249	1	-1.793846	9.571924	0.169308	8.150174	0.649048
6260	1	-6.263646	0.234051	7.547250	-2.627552	8.561489
6273	1	6.900348	-1.333666	7.224001	2.179698	-3.738951
6276	1	7.178606	-1.775288	-2.176056	7.672839	-9.626165
6295	1	-15.410626	6.928365	-0.638895	-2.785226	7.676613
6296	1	6.598269	1.520108	-1.149634	8.114569	-4.560343
6307	1	6.471481	-4.626400	8.668794	-1.777371	-0.598427
6308	1	7.117299	-1.314304	4.703463	-0.462077	0.672631
6312	1	-6.161727	0.740716	3.511563	-2.017607	6.704494
6319	1	-6.853995	0.600211	4.559726	-3.653282	7.550157
6325	1	-5.516481	7.775675	-6.346243	6.173865	0.713523
6326	1	6.785416	-0.619680	-1.479803	5.465210	-9.589913
6329	1	7.614040	-7.253704	7.626098	0.934494	-0.171655
6349	1	6.229537	4.870029	-6.315322	6.221147	-9.300288
6358	1	1.598507	6.022828	-5.250250	7.924174	-1.429207
6369	1	-11.404472	7.578492	-5.865840	4.384311	4.363494
6370	1	-2.681172	0.078500	7.474801	-5.577948	6.101878
6373	1	-9.686389	8.399160	-2.019907	0.892998	7.156417
6374	1	-5.299230	8.623640	-6.130881	5.632930	3.197898
6386	1	7.007715	-4.845929	6.980559	-1.543539	-0.703287
6398	1	4.473108	6.404734	-7.112270	7.587111	-6.021606
6401	1	4.712315	0.276529	-3.127744	5.959747	-7.207925
6406	1	7.591186	-2.182854	8.287662	2.879864	-2.851807
6408	1	-6.494383	9.339544	1.295041	0.715133	8.919584
6412	1	6.819430	-7.525764	5.734787	-3.168943	0.448347
6416	1	8.967449	-6.567715	5.873745	3.747224	-3.839985
6430	1	9.843877	-4.916921	7.274574	-0.720601	1.349075
6436	1	5.416390	-6.691436	8.183209	-1.838444	1.878106
6442	1	5.070874	-4.452601	7.019610	-8.329333	7.009397
6444	1	7.029572	0.606032	2.434413	8.770561	-4.518258
6445	1	-1.869455	8.074137	-2.392029	0.811005	5.846081
6451	1	1.975550	-7.020362	5.628041	-3.088962	7.311476
6452	1	-3.925865	6.278174	-3.787650	2.657916	3.970462
6454	1	-11.711032	6.436321	-9.045856	4.364095	6.452937
6458	1	-9.338729	-4.693600	7.458870	-3.973520	4.710123
6460	1	-14.922779	4.905869	-1.104947	-2.180067	7.472794
6462	1	4.522854	-4.402313	8.590483	-1.092964	-3.712897
6464	1	8.929225	-6.429826	6.575905	0.320946	-2.862630
6466	1	7.100141	3.331084	-1.882703	7.195194	-4.358549
6474	1	5.455296	-4.582839	7.874807	-2.234185	2.844390
6476	1	-11.479977	9.124293	1.123614	-0.511267	7.011070
6478	1	5.828455	-7.275912	9.412452	0.972573	1.896843
6482	1	7.521541	2.237415	-3.865731	6.952198	-5.541149
6500	1	-12.186870	6.502589	-4.812406	7.755172	3.872477
6501	1	7.599993	1.011345	-1.576908	6.292917	-3.752687
6521	1	8.112744	1.906082	-0.686521	7.292482	-8.862350
6523	1	-6.880897	8.758598	-8.248894	7.338885	-0.429005
6526	1	7.875723	-3.652514	-5.243547	5.724273	-4.392789
6532	1	-10.220339	5.830395	0.242227	1.085258	5.988794
6534	1	1.522027	6.099936	-5.066130	5.049714	-4.525345
6539	1	-4.860004	5.587081	-3.369271	6.447360	-0.370395
6541	1	-7.653462	5.680311	-5.619555	6.992860	-5.549077
6544	1	-2.767049	1.062692	7.667613	-3.858249	8.613408
6548	1	3.028912	-5.417416	4.368796	-2.985703	5.205554
6554	1	7.042528	-4.802680	7.386340	-0.686194	-0.024618
6559	1	-7.020070	9.390209	-4.918212	6.255190	-2.629185
6563	1	-10.840334	6.978580	-2.239231	1.363702	8.260284
6574	1	6.444523	-0.333370	0.170514	6.346236	-2.455756
6581	1	6.330946	-6.131446	6.323783	-0.633787	0.467653
6583	1	5.723045	-7.119442	4.648681	1.803777	-3.583656
6593	1	2.742430	3.944436	-2.537556	5.828952	-0.515307
6594	1	-7.216394	-2.211699	5.616232	-6.706445	8.765085
6597	1	4.078405	-8.657908	6.636035	0.408288	-2.471044
6603	1	-9.530439	5.668008	3.155934	0.762699	8.752999
6604	1	7.737950	1.087877	0.533966	8.441216	-6.461756
6612	1	0.519634	0.823623	9.504067	-4.348770	6.967926
6616	1	0.795090	7.793784	-1.068045	9.127354	-1.162681
6619	1	-5.237784	-3.834134	6.013411	-6.348699	6.320374
6623	1	-7.694509	6.017090	-4.101673	-1.815898	7.494826
6633	1	-13.201295	7.644322	0.272635	-5.405347	5.463661
6641	1	-4.887589	-0.945568	8.039203	-5.549660	6.657904
6677	1	-4.884981	-0.922377	6.465476	-4.006649	7.395433
6679	1	7.638170	-2.135764	4.591875	2.448338	-1.710520
6680	1	-6.248711	6.413890	-3.163159	6.979665	2.216270
6684	1	-0.857634	-1.138891	5.370104	-1.798322	8.665630
6697	1	-3.649067	-0.482143	5.751006	-3.703916	8.745151
6704	1	-11.912702	9.705898	-4.384173	4.942659	5.619764
6711	1	-16.268156	6.574416	3.538802	0.151535	6.256456
6712	1	2.228228	-2.542366	9.063038	-5.873957	5.484880
6717	1	-7.077525	0.694437	8.506361	-3.057379	5.291140
6724	1	4.497348	-3.247958	4.457695	0.659415	-1.392362
6726	1	-4.340448	-0.680519	3.686250	3.752952	0.344434
6730	1	-7.386547	2.020890	3.620372	-2.187403	5.893217
6742	1	7.387043	-4.642323	1.500548	5.083348	-8.635275
6748	1	-7.112381	6.950960	-1.590835	-0.011883	6.788590
6756	1	8.250731	-2.536863	6.687609	0.224211	2.129146
6760	1	7.605303	-4.875207	1.980971	6.453673	-8.671662
6771	1	6.574372	-3.722022	8.158883	-3.700637	-2.240582
6785	1	-9.997371	-1.042478	4.737194	0.666738	6.774724
6799	1	8.298203	-1.117133	0.197401	8.364591	-5.036536
6809	1	9.712680	0.193255	0.373511	6.988782	-6.793087
6811	1	-4.102484	7.000799	-5.601578	6.612469	-0.216444
6813	1	-7.516882	2.290055	8.971500	-5.701094	7.903894
6816	1	5.747684	1.863760	-2.408802	6.811626	-7.228605
6817	1	-11.227929	8.717587	1.422569	-4.545971	6.711991
6819	1	6.819697	-3.883554	8.059103	1.320551	1.779702
6821	1	4.900554	3.962936	-5.272932	7.745732	-9.564957
6823	1	6.046350	-5.573420	6.623315	-6.246994	4.464701
6828	1	7.891517	1.677122	-1.895048	5.325109	-8.657394
6838	1	-9.047757	5.989409	-0.633128	2.640028	6.641641
6843	1	8.967018	-2.608283	7.793360	2.234197	-2.911131
6847	1	6.943044	0.522934	-0.552574	6.733720	-5.914029
6851	1	6.414191	-7.872057	7.163170	-0.385620	2.150099
6856	1	8.509851	-5.822820	6.586777	-3.257396	2.155529
6861	1	-6.016398	6.042522	2.582517	-0.809376	8.311232
6864	1	7.559370	-2.473615	-2.512185	6.927135	-3.678682
6868	1	7.090173	-1.155640	3.037232	5.632681	-0.659433
6871	1	7.099560	-3.339309	5.939512	0.287319	-2.549432
6882	1	-4.548656	8.852221	-6.706849	7.318510	-0.398904
6885	1	-8.373003	6.587286	-2.332564	3.661032	4.607965
6894	1	-8.275164	2.335613	6.570909	-1.572024	6.635149
6895	1	6.564492	-0.108611	-4.320949	4.955101	-6.704946
6896	1	-11.360896	6.136533	2.981914	-0.946839	8.315454
6898	1	6.130142	2.776433	0.087833	8.974959	-3.292820
6899	1	-9.444303	1.290863	8.019269	-3.349666	7.794352
6909	1	8.265615	-5.289603	0.410032	8.054187	-8.637440
6910	1	6.915019	-4.463616	5.712199	-0.015221	-2.005996
6917	1	8.098687	-3.202071	7.246969	0.184153	-0.500177
6918	1	-8.869759	8.823168	0.266446	-1.680682	6.139719
6932	1	-7.819719	6.996953	-4.658412	7.771592	0.180720
6948	1	0.239538	5.601700	1.038003	-0.424536	6.430172
6955	1	-14.245930	7.996579	2.666850	0.077167	6.019218
6957	1	-13.070489	7.376862	-0.005689	-0.679183	8.244588
6965	1	8.115362	-3.791831	5.686635	0.228592	-0.100242
6966	1	-0.493270	8.627467	-4.119727	7.969145	-0.000807
6967	1	6.356398	-2.366176	7.160532	-0.411837	1.642551
6972	1	6.001942	-5.403627	6.891043	-1.452785	-4.292827
6979	1	-7.742499	2.259185	6.503772	-4.987380	9.012024
6980	1	-9.271671	8.981092	-1.635901	1.304632	7.397781
6983	1	9.585933	-4.603776	5.217955	0.872232	0.097757
6995	1	5.853000	-2.541782	-2.175146	5.824200	-1.796859
7001	1	-7.568052	4.257178	7.092327	-4.401082	7.451177
7010	1	9.517167	-8.240014	5.756694	4.563915	-1.055724
7012	1	7.572174	-3.077585	5.770244	-0.596773	2.549677
7014	1	6.144238	1.573176	0.797073	8.276187	-5.325171
7015	1	6.476249	-7.183674	8.193064	-0.153556	3.265330
7018	1	8.552786	-3.587519	3.869631	-0.908738	2.574868
7024	1	-5.096524	1.125556	8.400189	-5.573341	9.518886
7047	1	9.394169	-3.921503	9.454725	0.605569	-0.224189
7051	1	7.863560	0.474326	9.012874	0.298797	-1.843503
7059	1	-4.540207	6.426435	-4.298980	9.523277	-0.203760
7061	1	-6.945465	6.243081	-3.215471	7.214237	1.202146
7069	1	8.687881	-5.060321	6.731601	0.278372	-1.136248
7083	1	8.161995	-7.968157	6.853104	-1.230034	-0.987027
7089	1	7.030928	-5.365297	3.499119	5.135381	-1.698519
7091	1	8.684826	-1.684104	4.306054	2.874298	-1.698604
7095	1	-7.370658	5.334516	-5.677070	6.445680	-0.853546
7097	1	5.236380	-5.643005	5.755473	0.177200	-4.621079
7101	1	6.297300	-2.726189	8.048226	-1.912861	1.692839
7109	1	-9.752485	5.779480	-3.437681	1.178114	7.322242
7114	1	-4.423168	7.250791	0.588881	6.836165	0.791792
7124	1	6.029426	3.517812	-4.016743	8.054436	-2.374025
7126	1	8.590398	-0.386613	7.143418	1.480845	-1.494626
7128	1	-4.063741	5.992892	-5.362732	7.245893	3.850406
7153	1	-11.984737	8.563527	-0.107837	1.731133	2.842517
7158	1	-9.269395	1.302333	6.369890	-6.506024	8.169459
7162	1	-5.218604	8.505044	-2.620729	8.679947	1.627257
7170	1	-4.163355	6.418953	-1.491210	7.738171	1.099907
7171	1	6.680842	-2.850915	8.617595	-2.056532	-0.994432
7175	1	5.523046	4.286824	-4.518692	7.373066	-4.539115
7187	1	-5.916329	7.311010	-0.878433	7.473872	1.755007
7206	1	7.864964	-4.121308	5.248168	1.980383	1.339253
7208	1	-11.673136	9.034932	-0.456047	-2.139674	7.429818
7213	1	-4.957107	2.470363	9.053228	-8.454798	7.717799
7214	1	-8.359882	5.969055	0.913569	-1.823689	7.597952
7221	1	-10.762687	4.595859	-0.292161	0.603172	7.692980
7227	1	8.501554	-5.386585	9.495626	1.281679	0.628217
7228	1	-5.310922	6.965534	1.255173	3.654404	0.046599
7247	1	-8.718446	-0.671119	6.270058	-2.225602	7.648684
7255	1	-12.139608	7.758047	1.771974	-2.389674	5.769458
7259	1	7.785324	1.755983	2.227046	6.563222	1.755782
7261	1	-6.382491	4.017934	5.412923	-5.047117	7.990222
7262	1	-5.778999	6.741141	-5.491838	7.130931	1.722808
7264	1	7.326885	-4.662217	6.489752	0.860334	1.324714
7266	1	7.082382	-2.355031	4.856237	-4.654002	-1.732675
7267	1	-6.235123	9.190937	-0.643964	1.215257	8.789729
7275	1	-3.365152	2.329541	7.477316	-5.118635	6.858267
7276	1	6.208798	0.376123	1.809729	5.890898	-2.001035
7279	1	6.357788	-0.825402	0.050039	6.300064	-2.399310
7284	1	-10.540328	7.805897	1.877638	0.702815	6.025352
7288	1	-2.230468	2.204917	7.928818	-7.538291	7.073084
7291	1	7.085901	-3.192314	6.719559	-3.517004	-1.141775
7295	1	-7.500994	9.198463	-2.285656	5.410505	3.688961
7296	1	-10.727763	8.142111	-4.185324	3.515459	7.487313
7302	1	6.766418	-9.548372	6.656609	-1.028856	-3.667037
7307	1	-7.560168	6.147442	-0.023439	3.369522	7.079995
7309	1	6.797331	-2.880728	0.846407	7.686863	-5.874005
7314	1	-3.736917	1.158057	9.207554	-8.048275	7.255379
7315	1	5.502581	-4.047119	7.761670	-2.782709	4.657596
7328	1	7.334582	-3.256610	0.293470	8.542960	-5.084043
7329	1	-12.661897	6.339488	3.938930	0.247575	6.561075
7335	1	8.020769	-5.330108	6.525754	2.004975	-4.982280
7350	1	-6.083657	0.279241	7.775713	-10.291968	8.204614
7352	1	7.769036	2.036918	0.805289	6.782442	-5.800183
7358	1	7.755339	-4.641577	6.045562	0.464148	1.562824
7376	1	-7.028694	7.061674	-0.391489	7.384002	-0.230715
7378	1	9.359383	-4.669203	8.234740	1.569970	-0.449908
7382	1	8.360104	-1.551489	-0.330047	5.306583	-4.275451
7392	1	8.533679	-2.434175	8.086549	1.568033	-6.070372
7398	1	-6.078761	6.531784	-3.856348	6.227957	-0.106416
7401	1	-11.619280	2.402014	5.798055	-5.811181	6.862636
7403	1	6.346985	-4.814020	7.549789	0.070285	-4.473480
7405	1	7.035529	-2.123163	1.911532	6.358582	-8.038488
7409	1	-4.228113	7.783390	-5.316134	7.437994	-1.572334
7412	1	7.507820	-4.337140	8.201657	-3.706464	0.666204
7413	1	-6.356035	9.234283	-6.174264	7.291055	1.522453
7416	1	6.480900	-4.519018	5.158649	-0.391629	-0.261275
7417	1	-11.239167	5.433355	5.500745	-1.028954	8.171194
7418	1	-11.185498	8.539642	0.294168	0.331248	7.881022
7422	1	-9.680635	8.743210	-2.295513	1.367178	5.449250
7430	1	-6.611380	7.331478	-5.333329	7.715972	2.728495
7433	1	6.481943	1.904112	-2.983761	9.079117	-6.936373
7436	1	-0.966657	-2.636602	6.819446	-1.943974	8.530058
7447	1	0.635155	-2.517285	7.103315	-5.727118	5.838411
7450	1	-10.846383	5.796082	-0.886784	-1.724231	8.626371
7451	1	6.789026	-5.038763	7.937988	-1.966272	0.298230
7455	1	6.055143	-4.548423	9.222677	-2.612930	-0.284900
7458	1	-6.009894	7.921118	0.630020	-4.074975	7.618643
7467	1	-2.835873	-0.926329	6.726169	-4.735420	6.635296
7472	1	-6.634238	8.927052	-0.371969	1.969374	6.675485
7473	1	-10.519254	5.516759	-0.683185	-4.613976	8.380818
7491	1	7.167536	0.172355	-3.614595	8.885957	-3.197034
7498	1	-3.230830	6.757181	-5.725726	3.953365	4.076555
7500	1	-12.386265	8.255383	-0.875188	0.351927	6.437569
7503	1	-12.866788	7.085676	-2.741811	0.658160	5.594285
7505	1	-14.657859	5.829552	-1.021037	-1.848430	8.541808
7506	1	-10.933535	7.582220	-0.368258	-3.820099	6.813660
7507	1	-10.956584	3.056557	4.755116	-3.720238	9.218132
7510	1	-0.914498	7.889700	-8.177799	8.845191	2.090472
7526	1	9.342052	0.929346	-3.966114	7.959586	-6.109109
7532	1	-4.374335	0.189220	7.336383	-8.240386	6.739031
7564	1	8.958135	-7.523932	6.304714	0.560516	-1.601803
7566	1	5.554656	2.786021	-3.818993	6.858644	-2.522682
7569	1	-10.532820	6.236939	-2.401908	-2.110531	7.537932
7570	1	-4.508802	0.618677	6.432138	-6.109756	6.218564
7578	1	-11.189779	4.708560	-4.459128	6.006449	4.553007
7585	1	-4.643396	7.964359	-3.553546	6.210545	-4.599226
7600	1	-5.895921	4.989523	5.612736	-5.142331	5.933518
7601	1	6.990636	-3.122040	8.588708	0.326911	-1.826822
7602	1	-6.767114	6.599589	-7.354121	7.665132	1.196957
7607	1	7.952703	-2.499103	0.378482	9.077714	-2.953158
7620	1	-6.225779	8.957606	-6.255804	8.989186	1.917980
7633	1	-9.766715	8.612957	-6.086473	1.826266	7.773136
7636	1	-15.125787	6.393675	0.919470	0.017613	6.157439
7641	1	-4.658605	1.198149	6.240209	-5.352928	8.548523
7643	1	4.379100	-1.579208	7.391829	-4.725544	5.094452
7653	1	9.156093	-4.322380	7.073591	1.545683	-2.598121
7657	1	-7.129881	8.717980	-6.593580	6.975758	-0.609119
7663	1	7.453788	-0.331456	1.601040	7.812302	-4.972172
7664	1	-13.554851	7.929693	-0.016537	0.635389	6.736714
7678	1	7.308812	-6.609414	6.865142	-4.022544	1.616514
7680	1	-2.215137	0.992738	6.220260	-4.530076	8.797619
7692	1	-7.434522	7.606462	-3.921165	4.965838	0.332519
7694	1	-6.899391	7.057600	-9.584750	5.244977	0.394930
7696	1	-7.545303	8.172464	-3.978866	8.280656	-0.638262
7698	1	-13.712234	8.266812	1.906391	-2.738010	6.488169
7724	1	-6.700554	1.721139	6.413454	-6.456099	7.628109
7725	1	-7.541423	8.261449	-6.374170	6.721752	2.732083
7731	1	-10.817927	4.590539	3.355493	-5.974439	7.801652
7750	1	7.504754	-4.859391	7.582345	0.673464	1.766529
7754	1	7.073689	-3.506139	5.538818	-1.168697	-4.710553
7763	1	-1.355907	7.908434	-7.245886	8.311998	0.170850
7767	1	-8.269392	7.163990	-7.585056	7.798913	-0.960640
7773	1	-6.884505	8.718282	-2.112236	7.653439	4.425965
7777	1	-8.598104	6.130205	0.860217	-0.612643	7.592810
7778	1	-8.175746	6.922679	-1.586272	4.474963	4.025007
7793	1	-0.074359	1.922960	7.490777	-8.669909	5.510209
7798	1	4.577037	0.096391	-2.574905	7.818848	-5.976647
7809	1	6.430501	0.807308	4.838309	-2.212426	-0.207011
7821	1	-3.191495	-0.174876	6.636159	-6.627260	5.108264
7823	1	6.016998	-5.111122	6.002558	2.363626	-0.073076
7835	1	-3.424968	7.470306	-0.789176	7.288644	-1.327323
7843	1	-4.513312	0.453052	6.557424	-9.360408	8.132374
7844	1	-12.186380	6.304090	-1.199917	0.263644	6.587760
7850	1	-8.966445	6.323533	-6.212019	7.198325	0.837916
7851	1	-1.477970	1.881868	5.876216	-7.508197	9.078361
7853	1	-9.879135	8.261955	-0.278985	1.035938	8.628805
7855	1	-8.678521	6.702255	-2.123265	2.085927	7.417320
7861	1	4.936079	-3.477371	0.829450	7.821658	-3.699017
7868	1	-9.118883	6.523966	-4.118504	6.238531	2.683386
7875	1	6.588334	-1.771314	3.823694	0.281968	-0.201289
7878	1	8.303513	-3.593920	9.531958	-3.325137	0.521776
7879	1	8.878163	-4.519845	6.729992	-1.164879	-1.431976
7883	1	-11.025626	5.081010	6.836896	-3.927243	8.709004
7887	1	-1.750278	7.023402	-4.655743	6.184607	-0.379885
7889	1	5.064733	-0.446859	6.621121	-4.169191	3.824494
7890	1	7.817110	-6.695104	7.724613	0.182732	0.766088
7891	1	-13.105349	7.760274	2.179412	-1.001732	5.778222
7898	1	1.691839	-1.510694	8.692181	-4.979023	5.573872
7908	1	-4.379284	-1.368342	7.822582	-1.829768	7.029282
7951	1	3.793222	-3.995373	6.594434	-5.647716	3.303425
7956	1	-12.399659	9.240266	0.867142	-1.075833	7.096046
7958	1	9.309937	-2.785880	2.302040	4.538199	-3.648292
7961	1	8.057008	-7.254985	8.331315	0.073901	2.109458
7964	1	-14.352941	9.337402	-4.527725	2.257429	6.812919
7972	1	6.171442	-6.403661	5.458359	-1.113358	1.092485
7983	1	6.884037	-5.505189	6.554967	-4.271261	2.100051
7987	1	-8.334023	0.269284	7.748810	-5.962923	6.003333
7996	1	-10.127218	4.410438	5.643687	-6.137372	5.584075
8000	1	4.721040	4.584092	-1.658541	7.618602	-5.221425
8004	1	-7.030323	-1.776220	5.661430	-3.130249	8.884353
8006	1	-13.461512	8.517246	0.805964	1.877517	6.738997
8010	1	-6.457527	7.349911	-4.544302	-0.794070	6.545487
8012	1	-11.890638	4.534896	5.943932	1.068323	5.333099
8013	1	-10.318360	7.278151	2.100584	0.353288	8.302072
8014	1	7.194353	-3.389873	7.450761	-3.432922	3.125414
8015	1	-7.867930	0.581556	6.584486	-9.274089	8.576860
8020	1	-8.212229	8.095872	-0.566173	1.248604	6.532308
8031	1	6.083450	-6.787145	7.068780	0.246900	-2.517062
8035	1	-5.205498	-2.109289	7.536941	-0.376655	8.186238
8046	1	7.692711	1.374527	0.370642	7.322553	-4.990783
8048	1	2.900254	3.750879	-3.629284	8.811375	-1.666383
8050	1	-3.863735	0.581085	6.092737	-4.439768	7.224697
8051	1	8.602280	-0.755088	-0.857144	8.151174	-0.019616
8060	1	-4.671521	8.421681	-4.549076	7.776755	-0.070754
8063	1	-4.362640	1.913075	5.292476	-2.452838	6.531086
8068	1	7.439185	1.927249	-3.257972	5.602154	0.328574
8078	1	7.609905	-8.401981	8.978689	-1.146219	-0.377426
8079	1	8.206438	-3.554040	5.524882	-0.356283	-1.728127
8081	1	-15.987570	7.459144	0.221442	2.063424	9.182168
8084	1	3.886509	-7.020779	8.297794	-3.283081	-0.227890
8097	1	-7.710837	8.500032	-3.501333	8.388682	-0.781399
8109	1	-12.006195	1.869309	6.784514	-2.133803	7.668354
8112	1	-6.626662	3.740227	6.015832	-4.824229	7.499423
8115	1	4.637816	-9.804653	9.359273	-0.932665	2.847982
8125	1	-12.267518	8.589741	1.080589	0.352099	8.889214
8128	1	6.846663	-0.347156	1.923268	7.107330	-3.178866
8129	1	5.583222	3.786273	-2.951606	6.124743	-1.042006
8130	1	3.868348	4.593621	-3.992780	9.578508	-2.318390
8131	1	-7.690293	2.608191	2.949945	-4.582705	6.530761
8134	1	-7.539578	-1.097886	8.339370	-2.665089	8.660248
8141	1	-10.670553	6.163172	-7.242245	8.700827	2.359780
8143	1	-4.128500	1.384575	8.372792	-5.678378	6.998057
8146	1	-3.904699	8.457473	-3.198608	9.367426	-2.372421
8150	1	-13.967002	5.101436	1.039856	1.720233	7.784173
8153	1	-13.354104	6.647085	0.941483	-2.164143	6.404006
8155	1	-7.838398	5.340000	-2.753345	6.046931	-2.719465
8162	1	6.403618	-9.538474	7.862945	-2.145158	2.729800
8164	1	7.044593	2.321821	-0.585083	7.780804	-5.880541
8167	1	7.155904	-6.629672	7.231278	1.561914	-1.131632
8170	1	-3.948546	0.164102	6.412589	-5.576402	6.455566
8171	1	8.149914	-1.009329	-0.993533	6.446562	-4.932531
8175	1	-5.221514	9.245394	-4.429752	7.715874	1.170474
8176	1	-7.066715	1.246364	6.145789	-5.586394	8.701515
8177	1	-8.662743	3.929501	6.642161	-2.596169	6.283814
8182	1	-10.487236	7.220160	0.070638	1.251981	7.245849
8190	1	-9.197989	6.467542	0.226601	-0.470745	9.020605
8197	1	5.249038	-0.505176	-1.432803	9.488329	-4.472489
8207	1	-7.393083	-1.573880	9.670826	-5.048383	5.317160
8211	1	-9.577776	6.989206	-3.207737	0.592715	6.207376
8227	1	-7.329447	-2.810100	5.529923	-4.791325	6.987505
8228	1	-8.836849	4.371774	5.478404	-5.442061	7.613526
8242	1	6.573361	0.978992	-4.709233	6.176837	-3.017229
8257	1	7.037806	-5.614210	8.848961	-1.458689	4.488664
8268	1	6.507227	-7.008610	8.350085	-3.546371	3.485794
8270	1	-6.900972	6.837182	-5.268354	6.683188	-0.690288
8277	1	6.480455	-8.524286	7.077478	0.840985	1.301916
8283	1	-12.717461	7.879741	-1.236578	-0.218984	9.278143
8303	1	6.175524	-7.143327	8.817760	-0.227122	3.351492
8309	1	-7.848327	-0.308968	7.360649	-3.325214	8.126085
8311	1	-3.781037	1.722260	6.355056	-3.178866	8.207098
8313	1	-6.198267	8.346230	-4.128661	7.794448	0.173342
8314	1	-5.529332	5.665395	0.096534	2.861323	7.928170
8326	1	-7.000034	0.257569	6.611675	-3.765022	6.142723
8328	1	-12.559340	7.317890	-4.135074	2.566299	7.520350
8332	1	-1.626361	6.744491	-6.013869	6.040306	-2.150826
8347	1	6.572670	4.428670	-0.259591	7.324067	-4.689175
8373	1	-7.884760	8.882763	-4.728779	7.739096	2.929989
8376	1	3.664885	1.791735	-1.195179	7.853285	-8.807833
8392	1	7.295827	-4.116345	5.592342	-5.219873	2.333942
8395	1	6.853795	-6.959381	6.670365	-4.563032	3.734782
8398	1	-10.253438	7.128098	0.031307	0.367338	8.330361
8400	1	-10.630482	8.258013	0.320629	0.596313	5.616331
8432	1	5.583917	2.607970	-4.723956	6.828656	-7.472228
8447	1	-11.624167	6.632205	-8.131302	7.200739	1.767196
8472	1	7.940965	-4.929775	6.703791	-0.591089	-0.553547
8475	1	6.430603	-4.837791	7.181853	2.305887	-3.048992
8478	1	6.652960	-4.284719	-1.346882	6.113032	-7.087572
8488	1	6.369615	-1.157172	4.651514	3.946863	-5.418280
8498	1	2.960170	-5.192914	6.122343	-4.671978	3.771372
8505	1	0.058525	1.167563	8.119171	-5.611660	9.012115
8517	1	9.082147	-7.965864	6.926023	-1.728613	-1.018561
8518	1	8.494653	1.348133	0.761067	5.054890	-1.037623
8520	1	2.727666	4.200811	-0.939497	6.819803	-4.078927
8528	1	5.256092	2.284930	-5.192733	5.689403	-7.420094
8534	1	-13.013460	7.380552	-4.610201	-3.561854	7.038451
8546	1	6.417897	-2.990287	7.770468	0.521342	-1.517471
8556	1	3.991452	-1.056500	6.870475	-0.992373	1.564832
8563	1	-5.733600	-0.328289	6.891261	-7.504604	8.810390
8575	1	-5.100157	7.950655	3.441556	-1.604062	7.716413
8577	1	6.523686	-1.716308	1.991181	7.088963	-9.043796
8581	1	6.395344	-4.407817	6.241334	2.108788	-0.351794
8585	1	4.518208	-1.187927	0.384729	5.423729	-0.433926
8593	1	-9.237568	-4.514268	8.269916	-2.695732	7.419663
8603	1	6.725231	-3.744663	6.462010	-0.850742	1.024168
8612	1	-6.102356	6.788089	-5.046008	6.441636	-0.944522
8620	1	6.784246	-3.149078	7.306329	3.337772	1.387294
8621	1	-6.473016	7.273039	-7.384849	6.533495	3.952876
8631	1	-11.397910	9.179633	-1.414239	1.062710	8.887067
8636	1	-10.329106	7.659418	-0.332335	-0.161678	6.782452
8639	1	7.460236	-3.954387	6.008405	-5.156958	1.845153
8646	1	-5.034898	5.100080	-4.749510	0.093389	6.873981
8654	1	7.279546	-6.763478	9.191837	-0.469781	-2.978438
8671	1	5.779196	-0.208462	-0.376338	7.873816	-2.034833
8677	1	-4.092045	8.033842	-5.877705	6.985707	-2.107978
8679	1	-9.249055	5.584419	-2.576785	5.946418	1.693720
8696	1	8.390963	1.210712	-1.828956	6.707826	-7.783350
8698	1	6.514640	-7.415795	8.790295	0.891328	-0.717416
8702	1	9.190972	-3.049477	7.489750	-0.502888	1.539248
8703	1	-5.881871	6.677771	1.236203	-2.471129	7.677591
8705	1	-7.612124	6.517915	-4.241767	6.567709	1.310519
8711	1	7.037452	-6.070216	8.033949	1.067151	-2.735814
8714	1	-10.665659	7.736876	-2.163709	3.702705	5.148749
8717	1	-10.747667	7.284773	-7.557204	6.242610	1.100833
8729	1	-11.903676	5.901445	0.505671	4.784523	4.278827
8738	1	8.451115	-3.834465	9.159011	1.147665	-2.443034
8745	1	-4.142084	8.378846	-2.369841	6.509016	0.281004
8746	1	-10.936221	5.836742	1.426307	0.589649	6.846523
8749	1	7.430713	1.395013	-5.998470	8.239238	-6.396309
8753	1	1.638972	6.151992	-4.454280	6.845595	-1.801954
8755	1	-6.441063	4.476945	0.406378	7.144629	1.736084
8758	1	4.473006	4.710147	-1.434973	5.297213	-7.502896
8763	1	-5.603688	1.153344	5.279208	-3.155013	6.699448
8764	1	-9.896051	5.497735	-0.751951	-1.460900	6.034177
8771	1	7.260911	-5.857414	8.214418	2.704334	-0.300077
8788	1	-4.602361	6.494547	1.124683	-3.370625	9.727745
8791	1	5.391062	-4.962478	9.082982	-3.737535	1.364248
8793	1	-9.048985	8.289839	-5.108188	1.113024	6.382476
8794	1	-11.517273	8.158196	0.739659	0.895158	7.300337
8798	1	7.351329	-2.724281	7.037767	-2.027975	-0.821260
8799	1	-10.619677	9.083021	0.138484	-1.009525	8.208585
8818	1	7.089087	-8.773020	8.624578	-6.133056	1.701713
8829	1	-6.278717	-2.728558	6.293621	-5.138661	6.806854
8833	1	-11.211263	7.192753	-0.026255	-1.456469	5.574435
8842	1	6.880256	-4.088810	7.711029	-0.199784	3.665405
8845	1	-4.661375	0.590307	8.320027	-5.519763	6.256395
8846	1	7.640455	-3.117065	6.192899	-0.820623	-4.129780
8847	1	-7.174973	8.328830	-2.976963	5.558532	1.841385
8853	1	6.358605	-8.589488	6.719614	2.099806	0.131885
8866	1	-5.626275	9.245027	-3.561534	6.382598	-3.364707
8887	1	-10.484851	3.425129	5.349342	-4.173735	5.037576
8901	1	7.239862	-3.804459	9.034588	-2.698996	2.967013
8902	1	7.945830	-5.192779	6.157302	1.585618	0.459996
8903	1	-6.695076	1.220348	5.097528	-1.763137	9.204633
8912	1	3.976245	2.062943	5.213419	-1.878298	4.135903
8916	1	7.461482	-0.123976	7.684318	-4.028329	0.428022
8919	1	-11.614233	1.735026	5.212795	-5.940322	9.513422
8920	1	-9.850313	3.093209	5.365702	-5.597505	5.864418
8924	1	-8.758368	-1.828233	9.332746	-5.216216	7.522752
8925	1	-5.802778	6.517320	-3.721059	7.811531	-0.056924
8927	1	4.766155	-6.050681	7.002455	1.302960	-0.950709
8928	1	3.859002	-7.346601	6.719137	-0.425352	1.043017
8929	1	-11.710375	6.867004	0.677222	0.066527	8.904000
8932	1	-8.143480	7.323074	-2.054957	2.871823	8.771535
8943	1	9.306023	-3.944552	5.696310	2.054929	-3.106867
8944	1	4.057711	-7.129538	9.604966	0.449415	3.855654
8946	1	6.814181	-2.002335	4.657256	1.168920	-4.210284
8962	1	-6.853399	7.426810	-4.273138	7.657893	-2.617343
8968	1	-9.324457	6.059855	-5.281454	6.616086	3.845735
8977	1	6.968012	0.510020	-2.028888	8.189972	0.529178
8982	1	-11.308132	7.043473	-5.425317	3.305202	4.261416
8986	1	-4.864046	-1.169278	8.173516	-2.255590	7.353935
8987	1	1.107349	8.433605	-2.740572	7.973254	-1.608960
8993	1	9.521901	-2.500980	0.747810	7.787174	-7.332205
8996	1	6.729992	-1.831147	-1.768834	9.015534	-1.812401
9003	1	-6.925804	9.115091	-3.355502	6.765543	1.115448
9004	1	-3.115874	0.860651	7.499090	-6.429251	7.047037
9011	1	4.791093	1.193155	-1.067678	9.096285	-3.197999
9012	1	1.959631	8.166810	-4.612586	7.165943	-8.372150
9014	1	-3.630057	-4.411612	6.467891	-7.327261	5.792728
9022	1	-6.001384	6.648377	-1.723588	1.139448	6.399397
9023	1	-12.648184	8.201958	-3.876615	2.090441	7.173168
9032	1	6.862916	-1.200470	2.473245	7.002699	-0.777967
9034	1	-10.271001	2.736759	6.617306	-2.476341	7.571694
9053	1	-3.901537	6.678428	-4.152979	6.187310	1.384601
9054	1	-8.103904	7.414830	-3.307644	5.885500	3.410181
9067	1	2.356177	-0.207258	8.381963	-1.550042	5.220051
9071	1	-9.599928	2.104192	6.040370	-4.386483	7.807366
9073	1	5.607532	-3.793100	5.209247	0.236161	2.560497
9078	1	-10.371835	6.712111	-1.424717	1.941794	6.401743
9081	1	-6.287006	8.534550	-4.797990	6.479585	0.587054
9085	1	8.510113	-1.913312	7.528182	1.120262	0.268781
9092	1	8.198216	-2.445316	9.578616	-2.745343	-0.893879
9100	1	6.932754	-7.389902	7.495683	0.298511	-1.454301
9104	1	-8.949187	0.237482	7.361904	-1.078408	7.749583
9105	1	7.389438	1.035677	-0.023835	8.767786	-2.666763
9108	1	6.236211	-8.099514	3.760648	6.198939	-10.486996
9110	1	7.000599	-7.002695	9.058772	2.009676	-0.737128
9112	1	-12.073463	5.139874	-0.478310	2.147728	5.753452
9114	1	6.224606	3.804067	-2.519478	7.088169	-5.897375
9116	1	5.709258	1.008299	-3.167470	6.810116	-1.363881
9119	1	-9.024923	7.869424	-4.347624	1.154360	9.054749
9127	1	4.921776	-3.854018	7.026567	0.161084	0.968246
9128	1	5.952120	-5.158166	6.322325	0.937308	1.105786
9132	1	-5.204717	-0.304387	7.074472	-3.307803	8.579451
9142	1	8.861152	-3.851529	9.010568	-0.479195	1.297762
9148	1	-6.133101	2.481506	5.712651	-5.527341	9.650317
9151	1	-7.248869	7.123105	-6.307235	9.575484	0.784735
9160	1	8.130112	-3.016584	8.900863	0.240790	-1.405041
9166	1	5.161444	-4.760118	8.737643	-0.915748	3.150899
9167	1	-12.938228	6.606927	-1.169334	2.901033	7.417285
9172	1	-5.198482	7.468828	-3.181657	6.815911	-0.062778
9207	1	-5.620188	9.049847	-4.085018	7.576919	2.444284
9216	1	-7.292345	8.240977	-1.558258	5.048771	1.950062
9219	1	8.170699	-2.484932	7.617673	-2.962149	1.724372
9238	1	6.555915	0.063249	2.167786	5.075774	-1.090386
9252	1	-13.625148	6.871596	1.925839	-2.964095	6.209902
9265	1	-9.198393	6.875967	1.926985	0.313758	7.700547
9276	1	-7.295230	7.821130	0.562054	0.921738	7.216959
9279	1	5.095364	-6.462645	4.460388	2.052745	-3.235557
9283	1	-5.573904	0.510781	5.027628	-4.750073	7.330720
9311	1	-15.115961	1.542606	7.653284	-2.785505	6.342613
9314	1	7.176534	-6.155282	5.891493	-0.341961	-0.057359
9316	1	-8.536943	7.052401	-4.983250	8.328614	0.493193
9329	1	-6.839669	1.138103	7.786963	-6.175744	7.068753
9366	1	-6.160596	7.378896	-2.006956	-2.864791	9.087845
9380	1	1.242111	-3.349898	7.828263	-6.208506	7.128628
9382	1	-10.532489	7.766833	5.147004	-2.869993	6.214761
9395	1	-9.866856	8.389634	0.087397	2.202999	5.671550
9396	1	6.604103	-4.246456	8.663513	2.004445	1.492386
9399	1	-9.707751	8.174190	-0.028078	-1.334697	6.121922
9401	1	-2.950153	2.775146	9.321583	-5.598629	8.819611
9406	1	5.064662	1.347989	-1.169726	7.100508	-8.551673
9409	1	8.824590	-6.689045	7.560634	-1.358930	-1.643989
9419	1	7.273301	-8.041100	6.909942	1.447092	-0.088936
9440	1	-6.587345	-2.910379	7.316220	-4.414694	6.715394
9453	1	6.479788	0.317259	-3.512979	8.188313	-4.737609
9462	1	-8.454733	8.032019	-1.235027	5.892924	0.575962
9464	1	-7.680319	6.334195	-5.407278	4.352357	-1.749031
9466	1	7.649630	-5.801231	-1.555042	6.977316	-7.147556
9468	1	-5.050358	6.278210	-6.124109	5.290133	1.958123
9475	1	6.722641	1.547829	-0.109020	7.040002	-5.409037
9482	1	5.819452	-8.775607	7.974305	-2.536769	-1.482741
9488	1	7.152760	-0.344319	-0.196055	6.621264	-8.152235
9490	1	-3.980703	1.103543	7.343648	-1.964211	5.824689
9495	1	-8.780493	5.474997	5.443771	-7.994400	4.846294
9500	1	-5.438128	7.057126	-8.064664	7.173784	0.060620
9502	1	7.290836	-7.215871	8.694976	1.819198	1.410776
9507	1	7.895693	-3.652292	-0.207181	7.414200	-7.615521
9510	1	7.192296	-0.513716	3.753923	5.348863	-3.652721
9514	1	-6.597197	7.828975	0.379036	1.457583	7.709444
9515	1	-6.841736	-1.221642	8.272019	-4.273130	7.167922
9519	1	-8.420224	7.927973	0.401826	5.349547	1.209955
9527	1	6.511242	-0.678060	-2.447568	9.427717	-8.037151
9544	1	-13.026319	6.290728	-0.695032	2.834862	3.435323
9553	1	-4.486699	8.812301	-5.135196	6.410819	-3.204691
9558	1	2.613734	4.253949	-4.402637	7.727068	-3.752755
9563	1	5.710606	-8.014361	8.607047	-8.389914	0.595663
9582	1	-7.918068	7.623413	1.295339	2.266609	7.886037
9585	1	-4.989139	0.999076	6.396324	-0.527166	9.178388
9587	1	-10.345420	7.020890	-5.549079	1.768205	5.764110
9599	1	6.133207	-8.649915	7.686491	1.917837	-0.785694
9603	1	-10.759467	6.616243	-1.193214	-0.434800	6.364531
9611	1	5.485595	4.193737	-7.722780	7.196439	-3.222854
9624	1	-5.345313	7.129310	-3.883372	7.586992	4.199888
9628	1	-5.604873	8.820773	-3.587639	1.340973	6.161454
9631	1	-5.807028	1.952767	6.968922	-8.280768	8.418668
9634	1	-8.824036	-1.483070	6.117062	-2.896228	6.543706
9638	1	-8.561671	7.506567	-5.218336	3.888793	6.101401
9643	1	8.104331	-0.721204	7.109668	0.443917	-4.508099
9649	1	7.964673	-0.464003	-0.867385	4.689466	-2.891031
9653	1	-3.057184	2.584640	4.558234	-1.697231	7.367691
9657	1	7.263227	0.943982	0.887921	7.039791	-4.369651
9661	1	6.727361	-1.172059	2.204223	2.280731	-2.496228
9669	1	7.341827	-0.584355	0.435925	8.770082	-6.989423
9670	1	8.080317	-3.823798	7.084448	-0.089861	3.907092
9671	1	6.746964	-11.050380	6.918816	1.082407	-0.138034
9672	1	6.953158	-4.165195	6.153055	0.833461	1.578745
9679	1	4.926609	-6.211202	6.874965	-3.550606	3.881930
9680	1	-6.043454	7.029927	-11.771438	5.841687	5.619909
9692	1	-3.725909	1.166049	9.438017	-7.161643	8.555689
9693	1	-6.368342	7.839260	-5.592017	7.392843	0.623805
9697	1	-6.736333	2.540849	8.074853	-0.367043	7.072285
9699	1	6.798426	0.675592	-2.236663	7.468737	-5.125699
9707	1	-3.307090	-4.735579	8.213007	-4.176036	6.778569
9720	1	-5.010449	6.215263	3.694501	-1.418899	8.886361
9721	1	6.383624	0.368770	5.586729	-1.555473	-2.812037
9724	1	5.827886	0.715859	-1.605243	6.410590	-5.222653
9725	1	-7.608168	0.397283	8.054513	-10.382747	7.453260
9736	1	-7.852563	6.638581	-3.247345	1.914790	8.247380
9741	1	-3.503275	-4.239328	5.478774	-4.607667	7.295859
9762	1	6.832005	0.056103	7.474086	2.194838	0.382999
9764	1	-11.579834	8.959490	-3.975280	0.986426	6.051670
9766	1	8.125669	-4.518010	5.953469	-3.798763	0.556544
9770	1	-11.726994	7.574125	-1.073549	2.222930	7.716944
9775	1	5.575586	-4.780889	8.532647	-1.544213	1.005554
9778	1	-6.313750	8.860248	-1.659236	8.389590	0.028395
9780	1	-6.405576	8.661021	0.777714	1.483174	8.187678
9781	1	6.746507	-4.911765	7.470870	2.106624	0.085673
9785	1	7.721699	-5.569120	-0.455286	6.192214	-4.225431
9791	1	8.144700	-9.437230	8.216809	3.175098	0.570321
9803	1	-12.378539	6.430019	2.544247	-1.260451	9.442866
9805	1	-13.774417	6.440904	-5.038786	3.163042	2.580052
9812	1	-7.310321	6.074749	-9.016895	7.328622	3.285878
9814	1	9.070936	-1.639165	1.700845	7.371733	-2.100241
9838	1	-9.793910	5.377262	0.166397	-3.582727	7.769464
9841	1	-10.553459	9.408164	0.763862	-5.796663	6.718252
9842	1	8.946452	-4.607096	7.861136	0.246859	-1.542947
9845	1	2.728272	7.215132	0.528166	5.211477	-1.872088
9848	1	-5.263107	2.344048	4.933645	-8.139378	7.684035
9849	1	-0.344360	-0.805314	5.211288	-3.609917	6.240433
9855	1	-8.254955	6.665428	-4.162808	8.606682	-2.868770
9870	1	-13.500777	4.769235	3.553174	1.112498	7.039285
9871	1	-11.638334	6.969747	0.347811	-3.064249	7.497262
9874	1	5.287909	-3.716857	6.641140	-1.549289	3.021766
9876	1	-6.168623	5.579172	0.391993	0.311598	7.417645
9880	1	-15.088283	7.555301	-4.231169	2.798175	4.424065
9886	1	3.274439	4.594482	0.927116	7.176765	-3.019649
9887	1	-4.753955	8.240579	-6.754484	7.665383	-3.605487
9893	1	7.640159	-0.860646	1.520550	5.716643	-5.062525
9899	1	8.484304	-6.219963	6.363684	-1.922390	1.724718
9900	1	6.499038	-0.741153	5.731634	0.545473	-3.272026
9902	1	-6.652277	3.079921	4.074996	-6.498829	5.611276
9910	1	-10.551468	7.715281	0.234423	-5.440940	6.228439
9923	1	7.738920	-7.127674	5.242084	0.688450	-3.872600
9926	1	8.177908	-4.434542	4.604001	3.429363	-0.571719
9927	1	-8.037899	-1.364615	8.031037	-4.278239	7.102135
9928	1	6.614048	-5.825356	8.238990	-0.078991	-0.757390
9934	1	3.624487	-3.340922	5.125515	1.395198	2.861901
9943	1	-4.256762	4.268551	-6.482104	7.460661	-2.514776
9944	1	5.710828	-3.443065	8.760966	0.088658	2.335401
9963	1	-4.925313	0.297688	7.451372	-4.499278	5.648988
9964	1	5.253899	3.313767	-3.795361	4.587893	4.153631
9966	1	7.107185	-0.570206	1.331425	8.193086	-3.962499
9968	1	-7.881180	8.616919	0.267736	0.506293	6.068246
9971	1	-7.015969	-0.286225	8.954160	-1.916872	6.036551
9978	1	7.419360	-8.372147	6.496346	-0.062571	0.996303
9983	1	8.252600	-4.198859	8.220056	-1.514561	1.233638
9988	1	5.206226	-4.678493	7.911804	-0.722412	-2.126899
9991	1	6.539272	-3.140031	7.197315	-1.685728	-0.287550
9996	1	-4.873415	7.114364	-6.048413	6.644392	-1.966168
