15	4	6.335865	-1.077131	1.179733	1.868141	6.664205	-1.871869	-6.565135	0.441394	5.104640	-5.114865	7.511203	-0.951544
36	4	-6.067033	-4.105964	6.366467	-4.205059	6.649155	2.709513	-9.338122	2.487965	5.076290	4.724513	-5.005959	1.480881
91	4	-7.900783	-5.259077	6.606950	-7.469460	6.188524	1.055315	-9.397308	0.796507	6.532217	5.053499	-5.906359	1.032884
96	4	-5.734173	1.850199	4.818075	5.057679	1.762064	-0.146332	-4.823999	-4.019625	5.234070	6.068205	-4.228172	-0.310403
99	4	7.174535	-2.994396	-1.286155	-4.150528	7.491105	-1.507658	2.475593	4.071672	-4.697845	-5.916341	-1.415080	4.873037
100	4	-5.370866	6.247280	4.073721	-4.546830	-4.609542	8.074751	5.021361	-2.560983	2.047562	-6.959140	3.208406	6.125630
115	4	-3.080315	7.718779	0.110371	2.692842	6.081714	-1.963539	-4.837047	0.255570	4.636551	-0.082585	-0.836476	4.540594
202	4	6.023480	-8.639158	2.435564	-5.088329	5.063188	1.903235	6.435622	-0.689918	-0.317309	-3.280279	-4.447752	8.241668
217	4	0.871830	-10.553045	7.237211	4.264751	-6.465358	1.682065	-5.318321	-9.705300	7.293836	-7.506137	2.633626	1.604979
264	4	5.939944	-5.015375	0.174069	-5.270420	6.704067	1.428147	-6.155748	-3.089042	6.303503	1.288469	6.286092	-1.658384
306	4	-4.814585	7.700077	1.144614	7.242189	-2.750015	1.061853	-3.256072	-1.873672	7.580099	1.336696	5.357322	-0.370024
308	4	1.953915	-7.408608	7.000538	1.351200	2.538650	0.966562	0.897025	3.342935	0.982216	1.124159	3.061254	0.926154
310	4	-6.962366	-6.775630	3.704758	-8.251914	4.599541	-2.804299	3.305218	-4.620672	-2.288791	3.285381	0.962326	-8.486833
324	4	6.865027	-6.173888	0.564198	-5.960250	5.791325	0.564384	0.486393	5.644746	0.335414	-5.177420	-3.955127	5.636342
336	4	-9.514900	2.911700	6.343452	7.091283	-1.296687	1.059056	-4.637332	-3.700705	7.379683	1.054557	-3.940386	6.897416
347	4	5.310158	-4.518704	1.353062	-0.138825	-3.819622	6.731836	-1.768799	6.951435	2.806416	4.204120	2.085877	-1.121022
367	4	-4.681942	-3.547461	8.432196	1.295900	-3.827767	6.253977	-7.288797	4.276256	2.884760	2.464354	4.748957	-0.273662
386	4	0.544586	7.045901	-2.607650	6.354522	-5.142190	1.871193	-4.299993	-4.926977	6.522022	-4.868420	7.050867	0.115938
409	4	5.641920	-4.318708	0.844692	-4.111601	6.172963	0.541360	2.263703	4.423383	-5.579178	-2.439475	-4.621158	6.217508
414	4	7.012520	-5.116886	0.925751	-4.006028	8.061006	0.828484	-3.060987	-3.718433	5.263578	2.036066	4.511981	1.863802
434	4	-5.643404	-2.480110	7.919349	-7.284068	2.110888	5.619073	6.648835	-2.290890	1.932969	2.679617	3.148012	1.506674
446	4	-4.663460	-1.525955	5.697699	7.156534	-3.040313	1.087820	-3.955168	5.708043	0.729813	1.433163	4.828726	0.049532
455	4	8.532450	-2.967181	0.771429	-3.402534	8.649319	0.336891	2.422634	7.243878	-3.553322	6.205447	2.974397	-5.604515
489	4	-5.988363	-3.449137	8.450363	-7.150083	7.183742	1.837508	5.536764	-2.961914	1.969582	5.706366	0.945127	1.232201
494	4	-6.063476	-3.816199	7.849402	-7.167760	1.929914	7.537591	5.109685	-3.899820	1.479751	3.928710	2.068919	1.082746
515	4	4.456692	2.848778	-4.198067	-6.989356	-0.957909	6.127369	-9.329739	7.864451	0.635194	3.665239	-3.184499	-0.263143
516	4	-5.586421	5.520754	3.214733	0.876538	4.961335	3.197992	-5.800021	-5.934818	7.735260	0.310667	-6.339137	7.640270
517	4	0.891274	-5.814227	8.625734	4.905849	-6.357507	2.762823	0.878490	-0.381152	8.628797	-3.252615	4.673168	2.763612
559	4	2.247595	6.250114	-2.329155	-5.129595	6.707630	1.087049	-6.119954	-3.663681	4.573315	5.121584	-2.092118	-0.595930
563	4	-4.129959	-5.937224	7.083008	2.150250	-8.931944	6.084534	7.188886	-3.388949	0.332725	-5.773612	5.856834	2.150286
583	4	-5.994457	3.601011	3.775571	4.646697	3.890549	-1.031422	1.127921	-2.976418	8.745333	-4.639133	-1.971395	9.081648
628	4	-0.295484	-3.978885	6.603439	4.949366	-2.691600	0.873788	-6.114336	-3.965002	7.464136	0.407188	4.744738	-0.674612
643	4	-4.501409	-2.189662	4.123616	-3.933073	6.516504	-1.473761	6.536088	-4.725292	-1.889462	5.706302	1.601957	-3.546244
694	4	-1.473562	-0.268592	3.062292	5.935018	-3.171850	-2.168076	-3.713219	6.895725	-2.995911	2.040082	4.440437	-7.115263
723	4	-4.242451	-6.813864	7.846100	-6.917860	5.809401	2.934110	5.192269	0.128090	1.418785	-4.217061	-1.362889	7.806752
749	4	-4.966196	6.235017	1.899887	-7.198993	-2.641594	6.353334	5.847833	-6.227987	2.055021	1.373874	6.300048	1.862182
762	4	3.172165	-2.058917	2.989970	-6.464103	7.695735	1.163611	6.305990	1.635837	0.284328	-2.684009	-4.740931	7.640518
787	4	-6.617636	-3.470640	6.846060	-7.265824	6.941068	1.805018	5.456611	-3.459835	0.220925	-12.679684	2.147278	6.079428
795	4	-4.439112	-2.470621	7.560843	6.098536	-3.704093	2.911866	-1.342616	6.931591	0.972249	4.156995	4.184883	-3.601184
798	4	6.647469	-4.718891	1.847939	2.525613	2.883810	-0.089148	-2.997467	7.042622	-0.632226	-5.546782	1.296234	5.420242
802	4	1.593978	-6.028766	6.630764	-4.716211	-5.473014	7.234058	-5.185698	6.771934	0.695730	1.049572	6.672128	0.426238
805	4	7.489324	-4.933342	0.623426	1.505778	-7.810982	6.319878	-3.819589	6.048715	0.255271	-3.172989	1.534113	5.884817
825	4	-3.932115	-7.293376	7.213096	6.045340	-7.612768	1.172129	-3.542618	5.012915	2.154709	2.282364	-10.045675	6.165066
848	4	6.109008	-3.825753	-0.915640	-2.393742	5.974626	-0.590254	-0.902924	-5.131830	5.384593	4.172970	1.360749	-2.593122
856	4	-3.935192	-5.904469	7.041009	6.117032	-2.090692	0.972075	-4.092102	5.908952	1.602348	3.305588	3.999200	-4.322952
869	4	4.221760	3.740906	-0.941842	-4.932963	7.525749	2.151392	-3.166726	-1.218135	7.131918	6.033447	-2.576005	1.815367
876	4	-1.194900	8.757662	1.200829	0.243358	-4.129028	6.570529	5.096143	-8.557311	4.995412	3.698136	3.621309	-0.505718
909	4	-5.178372	-2.389299	9.498856	6.355817	-0.155781	3.158078	5.881956	3.459520	-1.876006	1.556593	-4.979093	8.428873
919	4	-4.644675	-5.153798	6.914757	-5.160132	5.034269	3.306257	7.618381	-3.723495	0.396556	4.181365	3.733317	-0.958385
920	4	6.111864	1.257350	-1.232337	6.695427	-6.984888	2.862333	-0.877015	-7.197501	6.889201	-2.823265	4.305681	0.962918
947	4	5.257309	-4.621174	0.172151	-8.072107	1.061346	5.831938	-4.092233	-3.983351	6.295053	-5.314536	6.512211	0.646308
955	4	5.644133	-4.591331	2.083218	-1.233733	-4.890632	6.768821	-1.774704	6.776052	1.717463	4.777342	1.800469	-1.396550
990	4	7.007263	-6.559556	-0.668660	-1.196764	-7.131583	5.491801	-3.732213	2.907569	3.262530	2.682115	-6.580734	2.335171
1021	4	-5.107313	-2.572092	6.014502	-3.163833	7.065800	1.363841	6.530244	2.771863	-4.350527	8.000546	-2.615199	0.258628
1036	4	6.047140	-3.222854	0.801723	-3.854775	-4.837933	6.838919	-3.888294	3.502633	3.982894	2.734316	5.081185	1.979796
1115	4	6.921277	-4.585620	-0.722931	-6.398785	6.267794	1.466534	3.899261	2.006157	-5.028077	1.010029	5.954700	-0.747767
1133	4	6.335043	-2.750185	2.430562	-5.815581	1.936781	5.717312	-5.316059	-2.162780	7.491289	6.535642	1.492530	0.585765
1139	4	-7.211180	-4.146382	8.145965	-6.506921	4.903668	2.526205	-7.184356	1.776233	5.556014	3.296981	-5.028810	2.282576
1150	4	7.396174	-2.252506	1.093253	-5.196642	9.113207	2.825718	2.624741	7.216780	-2.028258	-4.927693	-2.533477	7.667854
1216	4	-3.026994	-1.682056	6.012856	-2.880563	8.270113	0.657648	3.542558	4.611524	-5.637084	8.528059	-2.552048	-0.270415
1230	4	8.033809	-3.877154	-1.765349	-7.171310	-0.755937	4.611650	2.903141	4.710949	-4.369210	-2.253965	6.251637	0.156693
1293	4	-2.916173	7.532662	-3.131521	8.644344	-1.613367	-4.971343	7.265200	0.998211	-7.195613	2.810363	4.344202	-6.839621
1304	4	-4.328498	-1.442364	7.564701	-4.166587	7.718831	2.230163	0.254569	7.163711	2.122494	7.257558	-2.125418	1.594721
1323	4	-3.736147	-2.605066	6.978606	-6.026286	6.759434	2.317703	5.287749	-3.116348	2.484102	-4.120930	1.169675	5.173133
1352	4	-3.822421	-5.284037	4.900541	6.156900	-4.689318	0.782106	-2.888064	6.127162	-1.464092	0.786376	6.072277	-4.976607
1365	4	6.607473	0.572608	-0.128502	-5.347666	6.747417	0.788528	7.197667	-1.929026	0.472983	-5.447413	-1.267287	7.008698
1424	4	7.696265	-4.916009	2.108128	-2.867366	3.535298	0.560501	3.121368	-9.177393	4.333013	-2.823317	-7.029113	7.087517
1438	4	1.157239	-5.778850	6.454651	-4.538407	-5.273074	7.261613	0.390979	0.815303	6.242520	-5.402597	1.018686	6.650494
1444	4	-5.577017	-1.331659	7.921639	5.431281	3.226175	-4.167165	-2.842314	5.358993	1.884579	6.238224	-2.658981	1.865752
1449	4	4.455471	3.389254	-5.623829	-0.932616	-4.784856	6.327376	7.218780	-2.764824	0.328389	-3.524337	7.403796	0.324561
1481	4	6.766213	-2.700693	0.746440	-5.090961	-2.389811	6.479254	-2.556263	9.023560	0.365235	3.204125	5.152536	-2.831338
1507	4	-6.940248	-3.242963	6.196813	6.216540	-2.900274	-0.159430	1.288589	7.222982	-5.736977	-5.268381	8.157811	-0.035461
1514	4	-3.927000	6.226386	1.363668	6.944046	-1.839795	0.986777	-5.142208	-3.519456	7.066135	2.541119	5.793362	-4.339890
1515	4	1.350447	-5.648594	7.493166	-4.510515	-5.176914	7.688521	6.563022	1.987525	-5.170770	-8.482013	7.740882	1.053236
1532	4	-5.415782	-3.698731	5.345793	-8.283398	7.038923	-0.480634	3.862654	-1.011988	-0.239676	0.765524	-3.755132	5.328210
1543	4	1.330349	-2.229294	3.336715	-5.964131	4.964182	-2.393103	6.267488	-5.592129	-0.019589	-4.497279	-3.721777	3.989830
1587	4	-3.957021	-4.281162	6.394184	6.521552	-0.939505	0.558131	0.668055	-4.355405	6.257628	2.089836	5.653959	-0.266195
1588	4	-4.731961	-3.913612	6.528436	5.025652	-7.124166	1.589891	1.328402	-8.990762	5.551034	-3.843695	5.359575	0.530435
1623	4	-5.371556	1.104970	5.927162	-5.296646	-4.997535	6.865026	-8.528086	5.792212	2.734721	6.516522	-5.911669	0.573298
1624	4	-2.245693	4.325337	0.433082	-3.531845	-4.488134	5.709264	6.081830	-6.516820	1.501669	1.425510	-5.478175	4.767569
1631	4	3.372817	-1.618285	1.864954	-3.710928	-0.519066	3.672107	-4.733035	5.696969	-2.130367	1.468807	4.906074	-2.465716
1641	4	6.080874	-8.167667	0.609263	-3.484517	-3.003826	6.615120	0.083325	2.532416	0.415230	-0.962089	2.818350	0.501747
1667	4	8.716185	-1.639005	0.103921	-0.476670	7.764369	0.121732	-3.569214	-1.672619	4.961245	5.582309	4.654361	-2.424100
1732	4	-10.920386	7.567825	2.246458	8.225532	-2.110984	-3.242231	1.711490	-5.112234	5.198975	-4.741643	-5.022739	6.586761
1733	4	-4.929991	-7.216197	6.177811	6.870362	-5.416885	-0.046601	-3.719989	5.905451	0.530898	2.918523	3.892207	-3.547721
1739	4	0.366527	3.405755	0.897811	7.099544	-3.347175	0.889478	-7.093519	-1.261939	6.806970	-5.906859	7.125581	0.950314
1740	4	-5.062173	-4.339464	6.523307	-11.479846	2.506705	5.971489	5.805953	-8.110064	2.099720	1.775070	-8.248455	5.131795
1757	4	-1.689772	-3.337114	7.968934	6.855316	-1.203828	1.646557	-3.674035	7.237650	1.559553	4.691162	3.048642	-4.454313
1760	4	-5.739103	-4.943249	7.468857	-6.313594	7.258842	2.001404	5.074497	-3.972374	0.999821	4.020352	2.125121	-0.850335
1774	4	-3.950554	5.165195	1.635781	7.025053	-5.678622	1.104008	1.410114	-8.708989	7.285643	-3.297542	-6.977749	7.593665
1788	4	-3.963545	-3.292258	6.326911	4.865657	-4.695497	4.569665	-1.866325	5.339664	-0.026418	4.001482	3.910565	-1.775974
1809	4	9.069835	-6.284835	2.533697	-2.139445	5.324443	-0.310390	-1.357391	-5.401744	4.568112	3.010997	3.380678	-2.262841
1840	4	-6.558444	8.549867	2.370718	-5.687706	-3.703983	7.004319	6.452020	-3.370204	1.196821	4.076191	2.981946	-3.002722
1883	4	6.670657	-1.628974	1.663640	-5.398843	-3.366349	8.031672	-10.589966	4.308548	5.230630	0.426819	-3.346823	7.877115
1890	4	-4.124142	7.416164	1.718620	-3.481071	-3.713319	6.375870	7.777125	-3.333216	-0.039712	6.291847	2.379577	-2.135127
1913	4	4.167523	2.264464	-2.287214	-4.761418	7.059794	0.748067	5.664450	-2.805452	1.080004	-4.109483	-4.971787	7.266795
1923	4	-1.636477	-4.891887	6.416644	-3.592363	6.117404	0.005134	7.410697	-3.377559	1.513859	6.777267	1.758408	-3.680552
1949	4	7.432469	-4.479174	-1.138833	-5.216313	-1.551504	5.080871	1.746352	-3.940097	4.050214	1.843879	-3.345124	3.879329
1969	4	-4.828346	5.285329	1.682814	7.255509	-5.950017	0.342487	-4.698672	-4.651319	6.184166	1.412007	5.807847	0.001149
1982	4	6.758221	-3.675437	0.995212	-3.207854	-1.946575	7.564095	-0.481834	6.791114	2.090884	4.388735	1.878237	0.210450
1988	4	-5.612384	7.048073	0.616429	-8.691308	-0.428461	6.464055	0.401225	6.349594	0.137676	7.195107	-4.960824	1.516267
1989	4	-5.423650	-5.882787	7.804690	-5.506420	-0.078203	7.802250	-5.856084	6.344059	1.244778	2.938177	-7.771944	2.561867
2002	4	5.018706	-3.943547	1.982476	-5.979162	-5.064620	6.484710	-7.741929	5.683677	2.744468	-11.010027	1.055036	6.398152
2033	4	-5.739453	0.770896	7.400794	7.298427	-5.499603	1.435365	-5.506225	-5.156894	7.811946	7.204398	0.321356	1.200107
2076	4	0.832087	5.149048	-3.107891	6.857909	-6.031560	1.389311	-5.619396	5.155889	0.841106	-6.140535	-3.720858	6.526255
2077	4	-6.011165	7.249932	0.209140	4.943276	-1.875366	0.577113	-7.352261	-0.833106	6.534525	-0.805874	5.633634	-0.121286
2079	4	5.915799	2.080607	-0.882901	-3.827423	-3.982351	6.959063	-3.498865	8.454060	0.675365	7.054345	-4.186697	0.968951
2097	4	-5.116320	0.512540	6.677089	-5.060463	-5.236747	6.688540	4.246211	-6.122385	0.240653	-2.922424	4.398991	0.401197
2165	4	6.990320	-5.505061	-0.558526	-3.120173	-2.894342	3.967078	-4.392975	5.596471	-2.389598	1.311487	4.997516	-2.944486
2199	4	-4.392356	2.250095	7.230291	6.051140	-3.673379	2.683457	-3.631008	-3.136543	8.884844	5.813265	1.730437	1.598355
2228	4	6.635756	-6.282802	3.024901	-3.140048	3.235516	0.674849	-5.297024	0.147922	8.381667	-3.698121	3.467965	0.776463
2236	4	6.458683	-5.346588	-0.365371	-5.076888	6.449029	0.113847	1.202748	4.665836	-5.632265	-4.666877	-6.253014	5.815681
2273	4	-7.356411	6.045371	4.135126	-5.192266	-2.995762	7.104242	0.820355	-2.956105	7.043115	4.521182	-2.993360	3.081848
2294	4	-3.634571	7.458291	3.448756	4.716999	3.412805	-2.790553	6.353417	-3.332576	1.630922	-1.789064	-1.345770	7.667497
2316	4	8.158985	-4.548335	-1.817689	7.203890	1.859513	-3.592564	-2.417498	7.274666	-0.819521	-4.889900	-4.512125	4.722656
2319	4	-3.788204	0.752815	6.692996	-2.766805	-5.294731	7.034860	6.906232	-5.366190	1.416838	6.160971	0.611847	1.303019
2350	4	-2.008641	6.813965	0.946276	6.970075	-2.181619	1.510986	1.784606	-6.464576	5.705577	-2.071630	-1.885951	6.050544
2426	4	7.721534	-5.961593	-0.014992	1.543226	5.665828	-4.520430	-3.156322	-2.153265	5.636389	-4.149623	5.614252	0.719185
2461	4	-1.216754	-1.454622	5.594571	8.459735	-1.951163	1.028278	0.183527	7.632833	-1.145315	6.236214	2.695474	-0.521317
2488	4	4.802967	-8.520863	4.088152	-3.862430	-4.311531	7.493364	-3.066671	5.808578	0.921985	2.555386	-8.077934	5.665390
2497	4	-3.549648	-6.362341	8.334942	2.044197	-9.564090	6.774459	8.073601	-5.356788	2.753992	-3.765484	5.473331	2.030296
2519	4	-5.191262	-5.019697	7.274917	1.890431	6.355709	-3.636571	-4.733551	6.104673	1.602054	7.572669	-5.162050	1.467087
2557	4	6.461904	-4.693091	-3.061739	-4.215949	6.778293	-1.800752	-1.895845	-3.917638	3.324824	5.218278	1.894638	-7.727419
2569	4	-0.675399	8.393452	1.003645	5.679703	2.487261	-3.330549	-5.929514	-0.595347	6.018113	6.641788	-3.635167	0.402366
2579	4	7.217333	-3.009854	-1.277499	-2.845473	-2.499768	4.077626	1.067501	7.184244	1.445845	-6.478316	7.779047	2.602683
2599	4	-6.553089	6.169238	0.377352	-5.447070	-5.088310	6.684761	-9.364056	1.048707	6.280911	4.795537	-6.640265	0.879526
2601	4	-1.862942	-2.131486	6.654037	6.642743	1.715027	-0.072033	6.865278	-2.289369	0.638537	-1.736210	1.921041	5.864937
2620	4	-3.446542	6.627106	1.654449	-4.219755	-4.098030	7.711685	5.326481	-1.291010	2.956549	-7.703552	1.718568	7.256535
2627	4	6.702399	-7.034096	1.825870	-4.300100	4.638953	1.016113	-4.156403	-4.712903	4.973247	-0.363749	-1.241361	1.508419
2656	4	-3.472853	6.443087	-0.615151	1.907396	5.262440	-7.207509	5.431015	-4.465804	-0.701819	-5.301813	-5.649135	5.940674
2660	4	-7.861787	8.317059	1.944768	-3.607120	-1.253875	7.361172	3.858575	2.674005	-0.388850	3.984148	-1.878481	2.766463
2723	4	6.797088	-5.520121	2.435613	5.074974	1.407835	-0.581186	-3.219114	-4.623292	6.911439	-1.899166	4.606643	1.630691
2751	4	-4.275023	9.168155	-0.357099	-5.381980	-1.646689	4.861020	1.836538	5.453717	-1.073725	6.306187	-2.932496	-1.032616
2768	4	-1.004086	-0.278766	0.970070	-6.037366	6.172458	0.937589	6.058539	-4.861435	-0.159834	-6.041972	-3.981759	5.652502
2780	4	6.625247	-3.372922	0.165545	2.676738	4.313831	-2.719429	-4.447010	-6.287558	6.330718	-3.480455	5.713544	-0.248423
2784	4	5.434056	1.606386	1.107257	-1.066530	-6.362897	6.321140	5.279067	-5.119138	3.109785	-3.678198	4.942878	0.436412
2817	4	-2.601256	-3.257368	8.797535	-2.715773	-1.112164	7.906426	-5.892540	5.808016	2.941978	4.594935	0.925069	0.277780
2846	4	7.113510	-3.362937	-1.152980	3.083347	2.877531	-2.756563	-1.166949	-6.531479	4.848782	-2.673873	5.266736	-1.426600
2849	4	-5.386343	-3.853279	5.594163	5.849253	-5.694566	-0.753811	-3.535572	4.144980	1.015738	3.273453	0.814984	-4.791742
2857	4	3.707451	2.897293	-3.430066	7.604252	-8.241523	2.378524	1.638552	-6.844015	5.630790	1.574407	4.452792	-0.309200
2861	4	7.037604	-6.931562	1.611966	-2.758827	-4.388496	7.520063	2.529420	-4.784607	3.505631	-7.764056	3.524121	3.134454
2884	4	5.812144	2.348979	-1.020867	7.951841	-7.607872	1.097664	-9.648041	5.029687	4.746616	-4.051324	-1.295385	7.261004
2898	4	1.401642	-8.478922	5.504867	-0.662145	6.838731	0.741476	4.753118	1.805021	-1.442151	5.031357	-6.990515	2.988790
2912	4	-6.986773	-0.494890	6.182805	3.688938	2.819057	-0.621188	-4.178029	8.178563	2.239552	5.322967	-1.950640	1.656657
2952	4	0.342014	0.934653	7.546713	-4.130556	1.327612	7.707216	6.380305	-3.496600	2.006440	0.537317	-5.285350	7.634139
2963	4	-3.977719	5.720457	0.309176	6.369840	-5.241212	0.057815	-5.812727	-4.132477	6.261476	2.124239	4.593118	-5.846768
2998	4	-1.876546	-2.234630	7.025984	8.747211	-4.791763	2.636473	5.268243	1.320101	1.561137	-6.112713	4.543572	5.946947
3084	4	-2.716624	-4.845697	7.891606	6.521659	-5.949304	2.593599	-4.842744	5.362534	2.180582	2.255713	5.015095	-2.440093
3103	4	-7.558639	6.600781	0.933191	-7.100498	-4.327132	7.516455	-9.605995	1.542247	6.820367	3.511307	-1.794480	1.606278
3126	4	-3.317580	5.192304	0.283001	6.694864	-6.641740	0.611540	-4.518412	-5.912621	5.655378	1.692503	4.861051	-4.702502
3136	4	7.786221	-4.374158	0.622999	-4.737051	4.460300	3.633683	6.625291	0.305573	0.096023	-1.242438	-3.490511	6.334091
3139	4	-3.700780	-3.665089	7.364342	6.308961	-3.509255	0.730869	-0.447047	7.010115	0.841249	3.396454	3.261713	-2.245342
3169	4	5.585671	-7.873549	3.038848	-2.386871	-2.632653	8.842952	-3.144919	4.010125	2.212533	1.643393	-8.691348	6.127162
3182	4	-5.362832	-4.543334	6.025053	5.321236	-5.849749	2.369014	-4.439579	5.407302	1.541791	2.516654	3.200589	0.601044
3215	4	7.928297	-2.244170	-0.467379	-2.729171	7.807097	0.437760	-4.057578	-4.703011	5.292217	3.954825	4.297593	-4.956876
3251	4	-1.340765	9.192051	0.374356	2.086120	-5.583405	5.232440	3.466555	4.140477	-0.344091	-2.668883	-1.213808	5.985978
3258	4	2.497947	2.485179	-0.579851	-0.842927	-5.066824	7.661769	4.328735	-6.390289	4.402771	-1.360180	7.302404	2.415408
3260	4	-8.408806	3.971499	7.349879	-2.598109	-2.216870	8.100377	6.070174	-5.241509	2.046259	5.621695	0.479926	2.041963
3282	4	9.774919	-5.533444	-0.697957	-2.346457	6.236605	0.806984	3.489349	-10.999196	3.080814	-1.427032	-7.721103	4.999747
3342	4	6.494877	-4.823079	-1.797488	-2.792587	3.512851	-0.426073	0.234958	-9.963702	4.608523	-3.467942	-4.608852	4.711164
3352	4	6.829075	-4.054642	-0.057162	-4.081809	6.884818	-1.070572	-4.428341	-2.281145	5.399181	1.204673	6.768181	-1.310900
3363	4	4.766282	-5.474581	1.494123	-6.842895	6.793860	-0.740601	-5.130983	-6.199978	4.214539	-4.805773	0.263178	4.024980
3368	4	-4.435798	7.667707	-1.053668	5.990128	-2.462307	-0.437566	-3.995117	-1.687772	5.333172	5.438129	1.339991	-1.554483
3382	4	7.591001	-0.743977	-0.934472	3.124843	5.094106	-5.636081	-3.369110	7.912519	0.809967	-5.340943	-0.678668	5.559157
3392	4	-1.813330	5.673176	1.839015	-1.540697	-5.720506	7.336935	7.890189	-6.167124	2.602235	-8.464614	-0.261229	7.562812
3417	4	7.457081	-4.084580	2.170957	-4.239704	-3.010805	7.071736	-3.457328	7.041544	0.812102	-3.324900	1.919179	4.857127
3441	4	-5.580518	-3.316674	5.212261	6.609446	-4.493775	-0.973385	-5.232657	6.724210	0.404437	1.333820	5.112142	-4.360154
3466	4	-3.419643	7.782659	1.172358	4.114884	2.223276	0.338001	7.045122	-3.683555	1.323627	-2.042159	-4.094236	6.661893
3476	4	6.102985	-7.043333	0.602405	-2.494160	-2.913977	3.877218	-2.704806	4.388435	-1.349534	0.748340	4.428457	-5.101971
3485	4	8.955217	-5.301154	0.947368	-3.801634	8.243951	-0.515146	-1.925577	-4.504375	5.895572	2.516978	6.771276	-5.490973
3500	4	6.349269	-6.697476	3.605182	-4.618381	-4.770667	7.716173	-3.368468	6.216416	1.788439	1.308690	-9.325359	7.107131
3506	4	-4.927034	-3.295434	5.801187	6.592945	-0.655879	-1.270919	-4.649080	5.502326	0.949677	6.650017	-6.547419	-0.017210
3512	4	-3.545796	8.081059	2.306568	3.659109	1.393604	1.263771	-5.775977	-3.782239	7.829426	2.258252	-4.766366	4.681702
3521	4	-5.374486	5.698947	-0.464600	-6.055751	-5.433186	5.971719	5.884233	1.438197	-1.135090	6.231264	-5.102587	0.205414
3550	4	5.497515	-6.365286	2.205943	-4.622281	5.514032	1.402169	-4.313761	-6.653632	6.843983	-0.270459	5.515610	-1.250321
3562	4	1.102389	-4.301357	0.561414	-3.996757	-3.763947	6.618859	-9.693625	6.280972	2.184794	3.890132	1.402652	-0.408184
3567	4	7.421634	-4.451708	0.222203	-3.149832	7.719090	-0.193722	-7.679340	-1.095631	6.177133	1.279752	7.452779	-5.605426
3571	4	-3.402134	5.209094	0.493347	0.411311	-3.509812	5.489869	-4.832459	-3.440467	5.632436	6.061159	-6.012992	-0.505081
3591	4	-3.811303	-4.421173	5.704055	6.611579	-2.725851	-0.570562	-4.808473	5.711070	0.019926	3.748935	2.888947	-6.002524
3594	4	-4.678247	-3.994821	6.389088	6.759018	-2.831778	0.098360	1.738076	5.040183	-2.884680	-3.443945	5.906638	0.150302
3643	4	-4.568948	7.113771	-0.339916	6.024653	-4.333649	-1.349170	1.313848	7.039617	-5.285968	-5.258072	-4.962281	5.076756
3646	4	-5.105620	-4.919261	6.556799	7.970336	-2.569256	0.287017	3.790990	3.037282	-3.546709	-2.993310	6.460880	0.298532
3650	4	2.024706	-6.723409	7.099887	6.019438	-6.386135	2.587984	-0.370752	5.534240	2.280874	-0.262876	-3.812314	7.973746
3676	4	5.123305	-0.786848	2.375401	-5.399582	-3.916692	6.191613	-6.896860	6.500704	2.746635	2.221767	4.142204	0.593755
3677	4	-2.228404	2.155861	5.167331	7.852304	-3.458676	0.577909	5.740697	1.549934	-0.347988	2.307613	5.663563	-1.984349
3710	4	6.833182	-6.726437	2.782241	-5.021658	-5.565371	5.688138	-4.410601	6.150188	0.057310	4.261578	2.645225	0.143200
3716	4	-5.857441	-4.343487	8.175073	-7.479030	7.757031	1.620310	5.602448	-5.563190	1.998204	4.017634	1.713357	-2.583531
3717	4	-3.969780	6.240270	-0.605651	-3.618208	-3.844405	5.926368	6.362848	2.507353	-4.466754	8.493242	-3.225974	0.286720
3726	4	7.209068	-3.933579	0.213701	5.499242	2.439718	-1.290042	-3.804577	-2.693336	6.148446	-1.945606	6.777349	0.193406
3739	4	-6.643023	8.736035	0.947562	-1.711449	-1.693811	5.696440	4.769988	3.454658	-5.301005	3.244996	-2.327755	-0.070187
3750	4	7.314363	-5.249861	2.237077	-5.713718	-2.813584	7.216451	-5.356479	5.731454	0.827810	-7.148911	2.047999	6.132922
3765	4	4.009389	2.126883	-2.059670	-3.942769	5.096005	2.943217	8.479288	-3.311820	1.152163	-3.763822	-6.725352	6.182622
3812	4	-2.870096	-4.947580	8.515209	3.741704	-8.807235	5.891959	4.110092	2.768613	1.245433	-3.891380	6.852964	2.448111
3829	4	-5.004783	7.154873	0.057814	2.734154	-1.349431	2.222061	-5.131396	-2.194198	6.502987	0.828923	2.519240	-1.542896
3869	4	-6.182087	5.392582	4.342225	7.722653	1.766506	-0.392368	-2.907478	-4.795318	8.127312	7.848809	-4.935457	3.040343
3894	4	3.976581	-3.837892	2.172725	-8.344504	7.178397	0.961668	-2.375295	-2.656718	6.638224	4.401523	2.986965	-2.152641
3905	4	-6.617767	-4.834420	7.533926	3.555363	-8.978382	3.365891	-4.017277	4.948539	0.681749	2.008103	4.328684	-3.193274
3942	4	1.311979	-2.500209	6.277627	5.605407	-1.807477	1.505620	-7.084003	7.888966	0.464479	-0.481393	7.666191	0.448507
3971	4	4.599889	1.970213	-0.140119	-3.879374	-1.874556	6.611226	-5.730700	4.253721	5.236325	5.676718	-2.640668	0.584987
3998	4	6.748502	-0.862416	-0.920528	-3.199825	-1.068887	5.007190	6.779013	-7.164602	-0.918340	-3.893245	5.238235	-0.487414
4001	4	-4.166266	7.806111	-1.679195	7.209283	-3.389220	-0.989345	6.459580	1.895267	-7.339297	-3.977707	-1.586043	4.809252
4009	4	6.456853	-4.371591	-0.981178	-6.077167	8.170375	-2.160188	0.346669	8.155938	-6.073957	4.716621	1.959976	-2.798534
4027	4	-6.100037	-6.814874	7.303120	-5.954899	6.077441	1.009477	0.406514	-3.792795	3.274210	1.853471	4.023541	-4.215005
4031	4	-5.935360	-2.052634	6.796265	-7.182186	5.404197	2.397211	3.519983	-0.974660	1.376640	-0.970190	-2.044387	6.781820
4033	4	4.855274	-9.495020	2.257132	-6.486608	-3.184514	7.035089	2.080802	4.134137	1.464627	2.213862	4.723780	0.678462
4041	4	1.919684	3.480048	-5.400471	7.793520	-2.850792	0.472829	-4.388482	7.840672	0.522390	-3.913427	-2.810070	7.062370
4051	4	4.570629	3.383641	-4.017276	-1.789133	6.442956	-0.480192	8.157801	-2.584166	0.493946	-2.062250	-4.751397	4.996471
4064	4	-5.055260	-3.110389	6.645591	4.503297	-4.141107	1.542836	-5.405656	6.722652	0.497056	-5.403428	1.378278	6.478011
4067	4	-2.916744	7.065602	3.510859	-2.084207	2.654689	6.068646	2.195854	1.243178	5.314945	2.292919	-2.714009	6.142823
4094	4	-5.113008	0.069348	6.968833	-3.739092	6.265038	3.280071	5.243120	-4.111384	3.591683	5.936476	2.922452	-0.057200
4097	4	-4.585100	6.071486	2.785155	-1.924978	-4.859262	7.728465	-2.566284	1.538094	6.295953	5.242887	2.071379	0.790002
4112	4	-4.281127	-5.682684	6.311194	3.220994	3.840563	0.262334	6.832007	-3.364490	3.060910	-2.870236	6.113467	1.728099
4115	4	-4.553093	5.378388	-0.198885	6.512013	-5.480296	0.603488	-5.096135	-5.887484	6.417375	1.625898	2.654360	-2.064017
4132	4	-5.731433	7.060134	2.107834	-5.978720	-1.385694	8.304720	3.908657	2.337574	0.915368	4.782350	-2.573863	1.814336
4136	4	-6.120633	-4.160552	6.173792	-5.165180	6.891582	0.962877	5.006470	1.971013	-2.681043	5.882519	-2.937393	1.284346
4142	4	5.702434	-7.460578	2.954098	-4.966884	1.411288	6.036358	-4.220878	5.899716	1.718788	0.412311	6.049588	0.264629
4170	4	-6.586087	-6.801409	6.112682	-1.210044	-6.808322	6.092388	-7.738524	4.887527	0.508947	4.380672	1.667058	-1.173294
4174	4	0.536711	-4.373403	8.084509	7.066265	-4.179794	1.614225	4.829544	2.343058	-0.343932	-3.682481	2.152156	6.276655
4200	4	6.930935	-2.166238	0.119633	1.437839	8.099287	-1.585586	-1.858369	9.028153	-0.818120	-2.582133	-1.965940	4.814824
4236	4	-4.247911	7.022527	-1.267327	7.151983	-5.529143	1.102332	-2.845126	-4.510702	5.156608	1.446527	6.340824	-2.223860
4253	4	6.560221	-3.190380	1.734842	-6.505610	6.670088	2.260617	-0.067023	5.022360	2.258107	-3.896451	-5.357763	7.915718
4273	4	-6.196450	-0.030244	7.835089	-6.626578	6.326803	1.380401	-6.168922	-6.362058	7.955240	4.396794	-7.260708	2.693419
4286	4	-6.429944	-2.656414	7.430631	6.282157	-3.048314	0.977645	-12.617363	4.396309	4.398678	-0.067548	-2.944136	7.222872
4291	4	-2.619157	-5.299679	7.913892	2.750253	-8.393215	5.370612	-2.881430	5.895485	1.802063	5.483078	3.185740	-0.294349
4310	4	1.499114	6.183671	-3.829547	5.863947	-5.578984	2.231798	-3.239088	6.663110	-0.956943	-4.477225	-4.697850	5.523129
4311	4	6.008529	-0.531187	0.681789	-5.653925	-0.601054	6.383953	6.681962	-5.589086	0.732380	-5.055802	-5.594594	6.429950
4332	4	-0.021787	-2.791430	7.640936	-4.652585	8.316644	2.584848	-5.097601	-2.735985	7.736421	0.461509	8.138898	2.405415
4359	4	-0.972987	-3.599576	6.609801	-1.986455	0.805393	6.526234	6.009906	-6.850768	3.352774	-2.729943	6.387736	0.510770
4365	4	-1.863216	-4.272817	7.533171	-1.708600	6.139247	2.701813	6.158834	1.150139	-2.314236	6.458950	-4.052445	0.992215
4369	4	-2.900959	-4.239695	6.206071	1.383363	6.406353	-0.379868	-3.391104	0.635144	6.188247	-3.957987	6.516564	-0.119912
4377	4	-4.631940	-5.391992	7.305699	-9.644510	5.946503	3.215246	6.023437	-4.706209	0.743012	5.492727	1.192580	-3.297233
4393	4	-3.926874	6.815474	2.217883	8.249576	0.467656	-0.464921	-3.250281	-5.447276	6.250156	2.907900	4.097710	0.299425
4401	4	-2.003529	-2.144299	5.435075	6.336698	-2.310134	-1.103662	-3.256573	5.582482	2.032940	3.359402	3.708990	-3.043816
4402	4	5.270129	-5.688897	3.628064	-4.378515	6.188175	1.844016	-4.184922	-5.556261	6.981532	5.981104	0.783658	1.513159
4457	4	0.753810	-10.192146	7.153210	-1.532240	7.660016	2.398882	4.791066	1.937087	0.368385	6.605260	-5.033685	2.943911
4465	4	-2.045379	-5.801766	7.079699	-0.888893	6.567250	1.931109	7.774555	-2.131356	0.732544	3.717495	4.344177	-1.489405
4482	4	-1.081476	6.635913	1.662459	5.586884	-1.650860	-0.707898	-4.652344	6.788473	1.639756	-0.426169	-1.102065	4.982024
4536	4	1.122566	7.591151	-2.182701	-2.454108	7.594456	1.236670	4.995240	-4.623356	2.118837	-4.935853	-2.121775	7.094602
4561	4	-5.665812	6.864302	2.633243	6.483554	-3.309363	3.103396	-4.003032	-0.768191	8.845510	1.979558	-1.239240	7.684191
4564	4	6.420576	-4.990224	1.079983	6.143917	1.269774	0.303714	-9.307639	4.926110	3.309279	-4.860568	-5.032264	6.294096
4568	4	-4.291743	7.209026	1.891494	-5.309915	-4.980595	6.149889	2.871275	4.142455	-2.833533	6.429068	-4.886684	0.227140
4574	4	4.671365	-3.623523	1.678882	-7.258026	-5.166902	5.907086	-6.075944	6.688144	1.114061	2.640359	3.308240	-2.801085
4605	4	-2.580559	6.561857	1.594902	-4.629424	-2.503024	5.313499	4.302701	3.827882	-3.123979	6.199169	-2.525573	-0.545503
4611	4	-6.654895	1.180012	5.596259	-2.808917	-5.095580	5.954078	-3.249656	7.417302	0.508306	6.084748	-4.444071	-0.001381
4651	4	2.318124	0.048934	3.366101	8.238491	-7.038668	1.162134	-1.671221	4.682746	2.407594	2.319256	-6.584107	3.365536
4654	4	-3.792249	-4.722448	4.569612	-10.272995	0.346221	4.560366	-5.630572	5.613700	-1.261005	6.672346	-6.073204	-1.915341
4686	4	-5.695217	4.786786	-0.113046	6.031088	-7.226078	1.069685	-5.791805	-7.728852	6.009065	0.926026	4.630630	-4.003311
4690	4	0.746556	-4.661204	6.726055	-5.310725	-4.606838	7.322783	-7.419194	7.474902	1.725020	1.508424	6.761803	-0.635287
4698	4	5.350696	3.460302	-3.363610	-4.355504	-0.829528	6.632054	-4.507928	7.634326	1.450480	5.027834	-0.918828	1.652338
4722	4	-4.715736	-5.932011	7.827997	6.622913	-6.133258	1.389135	-3.289910	4.385033	2.613564	2.839844	2.531233	-2.939813
4760	4	-4.502789	-6.333496	5.392276	5.281757	-5.177759	-1.209858	1.010700	5.561036	-0.857354	0.328382	-6.325891	5.385059
4778	4	-4.494463	-5.055807	6.218902	7.200001	-3.698288	1.132629	2.992478	5.111760	-5.312914	-2.552151	6.498120	-0.308304
4780	4	-3.416647	8.132662	0.113531	-5.126591	-2.602022	6.035346	6.270535	-3.616346	0.509057	4.939994	2.761603	-4.100411
4838	4	-5.915777	7.293083	-0.081274	5.568210	-4.510759	-0.925913	-4.305708	-4.026046	5.599575	4.882123	1.804925	-1.372606
4862	4	6.368635	-4.554936	0.544418	-2.052392	4.884133	1.354153	-1.380668	-0.856371	5.999099	-4.293441	2.539791	3.928829
4881	4	6.156698	-8.000989	2.153377	-3.287388	-3.752435	7.234387	-3.396704	5.417427	0.836567	1.391856	-9.200066	6.667496
4891	4	-5.905569	8.209416	1.528043	-4.784504	-2.035386	6.710111	5.841504	-3.162233	1.237453	4.000868	2.447030	-2.549389
4915	4	7.780480	-3.931505	1.736787	0.083860	-8.397100	7.268395	-3.350889	5.328856	1.959910	5.798423	2.671755	-1.479034
4954	4	6.203290	1.918119	-4.270929	9.082876	-2.448184	-1.172410	-3.216018	4.322552	1.665576	-3.942375	-3.278207	4.866830
4972	4	-7.105485	-5.173147	5.171578	-5.150249	5.966035	-0.886652	5.030656	-6.769231	-1.382039	4.594988	-0.206396	-1.709561
5004	4	4.642258	-3.214990	4.085733	-4.103922	-3.737404	7.820003	-4.579887	7.242983	1.406072	2.710996	5.131298	-0.869580
5006	4	-8.032339	6.922598	3.402036	-3.891217	-3.308008	6.411073	1.721268	-7.776826	5.119900	-6.554363	1.421106	6.220678
5008	4	0.285608	-5.524895	7.612703	-6.159415	-5.357164	7.938575	-4.878465	6.862452	1.653377	1.648764	5.961415	0.937354
5009	4	-4.091247	6.634621	-0.301201	7.348998	-4.388117	-0.615172	7.158116	0.096326	-3.628454	-3.214068	-4.752823	5.180258
5055	4	-6.390421	6.950653	2.324049	4.555587	-4.268712	0.283754	-6.301990	-4.454607	6.751868	-8.647526	0.382176	6.465542
5080	4	-3.506178	7.681708	-0.720245	6.898849	-4.632290	-2.177766	6.157632	1.740651	-2.894914	-4.125110	-2.861773	4.208088
5102	4	7.038373	-3.584758	2.337717	-4.872055	6.943265	1.667783	1.387251	4.687589	1.382885	-3.193038	-3.626441	5.511092
5114	4	-7.220488	-5.842620	5.011146	-7.220139	0.201762	4.999152	4.500439	-7.065223	1.643341	-7.398674	6.328459	-1.337173
5132	4	-2.076637	4.334357	2.520903	-0.446192	-7.250184	5.949903	3.377596	-2.780405	3.816617	3.174543	4.000107	0.288251
5155	4	7.013596	-4.202211	3.198893	5.736834	1.757155	-0.407474	-1.439690	-4.328085	8.706189	-0.776647	6.076957	2.537372
5158	4	5.864001	-1.907112	0.177280	-5.429121	7.982978	1.115373	0.962443	7.856713	-2.195576	-5.521962	-4.276368	5.474356
5187	4	6.760701	-2.594667	0.906898	1.038929	5.699941	1.764954	-4.414210	0.321763	5.759331	-5.556152	6.115807	2.142625
5207	4	7.941170	-1.844478	1.814223	8.073548	-7.431135	1.779007	-4.766625	-8.037970	6.213619	1.619030	-8.986348	5.340160
5229	4	-3.673580	6.045711	2.376357	-0.185410	-6.047243	8.331826	-0.737202	-0.071721	8.424308	4.170712	2.489707	1.004073
5256	4	6.528129	1.104019	-1.363777	-6.506909	6.261464	-0.307203	-5.635230	-3.145079	6.202538	6.549626	-4.756648	0.003299
5271	4	6.871266	-5.127595	0.338013	-4.547552	6.865431	1.289671	-4.812992	-4.395588	6.505744	1.803661	6.641881	0.158030
5318	4	-1.774396	-8.565727	7.934870	5.911044	-8.362363	2.351171	2.423912	-9.743874	5.431401	-1.788116	2.438598	1.412905
5324	4	-5.288758	6.035893	1.182961	-3.364788	-0.319918	6.543060	5.564096	-4.990055	1.313656	4.301597	-0.344056	1.312509
5359	4	5.266415	-3.662469	7.115639	-4.187855	6.923195	3.143323	0.767844	3.927510	3.038534	1.670475	0.753491	7.223221
5363	4	-1.028466	-4.382091	6.691819	-2.734914	4.880711	3.078587	2.961915	3.758378	-0.252988	4.731208	-2.730326	1.426376
5428	4	5.464951	-4.551000	1.258381	0.743406	-7.845068	6.955033	-3.878812	-6.563280	6.972391	-4.209525	4.057104	2.332687
5434	4	-4.447957	-7.502933	6.444625	2.528144	-7.756320	-0.110152	-4.449274	-0.891953	6.280083	-5.942602	4.388757	1.156099
5453	4	0.513441	0.128077	1.168442	3.172820	5.937868	-1.018671	7.098058	0.172995	-3.441700	-3.477551	7.030641	1.655531
5530	4	-10.034936	1.284402	6.937911	1.706217	5.853300	-0.012627	3.395023	-3.731175	3.352881	-4.290216	6.795157	1.195264
5535	4	2.983836	-4.897820	1.272440	-8.739121	6.547627	2.282914	-4.776083	-1.636837	4.115967	2.397431	1.602536	1.986241
5541	4	-3.878792	-5.826991	6.740333	5.990585	-7.885307	1.353545	-2.266396	5.154190	0.604075	1.636532	5.892153	-1.588558
5576	4	-4.944218	5.556930	3.126693	6.894149	-7.358591	3.301353	1.290919	5.038859	2.637095	2.003795	-4.957154	7.394150
5589	4	-5.738931	4.709573	2.448263	-3.689556	-6.170625	7.486553	4.887388	-4.585811	0.909841	3.957716	1.920893	-0.378111
5604	4	6.185972	-1.537543	-1.177566	-6.010578	-1.552359	4.992453	4.444781	3.495521	-6.831119	-3.461295	6.746463	-1.082148
5606	4	-7.773818	1.724679	5.456727	-7.784173	7.899228	0.990800	-6.278749	-4.861537	6.012031	4.800931	-5.052133	2.770334
5656	4	-5.719886	8.218536	1.944658	-3.656333	-2.402829	6.992387	6.884159	-2.904638	2.627814	2.442384	-4.726705	5.561043
5669	4	-4.585917	5.939789	0.684537	3.414668	-5.664328	3.738416	6.354305	-0.468402	0.380574	-3.602959	-4.320853	6.652853
5679	4	4.000917	-7.735169	3.041911	-1.977498	-4.234164	4.752604	-0.832017	6.858401	-0.210608	3.498863	3.843775	0.372871
5709	4	5.111808	1.771205	1.116459	0.012505	0.793550	5.810190	6.458507	-3.441605	1.862523	-4.494671	0.718194	6.344425
5727	4	6.958629	-4.876303	0.542575	-4.618155	-4.195953	6.790664	-3.642968	4.883311	1.954151	6.338919	1.413704	-2.812385
5731	4	0.062984	-4.960465	6.468317	5.857982	-5.828153	2.991585	6.887392	1.708838	-2.133211	-2.582866	5.717640	1.309072
5732	4	-4.818857	-5.673872	7.038805	5.574697	-6.396539	2.223237	-4.194103	5.326027	1.852810	1.528731	5.015583	-1.627112
5734	4	-6.193159	-5.114197	6.639286	-5.330019	6.386638	0.484058	0.146028	-5.145183	6.639005	1.079291	6.183408	0.470628
5739	4	7.009890	-5.084057	3.400411	-6.619356	3.400548	4.859179	6.290345	3.260100	-0.952175	-3.181257	-1.895003	9.465265
5758	4	6.433607	-4.734820	1.648752	-5.009915	7.462319	1.789939	-3.149413	-4.594751	6.772596	6.051143	1.894212	-0.328741
5762	4	-6.030484	-2.227893	6.473514	4.718343	-2.427374	0.479457	-2.930068	4.445083	0.143101	2.468619	3.269171	-5.845715
5856	4	6.806309	2.227877	0.303835	-3.302584	-4.929074	6.470736	-3.185896	1.407521	5.423261	7.948746	-4.310151	1.804628
5863	4	1.593022	7.012622	-5.189951	-3.614145	7.123548	0.487739	-4.706986	-2.003174	6.291561	4.723964	-1.616393	0.511198
5877	4	6.199699	4.299457	-0.178503	-1.420595	-4.448850	7.460703	-1.524856	1.479324	6.636336	6.718417	-1.698605	2.305522
5935	4	-7.616653	-4.831471	5.535013	-3.127760	4.805670	-0.509025	4.880574	-2.457664	-0.378090	3.352346	3.923706	-5.857744
5937	4	-4.277744	-3.372040	6.734312	1.449266	-5.360166	6.580320	6.728722	-4.689260	0.269365	-3.670747	7.583621	3.048569
5952	4	-8.815075	-7.569131	5.897342	2.761460	0.942037	0.703197	-5.782433	4.527074	0.150983	3.900637	-6.135578	0.735420
5965	4	0.808544	-3.527207	6.946048	-5.220895	-2.998334	7.179852	-9.232547	7.927371	0.791065	3.012283	4.848550	-4.206006
6006	4	-9.121926	0.878674	5.823319	6.990519	-6.972428	0.286401	-3.690079	-5.702534	6.445402	5.731970	-0.403928	-0.004329
6008	4	-2.818418	-5.067261	6.838142	5.040817	4.839953	-0.221295	-2.626029	6.843768	2.699062	7.036524	-0.580773	2.706032
6009	4	-3.638187	-4.630782	6.808491	-3.174809	5.568619	1.106593	7.764597	-7.267767	1.120151	-5.628540	1.591034	6.144598
6012	4	0.380774	4.265979	0.988222	6.643048	-8.791113	2.178779	-4.995198	4.264358	1.221148	-2.906749	-2.226485	7.572829
6027	4	5.947247	-5.990253	4.039926	-4.155887	-2.399309	7.943032	-4.270072	4.830435	2.657436	1.641091	4.429292	2.094405
6036	4	-4.453105	6.670407	1.154288	5.951085	-3.297923	0.328131	4.044101	2.638434	-4.936303	-4.514093	-2.152630	6.429158
6063	4	-3.500948	-3.996407	7.124840	4.528047	2.796843	-3.457666	-1.191646	8.803676	0.647677	8.435440	-4.033328	0.763749
6072	4	-5.081162	-2.035100	4.861762	1.721793	-1.972917	3.824433	-7.308888	3.590730	-1.629591	-1.126319	3.401533	-1.899140
6080	4	6.019252	-5.320556	4.599530	-2.130353	6.558030	3.293939	6.210422	2.953570	-0.854205	-0.571345	-2.245816	9.277231
6085	4	-5.979113	-4.539218	6.852279	-6.065476	1.278868	6.656431	-6.988945	6.476320	0.955429	5.881104	-2.890391	0.520517
6116	4	-4.314910	6.378625	-2.108422	4.269245	-2.785154	-1.397874	-4.743997	-3.976951	4.417693	3.234872	2.252896	-6.680611
6122	4	-3.598938	-5.375721	6.624776	-5.074373	1.147500	5.443713	4.090328	2.697128	-3.311771	5.799842	-4.994696	-0.011813
6130	4	4.324561	-4.577785	0.741593	-4.394844	5.363688	2.393330	4.042643	1.917294	-0.453008	-2.157816	-4.279970	6.142718
6141	4	3.944347	-2.612068	2.535527	-3.258798	8.299247	0.987313	4.099302	3.644041	-3.233185	-3.595611	-4.247742	6.752988
6144	4	-0.005388	-6.412673	5.340458	2.304767	3.791344	-1.320352	8.528201	-3.032571	0.893026	-1.007667	6.783874	-0.128099
6149	4	7.668414	-5.157655	-0.362109	-2.757483	-3.637216	4.430836	-2.914517	4.978411	-1.355504	2.739569	1.736912	-3.037508
6157	4	-2.823974	-6.276954	6.640856	6.048340	-6.452262	1.769349	-9.292854	0.587344	6.474647	-5.769125	5.151643	0.440710
6216	4	-5.750652	6.525009	-1.522825	6.172905	-3.361180	-1.085708	-6.635318	-2.996633	4.504766	4.992526	1.694608	-3.140653
6234	4	0.378520	6.939305	0.416915	-5.373046	0.962943	6.795163	-4.423172	7.249168	0.659670	0.519875	0.595682	6.423855
6249	4	7.429642	-0.323550	-2.700368	0.990715	7.243415	-3.351639	-4.836776	7.457411	-0.997797	4.470333	1.863886	-4.428518
6271	4	-0.502237	-4.398595	7.019722	3.476416	-4.769272	4.205597	-2.425983	6.442900	1.388298	5.349031	2.651871	1.053852
6296	4	-3.495974	-3.093772	7.367216	6.597836	-3.637008	2.758984	2.850862	6.597905	-3.843789	-2.445164	7.807881	0.736802
6304	4	5.980599	3.366461	-4.609034	-4.560408	7.300694	0.365268	-2.180837	-3.800527	5.898662	3.293583	-2.075872	1.131846
6323	4	-3.337358	-7.005401	4.925684	6.917186	-7.652723	0.363050	3.453714	-7.638719	3.016453	-5.490664	4.683856	-0.372649
6324	4	8.042496	-5.958198	-0.050900	-2.248462	-6.616319	5.100664	-2.553158	6.460504	-1.476569	2.143181	4.265126	-3.105485
6338	4	-5.104520	-4.191104	7.103078	-7.407561	1.214736	6.865313	5.845449	-8.399130	3.446455	-2.839729	6.543372	1.009125
6344	4	-5.288016	-4.662553	6.460464	-6.163887	6.815502	0.354358	5.445971	-7.304583	3.286653	-0.055061	6.828262	-2.820390
6391	4	-4.727024	2.112250	4.598968	6.194063	1.047532	0.631200	5.220589	-9.201450	2.672697	-5.056521	-4.391759	6.756574
6395	4	1.210093	5.213409	-2.647229	-6.459001	4.192569	3.176334	-5.765790	-4.015403	8.213586	4.478709	-3.966882	2.043894
6403	4	-5.822346	-8.116997	3.501912	6.052677	-2.444614	-1.163581	-1.990724	2.707617	-0.225440	3.895016	1.916236	-2.547857
6412	4	-5.074724	6.614428	0.682195	-7.322065	-3.992065	6.608164	2.440765	2.984537	1.613081	-8.085692	2.498276	5.066478
6436	4	6.262136	-4.364289	2.177946	-1.493842	-3.817011	7.454652	-2.870099	6.233418	2.065317	2.097581	4.158455	-3.172932
6450	4	-3.039693	-5.898942	8.458466	-4.442337	6.021522	2.436613	-3.855027	0.291351	8.433901	4.579667	-7.632619	5.409296
6470	4	-5.000348	-2.604525	7.656059	6.680116	-2.598906	1.030539	1.009219	-3.097869	7.638685	1.762407	6.651852	0.719344
6472	4	-8.024088	5.124437	0.969840	-8.728413	-0.909738	5.839191	3.958705	-4.930778	0.406453	3.677742	0.690772	0.188173
6476	4	-5.997450	-5.102131	5.973039	5.625875	-6.593054	0.446092	-4.408259	5.772421	0.415902	-5.740873	0.979841	5.679542
6503	4	-6.032348	5.769675	2.664429	6.749554	-5.357050	0.305837	0.568422	6.158707	-3.882481	-3.573731	-4.019304	6.471351
6508	4	3.286875	7.698362	-3.260181	-6.217339	3.168937	6.084203	-2.766215	9.135292	2.465395	-1.730787	-2.114637	8.335990
6545	4	-4.255459	8.298902	1.608342	2.398327	6.461387	-1.986170	-6.311325	-2.977844	6.565804	0.168756	-2.920671	6.518058
6589	4	6.598984	-3.292021	0.976487	-10.708739	4.062307	4.844008	0.328322	-1.946228	6.407585	4.638345	0.860267	0.558118
6593	4	-6.014014	0.912737	7.736400	6.998380	-2.958076	1.635023	-5.798474	6.811147	2.666637	-5.699394	-5.314865	7.961173
6612	4	6.396153	-3.477699	-0.554824	-3.314380	5.809497	-1.240161	-5.957101	-2.157886	4.478293	2.757612	4.531122	-6.046211
6648	4	3.566076	5.158587	-2.639234	-1.347838	-5.744416	6.052215	6.554353	-2.412186	1.033048	1.031752	4.484073	0.389053
6663	4	0.929983	6.485035	1.771344	-4.870349	-5.149571	6.786946	6.770125	-5.223623	2.244430	-4.260484	6.563336	2.112959
6673	4	2.731355	5.038932	-0.451066	-4.855747	3.201950	3.405593	7.160287	-4.827798	0.282712	-4.150409	-3.057624	6.523607
6674	4	1.785613	-11.046879	6.543626	-4.810545	-5.670188	8.406624	-8.626366	5.994515	3.140441	5.789997	-6.351938	2.484956
6694	4	7.310511	2.176261	-0.494507	-0.244959	-5.753102	7.770699	8.183530	-3.552347	1.963638	0.490937	5.576377	0.245267
6700	4	-3.176057	6.168274	3.681758	5.485476	1.461851	1.913461	-0.227471	-3.684733	6.063181	5.871963	-2.864980	2.041672
6744	4	-4.814651	6.944558	0.252273	-4.094720	-2.157279	5.903715	6.616822	-1.976746	-0.583630	1.996329	-3.202918	4.604332
6762	4	-2.973933	6.919596	-0.033915	-3.630443	0.489747	3.134666	-3.941110	-6.031156	5.473114	6.703951	-7.299919	1.056276
6773	4	-5.994292	7.011073	-0.423555	6.560814	-2.701189	1.244205	6.309618	1.395056	0.257507	-5.559240	-3.548015	5.961657
6781	4	-6.002103	-3.557711	5.352425	0.103950	-8.758589	5.312417	-5.771671	5.283306	-0.752813	5.823032	-5.240185	-1.229319
6807	4	-6.048533	-6.075981	6.621909	5.026862	-5.962072	2.377542	2.413711	3.489010	-0.399297	-3.204670	5.071666	1.195814
6841	4	3.854516	-8.830515	5.882909	-1.805155	-6.627234	8.177453	3.724722	4.144608	0.212728	-2.039335	4.453577	2.427971
6864	4	1.572390	6.396580	-5.730222	-3.804230	-0.072523	5.766465	7.517871	0.749968	-0.322235	-4.830169	7.384607	-0.718236
6887	4	-1.931096	6.783304	-0.741539	2.687474	3.952166	-5.293185	3.966286	-4.153035	-0.720145	-6.810423	-3.216149	4.310485
6936	4	6.933683	-4.489129	1.615322	-9.554263	3.974118	5.337830	3.330563	1.763450	1.477500	-2.907790	-2.454619	7.627074
6938	4	-6.776987	-4.465418	7.281720	-10.352773	1.903932	6.658732	5.174306	-6.437295	1.375640	-7.250744	5.077395	1.296007
6954	4	5.017777	2.923470	-3.355589	-1.405047	6.885078	2.095529	6.488281	-3.616743	1.884918	-5.425402	-4.203373	7.969812
6986	4	6.912177	-2.102192	-1.563315	-0.776236	-5.405370	4.766775	4.810487	3.817540	-7.420463	-3.599157	7.121001	-1.347490
6989	4	-5.639213	6.941648	1.551556	6.430605	-5.008559	1.377810	-4.514894	-5.608342	6.987089	1.794727	-10.975641	6.364794
6991	4	-4.381190	7.040919	2.286685	-5.153797	-5.673173	7.594299	-5.342231	0.802592	6.690231	3.930355	3.453468	-0.075931
7017	4	-4.048650	-3.411771	8.293970	6.378885	-4.949421	1.793411	-4.584085	1.575950	7.548019	-4.996015	6.496172	2.171650
7031	4	-0.079831	7.128842	3.498349	2.852594	3.787208	0.243235	1.851340	-7.650434	6.140360	4.708721	-1.907246	2.822071
7050	4	7.334177	-4.929101	1.465805	-4.214190	7.255765	2.483918	2.179482	6.057455	1.469379	6.839622	1.245402	1.146817
7060	4	-3.009928	6.203397	-0.144808	-7.073330	-4.080964	4.662967	5.310178	-2.437950	-0.856558	3.379734	4.567748	-3.707248
7068	4	2.064458	6.403227	-1.609087	-2.330335	7.226778	-0.782702	8.269425	-3.178387	0.547325	-0.750143	-3.025090	4.776770
7070	4	-8.816910	0.795348	5.212435	-4.857870	6.343244	-0.323971	7.061249	-5.314220	0.689364	-5.000336	-5.633576	5.977677
7124	4	6.606023	-5.972417	1.415339	-4.575790	-2.963749	7.170790	-3.540117	4.597754	1.867623	0.887891	4.634413	1.664753
7145	4	-2.579158	-3.322578	7.676994	-6.512066	7.707410	1.214383	4.896594	-3.611837	1.448218	-7.701243	2.733921	4.965740
7170	4	-8.396945	2.507865	4.825305	-8.800753	0.609971	5.599170	-3.263731	8.368833	0.797440	5.642955	-4.005863	2.719086
7179	4	5.915416	5.044558	-3.935764	-3.510089	4.023182	3.317176	-0.474993	5.138208	-0.759439	-6.093517	-2.627182	7.257063
7188	4	-3.474185	-5.090144	7.166289	7.070514	-10.523288	2.230937	2.790321	5.192895	-1.039984	-0.755482	3.967315	0.680521
7263	4	5.304066	-3.335126	0.840644	-0.442290	-4.694435	6.472391	-4.299121	7.542372	0.251488	2.671655	1.804481	-3.269390
7302	4	-7.613675	4.350606	4.924011	1.278210	-4.992571	7.852678	-4.635581	-1.860102	7.903904	4.266576	-3.407613	1.390924
7327	4	-3.712358	2.218684	3.683785	-2.196151	-4.618764	8.179077	4.108309	-10.624965	4.165992	-2.766282	0.183169	5.419628
7341	4	5.535603	-4.466999	4.243148	-2.761807	-3.035607	8.306399	4.020648	4.161003	-1.040613	-2.548541	6.711189	2.304881
7347	4	-5.695121	1.201870	5.013466	-1.919647	5.149339	-0.670590	6.451256	-4.577052	1.288007	-4.947787	-3.146437	5.132198
7370	4	6.828469	-9.399890	1.974400	-2.799550	-7.559949	4.639068	-3.271263	3.463206	-1.145412	1.149719	2.844143	-1.376628
7373	4	0.857428	-4.752366	7.966831	-7.924252	2.610854	6.908067	6.545619	-1.630367	2.842792	4.987147	1.796219	2.183311
7376	4	-3.789231	-1.256123	6.843465	9.070356	-2.621626	1.177506	-3.188195	5.075185	2.477985	-1.875455	3.608192	3.435086
7389	4	-5.775958	2.257163	2.563974	6.022924	-4.955121	0.121495	-0.120875	5.198724	-0.238724	0.246894	2.256392	2.539584
7436	4	-3.246050	-1.983483	8.281209	-8.136752	3.517791	3.624524	2.575882	7.227624	-0.732434	1.623200	-3.150920	7.260775
7462	4	3.679772	-5.340052	4.767784	-3.246561	7.412475	2.125514	-2.458545	-4.163089	7.137314	5.504888	2.029434	1.539221
7475	4	9.181524	-3.277053	-2.883520	-2.883596	6.834216	-2.673694	2.784245	3.081412	-5.266916	5.877692	1.204869	-3.046201
7497	4	2.054471	-6.591485	5.840881	7.451576	-8.097241	1.937174	-1.404832	4.544603	1.048143	-1.407205	-5.677014	6.816004
7504	4	6.705922	-4.073818	-0.289074	2.498939	4.241179	-0.609895	-3.811532	4.367913	1.469476	-4.119769	-5.199192	5.662972
7533	4	1.855993	-4.806168	6.822125	-4.759189	1.732082	7.047797	0.500981	5.803873	2.200015	-3.911199	5.088052	2.688216
7561	4	-6.106105	1.024479	7.493957	-4.172748	-2.557022	7.531448	-6.458727	5.866397	3.293305	4.211284	-2.792962	1.477111
7589	4	0.318767	4.998122	0.408766	2.489895	-0.193697	4.098671	-3.251598	6.943393	0.406425	6.475805	-0.707798	0.085702
7610	4	-3.385938	-3.564081	6.264730	3.335984	2.662799	0.323887	-6.032369	5.464850	2.178669	5.289920	-4.657281	3.617728
7615	4	-3.549422	-2.757475	5.062467	-4.924726	7.323291	3.036465	6.534087	0.165917	-0.775399	3.076223	4.216266	0.002929
7635	4	6.550728	-3.885746	2.477894	-5.801483	5.851782	1.614964	4.230341	2.296723	-3.513092	-2.764559	-3.290502	7.614880
7658	4	7.474329	0.836015	1.197936	7.390052	-5.322486	2.123957	-3.336253	2.703664	4.279109	1.963429	5.080150	3.005132
7698	4	-2.298775	-1.122059	3.479399	1.382922	-1.044517	3.318949	1.449600	5.175217	3.169073	-2.245710	5.080076	3.368150
7702	4	-6.499222	-4.006140	6.784635	-11.362765	5.266774	3.101146	4.955623	-1.215030	0.171395	2.731779	2.881684	-0.948396
7703	4	-4.033185	7.893018	3.050060	6.994570	-4.786975	3.340318	-2.884147	-4.231936	9.515665	-3.614443	1.409763	8.887699
7727	4	4.862961	-7.743560	1.257072	-5.447154	-3.336041	5.887300	0.332578	3.745566	-1.158592	-3.227014	2.688750	1.537871
7740	4	4.242152	1.970718	2.132141	-3.577498	-4.127992	9.161206	-6.172170	1.999480	8.565411	5.676448	-4.568968	2.665666
7750	4	-4.523705	5.512052	3.882104	-3.454533	-2.358647	6.828558	2.964658	4.382930	2.543878	5.679892	-3.541436	1.891816
7751	4	-2.040503	-2.102053	6.503077	-2.985532	5.355296	0.154165	7.155598	-0.609919	0.346903	3.564681	5.085832	-5.964295
7755	4	6.796105	-3.746151	0.369946	-4.280594	5.955698	0.410618	-3.284535	-5.310370	5.759454	3.429184	2.745421	-4.511547
7765	4	-4.490982	6.872476	1.151713	6.085983	-4.429148	1.859482	-0.997298	-1.319085	5.951429	5.901287	1.054750	-0.157890
7780	4	-3.600744	-0.807641	7.223223	-2.683547	6.188883	0.593792	2.203135	5.344007	-5.614519	6.671546	-2.123667	0.901526
7803	4	8.089331	-2.321961	-1.830834	-2.402156	5.753182	0.732039	-0.699870	-1.452800	4.549213	3.388386	2.838852	-3.118520
7815	4	-3.401670	7.619248	-0.701250	-5.281277	-3.748850	5.330567	6.506720	-3.449064	1.313557	2.287610	6.357997	-4.611894
7822	4	4.468240	4.602947	-3.571863	-2.332497	-2.603227	7.112023	7.289807	-0.388568	2.077507	1.815176	-4.125022	6.097875
7829	4	-3.379255	-5.946399	6.282865	4.386390	-12.255580	4.625656	0.853569	4.352435	0.714686	-4.970716	4.391905	1.243213
7844	4	5.067444	-4.353343	0.425819	0.502868	-5.654572	6.535364	-5.237802	8.229009	1.794144	-3.258385	-1.379408	6.521731
7845	4	1.415171	-4.308193	5.437272	-4.155690	6.724333	0.806402	-4.250687	-4.265005	6.611756	1.528953	6.644661	-0.425749
7847	4	6.802493	-3.163630	0.102749	-3.840647	-5.945953	5.660113	-2.698306	6.368223	-0.672872	4.228377	4.100167	-5.142235
7875	4	-9.162015	5.865124	-0.338868	-6.225210	-5.271567	5.391540	2.814522	-2.756689	-0.263880	4.908020	1.218416	-1.560316
7890	4	-3.227556	-4.488041	6.862395	6.175425	-10.907748	1.952346	-3.865683	0.844766	6.834027	1.580856	-6.268109	4.511961
7907	4	-4.419124	5.375859	2.088172	6.831357	-3.338022	1.298492	3.034120	3.469039	-2.861985	-4.312184	-4.506973	7.426464
7920	4	-5.192120	-5.100991	7.092286	0.805952	4.241338	0.851145	1.166218	-5.179513	6.631628	-5.488850	4.251005	1.022722
7922	4	-4.734519	-4.031950	7.243197	-3.720859	7.673089	1.040649	7.452923	-4.362279	0.672425	2.839094	5.530460	-1.898348
7953	4	-5.393032	-5.365899	8.013769	-3.129044	6.683258	2.028029	3.180096	4.957104	-0.759950	6.305220	-2.227501	2.114780
7960	4	-4.772661	-0.383027	6.536367	-6.919989	6.179422	1.692493	6.422629	-6.450376	-0.099300	6.435511	0.113427	-0.132559
7966	4	-1.580091	8.418607	1.629548	6.413440	2.365117	-0.176539	8.873344	-1.687111	2.189415	-4.235206	-2.196435	6.310572
7973	4	-6.949444	-4.518449	6.829567	-1.702828	3.077164	1.444202	3.550299	3.220743	-3.920177	4.207237	-8.614423	1.458059
7988	4	5.613135	1.831795	0.117801	-3.940528	-3.306759	7.569570	-5.203773	7.789206	1.625774	6.724706	-3.278914	1.339909
8020	4	-4.476706	-3.985913	9.286769	3.811361	4.624723	-3.366160	7.017728	-7.526842	2.773962	2.099635	-4.941861	8.077881
8042	4	3.852897	2.900510	-2.814964	-3.865092	6.904076	-0.805710	-4.471923	-3.182380	5.698282	6.391641	-4.012615	-0.394683
8075	4	4.959605	-4.639573	-2.140333	-0.537405	4.216393	-1.167483	0.869366	-2.889954	4.353340	-4.725482	-2.902612	4.363383
8130	4	6.916292	-2.538217	-2.071954	1.987075	6.096858	-6.687993	-3.076221	8.195837	-0.672248	6.523083	1.630462	-3.143096
8139	4	-5.284817	-2.090857	7.496239	6.670765	-4.820836	1.252446	1.078827	-3.224508	7.425315	-4.250165	4.206890	1.690867
8154	4	-0.373327	-0.946275	8.446126	4.401973	-4.876764	6.712192	5.682489	3.963516	2.318724	-3.745143	4.758366	4.722516
8178	4	-6.042054	-1.530896	7.390342	-9.563994	4.672776	4.325691	0.192153	-4.398542	7.352050	5.339299	-5.450672	3.361940
8195	4	-5.266966	-5.031675	6.778504	-6.373129	1.393152	6.657402	6.073519	-6.425819	2.106388	6.045350	-0.079058	2.106001
8201	4	-3.219954	-4.148079	7.941225	6.242668	-3.890928	1.476590	-2.549140	7.708439	2.550121	1.409411	-9.952082	6.359472
8211	4	6.239783	-1.475655	1.007623	-5.115814	-2.270439	6.400519	-5.202852	7.101454	1.371421	-9.547633	2.794958	4.638781
8222	4	-4.126535	6.666898	-0.246752	8.416187	-3.841178	-1.369738	7.949139	1.584799	-2.894343	1.848648	6.138930	-1.510983
8258	4	-5.100294	3.910048	2.447282	6.416141	-6.031555	1.611159	0.388759	3.104851	3.344734	0.498820	-3.193998	7.676632
8270	4	-5.014161	7.315976	-0.422905	7.079653	-5.587023	-0.841276	1.930238	-8.080187	4.342134	0.808824	5.418768	-0.571569
8289	4	-3.817805	7.855006	1.734147	5.754550	-5.053021	0.666049	-2.202211	-3.660474	6.722142	1.845540	7.397892	-2.113306
8298	4	-4.661957	4.474639	0.505489	-2.772276	-2.589530	6.247212	-8.025564	1.826188	5.266767	5.457403	-6.194125	2.746990
8316	4	-3.927114	-0.410289	8.316402	-3.914774	-5.300288	8.473385	6.143439	-0.441236	3.051028	6.065880	-5.544327	3.201807
8320	4	-5.581343	-2.047788	5.011428	-4.659339	7.541276	-0.546297	7.227537	-4.278223	-0.983969	1.830243	6.113480	-6.263056
8327	4	-6.590363	5.068113	-2.464902	4.015492	1.559600	-2.525474	-2.178595	-4.926679	3.553179	4.662741	-4.090064	-2.405846
8356	4	-4.190181	5.440803	-1.219139	5.389146	-1.237405	0.230585	-7.569883	0.920265	5.207827	6.667813	-7.524028	-0.160780
8377	4	-6.820547	-1.417044	7.166055	3.597724	2.770608	-0.787424	-7.684143	2.688357	4.975456	7.565260	-3.180421	1.529570
8381	4	6.699275	-5.196761	0.612128	-5.878634	-2.079136	7.025091	-5.311026	6.158805	1.767950	0.588685	6.167084	1.617590
8441	4	2.910732	3.232757	-2.552087	6.599835	-4.464716	2.248793	-3.709367	4.605132	0.886641	-1.451806	-1.034460	3.606568
8450	4	5.440778	-2.644577	0.825556	-3.916303	7.901521	1.341364	1.024542	6.476438	1.638487	-3.971778	-0.771223	5.900193
8459	4	-5.155462	6.275554	3.163278	2.872513	4.995553	-0.404069	9.065215	-2.736675	1.741848	-0.697736	-4.327611	7.043478
8466	4	-7.166925	7.520086	3.121352	-2.507985	-4.250465	6.082586	5.631478	1.228863	2.675187	5.864098	-5.480852	2.862790
8481	4	0.403977	5.216367	-0.970237	-4.754416	6.192685	-0.966534	6.083715	-4.701286	-0.668233	-3.208966	-3.569828	4.495132
8535	4	5.440915	-6.976589	-1.064183	-4.827471	-3.855232	3.877186	-6.165589	3.794714	1.257658	-0.140597	3.001473	1.817622
8542	4	-4.435078	-4.474088	7.273623	6.857670	-4.774178	1.628590	-3.117687	6.752005	1.358329	3.145756	3.832702	-3.580258
8546	4	-2.418419	7.482257	-0.124731	3.033283	1.424369	-3.075445	-4.353791	-2.494690	6.166935	7.523164	-3.680996	-0.368051
8552	4	-1.647985	5.983015	1.296829	5.587927	1.785728	-4.207296	-1.495434	-3.393232	5.848692	-1.396018	-0.194654	5.713821
8576	4	-3.167822	-5.655467	4.793440	2.878244	4.420895	-1.972292	5.172482	-2.230435	0.760506	-4.679393	5.627578	1.092777
8583	4	6.853052	-6.329394	0.774660	1.315605	-6.059049	6.163930	-4.993154	-5.124768	6.629494	-3.150417	6.707939	2.098123
8590	4	5.736830	2.606958	-1.581864	-5.383314	1.496915	6.611687	-4.987601	5.392260	1.919445	-4.700198	-3.448542	6.687822
8600	4	-2.992922	-4.801101	7.822906	-0.833803	7.495906	1.343422	5.934801	-4.074497	2.558680	2.263474	5.216335	-3.837743
8603	4	5.099463	0.932003	-0.076684	-0.973375	6.446977	-0.620236	-3.097975	6.926390	-0.620202	0.261055	-1.376389	5.902065
8608	4	-9.632064	2.301935	5.754301	6.314705	-4.319763	0.624630	-4.775820	8.476838	1.918412	-6.417034	-4.206209	6.789705
8626	4	1.122075	-3.154756	7.164488	6.175575	-2.792189	1.144900	-6.770512	6.984702	2.350922	-4.973428	-2.551550	7.341695
8644	4	2.813943	-5.018121	4.887767	-8.380248	5.474325	4.454875	-4.265559	-1.756259	7.615162	0.754628	6.358494	1.889887
8654	4	-5.872240	6.677515	-0.967125	5.463330	-4.597595	-0.756117	5.021346	2.015748	-6.753468	-5.310039	-5.070478	5.103461
8676	4	-4.756386	-1.312719	7.552646	0.746521	1.396256	6.305767	1.314054	5.295271	0.611129	1.667327	-0.976696	6.088470
8678	4	-5.109123	5.999253	-1.207553	-4.788708	-5.820735	5.291805	-4.790650	0.776935	5.256124	3.987468	-6.808105	1.962141
8690	4	-3.104497	7.144721	1.171031	-2.926580	-1.982253	7.025472	2.355353	-1.677299	4.822416	2.934341	5.520388	-1.576700
8692	4	-5.054087	-6.983436	7.910867	-3.792381	5.180082	2.493654	3.335184	-8.510704	5.145474	2.343403	4.061958	0.058326
8717	4	6.349205	-3.970530	-1.658942	-5.677683	-5.366542	4.868232	-4.416144	7.079466	-1.051960	3.504640	4.552961	-7.007210
8727	4	-5.213154	-5.861237	7.354312	-5.834639	5.800332	2.812950	5.725955	-5.861632	3.101736	1.017826	4.806038	0.419682
8729	4	-5.552276	1.551363	4.533616	4.406976	0.774888	0.400816	-2.433969	7.039716	0.771029	3.817413	-6.873862	2.384351
8752	4	5.185786	-3.265657	0.363073	-4.758055	7.396329	2.299459	-3.810046	2.236202	5.243335	4.326788	0.905565	0.071662
8754	4	-2.664497	-1.842185	7.428830	8.431848	-3.699900	1.175447	-8.101166	2.423598	4.745931	-3.861024	7.181598	0.906495
8763	4	7.108162	-4.615210	2.136465	-0.933032	-4.074001	8.750829	2.054895	-4.981043	6.046027	3.378517	4.411863	-3.698551
8798	4	2.334274	-7.644616	6.324466	-2.913065	5.919239	1.259495	-5.315246	1.082499	6.284500	-2.903061	-3.598877	7.578774
8837	4	7.234348	-4.109297	1.501111	1.589005	6.698642	-0.158822	-2.179478	-2.270048	7.494071	-3.301613	6.828277	0.951849
8840	4	4.736768	1.508758	0.110961	4.962698	-5.798904	1.915168	-5.534840	-4.513608	6.421935	-3.353774	1.606009	4.579810
8842	4	1.359028	6.764708	-2.090061	0.979511	-4.285564	5.488934	-3.886710	6.254804	0.567201	-4.267795	-4.699167	7.117693
8880	4	5.402169	-2.936165	-0.012842	-3.563496	-3.712481	5.379234	-2.580978	6.447748	-0.432750	1.467667	4.014914	-0.985720
8886	4	-7.081503	5.421257	3.366108	-5.882922	-4.420887	8.995294	-0.169212	-4.414961	8.978474	3.758119	-4.015187	3.155486
8913	4	-3.475896	8.171472	0.407375	-4.640218	-4.409357	6.508909	3.341597	4.623288	-4.684754	5.662740	-2.621052	1.191630
8917	4	-5.373969	6.997372	2.810207	5.306206	-4.770872	2.996708	-3.059406	-4.339425	7.613276	3.985637	-0.381226	3.824273
8919	4	6.039570	-3.228232	0.939407	-2.786836	6.014638	2.134518	-5.734463	-1.037174	6.913435	4.547000	2.953941	-1.425651
8920	4	5.337445	-6.709252	1.137035	1.200827	-4.889813	6.386300	-3.650067	-4.239037	6.894527	3.152539	4.274093	-0.714171
8951	4	-4.614127	-3.450303	6.045891	6.510788	-5.996603	0.702736	-3.814382	5.455657	0.573069	2.025517	4.459885	-4.763608
8968	4	4.712850	-0.405052	-1.220560	-2.143975	8.574763	0.341870	3.518338	4.694165	-5.217054	-2.363492	-1.066239	5.179668
8981	4	5.904932	-4.519564	-0.654131	-2.981336	5.922175	0.485405	0.058374	-7.015932	5.704195	-5.433005	-2.812268	5.738479
8984	4	-2.665662	6.213270	0.934466	-5.988121	-5.020982	6.647805	4.356112	-4.172742	2.324948	1.871831	4.799936	-1.225436
9008	4	-4.870469	-3.015760	6.126686	1.619271	6.270177	-3.764967	-4.658180	7.325138	0.805369	7.210055	-5.588879	0.677922
9014	4	-5.050766	6.291603	-0.039862	4.617680	-5.377343	1.783376	-3.073087	-4.243501	6.377685	4.580715	0.313141	0.868257
9017	4	-4.907876	4.546200	0.813800	6.194054	-7.157268	0.396918	-5.889920	-5.430799	5.434080	-2.164799	0.580515	0.956766
9027	4	-5.381977	6.288141	2.938525	1.683169	5.811258	-0.674960	-4.305062	-3.916067	6.737667	6.517383	-3.269458	2.322708
9048	4	-5.110085	-3.844846	4.738829	-5.406131	4.977828	0.048103	3.287626	-4.310187	0.462512	0.531434	4.629345	-0.006960
9075	4	-2.704897	5.639070	0.345326	-4.513963	-5.735066	6.754261	6.790847	-4.144303	0.261390	3.608005	3.966258	-3.225466
9138	4	9.005935	-1.698690	-0.201727	-2.743414	7.376795	0.699312	2.886610	5.989359	-4.000366	-2.628772	-2.517289	6.155849
9141	4	5.584898	1.611818	-1.197654	2.062903	-6.133360	4.352722	-0.236933	6.510702	0.199621	6.799771	-1.960797	0.331255
9143	4	6.854389	-5.959551	1.275297	-3.444004	-4.525444	6.793850	-4.164773	5.768709	0.493290	-3.371485	0.639219	6.606284
9164	4	-4.129835	-0.621189	7.530166	-3.492028	6.796039	1.955359	1.319292	-1.474190	6.810215	2.021620	5.627898	-0.008839
9171	4	-6.337447	6.646458	2.585772	-5.749058	-5.053870	6.002844	6.145664	-2.686602	0.849058	2.170973	3.987653	-0.115791
9193	4	-7.760022	6.010216	2.348357	2.986005	-7.658599	4.611789	6.683314	2.846070	-1.335586	-3.012625	-6.116702	7.270422
9259	4	-3.363340	6.136242	-0.060913	6.913299	-6.412887	-0.220347	-3.480855	-4.873985	6.319649	-3.565821	1.162717	6.257827
9265	4	-1.870894	-6.907458	4.956521	7.801347	-6.732712	0.221864	-4.540461	5.257682	1.256961	-1.362716	5.237088	-2.886763
9273	4	-10.461108	1.243511	6.203180	6.179143	-6.174388	-0.174365	-6.545784	5.829010	1.371430	5.886722	-1.129698	-0.174529
9283	4	6.361053	-4.831764	-0.734386	-3.090556	-1.257267	5.407220	1.182486	6.061220	-4.465486	-3.296385	6.995653	-0.991193
9293	4	-6.651400	5.937362	2.594650	2.780601	-6.505978	6.541824	2.117580	4.121971	0.763132	-2.980801	-2.941553	8.716879
9303	4	5.738481	1.333432	-8.094058	-7.051146	6.180295	-2.089589	6.043912	-4.731196	-2.089624	-2.517659	-6.357963	3.915622
9320	4	-4.269157	-5.425962	6.032454	5.595710	-3.471916	0.514534	-3.625230	4.749273	0.402413	4.279636	2.476955	-2.953988
9353	4	3.201811	2.773955	-0.762466	-6.453389	0.708753	8.206946	-4.693487	-3.566339	8.212788	-4.593778	6.104531	2.116141
9357	4	7.579793	0.475085	0.483691	8.264851	-3.773889	0.484500	-5.933953	3.965587	4.643999	-3.535759	0.784054	7.102574
9365	4	-3.687134	5.494923	0.523997	2.679973	6.177315	-4.472092	-5.694667	-1.707273	6.972505	6.649586	-4.036417	1.942898
9405	4	5.315609	-2.648138	-0.647560	-5.830880	7.499895	-0.180511	-7.583625	-3.052265	5.251543	0.585292	6.727501	-0.236638
9408	4	-6.534984	6.984184	0.676053	-4.975844	-5.346473	7.313246	1.532243	-6.467192	7.165447	3.671266	-4.821712	3.330270
9416	4	-4.408131	-3.626312	7.298726	-10.152785	6.767933	1.648297	6.941175	-2.595360	-1.017158	1.460791	-4.738926	6.207905
9435	4	-4.420845	-3.732560	7.359431	-4.124958	5.310613	2.284626	7.730263	-4.504422	0.860144	6.752461	1.298730	-0.528337
9459	4	0.402301	6.138569	-3.255812	-5.168666	7.025231	-2.586745	4.408853	1.307892	-0.887946	6.110345	-3.668547	-0.779468
9483	4	0.759209	-8.919326	5.912300	-4.356317	5.917471	0.198228	-0.536172	3.429495	0.817323	-1.746836	3.536949	1.533280
9495	4	0.095632	-6.144083	3.555053	-5.059360	-5.848067	4.095897	6.734537	-9.362839	0.059261	-6.080310	2.192118	2.215224
9496	4	-2.138148	-5.154834	7.241000	5.910820	-3.456596	0.607580	2.821446	5.298653	-4.967340	-1.897776	7.687802	0.742125
9585	4	-5.511317	-2.845859	5.640830	-6.725556	6.878271	0.497016	1.952213	-1.962422	1.370247	-0.678650	-2.846028	5.437415
9590	4	-6.145133	5.815642	1.535399	-8.135594	-3.024327	5.910276	1.779702	3.355441	0.462975	1.911922	2.821530	0.613465
9593	4	-3.965776	6.725652	0.737812	1.473134	0.140922	5.739179	2.435196	4.462728	1.275800	-5.010898	0.289694	6.369094
9596	4	-7.652953	6.366993	-1.060344	5.191367	-4.145786	-0.578894	5.056222	0.344204	-4.559381	-6.944204	-3.859856	5.568367
9599	4	4.983747	2.445526	-0.322222	-3.111981	7.841965	0.868548	-4.844808	-1.742144	7.155172	6.024197	-1.878691	1.667904
9603	4	-6.148243	5.977005	-0.002526	5.308176	-6.074502	-1.077581	4.701202	0.098744	-6.405037	-5.589446	-6.449671	5.557758
9620	4	5.528019	-6.650845	1.980540	-9.971404	0.660975	5.457080	-5.157558	4.186132	0.221275	-3.346985	-5.544948	5.721626
9645	4	-6.529716	6.344188	1.478377	0.442639	-4.453799	6.111188	5.972654	-3.241671	2.566632	-6.103801	-4.449360	7.124413
9646	4	-5.443429	-4.564475	5.821959	-3.822160	7.626109	-0.669744	7.340831	-4.303257	-0.402096	2.576597	5.360521	-6.857979
9666	4	7.602575	-3.489133	2.302945	-2.144595	6.041002	3.643526	4.431274	3.747954	-1.786053	2.035231	-5.581274	5.556154
9678	4	-4.550168	6.591674	1.568089	-7.240044	-3.352660	6.837351	4.955037	-2.866207	0.221067	1.570552	6.493444	-0.636894
9687	4	2.263600	6.439781	-0.608686	0.518585	-3.315907	5.101187	-4.976439	-2.235712	5.652351	1.643548	0.588129	4.320164
9704	4	-6.012664	5.985191	1.406596	-1.857638	-5.257284	6.040142	-2.995071	0.314668	6.027439	5.735139	-3.446283	-0.442832
9711	4	-2.436838	-5.009433	6.448017	-6.536002	6.138808	1.367311	1.982482	-11.141574	5.563890	4.300159	-5.218228	0.619104
9751	4	-3.936484	-5.273523	6.235062	4.183482	-3.787391	-0.383147	-5.346505	5.584329	0.703766	-0.339988	5.484659	0.556190
9753	4	-4.316843	-4.221149	5.862200	7.992542	-4.685363	0.887529	-2.702689	4.453402	-1.774672	-4.336720	0.048278	5.790843
9776	4	2.566658	3.894570	-2.701863	0.758054	-4.151818	4.650325	-5.851870	-4.067364	5.108010	7.130367	-6.108152	0.588010
9777	4	-0.813292	-0.700043	4.825440	5.813000	-5.246070	-0.844220	-2.134933	5.716580	-1.247989	4.682262	1.894534	-2.442135
9785	4	-3.294979	6.688613	0.632771	-1.089887	-4.404908	6.625860	5.761476	2.921868	-1.567497	-1.167583	1.158494	6.508550
9852	4	-8.618548	-2.896866	7.406165	-13.595366	2.234969	6.001403	-2.203516	-4.096510	7.144055	-7.056044	5.601883	1.168717
9872	4	-5.746134	2.878917	6.148941	-0.967737	7.278950	2.470142	6.788308	-1.920347	2.170326	5.934312	1.562453	1.449178
9891	4	-4.041568	6.458643	1.375058	6.131085	-4.723553	2.727115	-6.227038	-4.610795	7.315592	2.300469	4.571884	-0.383060
9903	4	7.819058	-4.557391	0.148200	-3.559826	7.930105	-0.724323	2.250698	6.480271	-1.581787	6.424859	1.615361	-0.870374
9906	4	8.615258	-4.498368	0.331179	-4.550282	-2.289999	6.760617	-2.323115	4.273125	0.499212	1.867557	-7.330092	6.423760
9907	4	-6.314191	6.735673	2.870628	-5.726885	-2.469192	8.852773	5.899984	-1.657098	2.655082	-0.270029	-2.457155	7.235047
9924	4	6.140186	-3.913998	2.000175	-7.195102	6.772931	2.406051	-0.529445	6.781436	2.277936	7.008914	1.308867	-2.659350
9946	4	-6.023755	-4.861275	6.689622	-2.833787	0.351992	2.573836	-9.369569	6.589657	2.571589	3.918419	-5.248110	0.595933
9959	4	-3.884983	-3.701285	3.273794	1.856075	-6.945957	2.935237	-6.121109	5.922100	-1.726714	3.006678	-3.229527	-1.365826
9967	4	-5.541298	7.205639	0.787756	-5.096503	-4.883874	6.899983	6.591046	-4.110708	0.311866	6.201134	1.680027	-5.520235
