1	2	0.262677	5.323839	6.774816	0.262677	5.323839	0.861732
9	2	1.512730	5.916641	-5.280853	1.512730	0.526998	4.408276
12	2	-0.190312	6.477108	3.033920	-0.190312	6.477108	-1.840582
18	2	0.518953	6.782852	-3.428922	6.520239	5.343811	-1.750176
20	2	4.490079	-1.906162	6.703091	4.490079	3.386330	6.176122
24	2	-0.331371	-2.799934	-3.358890	-0.331371	3.244587	-4.729349
27	2	-4.692406	6.241533	-2.442929	-4.692406	-0.363369	7.388194
30	2	1.046289	0.296844	7.433241	1.046289	6.843723	-1.198673
33	2	1.439451	0.835667	6.576016	1.439451	5.792961	1.482186
36	2	-0.497301	6.978060	4.561008	-0.497301	6.978060	0.826658
37	2	2.221401	7.196470	1.821646	7.092888	5.621431	2.513057
38	2	-0.107568	6.204191	-0.489765	-0.107568	0.222382	8.963713
41	2	3.574339	8.326206	0.521180	8.289909	-2.313189	6.926462
44	2	7.056295	-6.784411	1.113515	7.056295	-6.784411	6.664080
46	2	7.805400	-4.867187	-1.410775	7.805400	-4.867187	4.702011
48	2	2.682360	1.252586	-4.053185	2.682360	6.672604	-8.701779
51	2	7.831290	-6.540329	-0.728871	7.831290	-6.540329	4.132703
61	2	6.881875	3.380461	-4.450284	2.284165	6.454053	-7.793166
64	2	0.009118	0.761236	4.785332	0.009118	6.140804	-5.992871
66	2	0.390413	6.013928	-7.516812	0.390413	-0.057357	-1.410627
70	2	8.991110	-2.713156	-0.959871	8.991110	-2.713156	5.533809
71	2	1.665303	-3.408645	3.947240	7.544101	-10.237045	3.947328
73	2	-3.262419	0.277982	0.308592	-3.262419	5.994881	-7.930910
75	2	6.818731	-3.726269	7.229132	4.569389	5.771943	-4.829972
76	2	6.347446	-2.943829	7.796943	1.133141	-0.993603	7.796943
80	2	-5.393666	-0.110581	8.437169	-5.393666	5.586182	-0.644510
81	2	2.218106	4.687811	-9.496465	6.862162	-3.111405	-4.254603
82	2	6.861392	-6.410666	7.567401	1.832254	-3.640604	7.550946
84	2	6.065947	-1.873942	-1.987922	6.065947	3.759425	-2.819954
85	2	6.925901	-4.344183	6.482259	6.925901	-4.344183	0.207533
87	2	7.607053	3.231996	4.509259	1.622471	7.128872	0.553255
91	2	2.341394	0.591386	7.593303	2.341394	5.860801	-2.893189
94	2	6.925804	-1.237303	8.423150	1.013749	9.311169	7.288582
95	2	-2.420652	1.550969	7.822297	-2.420652	7.295970	2.369237
96	2	7.404078	2.515711	-0.685366	7.404078	2.515711	5.626908
100	2	1.096654	6.151422	-3.559179	7.384836	2.701887	3.452679
101	2	-3.194180	5.239054	2.463774	-3.194180	5.239054	-3.821154
105	2	-0.152009	5.125620	4.624822	6.095832	-0.784970	6.127835
106	2	-1.911426	-0.415736	4.411665	-1.911426	4.618444	-3.720782
108	2	7.889411	-4.352270	-0.535186	7.889411	-4.352270	2.739290
112	2	-1.259571	-1.660415	7.383293	5.168488	-2.057609	7.383440
115	2	6.715296	0.370811	4.433533	1.598325	8.503347	-8.353959
116	2	8.236183	-5.443624	1.203509	8.236183	-5.443624	7.567613
117	2	6.063264	-1.003795	8.222057	6.063264	5.070861	-4.065243
118	2	2.367260	6.852207	-5.847561	8.849098	-5.616053	5.298612
124	2	0.827297	6.320674	-5.108028	6.433416	0.205865	7.250373
128	2	-2.763526	-1.654720	7.724615	-2.763526	4.915025	4.777349
131	2	8.340214	-4.672664	7.085719	3.965319	6.028610	-4.874668
132	2	-3.882098	6.210069	-4.146715	-3.882098	-0.339336	7.290378
134	2	1.036126	-1.709453	7.663371	7.093268	-2.070313	7.680373
138	2	6.578125	-4.496396	7.787166	0.529330	7.292635	3.787228
139	2	6.780121	4.187405	2.633920	2.466443	7.860320	-0.881853
141	2	0.459988	-2.162149	6.572098	6.689411	-4.153649	6.593691
142	2	-0.712707	-1.292728	5.418652	-0.712707	4.660726	-1.887022
143	2	6.177134	5.857469	-6.514566	-0.413879	8.250488	-6.514577
145	2	6.980642	-2.700206	5.938053	1.026188	-1.064482	5.935967
146	2	0.623031	7.383083	-3.887560	7.018061	-1.129962	8.321007
148	2	8.522212	3.773686	-4.632166	8.522212	-1.641983	-0.801646
149	2	6.876645	-4.182520	5.354996	6.876645	-4.182520	0.220611
154	2	6.726393	1.943554	-5.665235	2.581575	6.180664	-5.914904
157	2	7.284857	2.358235	5.266220	7.284857	-1.491968	8.961317
159	2	7.229195	-3.229226	5.999220	0.855853	7.401688	-3.931760
160	2	6.489033	-2.229800	4.012654	0.260401	0.277342	-4.151835
161	2	-2.653469	2.188055	-2.896660	-2.653469	7.499287	-6.796107
165	2	2.864814	1.646508	6.148276	2.864814	6.505557	-2.535823
166	2	0.530428	-1.846292	5.407688	0.530428	3.772738	4.863523
175	2	1.332236	4.758084	5.026281	1.332236	4.758084	0.342628
176	2	6.387231	2.300893	-2.145682	6.387231	2.300893	4.084655
178	2	-0.684220	-0.198113	5.363761	-0.684220	6.342266	-6.441410
180	2	-4.497734	7.133219	5.688110	-4.497734	7.133219	-0.509200
185	2	-1.591326	-0.303333	6.434478	-1.591326	5.235002	-2.073641
190	2	-0.103046	7.991021	-4.001882	6.031698	2.107384	-3.905959
192	2	7.749640	-2.309918	9.476509	7.749640	3.610294	7.555185
195	2	-2.136293	0.676218	6.592677	-2.136293	5.356558	0.283837
196	2	6.094707	4.782846	4.122796	6.094707	4.782846	-2.205630
203	2	-0.391086	5.209432	4.368947	-0.391086	-1.085039	9.081923
204	2	0.618175	5.664069	0.502188	7.034688	-1.488902	6.898236
205	2	3.437428	1.147570	9.106894	3.437428	7.330943	-1.927417
208	2	7.851306	-6.236461	1.324968	7.851306	-6.236461	5.466598
215	2	5.960423	4.803086	-1.854158	0.189055	5.823092	-3.215659
220	2	1.759816	-1.510471	7.253471	1.759816	5.029582	-3.608640
221	2	6.227870	-4.422665	6.490737	6.227870	-4.422665	0.393694
228	2	9.479777	5.122193	-4.386525	3.368773	5.235269	-4.417054
230	2	0.233316	-0.078367	6.449417	0.233316	6.445927	2.620467
231	2	0.931465	4.555916	1.281117	5.745920	4.020998	2.572298
239	2	7.326677	-9.494072	8.650516	2.770561	-3.369864	8.638646
240	2	-0.869521	0.459574	5.858713	-0.869521	6.327687	-2.558388
241	2	6.994031	0.498118	7.099857	6.994031	-4.896977	7.687904
242	2	8.687855	3.183886	-2.474181	2.806072	8.284595	-3.007605
243	2	-0.775180	-1.406236	6.920969	-0.775180	4.849376	3.494126
245	2	0.377781	4.727582	-1.749804	6.705731	-5.327077	7.181028
251	2	-0.286427	3.007657	-1.452083	-0.286427	3.007657	4.127447
254	2	-0.430719	-1.933140	8.731671	-0.430719	4.101939	7.127435
264	2	7.471125	-2.407226	7.810111	1.894534	6.566180	7.053030
268	2	-0.909534	7.925733	-7.307826	3.731574	7.816512	-7.307789
269	2	1.166749	6.842470	-4.921128	7.716312	2.977246	-1.640288
276	2	0.707298	6.190886	-5.409662	7.185080	-4.212803	7.017506
277	2	5.674762	-4.191485	7.015946	5.674762	2.199747	6.947697
280	2	-1.335839	-0.044099	7.543318	-1.335839	5.992423	-0.046931
283	2	5.504683	2.884998	5.973381	5.504683	2.884998	-0.078999
284	2	2.011926	-4.404492	6.777614	7.549403	-4.406779	6.777614
288	2	6.387820	3.745920	5.822416	3.374534	5.890210	1.495950
294	2	6.283849	5.832829	-4.026703	6.283849	-0.067534	6.642191
296	2	0.886580	6.961026	-4.339770	6.539367	2.301317	-3.391242
299	2	5.478923	-2.257402	5.860855	-1.136340	-1.335238	5.860855
302	2	6.700546	-5.859047	-1.023349	6.700546	-5.859047	4.983892
311	2	-0.154115	2.594977	2.362393	-0.154115	2.594977	6.157163
312	2	8.873155	-6.410743	7.362470	2.667308	5.353483	-1.707695
313	2	6.061215	4.760884	-4.211856	6.061215	-1.501234	6.598041
314	2	2.567862	6.871141	-1.761405	5.493982	6.274298	-1.296705
318	2	1.468394	-0.583895	4.268453	6.776788	-2.549778	4.268453
320	2	-1.345591	5.353119	8.173384	-1.345591	5.353119	1.709285
323	2	2.115885	-0.534110	0.261839	2.115885	-0.534110	6.690251
324	2	-0.202964	7.157159	4.538096	-0.202964	7.157159	-0.733823
333	2	6.877282	-6.978958	1.176278	6.877282	-6.978958	6.598445
334	2	-0.481656	-3.694419	7.249116	-0.481656	2.008475	7.236642
336	2	0.042770	5.694448	-5.154046	6.322242	3.912275	-2.749240
339	2	8.793244	-3.151126	1.729830	8.793244	-3.151126	7.864472
340	2	-2.143857	0.692923	6.515893	-2.143857	5.519836	-1.583627
342	2	6.692638	-4.106491	0.516087	6.692638	-4.106491	4.832996
358	2	2.571621	-1.638430	7.299535	2.571621	4.380168	-0.330894
363	2	2.963775	-1.639187	7.186471	2.963775	4.989354	4.592274
368	2	-0.895415	8.824932	3.219357	4.883180	6.905456	3.219357
370	2	9.015191	-6.800536	5.611027	9.015191	-6.800536	0.084760
371	2	7.141996	-8.905047	4.989367	7.141996	-8.905047	-0.927735
372	2	2.739789	6.535021	-2.679224	2.739789	6.535021	1.292170
375	2	-0.105247	6.855654	5.451777	-0.105247	6.855654	-0.849639
376	2	5.519305	4.763553	6.294511	5.519305	4.763553	-0.300510
377	2	7.102698	-2.691623	0.535551	7.102698	-2.691623	6.653924
378	2	7.180172	1.972281	5.359742	2.082849	7.650734	-4.198676
379	2	7.265243	-3.981448	7.715472	2.015892	-1.632123	7.715453
381	2	-0.238630	9.068384	-5.792774	6.286175	3.773483	-3.707727
382	2	0.264940	6.543124	-7.567180	6.636211	-1.442822	3.705696
383	2	6.604438	1.874400	7.796086	6.604438	1.874400	1.164967
386	2	0.627630	4.335960	2.450234	6.777312	-1.555572	6.626171
388	2	3.812301	5.501131	-2.330254	-1.461772	5.508026	-2.334810
389	2	7.533398	-6.159227	9.151394	1.322028	6.477103	3.026115
390	2	0.391433	7.483047	-8.114298	5.164447	6.825796	-8.099392
392	2	6.266432	3.461398	6.263560	-0.175185	9.074340	-5.990025
396	2	-1.305237	-0.207121	6.271046	-1.305237	5.950303	-5.242003
398	2	-2.021572	8.377023	2.516173	-2.021572	8.377023	-2.355761
399	2	5.397924	6.454161	-5.018126	-1.143048	6.979300	-5.018126
400	2	7.220137	-5.286441	-0.795680	7.220137	-5.286441	5.242373
402	2	-3.602191	0.482557	7.324783	-3.602191	7.043785	-0.264017
406	2	0.264449	0.970472	7.138293	0.264449	4.022551	-2.180955
407	2	7.799454	-2.006417	3.299588	1.416769	8.754971	-9.848342
408	2	-0.167892	7.975660	-1.970878	-0.167892	7.975660	4.488226
409	2	0.209002	0.878868	7.777317	0.209002	6.457706	-4.001671
410	2	5.303815	1.371772	-4.101295	5.303815	5.822081	-4.104362
412	2	-1.077578	7.681048	-4.460369	5.395758	4.631525	-4.397848
417	2	-1.034473	7.409946	-4.084756	5.398111	6.202523	-3.891732
418	2	-0.709720	4.424287	4.871935	-0.709720	-1.395602	7.901386
423	2	7.523597	-4.804760	6.819386	1.942034	6.613272	-5.344405
426	2	2.071036	0.417938	8.739220	2.071036	6.631226	3.231482
429	2	-0.139192	8.398515	1.217203	-0.139192	8.398515	-3.845880
430	2	0.577924	7.267275	-1.496789	6.604599	-2.762272	6.385258
431	2	-2.974337	9.663330	-1.707127	2.976190	9.663211	-1.707127
441	2	9.219142	5.209928	3.141963	2.999398	8.465666	-1.559887
445	2	0.200217	7.646511	4.648223	0.200217	7.646511	-1.694295
450	2	1.959788	6.661862	-10.601860	6.606587	-3.635343	-3.804024
462	2	2.889804	6.518627	3.113861	7.976885	-5.389905	6.961333
463	2	1.653885	6.391099	-1.846214	6.631087	5.509428	-1.515295
465	2	7.994035	-3.974821	7.407919	7.994035	-3.974821	1.161162
468	2	4.863327	-0.771445	6.179089	4.863327	4.172563	3.849867
473	2	7.767018	-6.476716	-1.539378	7.767018	-6.476716	4.842491
477	2	5.420343	5.696726	-0.302505	5.420343	5.696726	5.522363
480	2	8.357192	-0.826057	6.595423	3.015095	5.512224	-1.096949
482	2	1.656925	3.049533	4.996236	1.656925	3.049533	-1.380441
486	2	6.419682	2.187401	5.747537	1.911327	3.911600	5.015132
490	2	6.245074	6.378160	3.796799	6.245074	1.929677	6.421852
498	2	8.605139	-5.068859	6.451470	8.605139	-5.068859	1.081866
499	2	-0.157983	-0.949924	4.699479	5.896608	-5.238897	4.706837
500	2	6.367821	-0.175261	7.867211	6.367821	5.787414	-3.853117
502	2	-0.384120	-3.347323	8.375865	5.168601	-3.418936	8.375865
506	2	9.129200	-2.005458	6.862458	9.129200	-2.005458	0.436557
507	2	0.086639	0.817268	4.244116	0.086639	5.692808	-7.480700
510	2	1.564128	5.122558	5.021948	7.073112	1.308246	5.195405
512	2	-1.523807	-0.605695	8.637838	-1.523807	5.125824	6.197625
517	2	3.508260	-2.126618	4.836892	3.508260	4.341454	2.674348
523	2	7.340724	-1.070575	7.830215	1.353244	2.176384	7.827226
525	2	6.213621	-2.496154	5.580560	0.803437	-1.510561	5.580560
531	2	1.171460	8.297293	-1.351379	7.554690	0.577018	7.202222
532	2	5.351872	1.927556	7.202056	-0.485916	5.965895	-3.945465
537	2	9.289663	4.639432	-3.729449	2.772313	6.748324	-4.716297
538	2	1.156581	6.797979	-2.440668	7.233640	-5.915137	6.579088
543	2	7.686019	-2.208708	9.373825	7.686019	4.362546	7.765140
545	2	-0.048358	8.653890	-5.243524	6.228518	7.625052	-5.242931
546	2	7.228429	-8.229811	6.732694	1.059203	-2.475721	6.705583
547	2	-0.148395	7.158484	-1.908198	-0.148395	7.158484	3.866132
549	2	0.308742	7.206027	-5.335678	6.316760	4.660626	-5.317854
551	2	9.113025	-6.401140	6.383858	3.653405	-0.009124	6.383798
560	2	8.375048	-1.458885	0.142001	8.375048	-1.458885	4.935462
561	2	0.008204	5.367419	0.562401	0.008204	1.429407	6.102844
563	2	2.112062	5.936348	2.022954	7.795654	2.663458	7.011495
564	2	-1.278801	0.113279	7.618561	-1.278801	6.640850	-4.441563
571	2	-0.919221	7.302378	2.425628	-0.919221	7.302378	-3.988283
574	2	1.934124	-3.559817	1.671446	1.934124	-3.559817	7.560626
575	2	0.237904	4.453177	4.424041	0.237904	-2.123374	6.105266
577	2	6.534180	-0.887110	-3.561144	6.534180	5.612461	-9.631722
581	2	8.509061	-2.392827	-0.126225	8.509061	-2.392827	6.059366
584	2	7.084019	-6.524446	0.185540	7.084019	-6.524446	4.153368
589	2	-1.640721	-2.440481	1.712297	-1.640721	-2.440481	7.143264
593	2	6.576731	-5.530720	6.259718	6.576731	-5.530720	1.270015
596	2	5.685261	5.035174	5.719592	0.023447	6.480031	4.453483
597	2	5.801033	5.680877	-1.458253	5.801033	5.680877	4.974655
599	2	5.835961	6.805978	-10.006088	5.835961	2.200335	-4.355789
604	2	5.805175	-2.409977	-0.569373	5.805175	-2.409977	5.965035
605	2	9.090908	-6.193425	5.054576	9.090908	-6.193425	-1.224115
611	2	-1.041861	0.382785	1.215034	-1.041861	0.382785	4.627805
616	2	2.106802	8.205468	-2.180641	7.882289	-3.564240	7.053422
618	2	7.321056	-1.658685	-1.268230	7.321056	-1.658685	4.480776
621	2	1.199676	8.929266	-2.337226	7.081886	4.793324	2.320526
622	2	6.668083	-5.808025	7.446756	6.668083	-5.808025	1.674091
624	2	6.865685	3.323368	4.289734	0.835242	7.200084	-5.075822
628	2	6.818064	-4.834055	9.130401	0.879745	6.201625	-2.170785
632	2	7.927796	1.264494	6.634825	7.927796	-5.010212	6.774374
633	2	-0.466117	5.197813	3.699003	6.082200	3.933268	5.042656
634	2	8.407504	-5.263753	0.586441	8.407504	-5.263753	5.757415
643	2	1.444161	6.681447	-3.752838	6.561836	4.920969	-2.208513
651	2	6.914844	-5.212241	5.209158	6.914844	-5.212241	-0.996219
653	2	0.694656	6.694344	2.711790	0.694656	6.694344	-2.010324
654	2	5.227878	-0.877034	6.185515	5.227878	5.279159	2.094388
660	2	2.096019	-2.195078	8.670708	5.436097	-2.689932	8.704775
662	2	-0.354593	6.265071	3.870707	-0.354593	6.265071	-2.050868
663	2	7.082388	-6.006196	0.495364	7.082388	-6.006196	5.735159
664	2	1.408605	1.468059	7.716237	1.408605	7.096015	-4.983193
667	2	-1.879143	3.455625	5.081019	-1.879143	3.455625	-0.641634
673	2	0.978879	-4.378254	7.707305	6.978446	-7.362042	7.707345
676	2	8.651301	-3.100399	3.422115	8.651301	-3.100399	-2.550328
678	2	6.159441	3.925844	-2.920214	3.461318	6.233201	-3.416516
681	2	2.545047	7.259857	6.076609	7.597002	-5.330021	9.586947
684	2	1.763847	7.507385	-4.860555	8.364466	-3.379246	7.355256
685	2	1.103131	7.037918	1.554114	6.404326	3.477911	6.328745
687	2	7.152143	-4.590631	6.005449	2.388863	-3.405965	6.005449
688	2	-4.240787	5.306952	2.346887	-4.240787	5.306952	-2.208791
689	2	-0.235250	-3.362269	9.677387	-0.235250	2.790957	9.649745
701	2	2.220764	9.101905	-3.390154	8.746363	6.108650	-2.476743
702	2	0.072666	4.869477	3.125076	0.072666	4.869477	-2.535270
705	2	0.948756	0.731956	5.235876	0.948756	6.162424	-2.859892
713	2	4.667017	7.831272	0.567370	4.667017	7.831272	-4.263742
714	2	8.447560	-2.745356	0.478981	8.447560	-2.745356	5.874210
718	2	7.766917	-2.734437	-1.180215	7.766917	-2.734437	5.141850
719	2	-0.940208	-0.739048	-1.960396	-0.940208	5.084508	-6.024607
720	2	5.827177	3.802856	-6.453285	5.827177	-2.831607	5.801329
722	2	5.250181	0.884255	6.891587	5.250181	4.656038	3.559848
726	2	0.597989	7.055127	-2.747971	6.322607	-4.189151	6.363229
727	2	4.528489	8.267379	-7.428652	-0.030817	8.449572	-7.429533
731	2	0.283055	4.708885	3.655382	6.316408	-5.573761	5.509620
734	2	7.855672	-5.387840	6.558956	2.559327	-2.799793	6.558323
735	2	5.776767	-4.710572	-0.329167	5.776767	-4.710572	5.993621
737	2	0.248674	7.623514	-5.318266	6.645321	4.453322	-5.310277
738	2	9.313066	-4.188775	3.935129	9.313066	-4.188775	-1.314131
740	2	7.081519	2.886072	6.358942	7.081519	-1.447027	6.435573
741	2	8.976366	-6.628928	8.520625	3.273322	-0.417241	8.520625
744	2	3.688318	6.185285	-6.375733	3.688318	1.299589	2.299969
745	2	2.641642	5.912972	-4.086819	8.258862	-3.395348	6.876727
751	2	1.551659	1.383339	-0.145479	1.551659	1.383339	5.226393
752	2	1.720880	6.363315	-3.785073	6.609405	2.144358	-2.648039
758	2	8.063389	-3.656354	-0.777171	8.063389	-3.656354	4.765425
759	2	8.938704	3.833124	7.435337	3.715843	6.841836	3.672255
760	2	8.720213	3.290624	1.468851	8.720213	3.290624	6.386356
764	2	0.936551	7.452408	-7.038537	6.598457	6.305562	-7.035513
767	2	-0.966528	-1.689930	6.345334	-0.966528	4.719800	-1.140671
775	2	0.087405	6.399317	-3.580411	5.470840	-1.289017	1.246785
776	2	2.532676	6.464588	0.708947	7.549072	-3.316199	5.894779
784	2	-1.694494	7.383195	-6.335228	4.914693	2.593281	-1.113183
785	2	2.552403	6.729146	6.445923	5.803814	-1.428140	8.538882
790	2	8.279838	-5.757188	6.721583	1.850758	6.648056	-4.635898
791	2	5.111153	6.752018	3.709534	5.111153	6.752018	-2.047909
793	2	6.809910	-1.254476	8.400438	6.809910	4.526760	5.296197
796	2	-2.581178	2.040459	8.707875	-2.581178	6.225988	4.597139
801	2	7.248800	-0.546334	6.381170	1.576671	6.770997	-2.090774
803	2	2.289021	5.207988	-0.767338	2.289021	5.207988	3.453344
805	2	6.018861	5.694073	4.369695	6.018861	2.449633	6.431863
807	2	7.710749	0.394688	5.102300	1.446194	8.249178	-4.084149
815	2	6.537581	-0.766320	-1.382156	6.537581	-0.766320	5.144195
816	2	7.126308	-4.445132	6.497498	1.048089	5.682247	-5.699973
818	2	7.552529	-4.052671	1.004823	7.552529	-4.052671	5.653359
823	2	5.981043	0.366372	6.888642	5.981043	6.905696	-1.164409
826	2	6.793431	5.103257	-0.166884	6.793431	5.103257	6.326706
832	2	-0.981690	-1.816220	1.661454	-0.981690	-1.816220	6.810363
836	2	1.068531	6.187218	-4.301713	7.625607	-4.541573	6.418007
837	2	0.478983	8.196050	-4.240077	0.478983	8.196050	1.461953
838	2	8.963118	-6.375779	-0.218940	8.963118	-6.375779	6.198008
843	2	8.173661	-6.310412	7.767200	2.507564	-6.245342	7.767100
844	2	8.447331	-2.807323	4.965743	8.447331	-2.807323	1.234453
845	2	6.042044	-2.564407	6.958136	6.042044	-2.564407	0.360775
846	2	9.084264	-0.855447	7.542248	9.084264	4.485846	1.594746
847	2	7.513065	-5.605237	-0.632971	7.513065	-5.605237	5.523231
848	2	6.421862	3.890802	1.503764	6.421862	-0.680162	5.345225
854	2	7.283199	1.275648	-1.285807	7.283199	1.275648	4.522122
864	2	7.161891	-4.105201	1.033100	7.161891	-4.105201	6.931673
868	2	-0.595818	4.107055	5.548806	5.475612	-3.474879	7.095647
869	2	6.743028	2.837847	5.677180	6.743028	-3.522725	7.391974
876	2	8.712688	-4.931006	6.564255	8.712688	-4.931006	1.680990
877	2	-1.154017	6.369780	-5.096789	-1.154017	0.475976	7.092767
878	2	7.523430	-7.169638	9.384947	1.543431	3.035043	9.082915
879	2	7.164677	3.432849	-4.571775	0.985391	9.289547	-5.356484
880	2	-1.975597	-0.794227	6.638121	-1.975597	5.811814	0.260880
881	2	8.576635	-3.940476	-0.406046	8.576635	-3.940476	5.910817
882	2	8.688024	-2.927408	1.176562	8.688024	-2.927408	6.583440
884	2	-0.410417	6.159178	-3.872805	6.227460	-4.027601	5.191305
891	2	2.237067	-2.855963	1.043101	2.237067	-2.855963	7.054224
899	2	4.780252	-3.630996	-0.218042	4.780252	-3.630996	3.375830
900	2	0.823423	8.863426	2.801486	0.823423	8.863426	-1.670093
901	2	0.766100	7.594844	-2.458625	7.226266	-2.524888	6.994895
902	2	7.211264	-1.330692	7.660589	2.548414	4.779930	-2.437452
907	2	1.190686	6.373969	1.334189	6.296283	-5.426260	6.807351
908	2	-0.091804	7.025372	-8.255162	6.422971	-4.961571	-2.029208
910	2	9.338373	2.672959	-0.579705	9.338373	2.672959	5.877493
913	2	1.621468	-1.293521	6.765967	1.621468	4.676866	-4.027596
914	2	3.343435	5.440454	-2.210667	6.859703	-5.935314	6.987019
919	2	7.627014	2.588981	6.656688	7.627014	2.588981	2.578159
921	2	6.404508	-4.546797	6.854900	-0.125224	6.963215	-5.016627
922	2	2.316742	-3.403172	1.222883	2.316742	-3.403172	5.263271
929	2	1.733219	6.072103	-4.229820	7.447494	-2.467253	6.998261
937	2	0.872268	5.847550	-4.906263	6.972474	-3.549896	6.792447
941	2	7.336307	-2.411414	0.418485	7.336307	-2.411414	6.577060
944	2	-0.541670	5.573154	-6.666654	-0.541670	0.562058	-1.897192
945	2	5.481630	8.006541	-7.664296	1.545342	8.085513	-7.664297
947	2	1.675031	1.945270	5.756558	6.537313	-1.406940	6.319440
948	2	9.366115	-7.074766	6.613992	9.366115	-7.074766	0.148832
952	2	0.697869	7.990273	-3.037153	7.242931	4.623591	-3.037071
956	2	1.465840	6.742067	2.820605	5.858521	4.752746	4.907988
959	2	0.520274	-2.840722	7.239293	6.417048	-6.539459	7.239310
961	2	8.044873	-3.927733	1.064527	8.044873	-3.927733	6.715459
964	2	-0.133693	7.205827	-3.631767	5.236213	6.429013	-3.627258
966	2	1.702462	7.183957	-10.364842	6.811055	-2.450100	-3.735629
967	2	6.422719	-4.041339	6.693597	6.422719	-4.041339	0.305614
968	2	6.702009	-3.838637	7.647392	6.702009	-3.838637	1.367975
972	2	-0.502321	7.291192	-2.707213	5.547535	6.652177	-2.707205
975	2	1.431634	2.728577	7.277776	1.431634	-3.658867	7.432258
979	2	1.573453	3.955819	3.482021	1.573453	3.955819	-2.799810
987	2	1.830354	6.778377	-4.694827	6.875989	-2.093744	5.157215
988	2	2.533110	5.006427	-2.748288	2.533110	-1.528267	8.676301
989	2	7.505125	-1.499941	5.638547	2.598705	5.834639	-4.810042
994	2	7.161771	-5.513164	-0.111710	7.161771	-5.513164	5.890868
995	2	3.801732	-6.351402	-0.418220	3.801732	-6.351402	4.762239
996	2	-2.369479	7.221010	-5.567743	-2.369479	0.725203	5.320823
999	2	7.843347	-3.334184	1.393020	7.843347	-3.334184	7.501968
1000	2	0.594513	-2.411329	6.875675	5.882733	-3.252859	6.876506
