1	3	6.736380	0.273531	3.689777	1.980621	0.225868	1.905530	3.672830	5.883607	0.622935	3.438613	0.062865	3.673682	5.883607	0.622934	6.666384
11	3	-2.437418	4.699681	9.476988	1.227880	6.044896	5.115325	-3.079926	5.955191	6.841521	1.609392	-2.145419	-0.583799	9.250548	6.824226	6.044891
34	3	5.807487	-1.152019	5.911416	5.090175	-0.521278	-4.470983	3.945710	8.589784	-1.266752	5.775862	-0.422250	3.944665	8.589784	-1.266328	3.587588
53	3	-5.398830	5.715053	7.864365	2.095399	6.675033	-2.192107	0.527307	5.146754	8.220046	6.675033	6.354863	-3.124455	1.334382	8.254443	2.876442
69	3	5.912975	-4.238777	0.630974	7.377721	4.119433	-0.022249	5.494106	5.073545	1.685733	4.512696	-2.055285	5.496813	5.073630	1.685734	6.142257
72	3	-2.697128	6.658412	3.555831	-0.642495	8.573337	1.139098	1.168763	3.399748	5.866222	8.567242	6.509324	-3.495924	2.262867	5.909503	2.587404
87	3	6.961201	-3.697927	1.389416	7.471337	0.343701	6.760588	0.500354	3.886056	4.115840	0.343816	0.491773	6.472562	3.886477	3.351388	4.611808
93	3	6.612050	0.898712	3.377234	3.486087	0.193650	-2.220290	6.228647	5.636108	3.486013	5.768950	6.684241	-4.934639	-0.525266	7.272153	0.191739
97	3	8.609755	-2.713858	0.369444	6.285517	2.868738	2.894665	4.483281	5.452914	0.222144	4.502376	0.853795	5.507741	5.452937	0.211170	5.592938
134	3	3.027402	4.289011	7.182579	0.061682	0.853235	-2.386449	5.085515	7.287042	0.059965	6.906014	6.017592	-1.449031	4.093324	6.548098	0.700481
141	3	-0.209813	2.740102	5.818645	3.563424	6.888994	5.781408	-0.195108	2.451272	5.606690	1.744336	5.851031	-3.389512	0.267925	6.596081	1.742267
142	3	-3.813492	4.928137	6.537350	0.762283	6.448297	-0.147166	-1.010071	5.216414	7.232762	6.448127	4.357934	-4.830469	5.176552	7.240838	-0.182669
147	3	-1.205418	4.456929	6.368718	-1.012424	8.590495	1.096801	-0.511237	5.001495	5.416118	8.590367	6.540880	-2.691270	3.593163	5.423574	3.105854
150	3	4.825981	-1.659681	0.385958	9.291591	1.794670	0.209220	3.206768	5.816588	3.465854	5.933571	3.312189	2.788865	5.701983	3.497965	4.137451
151	3	-1.492492	-1.156712	4.747232	8.735616	6.250540	-6.305119	3.954752	5.763545	2.256222	6.250540	4.935848	-2.021874	3.769226	8.736601	2.589432
154	3	1.467131	2.249457	6.552961	1.718698	1.527476	4.098866	0.331139	4.925365	4.212677	-0.141951	7.033786	-2.593737	1.234185	7.161267	-3.894637
158	3	8.012228	-0.225414	2.717474	8.788567	2.054783	1.978965	5.494682	3.600240	5.383407	2.268210	-3.456422	5.659490	3.602811	5.262070	7.659819
179	3	-2.707181	3.282265	1.505210	4.844196	6.578235	6.999010	-4.844584	-2.579746	7.033362	2.137063	-0.944052	1.292889	0.979312	5.628162	6.428756
217	3	5.831668	-4.217443	1.477890	6.674083	-0.823944	2.357220	1.300380	6.686302	3.496829	4.115718	1.042462	1.451701	6.853001	3.396662	5.536842
234	3	0.094750	4.816542	5.998335	1.366673	7.293005	5.591380	-4.455414	2.661203	7.916117	1.087832	3.282090	-2.055553	2.661349	7.915978	5.557461
238	3	-1.750002	2.548724	7.559402	-0.283733	6.600606	6.985230	-1.883902	2.061704	6.233690	0.510296	6.956365	0.451473	5.679358	3.874835	0.510385
242	3	2.200637	2.469800	8.634142	-0.981223	0.471591	-3.409791	2.476670	8.634976	-0.989485	5.090024	6.385036	-0.495557	2.930568	2.456115	-0.618288
249	3	5.698441	-1.047622	0.908259	5.775313	1.692947	1.733423	-0.884426	0.908522	5.756716	6.646765	-2.296832	4.844605	6.062630	3.009415	6.660067
253	3	4.789707	3.785868	7.237359	1.837818	1.273286	6.802095	0.712993	6.408236	6.648679	1.264654	0.598116	5.116365	7.237362	0.421639	6.583965
289	3	8.232617	-3.679353	-0.302847	5.908706	4.022987	2.303427	-1.401587	0.217795	5.908476	7.521820	-2.390157	3.281105	6.293879	3.408327	7.734592
292	3	5.977452	-1.519151	5.751991	2.941018	0.477061	0.533427	3.875424	5.752008	-0.024894	3.453535	-1.288592	3.875437	5.752008	-0.024894	5.943158
305	3	2.988409	-0.321763	-1.693183	6.028621	6.243283	-0.454481	5.706065	3.610218	1.788925	7.176937	7.370346	-6.023714	-1.702453	6.821238	3.605592
315	3	3.472340	-2.827284	2.623471	7.766358	7.242374	7.721493	-6.454033	2.623375	7.766363	1.400323	1.452911	2.983864	8.185818	2.299503	7.795731
341	3	-4.537937	4.732344	4.764754	1.536448	6.632994	0.584696	-0.024613	4.664596	5.062235	6.417094	3.810332	-3.656733	0.066141	6.416122	5.303600
360	3	0.309954	5.469176	5.700768	1.703275	5.594956	5.365385	2.000975	5.016644	1.737650	1.784715	6.896430	-0.926876	1.012775	6.936924	0.111415
382	3	-0.365057	3.497297	5.065045	3.030004	5.724762	3.134315	-1.787423	3.954189	5.853204	3.823018	0.781613	1.589784	4.860287	4.367589	5.724535
409	3	6.219142	-2.125777	4.113469	6.615012	1.903756	-0.007007	-0.885220	5.344746	6.614991	5.349183	-2.517198	2.705017	7.025884	2.450833	5.400102
437	3	8.068593	-0.448254	5.533347	-0.621614	1.390123	8.120894	-4.784395	3.601642	4.922130	1.381523	-1.828526	4.230612	5.837265	-0.954752	6.327260
458	3	-3.870832	2.900431	4.956071	5.795216	8.578500	0.853783	-0.595532	4.764796	7.542426	8.533330	5.888973	-3.110610	2.904998	8.416548	4.331872
467	3	7.443786	-4.284747	-2.415225	7.281424	3.254487	2.469915	4.442480	3.870775	2.717716	8.551534	7.315164	0.113963	2.874288	2.789331	3.340984
531	3	-5.202347	5.580896	8.288559	2.086845	8.207963	-1.845646	1.699972	7.283505	7.086309	8.198763	5.725271	-1.150179	5.256496	7.742295	1.990585
538	3	-0.943804	5.328156	7.351520	0.334006	5.661798	1.968447	-0.197416	4.600860	6.193063	5.651858	5.622523	-4.029878	4.581713	6.582682	1.891611
574	3	5.816212	-3.039681	0.010384	4.027937	1.819107	3.134235	1.920983	5.039199	1.409814	1.919166	-2.452143	2.018022	5.238707	1.195329	7.251270
585	3	7.388628	-4.191754	3.813459	5.198516	2.166861	-3.359931	3.208382	7.216177	-1.155839	8.655286	1.690968	-4.067122	3.912765	5.198516	8.117726
587	3	2.976766	4.120880	5.173534	2.366898	2.059334	6.997013	-4.548846	-0.696054	7.477790	-0.286454	-0.986893	4.596594	5.173535	1.914908	6.176542
593	3	-4.987416	6.468887	2.117500	3.134371	8.173499	1.415503	-0.901731	-2.376828	6.832225	8.164650	6.657012	-4.058819	-3.721336	6.858654	1.754000
602	3	3.904437	3.390414	5.001624	2.201242	3.082934	5.468697	0.052349	2.147645	6.499091	3.082866	-1.282542	4.683755	5.084343	1.935044	8.538523
669	3	2.494999	1.248016	4.888245	4.209355	6.666841	-0.871295	1.869956	6.644457	2.764595	9.124746	3.747234	-1.400612	1.577842	7.548945	6.637541
694	3	7.720910	-2.840533	2.629438	8.157727	2.923961	-0.744254	3.457996	6.311752	2.500638	9.535820	2.906909	-0.159104	5.293860	8.156549	9.163577
734	3	2.679453	5.560077	5.395720	-0.841591	1.517933	8.590253	-0.825424	3.586734	4.814116	1.468504	-0.988726	5.913496	5.405602	-0.852020	6.546474
751	3	0.547717	-1.580201	-3.009305	8.032696	6.293123	6.509787	-2.249219	-3.030369	8.081826	1.019288	-3.326921	4.596011	3.451337	1.805541	6.295388
762	3	-0.618819	1.365186	7.201551	6.147226	7.747505	6.325055	-0.695696	4.952253	6.629502	1.386928	-2.261777	4.154670	7.207789	3.268879	7.747577
765	3	5.925071	-5.499487	2.001097	5.989974	-0.232384	-0.250926	2.477988	6.963273	3.303300	0.656893	-3.540663	2.478909	6.963596	3.302697	6.004851
823	3	1.581538	0.695618	5.798487	3.345359	6.875755	7.303455	0.687889	5.794764	3.351037	1.464031	-2.387376	5.472227	6.724798	-1.714344	6.875873
848	3	-0.575363	6.134484	3.256017	0.291209	7.165915	4.744390	1.594383	2.485969	0.930445	4.466590	6.292707	-3.259819	-3.042023	6.176736	4.448499
884	3	7.830453	-3.591863	-1.051377	9.391657	-0.571645	-2.507626	7.354801	5.310128	4.060445	6.002339	-0.179161	1.412257	3.758407	7.998381	6.001729
911	3	5.731905	-4.877163	5.555002	5.820847	1.662967	-0.681081	5.498173	7.805064	0.699430	6.535128	-0.677597	-0.716959	7.507843	5.717888	6.535082
913	3	3.015652	3.129224	6.953717	3.614922	2.678403	7.454052	-2.406636	3.029866	7.148928	1.519955	-2.438904	3.381242	6.957636	3.612591	6.997475
929	3	0.608394	-1.380972	2.983233	5.348311	6.688343	-4.323502	4.548332	4.879253	-0.895512	6.688348	5.805646	-5.006535	0.264861	5.362001	3.010554
938	3	-5.211471	-0.514993	7.903906	7.251476	8.565783	-5.998257	2.878627	8.478935	3.639356	8.565783	4.806407	-3.503126	7.840528	7.289855	4.466432
959	3	-5.472944	5.085080	5.488152	5.021737	6.670458	5.478060	-4.386823	0.238291	7.829883	3.658300	-2.152876	0.738277	3.976374	7.611632	6.620517
968	3	-2.532328	3.716727	6.317908	2.606000	9.213792	6.401378	-5.592176	3.794459	8.190003	2.698102	3.506107	-3.557257	5.164212	8.189987	8.788030
1001	3	7.331654	-6.983361	-1.657994	6.535968	2.953474	1.564520	-6.962755	-1.657980	6.535968	7.715399	-4.733577	4.854050	2.363361	0.343621	7.760648
1059	3	8.609942	-1.570843	-3.491551	6.065623	1.580220	-2.983722	7.223887	1.580657	0.576945	7.771676	6.801516	2.731813	1.580526	0.924995	1.580234
1076	3	4.405958	-1.177450	4.357473	7.223642	1.517976	-8.527746	6.627499	6.675398	0.784275	6.921065	-3.226455	1.035680	5.507658	6.921022	6.921060
1118	3	6.217827	-6.426846	-4.775892	6.498430	3.270061	-3.445486	2.480379	1.751301	3.308548	8.271627	1.094235	2.212890	1.732858	3.702628	3.278970
1119	3	2.641762	3.592696	8.644460	3.065256	3.708924	-0.931173	4.004931	8.728325	3.035266	6.486879	6.832175	-1.383294	5.866043	7.802115	0.175487
1122	3	-4.898742	1.916398	5.493847	7.353827	9.553312	-5.311287	7.115291	5.671938	2.056333	9.553312	5.597021	-1.736932	4.326408	8.597651	3.445284
1142	3	5.968825	-5.442357	0.845958	8.419547	1.677670	5.961494	0.333478	2.513081	1.940085	1.678404	-1.566378	3.765102	5.827666	1.939447	6.180507
1178	3	6.289829	-3.434493	-2.176288	8.027390	1.266981	0.858557	1.947927	2.288171	7.130818	6.324177	0.858445	6.945736	2.288894	3.059525	6.324184
1193	3	4.934307	-3.275209	-0.183999	6.814732	0.495167	-3.098988	3.676820	5.663546	3.826173	5.366278	2.270062	-1.198056	0.329939	6.555246	5.316566
1202	3	5.624141	-6.792454	4.607242	6.934566	3.409301	0.063791	0.911624	7.967328	1.096649	7.240725	0.722342	-3.374718	5.367438	6.913985	6.913256
1210	3	6.214348	0.526695	2.653690	2.820679	-3.261741	2.334607	5.719187	3.294006	2.806955	2.491869	7.044454	-2.195948	-1.047346	7.094554	-3.792539
1246	3	-2.886453	4.048626	6.707576	2.955381	6.756533	5.730397	-0.907477	3.119841	6.995597	3.872027	1.660651	-0.222244	4.722474	6.942952	6.636597
1273	3	8.061898	-5.173795	0.461269	9.615678	0.901872	0.220930	0.123074	0.581518	9.263212	7.133111	0.202191	1.798471	6.050960	5.275315	7.133112
1279	3	1.400844	-7.104703	0.894931	6.213018	4.415096	-0.448897	-1.836666	1.540546	6.212931	4.434122	6.183686	-7.462678	0.894924	6.213018	-1.798520
1288	3	7.669746	-4.980385	2.944167	7.639212	0.926592	-4.610328	3.721222	7.908723	2.536990	7.562365	-2.508588	0.549798	5.245267	7.358163	7.562243
1289	3	1.626774	-4.163949	1.316472	7.304717	6.430421	0.698664	1.659836	4.953496	2.889511	6.623664	7.172761	-4.210131	1.316471	7.304717	3.075694
1351	3	0.488803	3.990770	5.959977	4.379103	9.585426	5.713445	-0.327097	3.474248	7.929145	5.852040	1.884333	2.230827	5.958950	6.435466	9.555910
1397	3	8.145795	-4.138350	0.473805	5.822029	1.297482	-3.647634	5.960008	6.719220	-0.553287	7.020462	-3.357436	1.159848	3.755731	5.514742	7.020460
1402	3	-3.820026	2.925521	6.225643	2.661257	6.397470	6.793215	-3.995488	0.821901	6.861438	2.084244	0.114171	1.407989	5.368520	6.449337	6.383131
1413	3	7.390182	-5.822964	2.621115	9.228385	4.527600	0.450104	0.121868	3.303477	8.660180	7.706502	-2.185250	4.600816	7.930021	4.479882	7.771330
1445	3	-0.128868	0.015651	-1.726838	5.471574	8.946627	-5.894258	5.212657	1.625329	0.298787	8.946630	5.940984	-1.984769	-2.143275	5.485857	2.627959
1525	3	6.844869	-8.630631	3.315080	8.015186	2.532301	1.250645	-2.743122	3.336747	8.015150	7.125508	-5.303536	2.988860	7.222346	2.070865	7.125732
1551	3	-0.098024	3.567612	6.006505	2.566380	3.358972	0.034477	1.122619	4.373977	8.170490	3.334042	5.637240	-3.334027	-0.229400	8.592633	0.439542
1554	3	6.130811	-3.621058	0.733925	7.781599	-0.849853	-5.006603	3.571118	6.801174	2.101350	5.668833	4.644346	1.651736	5.333879	3.913110	-0.849839
1556	3	7.978668	-0.980930	-0.147681	6.542026	2.083546	2.886170	-0.886721	-0.146570	6.542020	7.661235	-2.831280	4.052367	5.002403	-0.021222	7.877649
1561	3	-1.857740	-0.653392	0.388305	8.189930	7.191493	8.808615	-5.332252	-0.283049	8.196529	1.788304	-1.984759	3.318700	5.358600	4.302820	7.191493
1564	3	7.198318	1.087838	4.065780	3.194178	-0.764393	1.031812	5.850628	4.998975	-0.208379	0.160547	-4.720878	5.855689	4.998988	-0.210759	5.173022
1584	3	-1.226773	0.784246	4.869421	5.814031	7.012682	5.462049	-2.541799	0.813105	6.491198	1.608070	-3.213769	3.547033	5.405032	1.159811	7.012685
1586	3	6.576866	-9.295580	0.433917	7.475682	-0.732742	-2.773014	1.580029	5.965630	4.274138	5.781017	2.542640	1.565791	5.926990	4.306926	-0.224003
1587	3	-3.625349	6.193659	3.541797	0.829504	6.189378	4.509642	-4.303000	-1.149328	7.053756	0.448909	2.435219	-3.942035	-1.149328	7.053189	6.128162
1602	3	-3.601460	4.062183	6.154639	3.408636	7.198584	-0.589501	-0.856796	3.367586	7.230602	7.198559	6.735822	-7.152672	2.840064	7.262486	1.534946
1613	3	0.765779	-2.900512	-2.341213	6.050016	7.784524	3.899164	-6.629295	-2.346249	6.050017	3.270252	-2.635513	3.036917	2.963195	2.418959	7.784820
1616	3	5.152973	-3.658797	0.897257	7.964790	3.352946	0.702615	0.964204	4.059213	7.919788	5.269752	0.144047	4.376305	6.250259	1.585218	5.336564
1633	3	5.693165	-3.261677	3.463863	6.851776	3.851545	0.694130	0.952604	5.679598	6.718889	6.634853	-4.105406	4.916428	6.711043	1.425898	6.688593
1639	3	1.355853	-0.714339	5.451477	6.619528	6.077577	-1.630474	2.168478	7.326785	3.598441	6.184246	6.920755	-6.273653	2.456224	6.868557	0.043963
1659	3	7.461153	0.125626	2.056946	1.512812	1.000351	-0.938615	5.647105	6.186274	-0.247678	7.220997	7.469429	-4.417720	-0.029776	6.029560	1.000342
1693	3	2.353189	-1.480496	1.945187	6.906689	6.914650	6.623986	-3.954275	0.158857	6.906793	1.442012	-1.450336	2.849436	5.580210	3.396353	7.048482
1712	3	8.472526	-4.930999	3.073362	7.478546	2.702469	-0.448281	3.335258	8.961004	1.821523	6.991928	2.571854	-1.397336	3.077541	7.478529	6.943727
1715	3	-3.814899	6.457242	3.735134	1.863384	7.342173	8.859960	0.073034	3.098343	5.591535	1.751003	2.680295	5.854808	3.734983	1.863390	2.062820
1738	3	-4.761081	5.693203	7.192989	0.961767	6.444374	6.071345	0.483056	5.839089	4.638658	1.731676	6.266533	-3.472590	1.081852	6.441968	1.731674
1739	3	6.709538	-6.904918	-0.060478	6.633801	1.706018	2.156148	-0.569482	2.529297	6.633602	5.968821	-3.231840	3.673653	4.432145	1.489442	5.972776
1764	3	-2.569914	4.905783	6.003303	-0.068928	7.461605	3.096638	3.880151	5.987755	0.693206	3.318292	6.264346	-0.989345	5.320019	3.821570	1.639107
1769	3	5.463916	-4.045354	-1.586028	6.960614	2.174327	0.560838	-1.362332	-1.168833	6.910613	6.675103	-5.111045	4.576992	4.988330	1.115590	6.725913
1773	3	-0.201471	0.511513	5.007956	7.254310	7.078147	-2.120040	4.029066	5.570755	1.357354	7.107009	6.656893	-4.028166	-0.343509	7.282175	2.235866
1775	3	4.394576	2.000416	5.953795	0.460878	0.687342	1.702622	2.985987	6.527888	0.451392	6.193430	5.458109	-2.800181	0.785010	6.727666	-0.269429
1778	3	0.053538	-0.282413	5.390789	6.060413	8.894913	-4.522147	2.739013	6.945118	3.204696	8.894917	6.372752	-1.902784	4.206339	6.211680	3.845614
1783	3	3.272789	2.194752	3.502068	1.415595	0.896676	-1.604133	7.026522	3.502812	-0.223599	7.076093	5.365432	-1.020210	-2.657013	6.034037	0.784899
1793	3	-5.439688	3.504482	6.595486	2.778291	6.845914	1.022137	-0.878139	4.770950	8.033391	6.837673	6.527952	-3.459829	2.900073	8.062217	2.395144
1794	3	-4.321982	4.423963	5.297768	0.693891	7.501900	6.932025	-2.529957	4.685462	6.750184	1.826089	0.211499	0.973246	5.237071	6.629098	7.498130
1803	3	-3.950690	-0.120185	5.587082	8.620559	5.333657	2.236788	-5.359346	4.665455	8.639104	5.306069	4.133585	-5.545696	4.665201	8.639104	1.621031
1810	3	-5.382454	4.246319	6.976295	2.248817	8.388265	1.110855	-0.856494	5.037095	6.801587	8.388247	7.435681	-2.978787	3.351663	6.836618	1.894882
1835	3	5.787032	-0.114349	5.304460	1.962367	2.699472	-1.066580	6.221276	7.991471	1.055399	7.761890	5.873005	-5.275142	2.505309	6.517707	2.641952
1850	3	-4.316295	4.428549	4.592495	2.900734	5.186019	6.839656	-1.843519	0.404466	6.817806	0.881146	0.065371	-0.300824	1.117336	6.254171	4.906667
1851	3	6.892419	-4.501645	-1.698183	5.586079	1.187421	-3.932015	5.628470	4.547647	-0.428633	6.821228	1.820745	-2.311290	-1.696740	5.577261	6.807461
1857	3	-0.140030	6.551987	4.988140	-0.096199	0.557227	6.192848	-2.345853	1.640816	5.805318	0.526380	-4.293024	6.561041	4.988142	-0.096199	4.176194
1890	3	-2.747052	1.769111	5.850828	2.509800	5.567399	5.765695	-0.387946	3.618534	2.527586	-0.973325	5.784703	-5.912476	3.617251	7.849686	-0.973325
1901	3	8.739929	-1.933971	3.376233	6.941789	0.836480	5.778569	1.740834	5.945705	2.465396	0.836488	0.785889	3.534265	6.622268	2.255514	6.615045
1909	3	6.303520	-5.872979	1.409425	6.754819	-0.404187	2.354112	1.069427	6.849849	2.439886	5.691131	3.012219	-1.358934	3.609162	6.671693	5.589577
1911	3	6.304914	-4.990218	2.575784	6.648448	1.123831	-2.133279	3.956726	5.373785	1.702917	7.346891	2.511071	3.752842	5.373784	1.703081	1.625262
1931	3	1.730449	-0.208747	-0.585052	6.252774	5.561305	6.493648	-0.217650	-0.594579	6.254096	-0.038042	-4.256137	5.638016	4.372120	4.370591	5.568679
1957	3	-2.574918	0.004559	4.281016	4.432341	8.007154	-3.731852	3.052593	6.457152	0.453034	8.010659	4.115387	-4.976924	0.468486	5.250501	3.576430
1963	3	-5.217933	3.541998	8.452917	-0.116135	6.641237	6.445997	-3.239252	7.828576	6.345487	1.384494	0.862395	-2.959116	8.130175	6.345374	6.638038
1967	3	-2.941461	4.167826	6.603373	3.285694	7.772196	-1.836553	-0.397417	6.337985	8.724149	7.757591	5.736472	-4.279796	3.165561	8.926963	5.696850
1976	3	-7.488763	3.823996	8.388718	1.952995	7.697112	-1.463824	-1.301377	5.632541	6.892100	7.697111	5.022059	-1.414937	5.461373	6.911743	2.610371
1977	3	0.071402	6.378047	8.763329	2.708819	-1.673310	4.712845	-4.326782	2.563168	7.056239	-1.698714	-2.398896	6.378047	8.763329	2.708819	3.798240
2010	3	-5.581666	5.711721	2.153035	1.224261	7.844307	-3.526402	-0.138920	-1.750141	7.690771	7.844307	6.105195	-3.562744	-4.379317	7.693711	2.960882
2016	3	-1.408772	6.799835	8.820216	0.341586	5.474721	7.043385	-1.595497	3.703439	6.566178	1.034372	5.700643	2.453117	8.820131	2.734295	1.088448
2035	3	6.168244	0.867853	2.511144	5.422115	2.517978	-2.809521	2.231560	4.800718	3.664387	6.762068	6.705525	-1.147264	-0.658122	6.690820	2.184590
2039	3	-1.826114	1.515222	5.742379	7.812946	6.026019	-5.019504	5.868548	6.010721	3.761393	6.026037	4.793762	-3.286059	3.441650	8.248947	-0.551343
2043	3	-2.749616	4.307666	5.699239	1.705267	5.227788	6.567593	-3.208189	3.606237	7.874936	-0.687192	6.187148	0.839198	5.276656	2.655316	-0.687167
2054	3	5.208562	-5.948912	-3.020236	8.006489	2.389061	-4.255808	2.218444	3.239972	2.671302	6.357667	-0.848435	0.296616	1.582903	5.975464	6.357041
2055	3	-2.277487	3.531161	6.698488	1.723143	8.060949	3.074558	-0.899931	4.869365	6.350822	7.964640	7.127559	-2.850030	4.219192	6.356501	3.560835
2061	3	-4.852454	5.446193	6.558257	0.067802	7.374793	5.489646	-4.745503	1.316410	6.252293	3.730392	5.489361	-0.120711	4.625860	2.289133	3.730394
2075	3	2.446493	-0.652658	1.832982	7.039814	7.718073	-0.987553	1.932782	3.477898	4.418820	8.351977	8.576475	-6.005341	-0.628096	7.039989	3.840784
2086	3	-0.565131	1.926982	6.331704	3.930514	6.665964	6.917619	-3.246765	0.068213	7.094911	0.451383	0.423899	0.381008	5.219311	7.074423	6.665306
2088	3	6.586289	-0.438301	0.873741	7.548201	1.746815	-0.678952	0.755863	2.993088	6.355116	6.960265	3.810293	0.669257	2.618957	6.622789	4.215350
2090	3	0.980022	4.633332	5.886219	1.063385	-0.893733	4.717990	-2.182140	5.334654	6.201686	-0.895017	-4.501263	4.751132	5.886227	0.998000	5.315383
2164	3	7.397193	-6.042012	-2.689774	7.329713	2.980842	-2.552509	6.034123	2.974391	0.963873	8.043065	3.278780	-5.999784	-2.679554	7.329713	7.341982
2179	3	-5.939585	3.189574	7.066786	3.713186	5.988861	0.470080	-0.273296	7.043987	8.454368	5.988755	6.839722	-3.633437	0.993005	8.478449	-0.215963
2183	3	-4.479655	3.013997	7.851686	1.850015	6.092605	2.428900	1.980482	7.328728	2.205107	0.967627	6.725777	-4.957145	2.412502	7.252308	-0.297469
2193	3	0.191355	0.443008	6.526605	5.679032	8.022882	-4.558179	5.931568	7.644335	2.278921	8.034500	6.505608	-3.835639	5.310064	6.314276	1.769983
2206	3	6.704882	0.529857	6.811348	6.060537	0.257182	1.236385	3.661551	9.291017	4.202709	2.464511	-1.899542	3.750036	9.291054	4.195995	6.305744
2243	3	0.178315	4.026495	8.003078	4.281691	5.125779	6.698065	-4.098907	1.626642	8.989084	2.189022	2.009009	-0.036826	4.651376	8.966325	4.836812
2267	3	-1.420492	2.778594	8.060330	-0.471164	5.627699	6.472337	-4.082204	2.840338	5.081692	-0.766313	6.105042	0.198407	5.243804	0.687409	-0.687328
2272	3	6.971974	-4.770270	0.568848	7.534681	-2.297842	-0.565281	0.836521	3.732943	7.245985	4.188206	-3.758313	6.617831	5.458078	2.274634	4.188641
2277	3	-1.978302	3.158075	8.227867	1.461921	6.704877	4.436788	-6.756936	4.248401	6.681796	0.402587	1.775182	-4.007273	4.248401	6.681796	6.611546
2285	3	5.105486	-7.046592	-2.842873	7.812084	2.021672	-7.111079	5.979326	2.540004	1.334599	8.320021	-2.138599	-0.429213	-2.839361	7.809158	8.320021
2293	3	-2.206188	5.043718	5.830632	0.937505	7.961673	5.271375	1.241955	5.299002	2.086583	2.332855	2.881368	4.960943	5.827540	0.938657	2.334205
2298	3	5.883087	-3.808078	3.309738	7.949741	2.064464	1.013441	3.890309	6.481426	1.789135	2.108958	-3.310058	3.890332	6.481426	1.789134	5.954029
2338	3	5.277089	-2.032162	6.437034	7.812721	1.432311	0.820480	5.660684	6.477737	1.863069	5.910006	0.929926	0.602912	6.443522	7.776774	5.908971
2343	3	-3.511240	5.903756	3.565497	0.741127	7.978510	4.670047	0.272594	3.364677	1.711271	3.884296	4.672282	-4.598872	1.189037	7.108908	3.879627
2350	3	3.436340	-0.890986	5.008439	7.793574	7.854705	-1.694971	4.045741	6.467495	4.388082	8.113844	6.354159	-5.794693	2.691585	7.793668	2.473025
2353	3	6.491325	1.769654	5.787769	3.566274	0.279318	3.078015	6.140077	6.367030	3.008355	1.651062	0.198298	7.163511	6.367030	2.990086	6.595924
2358	3	7.683440	-5.479730	-1.127447	6.501825	1.313849	6.949759	0.325557	3.229958	1.022303	1.474028	-0.059688	5.206218	5.469723	0.786004	7.177022
2362	3	-2.022081	3.124515	8.893177	0.408936	9.214151	1.343015	-0.508596	5.566029	6.892504	8.768377	6.956215	-1.250582	3.201162	6.909678	2.783317
2369	3	6.540355	-4.268640	1.016844	9.259339	1.565095	0.767887	0.041563	4.852076	9.255289	3.564739	-4.786388	0.041572	4.852102	9.255289	6.976311
2398	3	5.432421	0.847497	4.053593	1.909863	-0.526632	7.708106	-1.885592	2.622960	6.670429	-0.638458	0.123283	6.794541	4.589342	0.411916	5.704859
2412	3	0.626616	0.188813	2.214543	8.226970	6.324742	-4.986317	6.429079	5.437387	3.517976	6.324779	6.115258	-2.595133	0.652221	8.237347	0.706932
2463	3	0.906576	-0.995605	2.717770	5.442160	7.054189	7.166888	-7.157279	1.599142	5.473605	1.781600	0.031799	1.893024	4.816053	2.311820	7.056590
2470	3	-3.493518	6.130011	7.614556	1.057897	7.024399	1.819548	0.545393	5.288092	6.848058	6.995652	5.403344	-2.783641	2.773879	6.956790	2.483695
2475	3	1.743556	4.965716	7.366897	4.771592	4.113380	7.804665	0.686959	6.968280	4.942648	-0.915518	7.824239	-3.920681	4.381949	7.276134	-0.915518
2491	3	-1.314055	6.852851	4.922067	1.449911	6.547594	5.858917	-5.169589	-0.753857	7.583286	5.161714	-1.313809	0.501976	4.843870	7.544975	6.547594
2493	3	1.252270	0.580192	4.566604	7.095709	8.166779	7.441390	-3.558322	1.062559	7.366539	1.555365	0.276337	2.803279	7.255459	4.127774	8.166849
2498	3	1.598956	-0.449654	3.406559	8.042798	8.583154	-4.113637	3.168477	8.043502	3.072330	8.675536	6.187265	-4.079797	2.281819	8.059527	2.212384
2500	3	7.588353	-1.666941	6.110832	7.552879	-1.585421	1.585441	2.188316	8.193705	6.301732	2.473281	1.479337	3.748863	8.197113	3.201875	2.527311
2525	3	1.177233	6.375033	5.177738	4.687856	2.810412	7.175279	-0.683391	2.794596	8.633591	1.532659	-3.241249	6.375167	5.177743	4.687856	7.975773
2539	3	-0.643158	5.830220	6.047549	2.152626	7.864628	8.293775	-3.001213	0.906013	7.781898	2.202888	2.060693	0.835003	5.241539	7.133185	7.860077
2540	3	-4.145970	2.780235	8.366680	3.010307	6.009487	2.090026	-1.383829	4.703502	5.874688	5.976370	7.995207	-4.759575	2.621199	5.997541	0.617998
2547	3	8.429464	-4.614250	1.310130	7.076525	3.148252	2.942845	-1.022363	1.328344	7.072670	6.989749	-2.960006	1.997829	7.576435	1.983421	7.743200
2557	3	-4.574288	7.054250	6.729098	2.607663	9.169627	6.636420	-2.877335	5.425597	7.533210	4.575929	-1.455438	0.896401	6.570225	7.396506	8.910116
2564	3	6.430862	-6.219705	2.691805	7.687079	0.186222	0.099970	-1.962098	2.692694	7.686951	6.087950	-5.139745	4.080793	8.216057	1.324263	6.088099
2569	3	-4.395696	5.298760	4.785692	1.246379	3.974559	8.276368	-3.656282	0.187274	6.570380	-2.549602	1.730346	-0.094711	2.665055	6.565709	3.950968
2571	3	-1.114378	-0.330594	5.111016	8.129626	6.898043	-7.153728	4.476218	5.591933	2.246893	6.898058	5.289231	-5.215358	1.911429	8.163893	1.977819
2576	3	-0.392023	-0.204280	1.121274	8.066787	6.184450	-0.905583	3.315607	4.169865	2.156451	6.190717	5.720604	-3.911987	-1.766383	8.075893	2.475353
2584	3	7.117036	1.138241	4.827805	0.531883	-2.745203	-3.680943	5.168841	6.365681	0.502265	3.723192	7.337662	-2.738203	0.456769	5.794245	-2.745232
2589	3	7.048881	-3.090157	2.285565	8.659450	0.350198	-0.422817	0.863922	6.801980	8.408056	6.515312	-4.779951	3.762030	7.238494	3.989484	6.536330
2596	3	0.208234	4.706826	5.759674	0.293161	7.909087	7.194171	-2.908140	-0.063123	6.681611	4.111199	1.905863	0.386433	3.205669	6.525352	7.559885
2609	3	2.905212	4.931937	7.230634	2.382430	1.116779	6.047439	-1.808499	3.183412	8.021753	1.110509	-2.031531	5.266163	7.232300	2.382425	6.978480
2651	3	-1.874836	4.789057	6.253614	-0.109554	7.959756	9.156990	0.193496	4.870519	4.157590	2.160994	9.195537	-1.958695	0.319625	6.298609	2.160277
2756	3	-0.422854	4.011957	6.954297	-0.050447	6.093989	-0.278659	0.881050	3.578055	5.452231	6.093989	5.832307	-1.558609	0.698584	5.999385	0.125378
2775	3	7.289660	-3.045711	1.158296	7.344868	2.031440	-2.492801	2.049960	7.468043	2.177396	8.429625	3.352384	-1.368264	3.170230	7.280809	7.991507
2787	3	-7.013188	5.305991	3.331726	0.002160	7.274286	-3.198395	-1.139263	0.405509	6.251459	7.274286	3.388565	-1.562233	0.065823	6.327954	1.165952
2811	3	1.238214	2.090716	5.850633	1.809190	6.504595	7.047257	-2.105117	0.956547	7.721196	2.865565	6.219801	1.481377	4.698288	2.510357	3.171852
2813	3	-0.579153	2.315715	7.667372	1.308413	5.899635	5.806064	-4.255591	3.710285	5.492656	-0.282987	5.805775	-1.229788	3.711878	1.494905	-0.282951
2818	3	1.084533	-0.664229	4.892234	5.940585	3.995646	7.132868	-5.537478	2.438485	5.940821	-1.824058	-3.385349	2.898421	7.674051	1.402151	3.995664
2835	3	6.711614	-3.373658	-0.355425	7.650692	1.587077	-3.069590	4.531452	4.127473	2.669474	7.967555	0.501195	-1.190771	-0.334973	6.843981	7.967237
2842	3	7.085739	-4.987232	1.524764	7.084028	1.428202	-5.093363	2.759456	6.080399	1.876547	7.826733	1.111679	-0.471443	3.057758	6.957787	7.558246
2857	3	5.655370	-7.084233	0.531783	6.521314	1.800879	2.439529	-1.153634	0.582484	6.520991	6.826435	-4.238840	3.988107	2.220975	4.419096	6.954426
2866	3	6.016092	-4.814594	3.085921	8.910827	0.959352	2.450556	1.099887	5.073660	6.485385	2.360975	-0.435352	1.109575	5.088983	6.447664	5.212617
2877	3	-1.039987	5.913546	2.791765	1.435342	4.861263	5.787439	-3.481918	-1.617704	7.677840	-1.642059	5.767177	-0.511331	2.791405	2.634493	-1.635125
2887	3	-5.885350	3.830662	7.938317	1.809417	6.351160	5.580506	-2.427638	1.546287	7.269194	0.450748	-5.882354	1.648578	7.317827	6.896726	6.351159
2889	3	2.922928	-2.848738	3.992775	6.407906	6.929584	-2.686847	3.661354	5.494183	4.384507	7.495779	7.365996	-4.104523	3.992761	6.438071	4.205826
2899	3	7.088444	-4.459607	-3.815270	5.314101	4.757552	0.489080	4.749107	2.660688	0.952264	7.908798	4.274666	-3.771533	-3.815116	5.314100	6.706564
2905	3	-7.586914	2.563419	8.102230	2.569647	8.112728	-1.990403	-0.611970	5.502453	6.980626	8.112728	4.909580	-6.188351	5.143753	6.981312	3.146633
2909	3	-2.940920	5.433978	7.924726	-2.345808	7.757948	5.886253	-0.313795	5.445757	4.240848	3.084625	-0.014545	0.613547	6.704912	4.228897	7.757944
2910	3	6.666139	-4.789738	2.237237	9.016943	1.448516	-1.707791	0.775315	6.058824	8.938780	6.402668	-1.925295	4.905240	6.832846	2.967315	6.402840
2919	3	6.352283	-3.935770	0.098460	5.887195	0.143074	-5.293144	3.895701	3.995297	0.450766	6.305489	0.327692	3.352288	3.990292	0.890638	0.751185
2972	3	1.946640	6.651052	5.696701	2.141725	-1.175659	6.841996	-3.693973	2.221214	6.601924	-2.289135	-3.291459	6.765694	5.696701	2.103350	4.196410
2987	3	6.525157	-6.072428	-1.608205	9.336692	5.855856	-1.966974	-0.268690	-1.529090	9.336578	7.675462	-2.363994	5.404814	3.735164	2.961892	7.675504
2989	3	5.075028	1.646415	5.286211	0.937435	2.082335	6.052572	-3.048967	3.991705	6.511833	0.326120	2.001347	3.953461	5.410385	0.783159	5.897186
2990	3	2.392875	0.598861	3.719664	5.378015	6.627400	6.461593	-1.754241	1.544563	5.579586	0.622241	0.548694	2.149199	6.061585	3.603778	6.743763
2992	3	7.553841	-4.717370	-2.108339	7.162960	4.282955	-3.709534	3.737334	4.315207	1.544126	9.006025	7.489369	-0.186000	3.464287	4.276719	4.283151
3001	3	6.006372	-3.530178	-0.426761	6.227187	2.247135	-0.516494	-1.343722	4.797271	6.209923	6.633209	-3.580645	4.794044	5.071760	2.503176	6.633209
3042	3	7.570943	-5.866022	-3.454898	7.607697	1.014906	-4.547544	5.812293	1.463092	1.560399	7.529689	-2.761330	0.425620	0.317929	7.075268	7.529686
3047	3	4.126700	-3.879656	2.039143	7.551970	1.740000	-2.878347	2.254707	7.145684	1.573533	5.984535	3.849476	0.783423	3.289458	2.197615	1.779090
3051	3	0.228849	4.599809	7.746943	0.037872	3.105546	5.617015	1.484297	6.051283	0.896184	-0.855597	6.695731	-1.480840	3.082154	6.449507	-0.856461
3056	3	1.861670	-2.276609	7.153305	5.050513	8.370432	6.232194	-3.049833	5.898526	5.053678	3.771467	-3.352656	3.139915	9.198486	2.347704	8.404558
3095	3	-4.250201	5.884884	7.215388	0.731481	6.377785	-0.695001	0.683355	7.025874	6.807379	6.377785	5.642281	-4.758408	6.272243	7.113877	3.133623
3101	3	5.909742	-4.312203	4.731818	7.071710	0.660825	2.274613	-0.149907	6.868022	6.983965	5.370494	-0.958869	3.978504	8.120427	0.755922	5.506679
3117	3	8.802563	-3.967059	1.371255	6.042646	1.972143	-1.379598	3.038023	7.783416	0.064925	7.882768	4.236398	0.547757	5.544801	0.111895	2.224847
3127	3	-3.423844	6.096425	6.604329	1.216245	5.187262	3.415672	-1.478628	4.486678	6.335820	-0.335878	-2.416001	2.261887	6.288181	4.764656	5.187236
3164	3	-1.277453	-3.814526	-1.548592	7.212440	7.282105	-4.021251	1.934247	4.257642	1.334444	7.282105	4.232980	-5.682018	-1.548593	7.212475	2.374328
3168	3	-1.250482	4.166790	6.558266	1.731958	6.673652	5.603721	2.123344	6.007219	5.410740	2.411524	6.826368	-1.799664	2.107090	7.171147	2.409998
3185	3	5.703622	-5.639536	0.716717	5.068279	0.616109	0.924283	0.293871	2.667078	5.066596	6.800151	-4.118779	2.911373	4.278896	0.493112	6.804084
3224	3	1.868987	4.514985	4.881487	4.695732	0.973179	-0.817448	5.293668	4.881487	4.204288	6.273332	8.158703	-0.114483	0.759740	7.561750	-0.214364
3234	3	-2.692642	3.563298	8.216700	4.019560	6.917124	6.059536	-5.858341	2.035399	7.767844	0.946672	-0.226166	-2.179318	7.052160	7.746822	6.917124
3242	3	8.751752	-4.231953	2.656158	4.775473	3.108657	3.616662	-4.110102	2.709264	4.774628	5.467928	-0.050343	0.822930	6.047420	2.673595	6.927313
3247	3	-0.760574	-0.685850	4.729486	7.409367	7.661993	-6.249653	3.092269	8.334984	3.620141	7.662006	4.238819	-1.843673	4.295342	7.506876	3.419618
3252	3	-4.135210	6.161267	2.736998	2.110939	6.097674	7.471027	-3.484525	-2.834601	6.946400	-0.348095	1.746310	1.587405	1.347850	6.649602	5.631664
3273	3	3.948520	-3.886647	4.848034	7.077919	0.870878	-3.945942	2.672734	8.653938	0.436387	7.338469	-0.362995	-1.933865	6.307770	7.073328	7.201951
3281	3	-4.476233	4.837560	7.008857	-0.225039	6.818687	6.185704	-1.461957	4.214285	5.757207	0.413578	0.411886	-0.708437	6.437110	5.699506	6.816584
3312	3	0.016117	5.294244	6.300928	0.771170	6.624866	8.450179	-5.525524	0.697150	7.266810	0.919999	1.793530	-0.063056	4.647161	7.266375	6.598341
3331	3	7.175310	-2.493265	-0.590894	6.984175	2.552775	-1.288144	7.256028	5.689501	0.940086	7.041006	5.892243	2.591035	5.574579	3.781941	2.553178
3364	3	-3.294692	2.708353	6.712240	2.282745	7.014905	-0.160529	-0.625710	5.522358	7.577841	6.961213	6.072719	-6.426832	2.951075	7.713267	1.773555
3368	3	-7.872534	3.382647	4.822030	1.772551	6.396719	4.692727	-0.106884	3.639991	2.157836	1.159902	4.693678	-4.790339	-1.230557	7.131719	1.159594
3373	3	-3.712286	1.228096	6.465852	6.426030	7.028503	6.784635	-2.448009	1.433160	6.539330	1.392350	-5.919017	3.810638	7.585799	3.693032	7.028508
3388	3	-2.866119	4.075028	6.464317	2.893950	7.461004	6.872051	-3.301379	0.915983	7.098191	3.625618	6.871768	-0.264015	4.215328	3.922146	3.625619
3414	3	0.252142	0.984722	4.929283	4.196179	6.085117	5.811651	-5.044670	-0.302220	7.680347	3.111982	0.413601	-0.063160	2.876500	7.447054	6.085006
3417	3	-1.867682	1.818390	4.882185	4.229537	7.904043	4.617324	-5.341165	0.693519	5.258508	1.626211	-1.104620	-0.402762	0.718011	5.243536	7.903828
3449	3	6.046640	-4.402145	-1.736048	6.680562	1.657780	-2.462913	2.050292	3.875749	3.736085	6.874973	1.460295	0.465158	1.106496	6.582763	6.567680
3484	3	0.597077	-6.584601	-0.824422	7.232664	7.188204	-3.119431	-0.387066	2.932407	6.893837	7.324680	-6.011492	4.292454	5.208926	3.479055	7.334961
3488	3	7.698229	-4.054929	3.220320	7.427227	2.934810	-4.003143	4.433998	5.595560	2.479285	7.069371	2.243467	-1.756975	4.626436	7.427033	7.000331
3489	3	1.093505	1.670895	6.335792	3.096418	8.017226	1.704236	-1.091761	0.225694	6.857122	8.003147	6.718870	-6.658000	0.199076	6.857359	3.085939
3500	3	-4.706970	4.055936	6.205803	2.040042	5.388312	7.169690	-1.211019	0.717681	5.498123	2.002640	1.126262	-1.195040	0.718319	5.492119	5.159013
3510	3	8.059071	-0.574917	0.906619	3.553468	2.963526	2.133782	1.833304	5.582943	2.693814	6.035524	8.084035	-7.204857	0.859044	8.743833	2.963524
3511	3	-0.196495	5.253410	7.210285	2.426769	1.847816	-0.192556	1.718141	7.208382	4.834789	1.829016	4.760407	-3.168835	0.654042	5.817604	-0.860763
3522	3	-0.825720	0.111409	6.419523	7.866185	7.876163	6.447014	-3.980450	0.709803	7.885551	2.516186	-3.379475	2.045882	7.230557	3.084516	7.882918
3558	3	-7.110835	4.046819	7.126623	1.842965	7.718437	-0.981813	-0.138917	5.593003	7.578515	7.718162	4.824482	-3.812444	5.359978	7.691080	1.994225
3597	3	5.224026	-1.625845	5.567164	5.356689	4.517716	-5.923749	2.160440	6.004088	3.813840	7.224741	-0.980606	-0.679527	5.776249	5.119824	7.110855
3601	3	2.334691	3.902483	4.365511	2.127455	3.198668	5.898024	-7.484428	-1.541333	8.304785	2.415392	-0.247819	3.910483	4.365511	2.126282	7.743485
3606	3	1.442724	3.576300	6.012093	2.355964	4.449587	7.346237	-3.421381	-0.229498	6.705248	-0.304644	-0.273739	4.061944	6.012096	1.757471	5.968234
3630	3	-4.814249	3.202495	6.327173	1.898593	7.649198	6.741180	0.765547	5.415082	1.913629	1.164869	6.750588	-3.321565	2.487921	8.367560	1.164612
3640	3	-1.944013	0.985828	4.722236	7.179844	7.442113	-2.428314	1.901104	7.250284	4.280495	7.442126	4.636407	-0.111320	1.780458	8.243945	3.334991
3647	3	0.644245	4.575920	4.139661	2.368397	7.437761	1.994124	-1.139780	-0.820003	5.968592	7.427698	6.251194	-3.058048	-2.134679	5.968935	3.582449
3663	3	-2.345868	2.815556	6.662426	3.471695	7.176084	5.597383	-5.145229	1.969786	7.509888	1.593140	1.497607	-0.256674	5.076678	7.461723	7.159415
3667	3	9.266938	-3.995311	0.725395	8.031239	0.054559	-2.796047	6.999384	5.227661	3.922892	6.662968	3.380458	5.725534	5.225723	3.922949	2.807979
3673	3	-3.957292	3.129177	5.697378	4.412287	9.030626	0.401198	-0.232810	5.210574	5.790824	8.529065	6.797447	-6.803601	2.316913	6.068327	2.887431
3690	3	-4.662581	5.442867	8.626321	2.040570	7.093068	-0.528432	-0.500391	8.626320	7.035621	7.059389	5.990598	-4.798535	6.983735	7.638703	1.018411
3700	3	0.592979	4.978757	5.497011	0.973797	4.228008	6.598814	0.824462	3.522064	0.973803	1.495791	6.885146	-5.487077	2.561236	6.299071	1.274102
3707	3	5.407456	-2.805317	-1.857145	6.539254	0.162018	3.579469	2.005587	4.512349	0.941655	0.733259	-0.906914	4.235646	4.550331	0.932178	6.477929
3713	3	3.832346	4.331896	4.862425	3.906489	2.296529	-1.838636	5.028849	4.904853	3.902188	5.204822	7.705417	-0.405728	3.488102	7.989193	-0.877719
3723	3	0.432643	-1.116560	-1.494829	7.831560	6.560007	6.945385	-2.616389	-1.528509	8.064308	1.187017	-5.919467	5.617092	2.445149	3.663731	6.597091
3759	3	1.678539	7.182666	4.301335	1.153262	1.985587	7.013409	-1.950531	1.862340	7.618007	1.355543	0.162711	7.276444	4.302211	1.153262	6.250852
3796	3	-4.133517	5.617142	5.886245	1.268753	7.350871	6.347307	-4.991124	1.340824	7.337419	2.293074	1.366680	-0.143772	4.885854	7.252722	7.350698
3798	3	-1.141991	3.249111	6.244124	3.758311	6.737865	0.697555	0.351295	5.670482	6.855367	6.737830	5.494353	-1.473499	4.714311	7.097112	3.413755
3802	3	-0.918254	2.150116	5.446222	3.164334	2.846984	-0.917052	-0.581629	1.009908	7.112408	2.846287	5.608401	-6.968942	0.947593	7.125656	-0.605288
3817	3	3.699776	3.246431	4.297336	-0.910849	4.046721	-0.710521	5.267665	4.297336	-0.911590	7.118424	6.312600	-0.028688	4.186146	2.988723	1.638029
3842	3	-3.497843	5.010702	6.109111	2.739438	7.773540	8.166873	-5.632160	-0.397894	8.553280	1.341320	1.778088	-0.090461	1.187353	8.029055	7.771275
3851	3	6.327142	-1.791848	0.561905	6.397255	0.596767	-1.725377	6.801944	4.275962	3.393095	5.693887	2.588844	0.841126	4.171903	5.938513	5.520635
3862	3	0.205115	2.539471	6.626528	2.742660	8.985219	6.382765	-2.185295	3.557494	6.592576	2.689025	1.087368	0.921148	5.801787	6.530564	8.943406
3882	3	-1.171191	4.397982	7.143174	0.459103	6.786335	5.058266	-2.647542	3.557188	6.184005	2.084786	0.228629	0.370164	5.759592	6.137148	6.784316
3899	3	-1.950027	-0.044558	7.176702	3.239160	6.974043	6.430741	-4.650792	3.867707	5.936739	0.977183	0.263890	-2.127047	5.865009	5.930567	6.973999
3911	3	4.978034	0.408973	3.281419	2.959897	-1.504691	-1.223270	6.235041	4.255443	2.941758	4.135428	5.162262	-4.969223	2.650626	8.016611	-1.687661
3913	3	6.301730	-1.543224	-0.141219	7.803222	2.508244	-3.705394	7.338372	5.737537	2.177415	8.607309	2.126037	5.863040	5.737537	2.182433	4.461487
3917	3	-0.420701	3.044785	7.414490	3.126220	5.224477	6.890306	-3.520093	5.408393	5.957310	-1.104112	2.237016	-1.743447	6.356863	5.936250	5.198212
3970	3	-8.561172	4.332517	6.697087	2.872864	6.722622	-2.076160	-0.464870	3.641097	5.811356	6.722619	3.922522	-1.760877	3.583581	6.078154	1.152482
3986	3	6.350503	-0.331155	-0.646768	6.959185	3.003839	0.148403	2.338543	4.275674	5.448756	6.691489	-0.801535	4.255637	4.314301	3.272933	6.691686
3995	3	8.957735	-0.619792	3.594922	6.963671	-0.141829	3.594648	5.291582	3.837122	4.987327	-0.141800	-1.980687	6.161902	3.837123	4.984764	4.942775
4003	3	-5.276628	7.070362	4.773015	2.781668	6.707799	5.919642	0.664132	4.768374	2.902723	1.534177	6.486013	-1.597854	4.669927	7.068193	1.530925
4017	3	1.508631	0.966034	3.657836	0.675889	5.613378	7.365835	0.960009	3.633651	0.678148	-0.565717	-2.734849	4.161946	6.757383	-1.278606	5.619313
4026	3	5.972061	-3.766743	-0.020933	5.527771	3.391770	-1.001939	4.359674	5.997483	0.351947	8.155274	1.466533	-0.593440	3.242446	5.515008	8.045788
4062	3	3.122099	6.489326	5.357701	1.676737	0.894787	-0.726773	6.677939	5.357874	1.581927	7.025430	6.484252	-1.252197	1.144819	5.981371	0.881584
4077	3	1.795367	4.590659	7.170350	2.982312	2.538870	6.513276	-2.519702	5.505616	5.833109	-0.636519	-1.771504	4.923883	7.170350	2.963585	3.590241
4084	3	-4.506641	6.088100	2.859942	1.702063	8.165347	5.469453	-1.374034	-2.092478	3.935922	2.697968	1.655647	-1.082370	-1.689355	3.918667	8.162187
4085	3	4.866697	-0.441101	4.396551	6.386129	3.503680	-5.041485	3.851202	7.030533	-0.042877	8.412996	1.297240	0.576841	6.298062	6.364279	8.411051
4086	3	7.042485	-7.834804	2.179809	7.536346	0.240924	2.367630	0.058696	3.580845	3.727040	5.610786	2.370637	-1.403485	2.224749	7.473891	5.610339
4091	3	-2.682354	6.752156	8.221301	1.128098	8.379163	2.180570	-0.820025	2.705180	7.309398	7.861261	8.164229	-2.533846	1.938253	7.335810	3.915300
4118	3	6.003521	-2.080400	2.058438	8.415204	1.141546	0.865921	6.254011	5.233898	2.650670	6.738179	4.498498	4.988604	5.233895	2.657675	1.707474
4138	3	7.039026	-0.954466	3.133350	7.178476	0.944666	-1.744000	5.535956	5.617602	2.392915	7.367725	-0.608346	1.878250	5.385934	5.805791	7.367725
4142	3	4.996677	-3.151794	2.605238	5.524455	3.141482	3.784202	1.853825	6.650550	0.051716	4.035778	-1.634464	7.292101	6.677315	0.007908	5.869535
4151	3	7.104605	-5.311642	0.171883	4.446254	0.372027	-0.841456	6.121598	6.278329	-0.217989	6.546540	3.025497	5.966951	6.277558	-0.201848	3.163748
4166	3	-0.792764	-1.697582	6.043855	6.274826	6.879178	-2.356925	3.291341	7.897332	0.385180	6.879193	4.940487	-5.673484	1.718775	6.274827	0.726349
4217	3	-3.392490	3.120771	5.638911	0.407741	7.020429	6.432055	-5.275628	0.695270	6.414748	0.801372	6.237097	-0.074096	4.126187	3.317564	0.805839
4230	3	6.999943	-4.775684	1.462182	8.217206	-1.901197	3.740087	1.167509	6.591478	4.521914	3.658873	3.741950	-0.378289	4.668243	7.752419	3.655224
4240	3	6.237041	1.768881	3.708830	0.381327	1.166591	-3.049010	4.836066	3.908369	0.306241	7.447312	6.952513	-1.489607	-2.021758	6.093659	1.166557
4259	3	-7.489930	4.580852	6.223509	2.416592	5.524766	-1.956084	0.138047	4.950521	7.172698	5.524766	4.657722	-1.944200	0.205805	7.289709	-0.199260
4298	3	7.170660	-4.395132	-0.831091	7.521296	0.052394	2.403764	5.659081	4.811923	1.162179	0.596120	-3.053783	5.667597	4.811923	1.161772	6.644456
4308	3	7.620503	-6.271807	4.583947	9.359583	2.948964	1.590694	-0.889768	4.584072	9.355987	8.236629	0.459912	1.985968	7.410552	4.396797	8.297182
4313	3	-3.287747	3.191842	7.464884	-1.257891	7.642920	-1.682924	-0.351873	3.796446	5.062060	7.642914	4.466559	-3.357635	3.596342	5.062559	2.898665
4320	3	0.604167	1.794892	5.923021	3.144956	7.310655	0.604108	4.347820	6.292087	0.681441	7.310655	6.927110	-2.750000	0.845637	6.279818	1.591889
4342	3	-3.933711	7.295448	4.467292	0.430230	6.269960	6.062372	-1.800858	-0.636133	6.726030	1.171650	4.733054	0.938143	2.433471	1.001934	1.196425
4367	3	-2.225069	0.644370	5.129321	7.986935	6.948210	-2.705714	4.787519	6.412092	5.167700	6.951138	7.109864	-3.891248	1.911328	8.954336	0.760767
4418	3	-2.958222	4.417343	6.645047	2.169613	7.165691	5.175757	-0.138557	3.309338	7.045732	1.749842	-0.632628	0.659805	4.908917	6.771267	7.165688
4419	3	7.794827	-6.840756	0.457308	7.754561	1.520042	3.648363	-6.840769	0.457301	7.754561	6.796403	-2.249676	5.264816	4.990362	1.272986	7.297964
4440	3	6.120547	-4.836292	2.678807	8.926013	0.019479	-1.068065	1.783684	6.169886	2.806467	6.261498	0.486751	-1.809249	4.580213	8.910016	6.249310
4444	3	-3.580691	3.924364	6.689629	2.316639	5.711261	5.786481	-1.506883	4.949329	6.866992	-0.767629	1.366056	3.780553	6.689510	2.366892	-0.659642
4469	3	0.423041	0.987602	5.448877	6.727841	6.519385	-3.724139	5.452359	5.659570	1.448719	6.519794	6.083547	-1.091894	-0.236700	7.041901	0.125658
4490	3	6.157020	-0.192029	3.386729	4.854228	0.180879	-3.379235	1.215858	6.598859	4.814665	6.629756	2.862096	1.125234	6.287298	4.814717	1.810303
4506	3	-0.701424	2.255647	5.651268	2.689986	6.692023	6.798025	-3.813659	0.272844	6.808568	0.108401	0.292683	0.933222	4.681011	6.695850	6.691802
4511	3	-4.798386	5.973795	6.624239	2.202015	5.893571	7.330533	-0.975871	1.025112	6.660279	0.209427	7.213622	1.209640	5.399640	3.610000	0.220767
4592	3	1.594262	-0.110645	6.863218	1.239214	6.866841	1.594898	-2.177412	6.402661	7.180199	6.866284	6.530935	-5.411606	4.521476	7.257832	1.465822
4595	3	0.300683	3.544981	8.470284	4.322947	4.656093	6.767798	-1.304724	2.657619	6.669513	0.914331	0.302290	1.587975	7.446613	6.095166	4.655823
4597	3	-0.147863	0.207539	-1.040403	6.169296	6.724999	-4.761154	5.772883	4.255784	0.785703	6.725018	6.359433	-5.179724	-1.509213	6.170195	2.547422
4638	3	5.970202	-3.345887	0.493847	6.937481	3.404393	-6.599931	1.592820	6.367380	5.033369	7.937215	-6.710093	6.072953	6.369187	1.735482	7.937215
4641	3	0.069301	1.009461	5.614149	7.371125	7.034564	0.068472	5.094180	5.665481	1.494316	7.034583	4.981008	-2.136532	-0.152399	7.513707	4.513348
4656	3	-2.440443	3.068766	6.510541	4.846899	5.560219	3.769282	0.693508	6.220549	4.847530	4.042620	4.055996	-2.608968	2.424964	6.657092	3.461398
4658	3	5.936465	-2.792134	0.215117	5.649882	2.555031	-3.757335	3.696853	3.594341	-0.049236	7.436028	1.923747	3.695318	3.594005	-0.049202	2.562788
4676	3	3.994109	6.205513	5.335939	1.082274	0.187282	-1.044403	7.430271	5.335939	1.082274	6.601874	4.083814	1.070981	1.576672	6.025697	0.186262
4682	3	7.320927	-2.185816	2.425723	6.047193	-2.032484	0.930232	7.007792	6.150975	-0.437262	4.009124	5.871551	1.808949	5.343923	3.480328	-2.031439
4705	3	5.875922	-3.788630	1.168647	8.132383	0.234907	0.212436	1.681481	5.676259	7.563061	6.703164	-3.164397	3.634957	6.991529	2.204965	6.703626
4752	3	3.023267	-5.021368	0.140476	7.191146	4.731946	5.391215	-6.331306	0.140469	7.191146	2.015553	-2.066913	3.277462	5.916751	0.715469	5.134776
4767	3	6.465250	-4.943396	0.222823	7.062636	3.142862	1.743793	3.945231	4.941790	5.972987	3.448134	-1.885598	3.950592	4.942645	5.972982	6.300001
4774	3	6.480898	-4.614668	5.758534	7.837132	4.409380	1.636925	-3.825358	6.276351	7.589724	7.152859	1.524001	-1.450577	7.269101	3.245443	7.166446
4794	3	-0.167778	6.440304	5.120762	1.652868	6.127414	6.348916	-0.293516	2.470446	7.880198	5.321751	5.481041	1.805641	4.730675	2.721980	5.370865
4802	3	-4.204848	6.162096	2.284867	2.720395	7.968323	1.265948	6.149915	2.284862	2.720538	2.366007	6.845929	-2.683304	-2.159563	8.169394	2.365941
4820	3	6.248272	-2.901114	1.492073	5.752701	0.762223	6.237903	-0.071784	1.857488	2.686241	0.762237	-3.163716	1.919703	6.317555	1.907635	7.402071
4829	3	-0.067668	2.868868	6.478848	2.928539	5.532968	0.151856	1.071433	4.549813	6.613678	5.530311	5.618620	-1.625140	-0.095445	7.265260	2.414349
4856	3	-2.643062	4.467702	5.646854	0.191283	6.912156	3.822312	-3.276952	-0.859354	5.631880	5.026212	6.966114	-3.322171	-0.859359	5.631884	2.732898
4862	3	-1.047685	2.399455	6.037937	0.177759	7.022895	6.380987	0.153166	1.103562	0.375722	2.012565	6.384449	-4.075507	0.619099	6.722166	2.012565
4870	3	-0.848084	0.164135	5.485299	5.742444	6.824300	-2.922267	2.138626	7.392798	2.760118	6.824300	5.976883	-0.527148	3.347323	5.753522	0.308586
4873	3	8.763197	-3.779615	0.906130	7.657686	2.910844	2.556771	-0.352043	3.236056	7.656104	8.278031	-0.053065	3.951309	7.132921	1.859500	8.352702
4879	3	5.618832	1.445340	5.687360	4.305167	0.551275	7.274477	-4.326762	1.881213	6.916251	0.551272	-0.706883	2.060446	6.740144	2.478187	6.529445
4913	3	-0.758631	2.565458	6.564034	2.169442	6.495023	7.047387	-1.578798	2.333851	5.977947	1.108898	2.346058	-0.592681	6.046887	5.977892	6.338037
4914	3	-1.459348	2.098668	6.387803	1.972058	5.400090	0.317564	0.746923	4.611332	6.318087	5.400087	4.870992	-1.486664	1.644754	6.808275	0.228305
4916	3	7.043010	-0.046712	4.033427	4.872631	3.871191	1.814089	3.738209	5.786534	-0.742619	4.184440	-3.014502	3.822737	5.802547	-0.744803	7.611775
4919	3	5.090120	3.301783	5.235575	2.696594	6.041424	7.192740	-2.785919	0.610011	7.217943	4.553775	2.168246	7.347004	5.240333	2.696515	7.554524
4930	3	0.555102	0.883261	3.878145	7.806326	6.353171	-0.915854	2.416688	5.064918	2.698291	6.353338	5.760790	-4.788242	-0.683450	7.948894	1.284719
4971	3	-3.094988	3.214470	8.891436	0.293430	7.885899	7.659588	-2.498366	6.340221	4.992878	1.579794	1.107645	3.213967	8.891434	0.293431	2.403337
4978	3	1.754369	-0.135393	1.058783	5.968366	6.347408	-0.258045	5.879559	6.035985	2.489272	6.347693	7.725789	-0.792018	0.980117	6.205557	0.632717
5007	3	-4.167817	6.306538	4.097629	0.604690	9.352889	-2.590930	0.039067	2.246132	6.829631	9.352889	5.948751	-4.737399	2.165425	6.876246	4.341389
5015	3	1.357154	3.706637	5.192142	1.095811	3.864132	-3.929924	3.706999	5.192212	1.095770	6.426198	6.725842	-2.601678	1.530424	5.125177	-0.071107
5027	3	1.418818	-2.650883	5.068512	6.989100	7.138311	7.399316	-5.893242	5.068512	6.989101	1.647878	-1.937934	1.568305	6.400865	2.627202	7.138364
5028	3	-0.394929	-0.030783	3.665032	7.443481	6.413048	-4.890051	3.663067	8.242689	3.942417	6.455423	4.573345	-1.271179	1.630033	7.458923	1.508373
5041	3	-4.413915	6.530883	4.422759	0.426344	7.415973	5.843226	-2.647345	-1.428804	6.187427	0.931285	1.497859	-2.646781	-1.428791	6.187422	7.415693
5065	3	8.635240	-1.639174	0.954428	6.377777	2.223928	8.354292	0.924562	3.666021	2.006475	2.236128	0.177132	6.140529	4.014902	0.510486	6.205241
5074	3	-4.667771	2.255383	4.271540	3.053345	5.584957	1.273259	2.228903	4.258810	3.053345	-0.078745	6.917215	0.125208	0.806101	3.064163	-0.106940
5139	3	0.452860	-1.195054	1.064572	8.612791	7.191604	5.231091	-5.636367	-1.107831	9.267114	2.466074	-5.487896	2.337290	3.031064	3.805753	7.191875
5145	3	7.997067	-0.761159	-0.324578	3.820509	-0.440190	8.820643	-3.383447	-0.687716	7.231053	-0.455738	-2.375601	2.647575	4.651163	3.560784	4.213231
5186	3	0.307711	4.015146	7.666914	3.297463	0.900097	6.438271	-5.045927	1.529977	8.461494	-2.314279	6.321109	-0.288816	4.246860	3.307529	-2.314047
5211	3	-1.741688	6.165622	3.450643	0.588231	7.326559	2.913818	0.028419	2.461025	6.704711	6.823301	6.083894	-0.381456	2.004452	6.714061	0.748698
5217	3	-0.641022	8.257311	7.185088	1.383653	8.483524	6.622606	-1.406799	0.820376	6.482161	3.927791	4.639492	4.455995	7.185085	2.722518	3.937637
5224	3	8.735867	-0.204172	3.516326	6.513765	0.468646	6.387975	4.345055	4.860582	1.881338	0.473000	-0.857593	7.748052	4.956755	0.054882	7.081188
5273	3	0.078166	-0.518378	1.569277	7.998387	6.586560	5.340083	-5.068254	1.548559	8.499180	3.437105	-0.714673	1.080449	3.698975	4.997024	6.739019
5314	3	-2.731518	5.193233	6.767278	2.010800	6.539058	-2.338122	1.699868	5.866903	7.145658	6.538879	5.733453	-2.793325	0.324661	7.811002	2.872676
5315	3	-5.243965	1.977681	5.231239	4.720889	6.781431	4.083392	-4.387577	-0.343994	7.459838	0.815129	-3.679251	0.738449	0.842042	7.388147	6.781431
5321	3	1.041067	-0.872495	4.286521	4.664330	8.008794	5.717752	-3.808140	2.466709	4.674206	2.689092	-5.366423	3.572137	6.425522	-0.133635	8.008888
5328	3	-3.564268	8.855277	3.547914	0.051535	7.629406	3.823663	2.968085	3.547914	0.057969	2.559626	6.231166	-0.967699	2.859023	6.009435	1.623306
5329	3	6.871288	-0.121480	-0.054044	1.339608	1.637088	-2.881455	5.449638	6.083877	1.312810	6.953589	7.156607	-5.257976	-0.273371	7.198588	1.470219
5335	3	-5.173840	5.782237	4.765896	0.887695	8.136797	6.905472	-4.887043	-1.604357	6.707829	1.863214	1.193826	0.466279	4.762586	5.707783	8.134999
5346	3	9.550880	-2.294085	1.648130	5.887697	2.273335	3.269982	4.709230	7.335174	2.037351	4.169045	-2.811434	5.914207	7.335175	1.211886	7.586465
5360	3	7.199586	-6.750540	2.616357	5.374266	0.527765	2.261732	-6.749436	2.616357	5.374266	6.925102	-3.937414	5.530848	8.201824	0.671788	7.148416
5366	3	3.498690	0.109816	6.376433	4.832954	6.123006	6.175317	0.102589	6.371877	4.833954	0.473017	-0.576589	3.033174	7.593549	0.868580	6.995640
5399	3	4.440008	4.773021	3.662754	1.550926	4.132789	7.970504	-1.116957	-0.674937	7.929742	3.437550	2.671034	5.366013	3.662763	1.550873	5.641441
5404	3	-4.093898	1.575781	4.962789	0.824925	8.018479	1.649328	-3.571564	1.998608	5.451997	7.934939	7.293133	-7.811762	1.998276	5.485906	2.229594
5425	3	7.983088	-1.096759	-0.342385	7.432617	0.462880	1.008581	1.317730	4.431356	3.676224	6.823568	1.461515	0.100021	1.911951	7.116210	6.802846
5438	3	-1.911549	3.077578	6.638329	3.794494	6.450041	8.096339	0.946733	5.201580	5.544298	-0.038474	9.175163	-1.131064	0.133962	8.608199	-0.038474
5449	3	-6.526668	6.741471	2.462523	1.635102	8.543786	4.592264	0.959869	0.304089	1.722680	2.120310	6.199574	-5.226116	-3.884777	7.001796	1.937141
5450	3	7.191176	-0.779135	2.651272	6.448135	3.006565	1.705014	5.445858	7.092692	2.305543	6.160512	3.850651	3.507966	7.080088	3.306490	4.545751
5452	3	6.319190	-4.876175	3.203621	5.594724	3.518089	0.539365	4.848358	6.028779	3.371208	7.796371	2.715412	4.510153	6.028779	3.504698	3.754372
5473	3	-3.430790	1.533553	6.005113	6.710033	6.562957	-3.508297	7.002219	6.155557	2.826760	6.563600	5.404586	-2.221574	0.804300	7.589071	1.825048
5487	3	7.548540	-0.902231	4.619935	5.854954	0.972468	0.236055	3.921518	7.102674	0.305356	7.241702	3.215844	0.979068	5.978744	5.801238	6.785027
5492	3	6.097283	-5.987438	-2.523276	7.856111	1.555086	-1.176172	-0.024603	-2.500408	7.850845	7.351824	-2.104850	5.465852	3.295763	1.238093	7.351824
5499	3	-2.131292	6.234049	5.225183	1.523543	7.258977	8.336189	-1.309449	0.113305	6.388130	1.455252	7.106627	1.800207	3.630979	2.037198	1.498682
5506	3	6.811546	-5.886623	2.835093	8.155385	0.591916	-1.350339	3.670713	7.124452	2.139080	7.091731	0.897968	-1.080307	5.171171	7.806862	7.090858
5548	3	3.453867	-2.427979	1.641057	7.296027	0.350003	-2.133088	-1.074901	2.185537	6.897869	6.715706	-5.062798	2.230978	7.577413	1.428904	6.715719
5563	3	5.084337	-6.276096	-0.428236	6.252146	0.072133	-1.468635	-0.028541	4.407841	6.243564	6.537181	-3.986556	4.116757	5.440762	1.658909	6.544577
5590	3	6.931475	-4.204177	2.882227	7.327571	1.503657	1.581085	-2.785684	2.882248	7.205792	6.539460	-1.538835	-0.077973	3.937108	6.437225	7.697251
5593	3	7.142437	-2.041617	0.918490	6.831419	3.551358	2.070502	4.177828	7.278784	1.219127	6.964389	6.131537	1.898430	5.955897	3.924738	3.723065
5600	3	7.000073	-5.497620	1.707898	7.492202	3.757845	-4.699367	4.757994	7.084337	4.448621	7.006974	1.129828	-0.763038	6.649083	7.448893	7.006861
5610	3	-5.951057	1.798284	2.417054	6.165448	4.934769	-6.041320	7.006368	3.031511	1.361355	4.934769	4.708349	-2.608524	-0.844704	7.482242	1.784938
5632	3	1.888949	-2.630411	-0.532291	6.676510	9.689501	-2.166327	5.431343	5.325465	0.076997	9.864779	5.763531	-2.645861	-0.532299	6.676510	4.379316
5652	3	-0.008676	3.234567	6.769062	3.633030	7.427961	6.774587	-1.803971	0.634679	6.596743	1.047077	1.473013	0.268786	5.898228	6.473676	7.427269
5673	3	-5.307198	3.549386	6.918539	3.850716	7.662877	6.761524	-3.241913	0.304789	6.405999	2.778080	1.023913	3.527282	6.918355	3.868080	3.437709
5674	3	5.389854	-5.418652	2.474169	6.621904	1.580654	-4.395345	1.775245	7.906327	3.169893	7.131773	0.096836	-1.508371	3.092870	6.611833	6.988945
5736	3	-2.153987	5.111491	6.805064	4.435412	6.908025	5.084485	2.569679	6.431483	5.433489	1.665362	6.743733	-1.144089	1.175267	7.616278	1.073341
5739	3	-4.074623	4.057215	5.770795	1.475478	5.408884	6.521121	-2.675431	1.552892	7.384051	1.958697	1.917413	-0.734163	1.653076	7.383072	5.320248
5742	3	-2.441894	0.817131	5.008811	6.381966	7.690130	-6.755029	3.916952	6.848905	3.014319	7.690130	5.025348	-1.241564	1.896265	6.653799	1.407083
5743	3	6.038498	-1.028736	4.938060	8.729261	0.046549	0.965210	3.648893	6.180582	5.124059	3.437142	6.017296	0.518210	5.964457	5.584949	0.063409
5746	3	2.212871	3.843315	7.539446	-0.679646	2.555930	8.540238	-1.620713	4.205384	5.652334	2.538580	-3.226980	3.976984	7.539446	-0.691637	6.538859
5749	3	-0.427676	0.603796	5.740223	5.720704	6.352946	6.013043	-3.736261	1.786144	8.128047	1.465800	-1.631030	1.862024	6.739226	3.019599	6.361662
5757	3	-3.087558	3.611081	6.254218	-0.118640	8.158315	2.225930	-4.733404	1.593798	6.260333	8.153622	6.744831	-7.097614	1.584293	6.260333	2.337455
5766	3	1.450226	6.729097	4.409464	3.114444	2.712128	6.200527	-3.431931	-1.352153	6.603056	2.647518	-1.766034	6.755340	4.409464	3.114444	7.951358
5774	3	-2.848063	2.656483	6.109249	1.541041	7.776467	6.736150	-5.051984	0.063626	7.611181	2.546219	6.731208	0.224875	0.726692	1.965320	2.546222
5796	3	-0.298946	-0.301963	5.422248	8.008337	8.074165	-5.919914	3.728974	8.461846	4.624366	8.074167	5.766063	-3.354734	2.575531	8.067429	1.876937
5812	3	-0.225159	5.777517	5.545241	-0.992019	6.675722	6.521330	0.719080	4.885222	-0.983508	5.974075	6.820519	-2.782136	2.935652	4.472651	5.972029
5825	3	1.223320	1.803227	6.633995	2.263514	7.489134	5.251399	1.433655	5.402648	2.847708	2.210235	6.378809	-2.403937	1.977559	6.591948	1.948025
5830	3	0.289115	0.730147	3.966380	7.646830	3.772396	5.999514	-3.123492	0.571301	7.785043	-0.096847	-3.337745	4.028712	4.568388	3.142816	3.773278
5834	3	-5.321874	2.500252	4.755899	4.190920	6.012807	6.872637	-6.035511	-1.181729	6.298681	2.799062	-1.260609	-0.674913	0.661780	6.285050	6.012800
5891	3	1.818749	2.949264	6.906361	1.559041	6.452998	8.245468	1.184363	4.701654	4.823931	1.961137	2.785919	1.566441	5.469415	3.500609	5.614920
5914	3	0.428611	1.006154	4.562286	7.609324	4.176691	-4.021217	5.281767	6.388308	3.428766	4.318969	6.899054	-4.915591	0.104762	7.869397	1.077554
5926	3	-2.816633	4.582792	7.860751	0.756032	7.102798	5.247970	0.941172	5.827577	1.096116	3.322854	8.552931	-3.167849	1.440029	6.053586	3.319283
5928	3	0.648762	4.994468	4.933532	1.032171	-0.862800	6.088083	-0.214097	3.698765	1.035370	-1.715830	6.385066	-3.811931	1.126546	6.481596	-1.715830
5945	3	-1.194169	-3.594029	1.395463	8.823972	6.903977	-4.763994	1.224965	5.318256	2.365108	6.903977	4.634086	-9.354875	1.392609	8.824442	1.899582
5946	3	-0.907169	2.955241	6.667748	3.237846	4.871026	3.461467	-1.847926	1.743175	7.057171	3.560552	6.730585	-4.871839	1.408189	9.402168	0.207574
5993	3	-2.513858	4.594237	7.443172	2.048617	6.471473	5.480818	-1.568330	1.816190	7.647880	4.294821	-2.191097	1.987779	7.398978	3.785280	6.465203
6000	3	6.397414	-2.131432	2.199838	8.977767	0.070271	-1.526784	1.407663	6.832300	8.752453	6.582584	-3.452127	5.472853	7.597677	3.795775	6.582584
6034	3	6.112591	-5.022714	1.664327	6.034433	0.943509	-0.394943	3.717322	6.740146	1.480259	2.074337	-2.751934	3.805293	6.743707	1.425757	6.044645
6055	3	1.949811	-2.251458	1.949478	5.925661	6.663977	-4.171111	5.763401	2.350893	2.748915	6.668871	5.738591	-4.186205	-1.612060	5.993211	1.078332
6057	3	2.436143	-1.337204	3.510830	8.092798	7.370197	6.032188	-5.962886	0.442048	8.098089	1.982226	-2.203830	3.173544	5.132421	3.333417	7.733468
6061	3	4.214385	-3.668379	-2.311267	6.830612	7.303698	-0.452093	2.228565	2.211124	5.355099	8.117578	-0.460658	7.559288	2.786963	0.572852	8.117961
6120	3	-1.776363	1.147423	3.063916	5.616639	5.863708	7.399617	-4.581810	-0.592072	6.486142	-0.351569	1.261620	0.897217	2.549720	5.725861	2.739034
6125	3	7.115265	-4.675167	-0.224366	8.476915	2.371148	-2.420761	6.600107	5.573075	5.003400	7.269759	-2.420404	1.425022	5.565800	8.264753	7.269759
6141	3	-3.433899	4.071406	5.050529	-0.108262	6.771393	6.143950	-4.383850	-1.042200	5.576622	0.229671	6.100950	-0.248617	-0.173206	1.451969	0.233970
6164	3	-1.860781	2.925279	6.431650	3.340120	6.788509	6.975452	-3.450513	0.558026	7.173176	0.625351	0.901553	0.554847	6.088946	6.659283	6.785428
6193	3	-0.529903	4.752216	6.968124	0.022564	4.902898	5.721530	-4.576156	0.450997	5.682186	-0.514105	-0.460523	0.622567	4.352385	5.601802	4.902895
6217	3	-2.497954	4.531191	8.170875	3.565748	8.944183	5.063181	-4.322156	7.782384	8.114145	6.944614	5.039938	-4.287725	7.782565	8.114134	6.961681
6223	3	-4.846772	5.434125	4.782662	1.898061	7.236723	4.896257	1.541266	4.760862	2.275471	2.406166	6.305853	-1.899738	0.345565	6.391033	2.340655
6232	3	-1.962640	4.194575	5.806881	1.927165	8.800820	-0.018424	-0.125583	4.756502	7.030886	8.800764	6.845209	-5.174157	1.330960	7.041110	2.215721
6235	3	7.624742	-3.525832	2.388602	7.138353	3.005312	2.009534	4.724193	6.330599	0.725012	4.882793	7.609597	0.363992	5.701948	3.123484	3.006547
6252	3	-2.697617	2.106586	4.038257	5.076592	6.371509	6.465154	-3.007562	-0.569920	7.073678	-0.172472	-4.371167	5.356750	4.601122	3.465363	6.371509
6264	3	1.512476	5.983470	5.464135	1.217051	5.871410	6.875760	0.108052	5.215664	4.829910	-0.081871	6.881129	-3.217979	3.946061	6.948102	-0.083833
6306	3	6.189502	-3.500956	2.032631	5.997196	1.193439	-3.834979	0.871227	6.755887	3.643259	7.653842	-0.175293	-0.977468	4.619967	5.578307	7.126238
6308	3	1.024391	3.799857	5.441222	-1.777099	5.745073	4.395606	1.478367	4.897350	-0.812910	2.986141	4.965020	-0.092206	0.810525	3.406666	2.981596
6339	3	3.546557	-3.857439	0.818961	6.064094	1.927797	-1.143962	-0.113603	2.944202	6.053794	5.757770	-5.295282	5.019617	5.719225	-0.388802	5.774087
6355	3	6.402668	-4.646442	-0.704983	7.893551	1.012152	0.817024	-0.115392	-0.257811	7.358037	6.952039	-4.234831	4.616409	5.836153	2.596087	7.294444
6368	3	-3.493304	5.569416	6.446014	3.646026	8.551379	0.820927	-3.552034	0.444024	7.446773	8.550891	5.069649	-4.688678	0.444012	7.585636	2.076402
6385	3	0.768859	3.351600	8.100046	2.666370	3.443058	6.993538	-3.128227	2.520817	6.563866	2.093192	-5.097818	3.351774	8.100049	2.666367	6.348517
6395	3	2.927327	1.126263	4.087581	7.591632	3.568947	-2.796214	1.341755	4.581208	7.423738	7.004468	7.032107	-3.926685	0.291400	7.830442	3.529372
6402	3	-1.815054	7.305983	4.954567	1.030573	7.516955	7.657246	-2.158034	-0.722314	7.043847	2.220547	6.226164	1.568682	4.764915	1.140834	2.463789
6407	3	4.318227	-5.069152	1.209689	8.547093	2.749333	-3.860112	3.840752	6.506213	2.614772	7.167660	-2.466303	0.043304	6.068206	8.262797	7.167632
6424	3	6.654535	-0.567498	3.526474	5.692257	-2.577332	1.979601	0.558883	5.735415	5.641111	3.105011	1.037322	3.377354	7.364660	1.354747	3.218991
6436	3	6.925852	-6.491282	-0.995898	7.632239	-0.688698	1.876988	-3.505266	-0.995374	7.399338	5.545224	-4.622316	3.926346	5.419064	3.420962	5.547013
6437	3	-3.060396	6.154051	3.307390	2.877149	7.161344	2.391606	-1.873881	-1.664212	6.930110	6.910628	6.864693	-4.540485	-2.553647	7.044898	0.615098
6448	3	-1.586264	5.184029	4.212401	2.446026	7.065676	7.751818	-1.389769	2.695073	5.368680	1.618735	0.577144	0.207986	3.246377	5.366035	7.031716
6450	3	6.670144	-2.594632	0.920062	5.732349	0.577626	5.875257	1.279821	3.961266	0.393553	0.577672	-2.008108	6.225525	4.015053	0.392327	5.954506
6480	3	-4.546237	0.996760	4.597136	5.342222	4.882827	-4.551718	3.678514	6.052485	-0.766788	4.882858	7.952366	-2.630493	0.016539	5.410305	0.395079
6489	3	-6.289140	4.538394	6.565453	-0.642660	7.195377	5.946978	1.103913	4.988526	-0.613946	2.495212	6.192394	-3.876833	1.243645	5.631557	2.494894
6508	3	5.954518	-5.450959	-0.007704	3.166459	2.557986	1.159982	-1.382101	5.560952	3.166443	4.823379	-0.187321	2.327279	5.564010	-0.423010	4.832369
6509	3	1.604723	6.579008	3.355266	4.730868	0.246481	-3.893408	6.654034	3.355266	4.730868	5.198755	6.354502	-0.788375	-1.400698	6.784476	-0.332143
6542	3	8.210381	-0.247221	-1.730643	2.752651	1.362906	8.211422	-4.681520	-1.738424	8.137260	1.362900	-3.787463	5.514448	2.912538	2.670295	7.840562
6571	3	-4.566268	5.892348	5.791922	2.976696	7.932809	6.397119	-2.452185	5.058929	8.398015	1.644809	1.120465	-2.132073	5.177176	8.397743	7.669824
6586	3	7.259154	-0.669650	3.124513	5.691105	3.379858	-3.496333	5.898971	4.769037	-0.665839	6.970249	2.199502	-0.652763	3.134017	5.690887	6.467656
6603	3	6.460230	1.813036	4.675121	0.429847	1.216755	7.421260	-3.407329	0.783652	6.124859	1.002238	0.100467	5.830273	5.913492	0.412110	6.702166
6608	3	0.799867	0.909401	5.436003	6.687581	6.573654	0.561190	6.019152	6.091866	0.720012	6.617433	6.723895	-3.877917	1.427893	6.785905	3.828319
6615	3	-4.683642	2.770265	7.724728	3.078362	6.180564	3.924070	0.081751	5.752857	6.664626	0.656827	-1.814691	0.248826	6.311410	6.635928	6.180564
6618	3	6.629509	-3.561845	0.854777	6.222569	3.063994	1.588708	6.556331	3.861995	1.793433	3.064074	-2.505676	6.558754	3.861995	1.792189	6.166391
6622	3	-2.859075	4.859670	7.138012	4.237736	8.149479	1.288724	-1.934967	1.120120	8.143877	8.149074	6.725580	-2.185498	1.120051	8.143893	1.600954
6626	3	0.720209	-3.322441	7.147328	6.495641	6.342693	-3.339798	1.776564	7.822357	2.059194	6.344823	5.947458	-4.651098	6.509594	6.518646	1.080596
6635	3	-0.372172	4.943351	5.941675	0.001602	6.854946	5.795294	1.855262	5.102858	1.942338	1.605873	6.557681	-0.506402	3.575086	5.778113	1.605279
6640	3	-1.394228	4.155871	6.747621	-2.234900	7.164436	6.590451	1.223770	4.285269	-2.167027	1.390072	2.079650	1.319939	4.631157	-2.189043	7.161611
6669	3	-3.449133	1.353357	4.063219	5.694185	5.883478	-3.486275	6.541489	4.108644	1.398252	5.883488	6.909729	-5.187965	-1.736476	6.419257	-0.044967
6670	3	0.583131	0.608902	2.431872	5.649276	6.384092	-4.208918	3.224830	7.191914	1.194771	6.518146	5.709624	-5.276485	2.196465	6.765608	2.158385
6673	3	0.006548	4.625464	7.062909	0.133528	5.619174	4.593893	2.107331	6.638710	2.751171	0.363168	6.285895	0.229520	3.090502	6.156327	0.039395
6691	3	2.139657	4.727279	7.333549	2.432386	2.166228	6.291822	-3.331497	0.761740	8.199660	0.429640	-2.078719	5.206784	7.333550	2.432011	6.748324
6731	3	1.673326	-0.584855	0.864274	7.506365	5.708073	1.673323	3.222461	3.323725	5.504393	5.708074	6.107392	-5.394259	-3.274577	7.506505	-0.437642
6753	3	-3.436140	6.568645	5.284939	4.965125	6.241267	5.298147	0.449078	5.124049	5.192618	1.525766	5.432701	-1.210618	4.837056	8.104655	1.525050
6756	3	-1.061360	2.459858	5.863520	-0.021345	7.728598	6.114026	-0.084764	3.332535	0.008203	1.348716	8.321430	-6.302179	1.002771	6.496999	1.348478
6762	3	-6.177286	4.934428	7.762659	1.457433	8.163257	-3.571343	1.233090	5.861142	7.488509	8.163251	5.797109	-1.466660	1.352337	7.706460	1.675338
6767	3	-1.489295	5.390908	8.022701	0.339213	6.947019	7.164072	-1.518998	1.901699	6.136432	0.325313	2.073047	0.451215	4.894198	6.018500	6.941409
6771	3	2.456779	2.766279	4.317183	2.108977	1.949500	8.410513	-4.036009	-0.750851	6.064212	1.914316	-0.343968	4.069096	4.327541	0.281655	6.982784
6820	3	0.221961	-2.132879	0.166755	9.085467	6.434600	-2.955444	1.505684	3.135991	6.857241	6.438792	5.607443	-2.573048	0.162049	9.087185	1.188592
6824	3	-5.347956	4.375742	6.686693	2.398576	9.070667	7.203284	-4.966175	1.112232	7.335746	2.520986	1.122535	0.055884	1.196724	7.187302	8.905137
6828	3	-3.330368	3.798479	6.308764	-0.672474	6.598873	7.218202	-4.993985	2.697536	5.919161	3.188820	7.087441	1.111642	5.370244	-0.672062	3.280370
6848	3	-6.361234	5.300934	6.500308	-2.226903	5.951742	-2.188032	0.323760	5.913931	3.644112	5.951742	5.535697	-4.689713	1.307393	3.655175	-0.038575
6854	3	-3.751116	3.895555	4.113717	-0.364992	7.459088	5.459408	-6.352830	-2.148245	6.139724	1.950431	2.316965	-0.823370	-2.105120	6.132754	7.455046
6871	3	8.147578	-3.998771	3.446196	5.761418	0.965261	2.078261	6.021368	5.993306	-0.367801	1.009134	-3.895257	6.022825	5.993326	-0.367802	7.244409
6940	3	-3.199094	4.963347	6.871467	0.750689	5.851411	7.778216	-0.948035	6.696829	1.723717	0.237586	3.100399	4.349405	6.871467	0.750689	3.138831
6954	3	7.828481	-0.294955	-3.222945	5.561818	1.080530	2.269062	4.559574	3.156178	-0.881038	2.814055	-2.488825	5.996271	3.156180	-0.881090	7.092316
6972	3	-0.929398	3.537917	6.661548	0.544279	5.111315	-0.893970	1.728091	6.661548	3.569221	5.111313	6.239431	-1.516919	6.559170	5.318337	-0.767602
6974	3	6.742397	-5.837349	-1.620262	7.995865	-0.064231	1.875171	-0.415686	1.038442	7.994109	6.393584	-1.940822	5.499472	4.713104	1.925989	6.400698
6975	3	3.045787	-2.005707	-0.785975	5.877692	5.846951	5.936503	-3.279357	-0.790410	5.877709	1.013791	-0.872929	4.907968	4.972604	2.737074	7.140428
6983	3	5.889392	-5.161488	1.153175	7.519692	0.787237	-0.486124	1.023069	5.049404	6.439207	6.871522	-0.654873	1.371989	5.260591	5.645973	6.871522
7050	3	-2.610576	0.227498	6.328569	8.741433	7.505983	8.309123	-3.711515	1.797488	8.742520	2.003486	-2.610594	5.929630	8.030644	2.772812	7.505983
7064	3	-2.390841	2.571990	6.860530	2.003664	6.263840	1.635328	0.468737	2.054930	7.074671	6.256250	4.663287	-2.619942	0.259937	7.112670	2.043376
7079	3	5.450800	-4.571172	0.627224	7.438182	-0.638468	2.350349	-1.758880	2.337947	7.228784	4.503396	-0.916966	5.131338	3.895915	2.837039	4.688431
7084	3	6.079858	0.968359	6.031859	5.157148	0.106635	2.165370	3.282411	6.613099	2.127530	4.552754	6.254864	-1.121043	3.072277	6.251533	0.023824
7138	3	-4.051136	6.899589	6.997475	1.382714	8.946047	2.187131	0.772023	4.548794	7.642540	8.269619	5.301724	-0.579277	1.729595	7.811040	4.231779
7152	3	6.361942	-1.978248	6.237824	7.658915	2.283995	-3.957477	2.879638	6.541132	2.110577	7.105329	0.253585	-1.680341	6.276417	7.658913	7.105300
7190	3	7.072426	-4.548329	-0.786466	4.520270	-3.812494	0.691507	5.215089	4.432324	-0.567686	0.342220	6.838685	0.517785	3.166994	-0.470720	-3.812494
7240	3	4.879442	2.875704	5.527909	3.566011	2.487760	8.104429	0.096871	1.268637	8.582081	2.487760	-0.983787	6.653854	5.543352	3.557914	8.764387
7246	3	-7.254300	2.067434	8.121189	2.585646	7.691798	5.235565	-1.406913	5.835108	5.005621	2.351035	-1.208799	-1.159942	6.839919	4.881887	7.593219
7248	3	1.498233	-1.905047	5.667506	5.408709	8.174471	-2.769318	2.076403	6.264193	0.280491	8.179345	6.071075	-3.520150	5.660898	5.408898	1.790395
7264	3	-4.462210	5.003770	5.971538	0.596684	8.331653	1.639724	0.937195	5.857263	6.111463	8.314025	6.403661	-2.752536	0.454309	6.877355	3.234993
7268	3	2.455554	3.486208	4.464290	1.119319	6.640764	5.586230	1.178533	3.478479	1.193060	4.204127	8.754940	-2.039095	-1.471295	6.500821	4.201223
7269	3	9.596014	-4.156631	-0.415700	7.196270	-0.754548	-0.857077	2.709421	5.787685	1.244832	5.814672	-0.810086	0.705458	3.666088	5.759279	5.814672
7283	3	7.969582	-0.713151	3.594755	1.623083	1.574101	-0.538367	2.034803	5.807735	1.181649	7.886147	8.376250	-5.303602	-0.661935	7.493526	1.574101
7284	3	7.528577	-6.461375	1.864917	6.433756	1.612722	-5.033532	3.157852	6.322910	1.848553	7.694326	-4.966094	-0.880730	5.560650	6.347590	7.694324
7305	3	5.902128	-2.913857	4.495023	5.933716	2.254612	-2.847680	2.513895	7.189770	1.356378	8.120712	-0.985697	-0.557868	5.615969	5.868058	8.120513
7309	3	-3.392200	6.929935	5.717810	3.725738	6.774767	-3.040705	1.430615	5.381202	7.326794	6.774766	5.551590	-4.885531	-0.270530	8.122981	2.000959
7312	3	-3.251767	2.499006	7.513677	0.809587	6.199378	1.631439	-1.974413	4.627372	5.677454	6.052276	7.579102	-1.975213	4.626126	5.677463	-0.391777
7321	3	6.037655	-4.817547	-2.808027	5.628319	-3.164936	5.546145	0.853843	1.319063	1.362893	-3.162992	0.057381	6.466205	2.777705	-0.984261	3.239864
7324	3	0.401765	2.573165	5.292644	2.041716	8.492530	5.378734	-4.509495	-1.034001	5.826677	2.314908	2.100333	-2.762516	-1.033913	5.814847	8.255873
7329	3	1.668612	-1.854949	-1.513690	7.298778	8.804378	-3.532265	6.638438	2.917384	1.061419	8.996573	6.856342	-1.873844	-1.515342	7.298946	4.074631
7362	3	-0.112084	3.524564	6.989747	1.421914	4.526049	5.348073	-2.198626	1.011041	7.005384	2.427778	-0.094523	0.540802	6.567026	6.987632	4.524509
7367	3	0.900522	5.812192	6.708239	1.092077	3.934264	4.424193	-2.663174	6.699652	7.633137	3.928173	-3.674787	5.815099	6.708239	1.092071	6.814305
7374	3	1.636716	0.014798	3.905380	6.407290	8.436762	5.429752	-4.235504	0.997753	6.508311	2.673041	-2.747063	5.170126	5.418117	0.788521	8.447786
7418	3	6.403534	1.026743	5.908700	2.377807	3.317431	6.697111	-0.577785	4.092176	6.422568	3.317265	-4.632567	3.627694	6.450574	1.031528	7.976256
7419	3	-2.867924	7.184920	2.879289	1.229293	7.231010	1.291786	0.527067	2.831052	7.372086	7.012052	4.857181	-3.586234	-0.961088	7.436075	1.099875
7483	3	7.074674	-1.076504	1.539774	5.652604	3.260181	0.625476	-1.061152	1.539900	5.651575	8.703188	-1.728725	4.348887	7.270987	0.657166	8.703279
7485	3	4.239514	-5.954969	-3.629391	8.102104	0.021548	-5.610810	5.116934	2.803435	4.826278	6.007049	-2.015698	-0.212115	2.326338	8.064764	6.007047
7499	3	5.469683	-2.105451	3.449748	7.348665	3.520323	0.892439	3.732272	7.959133	2.620004	5.542659	1.269728	-0.692693	5.626027	7.322150	5.536555
7510	3	4.537418	5.076743	5.144444	-1.691242	1.396194	8.468385	1.210611	4.906404	-0.335633	0.211624	0.835624	7.049975	5.144526	-1.691242	6.213577
7560	3	-5.217966	5.874109	3.663320	0.399813	7.746392	5.812409	0.551507	2.868453	0.416528	1.897409	5.977432	-5.608281	-1.902778	6.711753	1.897409
7567	3	6.799206	-5.701838	2.539528	8.828060	3.495105	-4.809074	3.322323	6.814667	2.908607	8.436454	1.209626	0.576334	2.718621	8.172151	8.081893
7590	3	-6.535354	2.329249	8.577444	1.149059	7.674982	4.372260	-1.437673	2.663593	5.996410	1.328717	-0.977364	-0.811970	5.129967	5.571165	7.674973
7595	3	6.822531	1.174979	4.410149	3.678182	3.327940	-4.232253	6.226722	5.181177	-0.117898	6.396646	7.414821	-0.910402	-1.214861	5.557463	2.865562
7603	3	-3.178556	-0.596192	7.345266	6.928934	6.735414	6.467633	-2.737788	6.362042	6.932227	1.796937	-5.985455	2.979101	7.345462	1.158477	6.735414
7610	3	-4.598743	3.035966	3.714392	1.249870	6.004016	-4.322653	2.028333	3.237056	5.409089	6.004016	5.587164	-0.733607	-2.146488	6.576131	0.194212
7627	3	-1.436268	2.795622	8.437743	6.433617	4.971072	8.375982	-0.927412	6.545006	7.721283	-0.602912	2.863648	1.924960	8.434256	6.920535	-0.519278
7646	3	7.328741	-1.122674	0.793991	5.720226	-0.937953	1.344466	2.614624	6.337671	-0.061702	0.873751	-3.141117	2.894231	6.340118	-0.182894	5.264505
7650	3	5.963045	-1.541119	0.705783	6.015708	0.266873	-0.041250	6.096016	5.052858	3.764168	4.078372	-5.479124	6.096030	5.052858	3.764168	6.755181
7685	3	1.448782	0.614684	7.401324	1.530299	7.299468	7.556343	-3.984969	4.444345	4.402966	0.756135	1.683579	-1.422865	6.289316	4.400931	7.297453
7687	3	5.524286	-1.167228	3.993483	3.407510	1.327118	7.051483	-4.774526	3.834143	9.087830	0.246895	1.639645	1.202049	5.097067	2.587061	6.686422
7695	3	5.443837	-3.638420	1.303588	6.286790	3.071517	-2.299474	1.554780	5.895777	4.523449	8.826148	-6.456719	4.949006	7.607038	1.858375	8.830298
7713	3	6.953947	-3.080927	4.002306	7.005091	-0.392598	-3.813311	4.845851	6.232759	5.023330	4.478206	-0.067971	0.670587	5.993145	6.915142	4.477533
7720	3	0.285070	-1.685532	-2.059011	7.621249	7.691333	6.512037	-7.169725	-3.740465	7.673079	1.148297	-6.138576	4.735798	0.935146	2.128358	7.691345
7733	3	-6.880394	5.240358	6.683258	3.249414	7.346660	-6.634625	0.999303	6.411807	8.616212	7.346660	5.738932	-2.174094	0.300454	8.686708	3.707031
7793	3	-0.593926	-0.978293	5.903453	7.248464	6.290371	-2.049015	2.326609	6.637918	0.812484	6.335662	5.338100	-5.550316	0.681462	7.269768	0.692754
7807	3	-0.694785	5.174215	5.483293	4.208014	5.415905	2.379065	-0.017729	4.898489	9.671827	5.386249	6.752023	-2.261037	2.334821	9.673621	-1.005638
7821	3	-1.389284	3.784375	9.306646	1.969622	6.018401	5.529993	-0.913044	3.425898	7.010178	-0.387847	2.422377	3.034254	9.306432	3.058124	1.032128
7830	3	-0.605997	2.243760	7.139703	-0.073821	7.275761	6.654498	-2.853795	1.409091	5.936569	0.873916	6.423047	1.160217	4.612833	-0.066405	0.878793
7838	3	2.841966	3.184256	4.034831	3.678388	4.205582	6.053387	-4.198800	0.454211	7.058871	1.749692	-1.224500	3.559305	4.034881	3.587710	6.410784
7845	3	2.614220	0.361184	3.943880	0.560841	8.164876	6.716368	-2.223029	1.117683	4.785735	1.706352	6.715721	-0.940878	1.643338	3.171699	1.706443
7854	3	-1.199834	1.181541	6.213865	5.993965	4.653952	-1.359394	3.884284	7.127744	4.192473	4.654312	8.199591	-5.207800	2.161318	6.944919	0.428376
7889	3	-5.312727	5.802734	6.655383	5.073087	7.575594	7.642287	-1.108855	1.384880	8.867747	2.205133	0.182811	0.873237	5.975378	8.763115	7.575368
7894	3	6.208185	-6.877900	0.999313	7.566691	4.647727	-0.856920	4.024514	3.840410	2.578236	7.234781	1.810632	-0.310519	1.016935	7.449340	6.938090
7900	3	2.243382	1.250251	3.269142	6.793469	1.913973	8.042859	-2.693769	-1.296533	7.617463	1.348113	-2.752815	1.411539	3.382772	6.717392	6.822823
7911	3	6.679411	-2.914048	4.251152	5.622075	1.548053	-3.811090	0.939284	5.237236	2.477946	6.615728	2.319461	-2.913941	4.251156	5.622075	6.396869
7961	3	6.872255	-0.997072	3.356610	1.276177	-3.207158	6.877147	-7.294054	0.448200	7.411558	-3.210590	4.136461	2.729511	5.141696	1.110597	0.525023
7962	3	0.038975	1.020591	4.955092	5.557832	7.656969	-2.517294	5.517570	5.397536	-0.175897	7.657038	7.496630	-4.824208	1.779181	5.655932	1.230125
7967	3	6.200279	-4.345149	-2.751745	7.037101	5.514150	-0.797082	7.247038	3.231836	0.789116	6.806448	-0.598628	1.933233	2.536690	6.058178	6.804786
7973	3	-6.000270	5.575136	6.678478	2.769028	8.966599	0.459508	-4.282645	1.124741	8.107008	8.965838	6.915947	-4.861620	1.124741	8.107008	2.578756
7975	3	7.681457	-6.480942	0.982333	5.223617	-0.345796	0.994227	-1.262264	1.009944	3.390968	5.316684	-0.971440	2.449186	7.089501	-0.871931	5.879060
7982	3	5.919496	-5.913650	0.646306	8.125584	0.977726	0.483814	-0.138062	0.901265	8.124365	7.478166	-1.678444	4.049388	6.902109	2.601528	7.478173
8012	3	7.107338	-4.212577	1.731625	8.758090	-0.484376	1.977807	0.053720	4.967026	8.757180	5.785741	-2.622930	4.194133	6.731282	3.362172	5.810017
8016	3	-5.225107	1.477652	7.217118	3.095909	6.674621	-4.340411	0.447804	6.792200	5.079492	6.673745	4.871475	-1.637517	4.674992	5.911378	1.713985
8031	3	6.798001	-3.192900	2.338598	6.670977	1.268933	-2.106598	1.962280	7.774862	3.265245	6.956993	0.686568	-0.777262	6.437417	6.669780	6.906029
8033	3	-4.113540	3.591815	8.186194	2.407039	6.344017	6.872612	-1.433818	7.175639	6.322064	-0.237477	0.882022	-0.116153	8.148044	6.284651	6.343947
8044	3	-4.416219	2.653999	6.473924	3.572871	6.963324	6.415086	-0.680569	4.725213	6.128702	3.343415	0.919089	0.736877	5.670002	5.650822	6.605767
8045	3	1.144646	0.744576	5.604104	8.359244	8.477486	7.158302	-3.177244	3.692366	8.724572	2.735869	-2.765435	4.174664	6.900239	2.608882	8.558790
8082	3	6.904778	-5.864656	-1.020108	7.575665	0.981354	-3.295492	4.583648	5.474116	4.757691	7.091429	-0.051734	-0.199885	4.363266	7.274946	7.091410
8098	3	-4.977279	4.043699	4.392573	2.049787	6.106301	7.890899	-3.124386	-0.149473	6.405903	0.105420	7.807738	0.055261	0.462124	2.360571	0.105420
8137	3	-0.712798	4.940644	6.257096	1.931192	3.797119	-0.342787	-0.654890	5.296369	7.413820	3.797117	5.651467	-3.751724	0.914187	7.429388	-2.760995
8142	3	-1.337061	1.964906	5.678760	3.571606	7.958149	3.719452	1.894505	5.473790	3.837431	4.068435	6.310492	-0.996029	0.319467	6.146603	2.082272
8160	3	8.463131	-0.110730	-0.603967	6.446278	0.038912	-3.381547	6.376494	4.457270	1.023083	6.396774	3.334429	4.596448	4.457258	1.023094	1.419811
8171	3	1.795530	6.253570	6.534859	0.582599	6.556334	7.166803	-1.660927	2.851051	6.354389	1.711059	4.740610	5.103938	6.527437	0.666716	2.434873
8172	3	-5.128331	2.492820	8.729336	2.436431	7.976553	-4.244494	0.140796	7.819071	6.657819	7.800800	6.222214	-2.935960	5.717629	6.659676	1.992759
8192	3	0.472130	6.134174	4.579182	0.472748	8.296006	6.501482	1.381162	3.357491	0.475543	2.374037	6.842778	-2.434874	0.746820	6.781503	2.344548
8194	3	-2.469334	0.443908	0.135787	8.273312	6.925244	-3.463594	5.796648	2.452950	2.368599	6.925244	4.990624	-3.300973	-2.087215	8.383265	3.138290
8200	3	0.833793	0.653264	5.164331	6.478780	6.967552	6.428471	0.124497	3.180231	6.542211	1.292640	-4.957263	3.549756	7.001190	1.039229	6.967619
8222	3	6.828377	-3.724040	1.761965	7.708441	3.817389	-4.004274	1.974842	5.613175	3.577367	8.289147	1.411836	-2.120553	2.928423	7.708436	8.157404
8224	3	5.962001	-1.298466	7.104690	4.359060	-1.422028	1.564649	3.947910	7.897621	3.084187	0.958500	5.962053	-4.515192	1.438178	7.471800	-1.422069
8240	3	-4.207732	4.060625	4.166696	1.213839	8.428570	7.164038	-6.157023	2.921573	3.967988	2.798259	1.048095	-1.802549	2.921573	3.962955	8.426839
8249	3	6.453866	-5.162030	2.339077	8.561131	1.980124	1.913692	-4.346428	2.785610	8.561077	6.949840	-3.239508	3.812735	7.748708	2.846295	7.100690
8262	3	-4.615561	6.132203	5.613113	1.539176	6.442767	1.103882	0.739523	3.754861	5.939389	6.441316	7.036821	-4.199029	2.601430	6.285217	2.103275
8268	3	0.458020	1.115948	5.398006	2.618509	9.144176	-1.957843	2.321582	7.136062	-1.129905	9.144178	7.849843	-0.316906	3.578762	4.814421	2.957881
8307	3	-4.222765	5.162448	6.247286	0.968467	7.236056	2.188270	0.212337	4.448760	6.589569	6.856084	8.046934	-4.811876	0.741564	6.604950	3.697410
8320	3	0.635711	5.451277	7.445547	0.054038	7.322962	6.187880	2.205001	7.430858	0.541759	1.061791	7.371124	-1.751566	1.588695	5.925026	0.865283
8338	3	-2.439361	2.888381	6.515935	2.243293	6.421934	6.066939	1.369353	6.075029	3.261565	4.093107	6.236864	-4.120853	0.900207	8.144698	4.093107
8347	3	-4.245448	5.283111	2.820258	2.206125	7.854505	2.052144	-4.520079	-1.587685	6.801688	7.851412	8.257832	-5.682227	-1.587685	6.801688	1.306056
8359	3	4.096106	-0.132507	6.258536	2.674181	0.910284	4.652658	-3.151887	4.056739	7.822294	0.905377	-2.283623	1.848739	7.151941	1.197011	6.822139
8361	3	-1.482838	3.597330	6.598136	3.289557	6.257494	1.684559	0.344244	4.337864	7.437295	6.257250	6.817778	-5.565201	-0.036225	7.952869	1.044529
8370	3	1.609909	-1.101250	2.509591	6.695060	7.232599	7.632366	-4.474598	2.463429	7.532547	0.819838	-4.621288	3.319413	6.652510	2.844738	7.252478
8385	3	6.408036	-3.192379	-1.580786	6.753097	2.184235	-3.667602	6.838877	4.295675	0.516759	6.400110	1.921024	-2.710764	-1.580755	6.753094	6.382843
8395	3	-1.616376	4.845327	6.325790	0.582188	7.415468	3.264803	0.482930	6.024234	5.958372	5.720947	6.009311	0.482585	6.023917	5.958544	1.598079
8398	3	8.417335	-3.849598	-1.843129	6.457361	3.694651	-2.149919	5.103233	2.313614	0.132074	7.894227	-0.189858	0.417035	0.266501	6.375933	7.810170
8399	3	4.226901	-1.000325	1.246395	8.605072	3.814019	-1.738416	4.172553	6.074142	4.653220	5.561168	2.745056	0.817755	3.833366	8.402420	3.822919
8424	3	2.444655	-0.025101	4.167766	5.952685	6.430412	-3.177995	6.843481	6.972015	2.076731	6.445779	6.404149	-0.938926	3.715929	6.014463	1.270673
8457	3	7.044175	-2.528889	-0.737591	9.027966	1.878784	-3.699855	4.920942	4.613150	3.045995	8.415424	1.070883	1.267577	4.168036	8.424855	7.974566
8477	3	1.683001	1.256334	7.519074	1.114514	7.111593	6.028777	-2.828343	2.958748	7.614708	2.726105	5.401530	-0.561717	6.127034	2.323968	3.439205
8483	3	1.347067	3.631656	6.447754	3.552331	2.601281	7.627398	-4.314641	0.304254	6.617934	2.035540	-3.428463	3.677330	6.447765	3.528390	7.230344
8514	3	-4.176747	5.782831	3.631031	1.506192	6.393688	6.005311	-5.652698	-1.721483	7.436850	3.279336	1.425223	-0.312555	1.464142	7.433783	6.307011
8554	3	6.797536	-3.564415	3.964352	5.385545	-0.295904	0.897387	0.303577	6.680846	5.279563	5.855101	-2.646325	2.818638	7.462930	-0.708943	5.863609
8561	3	-0.504235	5.268233	6.560185	-0.425785	3.859311	4.508040	1.103231	5.695872	0.017389	-1.060202	-3.238947	5.268283	6.560188	-0.425785	5.477942
8569	3	3.114966	5.599810	5.858230	-4.214100	2.739366	0.616035	5.757939	5.858230	-4.293253	8.169786	5.226335	0.953882	5.544402	-0.927550	2.580750
8576	3	6.569051	-2.059664	-0.273133	7.167011	0.191296	-1.065641	5.276142	5.705811	0.585502	6.386226	-1.016109	1.003132	4.608134	7.071130	6.384992
8599	3	2.214546	-0.764635	5.597919	9.157339	7.542822	0.028319	3.424373	5.776212	4.089972	7.744092	7.799188	-6.383902	-0.640314	9.158010	1.518526
8619	3	5.880650	-0.147207	1.698960	3.754942	2.724286	1.251101	-0.059572	1.730712	3.737109	9.244801	-3.055532	1.924640	5.528236	3.062693	9.266182
8637	3	-1.940251	5.117781	6.741968	1.638284	9.369051	7.781257	-1.870166	2.359006	6.488251	3.455831	-0.688979	1.912545	6.195666	4.899207	9.347085
8639	3	-2.222404	6.122844	6.185647	3.718874	4.461236	7.532636	0.369620	2.061387	6.385337	-1.935287	1.399497	2.970553	6.103121	4.072885	1.597941
8640	3	5.732949	-6.222603	-1.462994	7.687480	1.354098	-2.190344	3.427242	4.269397	4.320361	6.543796	1.911003	-1.865198	1.281943	7.570147	6.491698
8660	3	6.525680	-1.935270	3.082008	6.658608	1.265441	-2.961887	6.042469	8.395167	0.843231	6.126611	3.007244	-1.062572	3.243494	6.655735	5.774279
8668	3	2.243783	-2.832975	0.553130	5.785267	7.790361	-0.441497	2.733361	5.687296	1.753350	7.838972	6.334604	-4.494157	0.293452	5.785268	3.621952
8675	3	-4.254660	2.360968	6.422571	1.924279	6.391664	6.207950	-6.017995	1.118775	7.366345	0.006080	2.122916	-0.602620	4.916018	7.301410	6.387397
8688	3	6.839535	-6.547522	-3.518864	6.464403	-0.579705	-5.189939	4.287736	1.147101	0.064322	5.894774	0.927752	-1.728296	-3.518764	6.461081	5.891714
8706	3	6.961283	-4.719472	-2.597480	6.311251	1.849877	1.493503	0.820520	-1.508988	5.419966	7.370640	-2.017207	6.596367	3.073589	1.314198	7.573121
8709	3	3.007794	-3.062233	2.586990	8.248153	6.490816	5.293006	-3.485467	2.365247	8.281749	3.949180	-1.542298	3.153064	5.261787	2.561452	8.225089
8713	3	6.520337	-7.167159	1.570547	5.738783	0.780467	-2.766257	4.889870	7.970836	0.108347	6.755435	0.407546	-0.944907	5.165683	5.158092	6.755335
8726	3	-2.511735	2.551790	7.101849	2.075477	6.606788	2.642701	-2.055002	4.882657	6.394851	6.456233	5.751217	-2.055002	4.882656	6.394851	1.233980
8730	3	2.909815	6.359313	5.535296	2.020505	1.855408	7.676877	-0.724698	3.001261	7.823107	0.373816	0.949548	6.508253	5.535296	2.013407	6.109583
8733	3	5.216402	-3.390980	0.439134	6.584560	1.027603	-4.232227	3.454247	3.371184	0.335169	7.451172	4.352479	0.324467	2.227501	2.657746	1.441022
8753	3	-5.340540	3.020013	6.742812	2.113362	7.753046	0.130560	-1.761948	5.470863	7.525899	7.744400	6.328647	-2.043656	4.933738	7.529087	3.133692
8769	3	3.065508	-3.128328	3.182833	7.073533	7.543527	4.700153	-3.134778	3.177824	7.073533	4.685708	-2.644224	3.359614	6.381067	1.220240	7.961759
8770	3	1.257392	2.623942	7.019031	0.922294	6.510753	3.761287	2.124290	6.600566	2.306036	2.705860	5.266725	-2.270572	0.817010	6.736175	0.447232
8778	3	-3.588863	3.254258	6.365855	3.181212	7.576486	7.468709	-2.964409	2.226204	6.016390	1.011409	1.607805	-2.247416	4.674833	6.013018	7.241164
8784	3	6.578915	-3.127474	0.398125	6.591206	1.969276	1.790005	1.622229	4.822959	1.022848	6.686366	5.036397	1.367775	4.029522	1.023030	3.259569
8816	3	-1.794507	2.952120	9.397660	3.352833	6.956044	5.395519	-4.214631	3.965926	7.409937	2.346177	1.908541	-0.383936	4.485450	7.393764	6.953273
8819	3	-5.045216	5.021595	7.059580	0.170459	8.548330	6.599485	-0.357491	3.448257	5.047950	3.561878	0.510788	0.713427	6.317568	4.675513	8.344033
8843	3	-3.406732	1.257032	9.520483	2.977847	6.715346	2.945308	-7.514264	8.127771	7.941740	5.828587	8.573725	-7.517028	8.127770	7.941740	1.837990
8855	3	-5.384798	5.596287	5.445340	1.311583	7.859905	1.131681	-0.330577	4.247701	6.894696	7.859205	5.492580	-3.003221	0.578236	6.902045	2.938455
8859	3	5.605534	-2.785794	3.780369	8.702651	3.685307	-4.815854	2.702933	7.068377	3.000595	6.933818	0.822825	-0.870119	4.220753	8.682361	6.516715
8949	3	-1.415058	0.612743	4.953358	5.358252	5.866025	5.821401	-1.907888	-0.338953	5.714423	-0.405778	-2.908838	3.276392	6.109631	-0.458070	5.866988
8962	3	6.256502	-3.088629	0.638033	6.720322	-0.956343	4.169312	1.895647	6.184748	3.876055	-0.640449	1.748346	2.808108	6.593481	0.827323	5.272898
8975	3	-4.566225	3.693457	6.591276	-0.845867	8.022735	4.479874	-0.654695	4.515340	5.675040	4.257482	1.895526	-0.156327	4.885090	5.660736	6.985406
8980	3	-0.506667	3.732661	5.925440	2.465260	6.107585	2.849917	-0.584243	3.660368	6.940722	6.001272	5.821976	-1.090330	2.980700	6.941257	1.225058
8994	3	5.701792	0.749087	3.300524	5.159152	1.032675	-5.130539	5.547678	5.721705	1.491225	7.506967	0.151356	5.529107	5.721705	1.492055	1.036107
9044	3	2.515734	1.718843	6.599204	5.108091	0.712122	8.178693	-4.207646	1.472833	6.448313	0.597646	-2.977546	1.733843	6.647482	5.081246	7.136658
9067	3	7.209261	-0.806035	1.516065	8.180129	0.961332	-0.917016	3.953073	8.001383	1.547554	7.091248	0.778541	0.925061	5.111173	7.923237	7.091215
9073	3	-3.146405	8.117970	5.163527	-0.674622	6.573448	6.511253	-3.745456	0.585798	5.869477	1.969170	-0.455434	1.849958	4.405999	5.031182	6.573447
9134	3	2.009183	-0.793023	3.488125	7.760530	9.091766	-3.858003	3.712229	9.628627	3.088670	9.113389	7.004694	-6.673945	3.359515	7.866737	2.511907
9157	3	5.079201	-4.810980	3.873613	7.762324	3.802045	-0.702767	5.045802	6.697605	2.723748	6.606287	0.809735	-1.793026	6.697332	7.572954	6.306366
9168	3	4.833514	-1.941059	5.544441	9.076887	2.801516	3.282418	5.976367	6.213469	3.190632	3.045362	-1.827049	7.032837	6.213469	3.169955	7.477846
9194	3	7.020154	-4.954503	2.915689	5.519643	2.194325	1.798881	-2.276793	2.915722	5.431430	8.318682	0.149247	1.187422	4.988987	3.867491	8.363645
9215	3	-1.567073	3.324440	6.667987	4.439608	8.226961	7.907666	-0.319092	0.516506	7.835918	3.290366	0.447412	0.409210	1.902505	7.668358	8.080076
9216	3	-0.260328	2.460187	8.580367	2.625719	6.540393	0.981231	-0.628836	7.042184	6.106849	6.540357	4.686207	-1.993359	6.069023	6.738755	1.572617
9230	3	-3.808443	3.272167	6.453675	0.372337	6.783394	1.566148	-0.519604	6.055743	4.841740	6.758275	5.665842	-2.159292	0.899094	5.662944	0.897159
9234	3	6.210906	0.954422	6.382038	2.020097	0.949030	-2.747944	2.568380	6.832502	1.822803	6.844512	6.306387	-2.965888	1.520507	8.222208	0.949030
9257	3	2.799932	0.100618	4.077957	6.644544	9.117611	-0.450526	5.420804	5.681838	0.616646	9.269219	9.134979	-5.254894	0.157017	6.738972	3.243291
9288	3	0.397287	3.894403	6.756555	-0.552381	7.196759	8.594011	-2.596917	5.203410	0.300652	0.819843	8.594012	-5.337725	5.203410	5.521364	0.819843
9292	3	6.042669	-3.603493	6.940688	5.951845	3.807076	-4.800147	5.893230	8.459245	-0.426540	9.161236	1.326210	4.740998	8.459245	-0.425192	4.129595
9322	3	7.607460	-1.454202	6.410965	6.528666	3.215289	1.159170	-0.385313	6.819758	6.374065	8.141241	-5.008841	3.945101	7.756669	4.211724	8.143667
9330	3	-3.598793	-1.502743	3.145579	6.298071	7.543632	7.173862	-6.717537	2.617663	6.298223	3.167332	-4.324010	1.587297	6.281840	1.793972	7.543633
9333	3	-4.484094	3.845419	7.889214	3.560798	8.412452	8.197444	-2.408169	3.317604	8.916038	3.829387	-0.523047	0.902299	7.888629	8.821534	8.409242
9335	3	6.651247	-4.673604	-0.114278	3.082253	3.425845	-3.483237	5.578563	5.910280	-1.602734	7.673842	-1.898590	0.271694	5.865299	2.156297	7.548725
9351	3	6.229748	-1.060026	4.067509	6.485566	-3.072815	-1.240544	1.790583	6.220337	5.614884	3.217005	-1.560262	7.004458	6.220374	1.811146	3.217080
9382	3	8.676065	-3.782666	1.770355	6.841383	3.372224	2.488686	-3.276503	1.789431	6.841383	7.523361	-0.436632	2.998267	6.770870	2.844667	8.354582
9416	3	1.962640	5.239638	5.635996	-2.970155	2.121194	6.577246	1.746422	4.469040	-2.620741	2.120137	-3.877464	5.352252	5.635996	-2.970155	8.536758
9421	3	1.008875	3.862876	6.677388	2.078343	7.164005	8.742012	-4.533370	0.670987	6.080016	2.653094	3.626327	-1.819727	6.528040	6.069751	6.333274
9426	3	1.014220	-1.069462	1.857310	7.914941	7.753760	-0.607657	1.463844	6.427197	4.642332	7.757414	6.430373	-7.335083	1.422377	8.117607	3.939885
9471	3	2.212656	2.140842	7.212842	4.919890	1.669145	8.160477	-4.006951	3.713170	8.607295	1.170660	-4.244031	2.173786	7.227703	4.894091	7.338398
9486	3	-1.629828	1.646246	7.827531	0.056652	6.498824	5.524159	-2.928718	4.111724	4.278665	3.452444	5.522680	-0.285555	7.792297	2.693629	3.452450
9497	3	-1.248776	2.209461	4.896643	5.830006	6.887551	6.562568	-0.638173	3.278165	7.535486	3.803119	-2.649268	6.621215	5.497386	2.868735	6.888861
9501	3	1.520092	0.309860	6.262949	7.268664	2.250728	-2.398519	0.310016	6.263334	7.268619	7.155657	7.582026	-4.203832	2.097995	7.494752	1.806747
9522	3	4.241420	2.852249	3.219358	0.264723	3.038228	6.234008	-5.002276	-0.076587	6.523480	0.187740	-0.150384	5.596153	3.311446	0.262532	6.773695
9602	3	-0.398208	-0.064425	4.635562	6.457718	8.893254	3.398808	-0.128827	4.501189	6.507272	4.781893	6.381981	-4.529824	-0.031315	7.193643	4.761632
9618	3	2.491288	6.173907	7.524463	3.389068	4.550727	-0.903295	6.375477	7.524475	3.389054	7.181074	7.947355	-3.091713	1.835641	9.506890	1.421368
9622	3	5.399971	-4.020916	3.436730	6.187729	0.970107	-1.924335	2.204750	6.646257	0.430725	7.425602	2.184891	-3.733764	3.511806	6.187729	7.214897
9628	3	6.600144	-2.528040	0.322493	6.611556	0.446224	0.760564	2.199060	6.541823	0.100607	7.063119	6.076804	1.344173	4.824065	1.202485	0.462490
9646	3	7.463615	0.614899	5.789944	4.225036	-2.204802	1.985620	3.078003	7.233630	1.432163	4.228142	7.538172	-5.103506	4.366036	7.593654	-2.211292
9672	3	-4.820723	3.582523	7.110609	0.057908	6.625049	5.631741	-2.626426	3.197447	5.822175	1.637448	1.513642	-0.912499	4.558011	5.797715	6.608954
9686	3	1.738521	-3.400854	2.554860	6.512812	6.089634	4.939894	-4.966393	1.400172	6.512819	1.017138	-2.061555	2.246749	6.023186	0.242201	6.094743
9698	3	6.510658	-3.830862	-2.217564	6.686934	0.886001	2.458630	0.556636	4.008215	5.808952	6.088515	1.349102	6.095357	4.180116	3.035452	6.750979
9710	3	-0.579615	5.155593	8.317473	1.362127	7.040739	-0.513849	1.236776	7.018271	7.665983	7.040739	5.487000	-1.387731	3.188459	7.754030	3.778059
9728	3	-2.076438	6.334684	5.285566	0.351992	8.317225	5.473190	2.038790	5.265191	2.341704	1.992199	6.577337	-1.164932	-0.236795	6.025746	1.964038
9738	3	7.206954	0.489161	5.929400	1.073087	1.258741	-2.430854	5.406247	7.083306	0.272842	6.937104	8.156063	-4.279243	2.741814	6.718766	1.258711
9802	3	1.094563	0.290244	4.399352	8.239124	7.287123	-3.364566	4.764101	7.686763	3.992947	7.287143	7.423540	-3.794464	2.100498	9.010007	0.961713
9810	3	6.128442	1.436624	4.594895	1.569763	1.960760	-1.537045	7.515302	5.539806	1.189781	6.877023	6.597548	-3.289371	1.687372	7.056804	1.437414
9820	3	1.297741	0.374179	3.040632	6.618480	6.336496	-4.481970	3.287212	8.436939	1.546660	6.343098	4.457352	-2.031741	2.016841	6.626293	4.293724
9838	3	7.932157	-3.372699	1.105051	7.286199	0.516480	-1.712997	5.269803	7.018110	3.266068	6.631389	0.658269	0.902307	5.576312	6.192452	6.631129
9855	3	8.986013	-2.998425	-0.952441	6.809760	2.005698	-0.175614	1.270415	5.190307	6.104860	7.445390	-0.211505	5.461829	5.679427	3.252633	7.445395
9862	3	7.235228	-3.624408	0.741458	5.166854	-0.826684	-1.972945	3.697059	6.886728	0.990124	5.081936	2.247157	3.690254	6.886728	0.997932	-0.187008
9864	3	5.469831	-2.156079	4.227677	7.290316	4.555797	0.574034	4.628955	6.687790	1.516427	9.852793	2.442796	0.448842	5.867888	7.281314	9.625865
9895	3	-1.981322	4.758108	6.442931	1.267485	8.768189	5.253975	-2.142547	-0.117815	6.903637	5.217277	4.998728	1.420633	6.349207	2.532072	5.392121
9928	3	5.833986	-5.663055	-1.588702	6.343278	3.641872	-0.694359	3.478379	2.571928	0.199696	7.388581	-0.691588	0.451473	2.169477	6.335300	7.388581
9966	3	6.999820	-3.431681	-2.121195	7.295607	3.843142	-3.602063	8.177674	4.458872	1.065507	9.017986	5.454147	1.989986	3.495268	1.534920	3.874903
9990	3	-1.923096	-1.270444	5.910731	6.369947	8.117238	-3.859677	0.927974	7.150326	4.105023	8.117253	5.957427	-5.365975	3.217402	6.432180	3.977574
